0.39828536,2.717900385111912,6.1029318901855225,1.3194167745880907
0.42961037,2.950593976510076,6.2972542294062706,1.285733981881691
0.49763128,3.179082213358728,6.482988573027888,1.2523440454954793
0.53344685,3.4033857426878433,6.66024933616479,1.2192530290903851
0.59596366,3.623525211527382,6.829150933931392,1.1864669963273717
0.6306751,3.839521266907312,6.98980778144211,1.1539920108673862
0.69868886,4.0513945558576046,7.142334293811362,1.121834136371358
0.73013705,4.259165725408224,7.2868448861535615,1.0899994365002676
0.83055556,4.46285542258914,7.423453973583126,1.0584939749150277
0.8992145,4.662484294430315,7.552275971214472,1.0273238152766193
0.9316901,4.858072987961723,7.673425294162014,0.9964950212459714
0.9969448,5.049642150213325,7.7870163575401685,0.966013656484031
1.0292443,5.237212428215096,7.893163576463349,0.9358857846517616
1.0993024,5.420804468996995,7.991981366045978,0.9061174694100931
1.1312541,5.600438919588996,8.083584141402465,0.8767147744199887
1.1966754,5.776136427021064,8.16808631764723,0.8476837633423783
1.2287824,5.9479176383231644,8.245602309894686,0.8190304998382254
1.3317744,6.1158032005252645,8.31624653325925,0.7907610475684768
1.3975544,6.279813760657336,8.380133402855337,0.7628814701940789
1.4302168,6.439969965749343,8.437377333797365,0.7353978313759956
1.4979703,6.59629246283125,8.488092741199752,0.7083161947751392
1.5321609,6.748801898933033,8.532394040176907,0.6816426240524736
1.5961506,6.897518921084648,8.570395645843252,0.6553831828689622
1.6312078,7.042464176316074,8.602211973313203,0.6295439348855348
1.699739,7.183658311657273,8.62795743770117,0.604130943763155
1.7326393,7.321121974138209,8.647746454121572,0.5791502731627524
1.8285576,7.4548758107888515,8.66169343768883,0.5546079867452904
1.899693,7.584940468639173,8.669912803517358,0.5305101481717162
1.9306633,7.711336594719134,8.672518966721565,0.5068628211029588
1.9965196,7.834084836058702,8.669626342415869,0.48367206919999917
2.0299757,7.95320583968785,8.661349345714697,0.46094395612376693
2.098252,8.068720252636544,8.647802391732451,0.43868454553519154
2.1310902,8.180648721934748,8.629099895583554,0.4168999010952537
2.1961036,8.28901189461243,8.605356272382421,0.39559608646488315
2.229898,8.393830417699558,8.576685937243468,0.3747791653050434
2.3301795,8.4951249382261,8.54320330528111,0.3544552012766641
2.3974512,8.592916103222025,8.505022791609763,0.33463025804070884
2.43173,8.687224559717295,8.462258811343844,0.31531039925810733
2.4983897,8.778070954741885,8.415025779597768,0.29650168858984016
2.5359788,8.865475935325756,8.363438111485952,0.2782101896968199
2.5961294,8.949460148498877,8.307610222122813,0.26044196623999316
2.6299622,9.030044241291218,8.247656526622762,0.2432030818803407
2.6988516,9.107248860732742,8.18369144010022,0.2264996002788091
2.7310872,9.181094653853417,8.115829377669602,0.2103375850963109
2.8309157,9.251602267683214,8.044184754445324,0.19472309999382684
2.898526,9.3187923492521,7.968871985541797,0.17966220863228644
2.9324656,9.382685545590036,7.890005486073445,0.16516097467263632
2.9959393,9.443302503726999,7.807699671154679,0.15122546177584023
3.030162,9.500663870692948,7.722068955899917,0.13786173360284473
3.0979548,9.554790293517854,7.633227755423574,0.12507585381459643
3.1308866,9.605702419231685,7.541290484840066,0.11287388607202495
3.1969402,9.653420894864409,7.446371559263807,0.10126189403611098
3.231251,9.697966367445988,7.348585393809217,0.09024594136776704
3.331668,9.739359484006393,7.248046403590708,0.07983209172795681
3.3965664,9.777620891575593,7.1448690037226985,0.07002640877764396
3.4301853,9.812771237183556,7.0391676093196045,0.060834956177758054
3.4982965,9.844831167860246,6.931056635495841,0.05226379758926278
3.5306792,9.873821330635629,6.8206504973658255,0.04431899667308769
3.596697,9.899762372539676,6.708063610043971,0.03700661709017942
3.6290593,9.922674940602354,6.5934103886446955,0.03033272250150163
3.6979752,9.94257968185363,6.476805248282415,0.02430337656800095
3.730683,9.959497243323467,6.358362604071545,0.018924642950623998
3.8300407,9.973448272041843,6.238196871126504,0.014202585310317395
3.8987079,9.984453415038711,6.116422464561701,0.010143267308010712
3.9318829,9.99253331934405,5.993153799491561,0.00675275260468467
3.9970617,9.997708631987823,5.868505291030492,0.004037104861268842
4.030495,10.0,5.742591354292917,0.0020023877387269
4.0993166,9.999428070410543,5.615526404393245,0.0006546648979713601
4.13465,9.996013490249421,5.4874248564458945,0.0
4.1969824,9.989776906546608,5.358401125565286,4.4456705708285025e-05
4.2296906,9.98073896633206,5.22856962686583,0.0007940986760939919
4.331291,9.968920316635753,5.098044775461946,0.002254989572069638
4.396184,9.954341604487656,4.966940986468044,0.004433193054598896
4.430776,9.937023476917725,4.835372674998549,0.007334772784628387
4.4993896,9.916986580955939,4.703454256167868,0.010965792423104734
4.535762,9.894251563644938,4.571300145096407,0.015332315680271472
4.5980196,9.867875843823581,4.441009841463491,0.019872016582781975
4.630891,9.8384094431971,4.311323575300665,0.024715988633246803
4.6978817,9.807137442941533,4.182453672428108,0.030051055005734358
4.734171,9.771741933832192,4.0545915894973374,0.03558062522691478
4.8299565,9.7327556123548,3.927800551805164,0.04148078619984446
4.899042,9.689113946749755,3.8021961995792117,0.04757890060580912
4.934305,9.640990114037272,3.6778238023988368,0.057846211716173136
4.9975443,9.586972758481114,3.5548436472999194,0.06655058478005167
5.030156,9.531824008073901,3.433395542198088,0.07522830873613921
5.098696,9.47402314819498,3.313540747832894,0.08623781731335967
5.1316032,9.410953092867647,3.1954178487832605,0.09942724497878028
5.19609,9.343956498892958,3.079154757683213,0.11310901862561201
5.2296367,9.27194516584177,2.964850082182096,0.12724195165695795
5.3313856,9.198423714679267,2.852664927567175,0.1420190885850719
5.3960857,9.119155570776208,2.7427950556800353,0.1576230514533744
5.430421,9.034689824691418,2.6353948373570635,0.171747818775987
5.497006,8.946912454422442,2.5305393072490903,0.18671545321928143
5.5305233,8.858522265707364,2.428295516220659,0.20259593899791498
5.595869,8.768125454670468,2.3287817452821162,0.22158731505862786
5.6299047,8.673700740794603,2.232093705127518,0.24161745786335315
5.6991262,8.576705868538427,2.13832353361932,0.26262393460065453
5.7306437,8.481737338757824,2.0475576715639,0.2847785983649673
5.8287277,8.38487600276864,1.959977143737943,0.30824293660546614
5.8990974,8.284869764392106,1.8755573431986492,0.3330499008643871
5.931126,8.183736183120256,1.7943574313590402,0.3591195966868882
5.995194,8.08041684088649,1.7163728430254832,0.3886009511148876
6.0299196,7.977533337817089,1.6417323393519245,0.4212763118898316
6.097616,7.874671953201807,1.5704979294716073,0.4549501382650451
6.130358,7.771517424923466,1.5027407596057878,0.4913424608656885
6.195984,7.668235909398118,1.4384947694620138,0.5282888003916748
6.229971,7.562314310351016,1.377846897370842,0.5664494125812223
6.334275,7.458062011131924,1.3208404832562362,0.6053838247006594
6.396395,7.351542855730131,1.2674773991807673,0.6450126850407331
6.429682,7.2459968332444165,1.2177522035889838,0.6860683395979525
6.4984426,7.141560403453324,1.1717344201104798,0.7259961626113824
6.5315266,7.038064748814064,1.1294364035200484,0.7671125350673547
6.595444,6.934693711711623,1.090860194192042,0.8114514010863001
6.6287813,6.830520641642988,1.0560044996569407,0.8569038063804276
6.698886,6.7271635434729316,1.0248582418772163,0.9035079223268603
6.7327914,6.625854072864194,0.9973352472177834,0.9494076661794782
6.830199,6.523674971492804,0.9735542490852658,0.9967658998897411
6.8983727,6.421253676443726,0.9534367033138229,1.0457111982478167
6.9329863,6.319672817685324,0.9370979311431764,1.0923444804356175
6.9954214,6.218102640808557,0.924460537809075,1.1404766872448422
7.0293183,6.117757449420608,0.9154216436863365,1.1935623350285312
7.097976,6.016403265393465,0.9100582671558454,1.2460623145388827
7.1297264,5.914012156611588,0.908392623630669,1.2996744451387072
7.19594,5.811471687014779,0.9103844490357611,1.354435970119195
7.2296658,5.7095931387672,0.9160172384665104,1.4103809194671821
7.331491,5.6069576742230485,0.9252835417539178,1.4676509232342045
7.3955717,5.503283264925069,0.938102219102825,1.5259111088020232
7.4287643,5.401586980637942,0.9544805213645711,1.5854240703641165
7.4974337,5.300307788568905,0.9744509509769548,1.6463232811878363
7.5312514,5.1972082709059375,0.9979001711262336,1.708613313794017
7.594956,5.095011626172476,1.0247848247284952,1.7720671567661952
7.6300297,4.993690154995834,1.0550344650945944,1.8385909624838186
7.6980457,4.892997939589025,1.0886464811089804,1.9076049804237887
7.732101,4.792786816129332,1.1255475837440763,1.9777050647501784
7.829312,4.6914160462830585,1.1655896780483606,2.047131652389579
7.897884,4.58846327413366,1.2087637151305093,2.117788546635698
7.9315534,4.485503156672903,1.2550490596788288,2.189900604042956
7.996272,4.384707252044802,1.3044542428383565,2.2611962901603495
8.029546,4.2795016077545,1.3568301728703551,2.3337954451935716
8.097009,4.17503915652241,1.4120786218521655,2.4080245574995724
8.130174,4.070719468520962,1.4701583557822402,2.4817217513327487
8.196543,3.9669322574485277,1.5310310164268641,2.5566577734809326
8.229625,3.859657012272266,1.5946092099697293,2.6342574463852326
8.334333,3.7536120696877995,1.6608354582877345,2.712867865233471
8.395749,3.649967317541917,1.7296063649307365,2.792714654726015
8.428648,3.5441665813621976,1.800758385963155,2.8711820976994127
8.497914,3.4391365625264156,1.874250788642117,2.9508666602677924
8.532503,3.3365783868904035,1.9499593319802413,3.0317462718282395
8.595153,3.2344409182456384,2.027786258342945,3.111428427122919
8.6296425,3.1327116586067545,2.10766548772319,3.1922593476988994
8.698116,3.032778579356688,2.189399511965708,3.277175985593371
8.732771,2.9334798910441053,2.272986420812334,3.3641480002545974
8.829285,2.835330970214129,2.3586296003681477,3.4519971291331215
8.89781,2.739156097451193,2.4461177352848784,3.5404615530623476
8.932163,2.644016267534432,2.5353859302710147,3.6296227478039524
8.996004,2.5521898263089784,2.626301703921046,3.721344673036529
9.030061,2.4613814436169656,2.7189725171232166,3.8059993556839564
9.098045,2.3756545066984645,2.8131648948138794,3.890426934435081
9.134909,2.291953915421279,2.908729954065298,3.973602043640155
9.196767,2.209660446855677,3.005570473339577,4.056259689029748
9.229434,2.130919420692018,3.103617436210747,4.13893851256176
9.331502,2.0544867466573726,3.202729454591155,4.223361898985649
9.395886,1.982605681954703,3.3028320375334803,4.3077008235675125
9.429423,1.9137232170277103,3.403803849056286,4.395135342149174
9.497771,1.8501434703251287,3.5055149807906703,4.480921513309856
9.529988,1.7895258426423617,3.6080300130686003,4.567389988325047
9.596322,1.7341431549805348,3.7112891520910876,4.654039667669062
9.629988,1.6781713619514511,3.8151617682408134,4.736737306572922
9.698421,1.6275772533584822,3.9193718520975978,4.819296948673789
9.730333,1.5820559420068165,4.023655011509971,4.904688061201155
9.828898,1.5416748085256378,4.1280056150648985,4.992569597694939
9.902398,1.5056724991645978,4.23235801658994,5.079879437443773
9.932285,1.4734950591312614,4.336434986748988,5.1704625874180055
9.996212,1.4476222570341721,4.440170948858317,5.259188746308758
10.029076,1.4240937578977038,4.543439389054006,5.348575803073406
10.09797,1.4054970703995664,4.646178727319568,5.428798582099834
10.132025,1.389912501716159,4.748212170335577,5.507923603730214
10.197294,1.376767653373844,4.849403862304604,5.584447440951049
10.229788,1.36906026925226,4.949523053517065,5.65982961430017
10.329194,1.3627023140320802,5.048299783450778,5.733644574713584
10.397416,1.3595224724077177,5.145503694072043,5.807710164507057
10.42912,1.3622437467759736,5.241111272882461,5.879929404642055
10.498671,1.368597751999738,5.335046067771588,5.950635211367406
10.53222,1.381167874964057,5.427180572832025,6.019792991029593
10.595917,1.3971243948073555,5.517414446842862,6.0874588648967265
10.632004,1.4181482306894304,5.605724281889926,6.151407842113
10.700131,1.4429104854690014,5.692132531544105,6.2090435423263415
10.731877,1.4736494475866668,5.776408501934642,6.264905417573264
10.830262,1.509609795981715,5.8584551925097,6.319361648353914
10.900293,1.5510775196577844,5.938246385370371,6.371229368545684
10.932173,1.595636481652562,6.015786143835237,6.4202871001930655
10.995115,1.6448238187903186,6.090946921492699,6.46539085480314
11.030526,1.7014060841103789,6.163658556980965,6.512034216072487
11.099718,1.759625712823684,6.233893829153698,6.559400736790087
11.134287,1.8220492056479216,6.3016012150740055,6.6055999094856155
11.198006,1.888898196213376,6.366809010312903,6.650746810034272
11.230388,1.9603212290853416,6.42952215050076,6.698483129327465
11.335409,2.035807557332666,6.489840883643796,6.74405708546823
11.39767,2.113003642039091,6.54780493149272,6.788088027593825
11.431189,2.1950330179236968,6.6035002264042015,6.831575365163095
11.5002,2.279638848201404,6.657078706810663,6.865924527911191
11.532305,2.365493453868662,6.708440953193245,6.899403411481573
11.59926,2.4542033406718877,6.757739789638415,6.929396661667553
11.630438,2.5456838056285926,6.805059892217982,6.953347216824723
11.697506,2.6423788602963483,6.850536640160254,6.978161514958667
11.729982,2.7422570691906505,6.894235517600364,7.001038023751513
11.829282,2.8440468951657345,6.936280253485771,7.018231689436511
11.920009,2.948273717521181,6.976677723031413,7.032252598933027
11.953148,3.0523206418908075,7.0155232814149375,7.04489268075101
12.019733,3.157782508106594,7.05295045165715,7.056545964203561
12.05477,3.2645182698900723,7.089177551429797,7.068680097128909
12.118298,3.370387250855192,7.124065511705131,7.079320719407472
12.151769,3.4794806272754166,7.157700199762189,7.088750332162447
12.219701,3.587985993170621,7.190071683741047,7.097122212026931
12.252969,3.697237853416797,7.221128827879002,7.104207672576499
12.352602,3.805028423256659,7.25100219727033,7.112130273334647
12.420485,3.9142310983370474,7.279584735923891,7.119114246327158
12.453345,4.0247147964164,7.306908713132743,7.129478043000024
12.519777,4.135879679582346,7.332907170282972,7.139590730898607
12.552823,4.247018446052261,7.35752634968561,7.149009461594158
12.618632,4.358987149091079,7.380825306489806,7.157288792779232
12.653311,4.472317698334239,7.402830355880839,7.162428575481656
12.718379,4.586435803568687,7.423729229654773,7.159154904959054
12.753524,4.700274204977354,7.443640506959282,7.157491983499354
12.855411,4.812546774028108,7.462408785848147,7.155739040720331
12.919653,4.924614961116568,7.4801826388888415,7.14932555131332
12.951699,5.035862279197432,7.496830582247423,7.142528453313251
13.020314,5.146776896672078,7.512327496673369,7.135359521589762
13.05474,5.255826754621983,7.526706961651551,7.127843320127096
13.118069,5.362441615986606,7.539908673084326,7.117896411199239
13.151788,5.468178961223393,7.551809578528917,7.108180655702041
13.219378,5.574559098758514,7.562510828918518,7.098622148699812
13.253114,5.680173072231055,7.572026699462825,7.089509439437577
13.352348,5.787356549329726,7.580529811277415,7.073063530593277
13.418794,5.8940093251803445,7.587923881584305,7.062434895731036
13.4538355,6.000274931518604,7.594224354798909,7.052550271325378
13.519495,6.106466805581951,7.599555979597532,7.038721428203856
13.55197,6.212239409936472,7.603895380520278,7.023003098349924
13.621004,6.317111519114698,7.607257376927875,7.006968970596284
13.653708,6.42312603144327,7.609675979990452,6.990890377854012
13.719718,6.529521211640174,7.611117711916883,6.974561857288937
13.752562,6.63543993351167,7.611470112665016,6.9577747767279785
13.853615,6.742190836459252,7.610751102577879,6.943415820788982
13.918699,6.849767868301049,7.608935232381228,6.929163657895074
13.951158,6.959081625823863,7.606072972924421,6.9150515686043885
14.020119,7.066608378339704,7.602147519260193,6.900605296473977
14.054324,7.17544432325555,7.597176014178347,6.885819979358961
14.118101,7.285796754763351,7.591127990310268,6.870842778877779
14.153006,7.395142125080304,7.583973896493221,6.853586029197031
14.22005,7.5024159525172,7.575501445335143,6.836090261112471
14.253921,7.6090037161842226,7.565874591884679,6.8184636805233545
14.3521805,7.714873311786056,7.555071078708337,6.800811581086099
14.41881,7.818326843700432,7.5432385359024465,6.7786267105170115
14.453149,7.9210953301544125,7.530195054652105,6.7578971490057205
14.518119,8.022815926903496,7.515972551601787,6.73656018997295
14.552558,8.120387300817052,7.500545632058527,6.71106603663596
14.62051,8.214413884052828,7.483901800640994,6.68568227078897
14.6526,8.308028022618702,7.4659574042577495,6.65922385464675
14.71902,8.398293031295335,7.446758756089672,6.632412628017152
14.752029,8.488231055300197,7.4263166573569395,6.605288802317066
14.854103,8.577328505738357,7.404689552609261,6.576927137929609
14.919296,8.663611141613691,7.381822309418846,6.550870962877407
14.952093,8.749363606242563,7.357709176521052,6.524504823266745
15.019586,8.83005005574463,7.332364405005942,6.493557029306942
15.059473,8.908854428225798,7.3057842121615995,6.463822021531849
15.123288,8.984380652020315,7.278017110645342,6.4332798018552255
15.156387,9.054924371031328,7.2491494750029055,6.405844180170859
15.223978,9.12197042992948,7.219052705867713,6.375828560284709
15.257363,9.184191419105325,7.187846786313287,6.344988855680915
15.35817,9.242215996975908,7.155338372939454,6.317795981172603
15.425063,9.29471706784006,7.121698348083977,6.2904368280556335
15.460049,9.342362126507167,7.087125950271202,6.255996033383103
15.525333,9.384955546621043,7.051399225002143,6.226622709575447
15.557791,9.424306537038316,7.014598895010978,6.1967462683114185
15.626617,9.457083047383481,6.976729288214703,6.166833473790659
15.659566,9.48563171147949,6.937786177097282,6.135070696845177
15.725933,9.509690251995016,6.897685768146553,6.1031907419934885
15.758484,9.527924354369192,6.856519558139445,6.071628063691563
15.860097,9.537637601096199,6.814188738079896,6.040105498901212
15.92431,9.541972379663356,6.770546400813941,6.0083288957279875
15.958869,9.544136189199232,6.725667053282808,5.976239586403527
16.025433,9.538985230452314,6.679523432293447,5.9441407875189425
16.059984,9.526706426433396,6.632133905468938,5.908072108063237
16.125166,9.507197085690935,6.583398683678389,5.871801481588884
16.157738,9.481329232216853,6.533314913730178,5.834833089615777
16.223633,9.451241958380736,6.481933645862171,5.800897924621307
16.259312,9.416573859094134,6.429168670047202,5.766264274008451
16.35812,9.373786514999422,6.374888465234042,5.730512452565438
16.424736,9.32443709591633,6.319076431281612,5.696192864275706
16.45961,9.272368615045751,6.2617762835985005,5.661122703626632
16.527441,9.216440204888636,6.202975991542276,5.624527295110141
16.558252,9.15652955396142,6.142467970306378,5.591497032172882
16.62593,9.091823510208275,6.0802377222032415,5.55741976720818
16.65999,9.027828648041298,6.016273979061589,5.5190630230259865
16.72438,8.958735916841263,5.950533230511459,5.477819792260056
16.758165,8.883014475794518,5.883024522572074,5.435297481542781
16.85901,8.807722464820248,5.813828505676735,5.396207732924149
16.925056,8.727244663897585,5.742910426677739,5.356142059643332
16.957277,8.643676193407181,5.670342776098784,5.315141520864065
17.025991,8.557269938369533,5.596085754747899,5.27586922475053
17.058685,8.469284353877985,5.520128292473068,5.235670467114422
17.124765,8.379869486601162,5.442698368044657,5.188091881030909
17.15826,8.289099482255093,5.363591891136301,5.141399528768179
17.225,8.196133700644232,5.282884104596251,5.092970405687022
17.259325,8.101429789782069,5.20061863392926,5.042768730428454
17.358248,8.005148297319375,5.116835420402689,4.988981545748528
17.424177,7.90606788658938,5.031487518368774,4.933576347741812
17.459715,7.80615358382686,4.94457691217488,4.880777298621324
17.525358,7.702100884608661,4.856176608093321,4.8272673193927185
17.55857,7.598166327108043,4.766343651811884,4.7718513997394805
17.6241,7.494953606646739,4.675125065792743,4.7155759331950176
17.659193,7.391220629421275,4.582544586607408,4.6581905978428315
17.727442,7.284845410673457,4.48876440683887,4.595875340656594
17.758013,7.178001660772449,4.393931359007649,4.533817453197186
17.861721,7.069767528265706,4.297900053095282,4.470716357655013
17.92518,6.959230915653737,4.20076501140851,4.410006003134438
17.957745,6.84770404888112,4.102534085242643,4.347609741198891
18.025433,6.733412506946719,4.003194954272105,4.283851775502159
18.059322,6.624536350871272,3.902907213059057,4.221787883880046
18.124989,6.5154301045424665,3.801784678689516,4.158916560273836
18.15809,6.403205691038642,3.700106826033924,4.087828759656141
18.224365,6.290444188573386,3.5976487252039004,4.016505960013394
18.259394,6.178572945125151,3.4946454754783836,3.944006035182001
18.358194,6.06778852580513,3.391249816442146,3.8610165198305277
18.424675,5.9562538583437705,3.2874761240159938,3.776014049728414
18.458931,5.845864589363888,3.1833792781932466,3.68965223028766
18.52515,5.735897866917538,3.0790999907217436,3.6064199716114644
18.558865,5.6301807285960255,2.974682055328625,3.5225216873866554
18.624483,5.524619578660903,2.870217819520564,3.438493680894001
18.660532,5.420474578628855,2.7658168733997512,3.3577990280880807
18.72488,5.318480948643105,2.6618245388068957,3.2770692658098612
18.759066,5.21990176763759,2.5585819231163778,3.1924792943279634
18.860134,5.11912932997182,2.4560818138601666,3.1097949834091647
18.929022,5.020999917032068,2.354356152674342,3.027344360232865
18.959711,4.923195808534094,2.2535827719088086,2.9447602889409232
19.02448,4.827028922189018,2.153923446947044,2.86193532102341
19.05835,4.731556369398872,2.0553472625980005,2.779669875390257
19.125305,4.637286890804074,1.958019845927854,2.700292413239621
19.158266,4.544435831944411,1.862078748461577,2.6216615776537826
19.224642,4.452139077035416,1.7676550872505166,2.543592740889231
19.260265,4.35985613995253,1.6747914204811631,2.4667497160136147
19.35818,4.267392991984913,1.5835303055669205,2.391271260412643
19.424097,4.1772685506351985,1.4940616539320812,2.3217441245674286
19.461994,4.086492724715963,1.4065276423807178,2.2500565413601104
19.52497,3.9968074583150424,1.3209544889194307,2.1797975679659567
19.559538,3.9078353450377983,1.2375197557260214,2.111277190507768
19.624973,3.8198722067037787,1.1563357532232268,2.0442013454007677
19.65962,3.7317968694375434,1.0775715155540484,1.970475002309872
19.726519,3.642621331231487,1.0011386402138613,1.901934336986917
19.758398,3.5554821405114025,0.9272396895381088,1.8344281734462424
19.859926,3.4682824278909337,0.8559818088484142,1.7647869505602631
19.925377,3.38231154795543,0.7872716155204273,1.7020440499800544
19.958942,3.2932871200392064,0.7213460978877186,1.6407494985960966
20.024931,3.207060910713824,0.6581920011612169,1.584378849324945
20.059574,3.1236563955534393,0.5978683512441458,1.530172690695582
20.132391,3.0379181379726425,0.5402984072783289,1.477260043565087
20.160988,2.9515020941725725,0.48558228425804845,1.4269944418744027
20.225412,2.864387417121687,0.4337236936445253,1.3808858198543952
20.257883,2.7787563546863785,0.38477360890678386,1.3372243634063206
20.377121,2.6935645608121583,0.3386402737373611,1.2995669600743032
20.43652,2.6087675561431873,0.29536206638697643,1.263896097839524
20.469357,2.526695857905611,0.25486385652182225,1.2269066501555088
20.537739,2.447032355980699,0.21723665104293585,1.1938259398855822
20.570475,2.3665239578980013,0.18244804798172398,1.162666650307956
20.63578,2.287971967017788,0.1505970568986096,1.1332084346519888
20.668577,2.2109632128597014,0.12173811403200528,1.1050207530151923
20.737154,2.136870715867691,0.09579448784101847,1.0783787574850714
20.774153,2.0659908210071722,0.0729405666206684,1.0537431116321867
20.870346,1.998967790449404,0.05316243818313089,1.0289619374055048
20.938276,1.9356342384191056,0.03656108882369184,1.0012909541267754
20.975042,1.872467287169388,0.023094964155118986,0.9749798502883061
21.035048,1.8137455113106593,0.012774237053914282,0.950011771261768
21.070019,1.7570881507545701,0.005579461071824892,0.930183606322226
21.137936,1.703778818907622,0.0013765677355361272,0.9137988092335222
21.170933,1.6530935560985285,0.0,0.8995993929126822
21.23653,1.6075208158099688,0.001669480316289773,0.8873379741561443
21.269266,1.5660493592211058,0.006190011889616617,0.8796222708932259
21.369612,1.5260292632401944,0.013740514431079688,0.8739589325809412
21.43545,1.4903597293086923,0.02426799372268298,0.8705699901035685
21.469095,1.4590059730757685,0.03780302479745198,0.8697675754871785
21.53698,1.4327263501592389,0.05432027180748984,0.8753147515643289
21.56979,1.4095094652286955,0.0738390438388129,0.8850441808580002
21.636486,1.390412775774499,0.09637235301445089,0.8966601918070756
21.668951,1.3757025962505638,0.12193219994101709,0.9101377018426506
21.737442,1.361275714362179,0.15040120891908554,0.9279257419996038
21.774288,1.3538301108609299,0.18185571886926732,0.9404914322827495
21.868761,1.3501077954026461,0.21628686934836275,0.9549916816626767
21.937359,1.3522193308112884,0.2535644640347833,0.9742092930457622
21.974895,1.3583997820236886,0.29368207855076156,0.996189301302149
22.035955,1.3696436474890215,0.3365575680709207,1.0275192860329683
22.068779,1.385461843359195,0.3821978138788688,1.0604784207580922
22.13824,1.4063669916298305,0.4305723531849801,1.0948351704222528
22.170937,1.4318851149134877,0.4816584790969929,1.1346241621351543
22.235792,1.459356051806974,0.5353520780245862,1.1749937677403979
22.268679,1.4905689631911418,0.5917165242741022,1.2163342790634706
22.36971,1.5245156343178492,0.6506810474037016,1.2603432344505237
22.435637,1.563780267298681,0.7122208791232142,1.3013739386797887
22.469528,1.6052990571975811,0.7762220938711397,1.3436988812916162
22.53814,1.6513691630387186,0.8426723641062135,1.3855188852575655
22.570574,1.6971219252578258,0.9115015455102639,1.4326335694304921
22.635157,1.746320591438774,0.982745477997074,1.4813522365357783
22.669943,1.7988642320941945,1.056228776066384,1.5309455008874768
22.73767,1.8531454624915056,1.131947811518387,1.5815309929175958
22.772099,1.9124161444657037,1.209713411438417,1.635828778603891
22.870377,1.974688412963539,1.289635816783516,1.683297663963536
22.937538,2.039008501497418,1.3715013802998435,1.732422731528008
22.972773,2.108766808084959,1.4553047585872194,1.7844568390085975
23.036247,2.182426256040365,1.5410107642589235,1.8377931849031777
23.07047,2.2579456759912655,1.6286047341222867,1.8924959419250402
23.139862,2.3369570152246744,1.7179089490929749,1.9486552879650363
23.173014,2.4174071314584236,1.8088861458660082,2.005993542685229
23.236387,2.49814888145457,1.9014306416713103,2.065302624234307
23.269905,2.580054958336126,1.9954610065184775,2.1254125323997966
23.370272,2.6614243797731927,2.090902831594222,2.1866813633242494
23.436584,2.744865857722,2.1876255130692828,2.2532916260561917
23.469437,2.831069476528226,2.2855843250820227,2.3173543654938804
23.537546,2.9169488819951406,2.3846176238666117,2.3825972717599817
23.574373,3.004668872123903,2.4846253788814887,2.4549097050275845
23.63589,3.0939286830237482,2.5854640504525106,2.5307179788149847
23.669765,3.1832423845042555,2.686976566515381,2.6059857829806274
23.739536,3.272890736997745,2.7892512019392517,2.6804599347288236
23.775156,3.3645373232274793,2.8919428857384877,2.754562264195565
23.86752,3.455765986574727,2.9948523398500204,2.831542938750554
23.937597,3.5487565948617252,3.0980951953260405,2.900925029101135
23.97341,3.642401317292374,3.201298011688785,2.9698241480169
24.035755,3.736842784600075,3.3043493835844004,3.037885344571675
24.068981,3.8301396083691994,3.407106441894975,3.10874487737283
24.138845,3.923333017533693,3.509532729753282,3.178814835708548
24.170292,4.016858508317832,3.611363631276195,3.2478209090583023
24.236088,4.113947041214998,3.7125855483954537,3.3152814138571705
24.270021,4.211889904026707,3.8131387566521657,3.3817859586915446
24.370396,4.3082799260948,3.9129157819069555,3.4468635972818777
24.43679,4.406188234717442,4.011841189616291,3.5108625611375857
24.468943,4.504433807395302,4.109826573358764,3.5770880522694974
24.537308,4.603001283785723,4.206812215272834,3.6384626787474463
24.570047,4.702154458354536,4.302735291385323,3.6983396949494125
24.63671,4.799783045450149,4.397524050765688,3.75472995553633
24.669094,4.901242501848702,4.491175943809655,3.809425275765001
24.736734,5.003203377063583,4.583841223614281,3.8626780728114007
24.770931,5.105780411569484,4.675236660839609,3.9139167353395923
24.869658,5.208776947107846,4.765307835376704,3.9639580704511816
24.937744,5.31213957859918,4.854080151222908,4.014126000415493
24.971203,5.415219647342174,4.941870212853756,4.057016200086871
25.036366,5.518490447613747,5.028567273725651,4.098545977387369
25.069796,5.621936560953547,5.114106517840375,4.142223904599983
25.138557,5.7242736157849645,5.198602915504646,4.187806152189702
25.17208,5.829192929314561,5.282035333581503,4.231666224242283
25.23593,5.933317534269382,5.364359409968072,4.269929207919753
25.269766,6.038664893280791,5.445558000654549,4.306397306951077
25.370651,6.14410958061415,5.525536440422921,4.340946846031666
25.436644,6.248545567880405,5.604396383438466,4.372978143130123
25.468662,6.351948897231434,5.68209252883757,4.4032004517515055
25.537659,6.454778358757005,5.758461085254658,4.438350676932123
25.570261,6.557915116973814,5.833684046712778,4.4643434282422
25.635141,6.660806194616059,5.907637510573856,4.488577113484542
25.668676,6.762878328600575,5.980373064969028,4.511218294458541
25.737276,6.8647221881346985,6.051838211476789,4.535982290626367
25.771088,6.966860493342132,6.122225903446638,4.559232463111152
25.86861,7.0687821993858755,6.191379275975845,4.580644305226626
25.93686,7.169846617159254,6.259403370812215,4.6004912533501985
25.975243,7.269988480931302,6.326359168156928,4.619297620326842
26.035053,7.3688727801873,6.392246275812781,4.636639486666639
26.069536,7.465519202790514,6.457098157996941,4.652661200982114
26.137856,7.563796270131357,6.520781608814265,4.671397619065946
26.169868,7.661359369572153,6.583285847749888,4.685413623186677
26.235867,7.758752397425777,6.644710187764986,4.698085927812155
26.269112,7.853312711859493,6.705040485157712,4.708336922510055
26.373587,7.947353187872865,6.764274969931109,4.716868886647616
26.43625,8.039422868156826,6.822400008199713,4.72398499883906
26.46971,8.129714456838693,6.879348515685733,4.728644157494471
26.53792,8.217097602426398,6.9351541169519,4.731808354691222
26.570646,8.30514170399448,6.989739469307086,4.738246692977293
26.635508,8.39131034810718,7.0434203961764625,4.73967568181319
26.669735,8.474311049006062,7.095917814852498,4.74002926493216
26.737497,8.555722693902979,7.147203682511793,4.74688305584845
26.771246,8.63328400168316,7.197296642819953,4.756550212405432
26.86849,8.709571365929746,7.246211146057629,4.7667203253843615
26.941517,8.783070683857993,7.293791383711422,4.775910981972429
26.976524,8.854801230557785,7.340146581687033,4.785949068628503
27.041094,8.923053169297464,7.385294714754474,4.796067235211475
27.073896,8.987980498920688,7.429324319633595,4.798868165362898
27.143358,9.048870296326822,7.472002520832832,4.802220070401974
27.175882,9.107349475243952,7.513099462920434,4.811475581378617
27.240507,9.16284372310711,7.552732709044345,4.817315531107258
27.275536,9.215173142821248,7.590914123196123,4.823459535285605
27.375692,9.264123097331762,7.62760301168278,4.830195782638012
27.440638,9.309166406483637,7.6627295166482154,4.838849109707187
27.473948,9.34986238606609,7.6963627303883815,4.847628699469831
27.542692,9.384914168814397,7.728357253191988,4.856667532303532
27.575142,9.417301600639714,7.7588229061648475,4.866236161815913
27.641272,9.445808197116344,7.7877258572678985,4.876459307266261
27.673899,9.469764780169402,7.815073942096588,4.887112759345504
27.741386,9.490976440001042,7.840878622936421,4.898917582230737
27.775713,9.507030690111584,7.865155945650253,4.909828735403271
27.874628,9.518130825421604,7.88784663813728,4.9250125561435905
27.942413,9.524039744794232,7.908997335230933,4.939801085120236
27.978275,9.52615197368231,7.928532979966512,4.952014246005202
28.040892,9.522768995010328,7.9464536060545115,4.963730259892993
28.073845,9.513591271557583,7.962738110413432,4.979097881410702
28.140676,9.50083383768332,7.977521676671121,4.987229494471021
28.176176,9.483470936762313,7.990595473740881,4.994990606746072
28.239588,9.461116437576385,8.001787884758976,5.008089409002101
28.273602,9.435315086865902,8.011317977312732,5.016614136051266
28.375494,9.410820785921745,8.019029423183007,5.02441979259128
28.440336,9.37883691744994,8.02494784247997,5.03270910890894
28.474497,9.340043829550721,8.028992331976902,5.043863529070996
28.541365,9.29785813933128,8.031242484558168,5.055325455674718
28.575514,9.253184625880612,8.031654182042196,5.064385206399674
28.641247,9.206069879220507,8.030245942661626,5.0737731238766575
28.675066,9.155039472473078,8.026960208790562,5.082564242421965
28.741526,9.100929330971526,8.021957900903745,5.083880086820692
28.77457,9.044361693440196,8.015122704875793,5.085033712245529
28.87376,8.982765680343189,8.00635310675584,5.090870371318315
28.943098,8.916362401415068,7.995782481675307,5.092510389537753
28.9742,8.848073510026046,7.98340223866252,5.093751778901604
29.041147,8.777561904648683,7.969207604544614,5.094603293841416
29.074171,8.704988314113926,7.953239367470154,5.096257456276444
29.141775,8.630082974222033,7.93555631118337,5.097552149690067
29.175808,8.553558418100787,7.916047339739957,5.098272178488048
29.24093,8.472690693636306,7.894749433854289,5.098659597713494
29.273056,8.388444770430896,7.871672549503324,5.101010398464548
29.374836,8.30361904769424,7.84686737862383,5.103487370067804
29.440374,8.216246770241556,7.820309363565489,5.106231057844322
29.473537,8.128193851923795,7.792025407388704,5.109365950046668
29.541325,8.034743510435844,7.762113994931292,5.117273787223678
29.576136,7.9396720956603035,7.7305366217729015,5.1248637014357445
29.640482,7.843332013472142,7.697216819560525,5.131189205074077
29.673956,7.744950684794194,7.662204618419191,5.1374115682254535
29.741882,7.645190106137962,7.625470246207369,5.14432426148501
29.775549,7.543275006523316,7.587049789899572,5.151312813824538
29.874857,7.438945675673707,7.546872579061454,5.157997464082744
29.940706,7.334444851279062,7.504922288401255,5.1667811189373465
29.976776,7.229466560827052,7.4612888417793375,5.170720862381365
30.040707,7.12305740070624,7.415898043542383,5.174184252704858
30.073885,7.016181062898257,7.368719637927352,5.178918950099357
30.140749,6.911120467468624,7.31980117146765,5.185960583919879
30.175793,6.804813706505818,7.269130209063069,5.1959005065124515
30.239878,6.698677177235753,7.216653510266681,5.2037732376092025
30.275139,6.588891721904723,7.16247402050774,5.210866386875186
30.375027,6.4801639875682735,7.106585679888898,5.217262039044743
30.441202,6.3712985908075,7.049093403729542,5.208833820750429
30.474005,6.261715763686022,6.989889815094493,5.199680302901661
30.542109,6.150939216800256,6.9289073337908365,5.194073205023586
30.57538,6.041501502351016,6.866267134401597,5.17982233378631
30.640766,5.933696135761445,6.801914390891408,5.165264128293981
30.673477,5.825101648106672,6.73575796640854,5.150443331951362
30.740507,5.716393758343204,6.667803807115801,5.131832008283618
30.775639,5.607879394744827,6.597963191413756,5.115032173142869
30.873724,5.4987854590878165,6.5262693180702245,5.097356386020813
30.942492,5.390522221322815,6.452674487753244,5.0826216877898265
30.97557,5.28264282551734,6.377212864246146,5.06650098272356
31.041523,5.176737002195419,6.29996466444126,5.049711083471443
31.073545,5.070879149512139,6.221040329052344,5.0326936668750974
31.141655,4.96538443341345,6.140389731624905,5.019099641486715
31.176424,4.858355124957183,6.058170338553244,5.004373793441723
31.240902,4.751675905984415,5.97435789551078,4.993031088191652
31.274656,4.646723379344163,5.88910655906378,4.984469379923497
31.3769,4.538875812541612,5.802404577761943,4.975102279241848
31.441282,4.43213947566193,5.714250312315704,4.964344705328633
31.47452,4.326415342217845,5.624582664630341,4.956115541846154
31.54121,4.222252340041258,5.533558186349102,4.946174121833459
31.576406,4.118430961926884,5.441182082606786,4.934906615686393
31.641674,4.016254052836947,5.347418996540081,4.924611545563321
31.674704,3.9139143885452885,5.252385154763874,4.911795967026289
31.743725,3.8142324380581663,5.156104014469303,4.897089027858467
31.775496,3.716999755707556,5.058705484756699,4.877552842513918
31.873878,3.6160321824633126,4.960196885432446,4.857285819762102
31.941402,3.514286718299681,4.860661994075221,4.834593851454836
31.974506,3.411928855807819,4.76021571487465,4.790729473297718
32.04133,3.309873529689147,4.659108549009029,4.742838821219078
32.07406,3.209596918266435,4.557516485647817,4.69359686153743
32.142765,3.108427017770922,4.455400392052093,4.642493269414437
32.176884,3.006755193912605,4.352986663049498,4.589374799948972
32.241383,2.9081183709826743,4.25029041338003,4.537533478874596
32.274536,2.810053375525831,4.147369482763565,4.487445074950337
32.374043,2.710968623625478,4.04446580772157,4.436609752267264
32.440327,2.6141315584617097,3.9417085235277383,4.386211704505479
32.474163,2.5181663596414525,3.8392233820362947,4.333043684660631
32.542297,2.422509618957048,3.7370997282237046,4.278283203026328
32.576405,2.330900725810544,3.635650297911684,4.220759693959125
32.641026,2.2380859869794865,3.534936142511375,4.163763618604123
32.674397,2.1454319560668274,3.4351409703659113,4.106410810988524
32.741367,2.057216178037637,3.336402039035018,4.049266738096533
32.77545,1.9706381752255102,3.238818743317888,3.9919451697514594
32.875473,1.8846296209915083,3.14252973227486,3.9317692696106468
32.94091,1.7999373527347318,3.0476791150110314,3.8737887560752284
32.976738,1.717488470305952,2.954348068862188,3.817022235714115
33.04077,1.6393042713177568,2.8627229827490974,3.7615297431914008
33.073986,1.5626951134298133,2.772877899855564,3.7073675124270933
33.142708,1.4872315949501114,2.6846940743682697,3.6543511654828444
33.174892,1.4157135489084507,2.5986308900785793,3.6026871704144203
33.24226,1.3479658065728066,2.51467311966058,3.5516308273005976
33.27507,1.2814386609445179,2.432884432808851,3.4990943220549413
33.378403,1.2177058561094927,2.3531332132501483,3.4511120026487334
33.44086,1.1581262657080078,2.2755532473548685,3.4042486084307373
33.475174,1.1020394574011774,2.200301718170334,3.3547747657481133
33.541332,1.0511438947858875,2.1272777897749044,3.3055802692080416
33.577168,1.0024439810020522,2.0564947160901665,3.2584748381275603
33.640423,0.9545708692237381,1.98804694644029,3.2172803102412324
33.673794,0.9105601891490737,1.9219766794979427,3.178228683943391
33.742195,0.8689416275237495,1.858416954839342,3.1406724362724914
33.779915,0.8348191353677146,1.7973846055006553,3.105649588480758
33.874958,0.8053333026752137,1.7390359862860507,3.073073957539028
33.941257,0.7811840852354068,1.6834485848059075,3.0351703888052852
33.976704,0.7596428880750264,1.630576622437274,3.0035084600518362
34.041214,0.7445109076708176,1.5805368061156768,2.9747136857853773
34.075287,0.7348503877582483,1.533286030624116,2.9486055864584375
34.14194,0.7262464754293545,1.488911090608152,2.923450112198617
34.17625,0.722670892511358,1.447260557540873,2.900488133599906
34.24128,0.7244363993725798,1.4085072128602059,2.8804939228120037
34.274105,0.7300044838241395,1.372601888688191,2.8633847812889135
34.37636,0.7396542429721032,1.3394571350623097,2.848947828850554
34.441216,0.7554034836006214,1.3091058257992096,2.837440610692082
34.47378,0.777252943677931,1.2815754674408335,2.8282007285685022
34.541443,0.8026854905184282,1.2570561956415742,2.817594688130494
34.57501,0.8308857807687475,1.235385855130289,2.811341946620713
34.642178,0.8625881391154121,1.2166158065728967,2.807977005844337
34.674305,0.9010839223054241,1.2007689479593446,2.805684405450903
34.74205,0.942099845388214,1.1878457240294982,2.807004597593726
34.776054,0.9869763972570946,1.177877047508651,2.8118373747545444
34.87465,1.0369918009184989,1.1708002569590965,2.824209269765511
34.941677,1.091111287328443,1.1666852813744055,2.839626498783253
34.975285,1.1489611814682552,1.16546435066017,2.8573701874928967
35.041054,1.2099778531354703,1.1669822352037587,2.880145345312541
35.074146,1.2761604464186465,1.1713904227374825,2.9056341354376376
35.141727,1.343454178311737,1.1786558502604803,2.9300820670240975
35.175735,1.415559461777782,1.1886606665790398,2.9588361683100564
35.240795,1.4894448046245587,1.2014492110795725,2.9897732553270004
35.27475,1.5668876111875683,1.2170567897167641,3.025372213048936
35.375374,1.6465247090976538,1.2354191404989583,3.0632345138425436
35.47407,1.7318074900752232,1.2565085931578859,3.1034321561971647
35.54139,1.818004158552685,1.280219497952591,3.1496672901117244
35.576138,1.908433839243279,1.3066410493094296,3.2003908414223794
35.641,2.0001181908027155,1.335973155620315,3.2456155501539405
35.675186,2.0935492122594854,1.3680394935443023,3.2951693013205148
35.742027,2.190864135438304,1.402765259950421,3.3472436201433076
35.77648,2.289105319904533,1.440101915794852,3.4019056689154796
35.874287,2.3895843337471327,1.4800506830805227,3.4576358924358064
35.942364,2.4911494376854626,1.5224962060525644,3.5181898020787856
35.974648,2.5968900203039,1.5675282401622206,3.5808515084977133
36.04122,2.7026805583630127,1.615030414151596,3.645334779666284
36.075363,2.8087432847236906,1.664945531629993,3.710667446004443
36.14195,2.9152002150479777,1.7172286283026605,3.778004677804624
36.176403,3.0250278905989743,1.7717888930087875,3.845652244357776
36.24134,3.134618164256076,1.8284409767926284,3.9146965407005037
36.274227,3.245055675081895,1.8871751403608257,3.9816012200956257
36.374863,3.3568105883059003,1.9478766133826233,4.0490775127671
36.440945,3.4680596139878905,2.0105225715406627,4.120582433440836
36.47577,3.579771302141898,2.0749924136789715,4.1923757101434065
36.541904,3.6927744598144105,2.1411198512267737,4.265193915480991
36.57566,3.807065175032862,2.2088375448023068,4.340367169908307
36.64124,3.920140346832349,2.2781281315931605,4.417454818636122
36.674168,4.032199771785187,2.3491583252591464,4.488769206914712
36.742756,4.1442630775753315,2.421598560994646,4.56428583890138
36.775417,4.253873608920319,2.495440075157132,4.642153812869122
36.87417,4.366011266404073,2.5705571857307654,4.717616110700089
36.941875,4.478226653539362,2.6469959044294864,4.79324115597165
36.97843,4.590628220107016,2.7246637172015014,4.87006973842915
37.041885,4.703707760789011,2.803358767477799,4.9551844064805985
37.07386,4.81655389530996,2.8830842023048686,5.041213851804928
37.140762,4.927407862564209,2.9638689282045507,5.128708315066025
37.17572,5.03983181910677,3.0455561415480137,5.2187311208987675
37.240532,5.1515900267391945,3.1281333182464053,5.309975934895132
37.274296,5.263963937791683,3.2117372546769793,5.395786840546092
37.375412,5.375544378432131,3.2960836574035417,5.48469263119653
37.44123,5.487193180479865,3.3810988230723775,5.574929236664762
37.474773,5.600027915371867,3.4666666390123266,5.666944093736174
37.541763,5.711738895322398,3.5526695075977597,5.759491853695106
37.5768,5.822489371790853,3.6389764233906856,5.853375614772641
37.6423,5.932346815317112,3.7255339878361386,5.951151901336523
37.675304,6.043069451466982,3.8123456176548784,6.049805757809403
37.74135,6.154051732591668,3.899188400972976,6.14957397736074
37.77618,6.263588740688545,3.985995606260168,6.248441507150695
37.87408,6.371447023235237,4.072724325923551,6.348173380203839
37.942047,6.4775683713367895,4.1592595031152,6.445270489134383
37.97625,6.583723023868253,4.245452272256334,6.54055738532904
38.04088,6.688158376081992,4.331304730480886,6.636426715315111
38.07376,6.791989091970447,4.41674476949291,6.736111050471476
38.142147,6.892780107697798,4.5017603322237765,6.835961192536038
38.17588,6.995579437675089,4.58609853985258,6.935526106349599
38.241646,7.096330458820206,4.669750178408869,7.037164872474086
38.274136,7.1971044308589,4.752693209666084,7.1386411156342096
38.375572,7.294755556769026,4.8349152985641215,7.2313236000930745
38.440323,7.39239782169594,4.91628117642966,7.325778119053911
38.474487,7.486725845801748,4.996773602606925,7.419782426123533
38.54207,7.578994759484472,5.076394901286219,7.5095358487631225
38.576557,7.6724369764598395,5.154969599837505,7.59649391743903
38.64178,7.761980388388451,5.232445081481859,7.682608380183794
38.67446,7.850979023488652,5.308712213564864,7.774754999019871
38.7424,7.939234438657315,5.383772139683253,7.865595097947462
38.774467,8.024577237357368,5.457635300917341,7.954688455641425
38.875458,8.108396300596436,5.530184706315955,8.0478804149363
38.941822,8.18754622137503,5.601462063168172,8.140603088710938
38.976425,8.266739151833551,5.671591608564024,8.22461968803494
39.040325,8.342787593389266,5.740286936266296,8.311965146755844
39.075024,8.415576335801807,5.807663100527424,8.398463310546342
39.14173,8.486068795463904,5.873746506307411,8.484282622335796
39.17643,8.554907940351837,5.938553234162704,8.571213854491527
39.24168,8.619612103772395,6.002155041702963,8.65749322185706
39.274467,8.681047378352707,6.064558165234947,8.74462664631097
39.37615,8.738684691243046,6.125812621472107,8.829284246943693
39.44202,8.793797258246299,6.185971509908144,8.910576049989794
39.474697,8.84221282685631,6.245000901029171,8.98942041367103
39.542946,8.88696509539804,6.302850111530767,9.066936872258436
39.57559,8.930184734950611,6.35960609568712,9.134609793078296
39.640842,8.970442094417189,6.415172881982326,9.199737331855646
39.67496,9.007963827995667,6.469512568755764,9.263315210845459
39.741383,9.04094747918021,6.522719857472893,9.316611058579044
39.77583,9.069772440168391,6.574718681865071,9.367515528175213
39.873997,9.092614864704293,6.625574417844424,9.416212661899719
39.941757,9.10987832455517,6.675427240027679,9.4557484471583
39.97424,9.122579813775374,6.7241427320231555,9.492916509924
40.04108,9.130791581862397,6.771831329558279,9.528225929777083
40.0743,9.130894569245582,6.818574580474785,9.554732064736177
40.14281,9.126310185929048,6.864274089669221,9.579632528292219
40.1765,9.11696012351318,6.9089174479472995,9.605143756958917
40.241146,9.100082268005409,6.952583386900594,9.626435280040981
40.27445,9.079797057179334,6.995350849710946,9.645921736348049
40.376736,9.05690545889612,7.037318082678282,9.665376617660016
40.440758,9.029058633822794,7.078496775539322,9.695680559704627
40.47481,8.99537079760343,7.118824799246059,9.724784296955278
40.542427,8.958311979689524,7.158204949138852,9.752495106962293
40.57673,8.917654266676621,7.196686880705228,9.779422286255974
40.640556,8.87341474972784,7.234438710431026,9.80571444961899
40.674583,8.823267498448482,7.271507780651814,9.824321142672645
40.74162,8.767800407538097,7.307792656639167,9.842305127033438
40.775684,8.709197271058004,7.343290142146355,9.859213704967367
40.874767,8.645120094780511,7.377953143470403,9.871433263525454
40.943115,8.57908084210554,7.411830925341925,9.88236462305633
40.97691,8.50985670479349,7.444906902757966,9.89123688844381
41.04124,8.436432471721805,7.477064504205038,9.902876416849615
41.07627,8.361519237385886,7.508398936038662,9.912717415777628
41.142086,8.283778275951747,7.538750825609181,9.921606442426748
41.176094,8.199820984365276,7.56810458716999,9.930009190576282
41.2417,8.112534948792602,7.596394817078284,9.94087629170068
41.27478,8.023325732696605,7.623657813692175,9.951610558758116
41.37509,7.932920137661517,7.649855775204074,9.961612844974352
41.441345,7.839013897932612,7.675007764798337,9.971693577526386
41.47476,7.7426408290250635,7.699008444309361,9.979933489780763
41.542625,7.642544563550569,7.721872333821995,9.986197760407714
41.57694,7.543294352414237,7.7436317222149444,9.990601694062917
41.64217,7.440279522525713,7.763941964264084,9.99373144884275
41.675232,7.3363605238890734,7.783102639504658,9.99547535946314
41.74295,7.232664908656303,7.801003359576247,9.99689068195651
41.77628,7.1278772834355495,7.817632124552871,9.996526252531238
41.874454,7.020353954442463,7.832880977613181,9.998087438930618
41.94225,6.911227415826108,7.846800593012885,10.0
41.976223,6.80188435831119,7.859349109338146,9.99971924841792
42.041946,6.691177469123701,7.870627433433683,9.999270861060982
42.073895,6.584349474451586,7.880605550115077,9.994506248356274
42.14211,6.475860292237448,7.88925586197621,9.987209213577778
42.17734,6.368282717153864,7.896550563740097,9.9786981979637
42.241936,6.259152041736958,7.902414880783364,9.967918115867226
42.274265,6.149252629180486,7.906768921274548,9.954394560060974
42.37701,6.037334947643766,7.909550314497748,9.942898323458401
42.441917,5.927400817609953,7.9107926646658555,9.929680275982296
42.475033,5.816443353957575,7.9105682478128045,9.914755008392717
42.54161,5.704877165772283,7.9088269537987195,9.898260239721806
42.57516,5.59485033321761,7.905539251177961,9.88020452847925
42.64162,5.484524795594713,7.900751733798064,9.859531280921622
42.676693,5.373992138238795,7.894441594089651,9.837432888179583
42.74177,5.266083176434242,7.886701245168324,9.814006494335807
42.776794,5.158076932302599,7.877503557976945,9.78923579513913
42.87473,5.048768858358852,7.866836244695744,9.762880709145682
42.94111,4.939126438000614,7.854587303274921,9.739554261520896
42.977875,4.831594107815587,7.840698269178823,9.716550698074215
43.040676,4.722951483258816,7.825307218229073,9.692829465081372
43.07487,4.615178327469652,7.808361331936213,9.670275017434681
43.14157,4.507159257776301,7.789926231792459,9.647866605821426
43.17585,4.40046685233463,7.770014576316361,9.623651143798341
43.2411,4.295326991649848,7.748653113211017,9.597631362131464
43.276363,4.189328314862975,7.725969405579989,9.561755893158132
43.375717,4.08246243651075,7.7018704486876315,9.524201085471349
43.442307,3.976264402471453,7.676340200502508,9.484979000833446
43.47413,3.8711884354903643,7.649392943962738,9.443750549530684
43.542496,3.765721502868866,7.620882643872382,9.405265402597198
43.575874,3.660893308388023,7.59090162767782,9.366604937241041
43.641647,3.5555654124200933,7.559642038959647,9.31964720854449
43.67515,3.450281193741207,7.526952172004335,9.27259735589428
43.74199,3.345912154250219,7.492836804692187,9.222907307495637
43.776085,3.2396516160546582,7.457261739343813,9.170752938310029
43.875355,3.1352192243097226,7.420240801894533,9.116522960631382
43.94253,3.0331253451436475,7.381827545823847,9.061074445740692
43.977104,2.9301539872031395,7.341986355540963,8.999559034182981
44.042423,2.825474732119797,7.300510910253322,8.940320980998619
44.074642,2.7236394892709095,7.257360225068256,8.879632037269566
44.141933,2.6209004369383817,7.212548662325204,8.817843212064504
44.176525,2.51839003991323,7.166055059403799,8.754686892206584
44.24257,2.4154740151600635,7.117838413027946,8.690636278561646
44.276287,2.314518587814446,7.06796276254784,8.619455649727316
44.376392,2.2146991375907055,7.016222001318489,8.546968634336789
44.441467,2.114839942339168,6.962573541211514,8.473394290385698
44.474937,2.019914581779558,6.906985147411171,8.399470904613892
44.541744,1.9260990352654135,6.849415737592835,8.324277634330347
44.57542,1.8313677953724816,6.789874160918175,8.249482435229641
44.641743,1.7390144640264347,6.728504785742157,8.169634011502408
44.673973,1.648930298692171,6.665216280967866,8.09042854787525
44.742523,1.5583806249112024,6.599968274892266,8.010870844296125
44.7755,1.472129571387431,6.532829373339587,7.930072100182824
44.8754,1.3888728008152085,6.463835077990188,7.849851721940194
44.94101,1.3082437414430776,6.393050185485096,7.769636825916189
44.977364,1.2277799999437238,6.320442087361683,7.69415549824005
45.042618,1.150590207010378,6.246142874055598,7.618761072218332
45.074432,1.077591398488794,6.170046660195301,7.547348457605673
45.14317,1.0083940105104485,6.092360375136101,7.476237078603139
45.176277,0.939883797544876,6.0131234246753555,7.405633540858235
45.242737,0.8746695112286076,5.932525594765416,7.337083808559399
45.27524,0.8143092859844857,5.850503837676299,7.26962513744192
45.376083,0.7566307386683646,5.767114658261788,7.202973851799734
45.443886,0.7022463733043847,5.682739198177542,7.128124908987272
45.474968,0.6518666922784732,5.59725962642199,7.053714429249938
45.543903,0.6069705698813214,5.510669990442633,6.979465371068972
45.576534,0.5654011184999572,5.423086492785352,6.9098616821415115
45.642506,0.5274734442680615,5.334580847357978,6.840990456622686
45.67521,0.49240349375368875,5.2451295814746155,6.775821690767434
45.743797,0.46328220408422116,5.154912392163936,6.712007421650396
45.776825,0.43893429105199927,5.064063946461702,6.64966567099117
45.876404,0.416026456157665,4.972664187646548,6.587616127843465
45.94283,0.3997035550274152,4.880817102484457,6.527061125098519
45.97753,0.3885296971568261,4.788674234063924,6.467999616782899
46.04231,0.38236622938232406,4.696419048298129,6.404411377742505
46.07636,0.3793348860360825,4.603972929772128,6.342249615373736
46.142933,0.3803380821897271,4.511522109681738,6.281495537597782
46.17796,0.3862742767596441,4.419140902783045,6.22591367731683
46.242764,0.3973273254914714,4.326889785303311,6.171819352915604
46.274605,0.4119951752146198,4.234888306655508,6.120719342856867
46.376385,0.43039895116215987,4.143240647899259,6.071151988719251
46.4417,0.4549720414020007,4.052008781578882,6.023091452015636
46.474586,0.4826273288764216,3.96133114963818,5.974039792756273
46.543606,0.5170622004389863,3.8712777056872025,5.925908217150831
46.577175,0.5540528579611209,3.782148635020779,5.87871682966164
46.64258,0.5982001553811449,3.6939438035921457,5.832300122917046
46.674725,0.6448244445877559,3.606809832587428,5.78614037386482
46.741825,0.696571355639844,3.520884116621919,5.744999538819699
46.77634,0.7517010579274812,3.4363060935594314,5.704404990216671
46.87628,0.8122464114265076,3.3531322835416084,5.664385955093365
46.941895,0.8779839182018643,3.271355420551553,5.627304763464652
46.97636,0.9449853240774707,3.1912554463279728,5.593742141645935
47.04078,1.0175888228258911,3.1129122786695973,5.560884294884248
47.074642,1.0909779082300446,3.0365956780624273,5.5196277807492855
47.14294,1.1693732591520978,2.9622003404639528,5.478744635669874
47.17695,1.2511824034907688,2.889732310231554,5.438612703201661
47.242256,1.3351817222812674,2.8193013895748082,5.403026574525861
47.27618,1.4248963665998189,2.7509964999626986,5.3680597049915235
47.376995,1.514698606470914,2.6848137451041634,5.338322672360421
47.44096,1.6070731620577896,2.6210426610329836,5.313428605218017
47.473923,1.7018478700223385,2.559657749751631,5.290237304593629
47.542553,1.7993629391721684,2.5007260401925793,5.267531365110456
47.57614,1.896064366227672,2.4442676317158547,5.2487351096330706
47.64185,1.9956666772519052,2.3903509676636063,5.229930244227655
47.674595,2.0981568474946033,2.339040770032672,5.208742349598007
47.74346,2.202390024331074,2.2903987987679812,5.18974478634211
47.77569,2.30726710185332,2.2444369187558344,5.172234858298406
47.875298,2.414243057536321,2.2011715788301633,5.156056752020061
47.94192,2.522921031087575,2.1606464132295122,5.138358547522481
47.97813,2.6320044085693852,2.1228769413110573,5.125629205372429
48.042294,2.7419551390203347,2.087927773089517,5.114818102238823
48.07428,2.8505616695129268,2.055878067675188,5.1044999805589
48.14239,2.958193389149247,2.0266214265012477,5.100006913681077
48.177795,3.068723219691218,2.0002523605249602,5.09789613087404
48.241734,3.1808915271549054,1.9767569923095694,5.097206299448787
48.274487,3.2943199685290554,1.956145624025469,5.101379664712895
48.3766,3.4070452213724614,1.9385122460009787,5.110900630471201
48.441826,3.5197095783386287,1.923733081650627,5.121274466339683
48.474827,3.6332431465458948,1.9119729271098185,5.136631710401879
48.543617,3.7469805770297784,1.9032888568671638,5.154965628588105
48.57602,3.8592167288089234,1.8978449235330004,5.167803386760674
48.641834,3.972793534405987,1.895527326640558,5.184921446368019
48.675556,4.086443671591972,1.8962833588124681,5.201848231295611
48.742664,4.198806410246688,1.900050347055356,5.216820714719409
48.77661,4.309841386647019,1.9068317554742795,5.231606877383115
48.87543,4.42282803434896,1.9165696893880402,5.24867377266039
48.942326,4.532319280415183,1.929304445699687,5.267411767774314
48.975643,4.642891465476967,1.9449597908606902,5.28800935832897
49.041862,4.753541473871441,1.9632522047467145,5.309811400932753
49.074654,4.86403526301132,1.9842707966097375,5.33737265014958
49.143135,4.973532069578222,2.008030784490686,5.366834609337176
49.176846,5.083046424585702,2.034516773642497,5.39803517748481
49.2462,5.193514016436096,2.0637634274929395,5.4339019515422615
49.275547,5.302101667551913,2.09566646403947,5.470169967048393
49.377476,5.410124223220725,2.1302477798850683,5.5123877915781145
49.440666,5.51697414661218,2.1675200926233713,5.555869285465006
49.473953,5.622683338726778,2.20727287898959,5.602340723810843
49.54384,5.727167283414771,2.2496643963180287,5.651054299542256
49.575726,5.831075964245883,2.2945992890467553,5.70179462182768
49.642494,5.933173694451697,2.342200718201604,5.747238894587888
49.67598,6.035296188105681,2.3922877654406864,5.794821480246443
49.74348,6.13591583650882,2.4447820985917446,5.845663079328572
49.776833,6.2346646489109885,2.4996354138943655,5.89436402556194
49.875935,6.332581376373257,2.5568667151542486,5.944450568391377
49.942436,6.4290180293371195,2.61633786604215,5.994801056404906
49.976784,6.525233089878291,2.6780588280713657,6.046891592174314
50.043713,6.6220000513057995,2.7420718938292405,6.100296950470535
50.076466,6.715925624019063,2.8080717517683014,6.155060839056147
50.144382,6.807737207024986,2.8761690686658516,6.211918774553685
50.17753,6.898451881569775,2.9463225883544224,6.270847595801143
50.242504,6.988672646308766,3.018663979444583,6.324167182490197
50.27541,7.0776460315265375,3.0929248646844307,6.378702800514226
50.37653,7.1663291718260345,3.169069539176671,6.435105364529564
50.44224,7.253966319880461,3.247002310871637,6.488703121418471
50.47573,7.337910868432657,3.3266343302591426,6.5434980773058005
50.541866,7.421576957042182,3.407954578551834,6.601237024769699
50.577137,7.5029056041365525,3.490847019749835,6.659246429600935
50.641685,7.58100885205797,3.5752761384101643,6.7179297850801145
50.674294,7.657342836075226,3.661081826573411,6.775723890747769
50.741055,7.734777242596035,3.7483141864320473,6.834373740450776
50.77608,7.809472333345239,3.8368901339990313,6.8939295023037035
50.875793,7.880363520127477,3.9264926500199713,6.954312229575361
50.94252,7.947355520695654,4.017203449735147,7.015329597393051
50.977444,8.013413898595948,4.108863128217118,7.077562107179621
51.041645,8.07675038035273,4.20142877076169,7.143577462519247
51.075092,8.13669451763249,4.294804807021783,7.209838496048867
51.143135,8.193441383947576,4.388702488293357,7.276023878031698
51.17692,8.24872984768362,4.483193624535821,7.342283261774637
51.242706,8.300573943511573,4.578207781714835,7.40865292060172
51.275124,8.346962705286147,4.673844911313588,7.467083916612414
51.37741,8.390886502240836,4.769928122238982,7.525169724459481
51.442345,8.430652154833727,4.866406076155697,7.5825604532047155
51.47499,8.465803492714143,4.963168360287305,7.634956056163037
51.542614,8.496453528245633,5.0599939713884545,7.686000931828923
51.577076,8.52266587129652,5.156625663749958,7.739723414444082
51.64208,8.544472256727902,5.252985801254295,7.7921355565736885
51.67419,8.561388371313999,5.348928685061666,7.8475786536307846
51.747276,8.575016761846712,5.444271022418962,7.903536734986352
51.77596,8.584478072560598,5.5390113964417775,7.9583103732065075
51.875423,8.588089087727088,5.633038349282462,8.011984350394942
51.94275,8.585924063299695,5.726437183207635,8.056558509286079
51.977013,8.580897903540885,5.818944922773989,8.100022417112331
52.041553,8.569323674636685,5.910402836539944,8.145742717461017
52.07442,8.555716181776733,6.000762479318799,8.186672030725274
52.14289,8.536340957517313,6.089870801811447,8.225642474825982
52.17702,8.513920653555967,6.177598497791691,8.266263012021934
52.242252,8.485047208885304,6.263863646995036,8.305513883822183
52.275112,8.449923429219831,6.34847801344797,8.342443875365472
52.377556,8.41216007864329,6.431377129857706,8.381456601377554
52.44169,8.373083960793158,6.512538243648934,8.419145272734132
52.47552,8.329781337574266,6.59201694603008,8.455281811285802
52.543587,8.281954161131068,6.669779280989281,8.489163190907028
52.576508,8.23178176984662,6.745810235804174,8.520923678749966
52.642345,8.17983475664082,6.820087221059015,8.550698856373497
52.675205,8.125872270002162,6.892498076577453,8.581914585168764
52.742756,8.064743402012404,6.963060327662846,8.611057072817276
52.777195,8.001809154710699,7.031777672126762,8.63855162337516
52.87602,7.934373340380163,7.098677723444527,8.664429682732095
52.94182,7.8649236402882865,7.1638164730369605,8.688850549263991
52.97704,7.790484109112937,7.227194329394286,8.712672788053874
53.042706,7.71334051572965,7.288771677298138,8.736999853279944
53.07436,7.632063110124065,7.34862641035564,8.759613635251046
53.1426,7.5504546282032505,7.406946945864786,8.781256045109611
53.176727,7.4622458636450055,7.463613665113359,8.801247558824185
53.242214,7.371700648075735,7.518752115718995,8.819809163447296
53.275997,7.279339974640201,7.572365813078296,8.836814196140502
53.377987,7.185480660548247,7.624591788459455,8.848974113295204
53.442234,7.0918044141749705,7.675347538092234,8.861811929700222
53.475433,6.996611544418806,7.724820528846257,8.872546078772638
53.543503,6.898669214931189,7.772946690572164,8.881303475261346
53.57702,6.8019376415091175,7.819787318090988,8.88607454168348
53.641518,6.702019357982442,7.865240231204536,8.889376488884457
53.67628,6.599443701964516,7.909450467707277,8.890155807500259
53.743088,6.49662537874968,7.95246710091412,8.888986893169996
53.781635,6.391374426282014,7.994072401983829,8.88978028881404
53.876076,6.2867610393386935,8.034412376119736,8.889223146334288
53.943333,6.181244357709521,8.073579881850476,8.887326449590585
53.976223,6.073812952122919,8.111555936827354,8.881523381897956
54.042557,5.9682880602000665,8.148373458148203,8.875750663288475
54.07593,5.862649461441865,8.184120580404013,8.869191581692288
54.14342,5.756432527871597,8.218816516190271,8.86079300641082
54.17637,5.649964090175137,8.252482362312303,8.849878620317254
54.242085,5.544612992599422,8.285192898442869,8.837823855062295
54.27468,5.437928231427749,8.317017699681164,8.824299235991601
54.377953,5.332235817940643,8.34790520327833,8.80881840558708
54.4417,5.225298178693175,8.377775339448855,8.795477409320942
54.476242,5.1199602926348,8.406724674954884,8.780797303150127
54.545288,5.013626771979977,8.434724814797068,8.764557035575796
54.57572,4.907005183735575,8.461812248433306,8.744985211587762
54.642128,4.801312844320871,8.48795486081603,8.723857763913712
54.675964,4.697930218484922,8.513162907630955,8.701066713275127
54.74191,4.596002786905721,8.537490794814882,8.67685155756102
54.776417,4.492697133020417,8.560955547883461,8.651088351907967
54.87575,4.390153189503181,8.583547148474949,8.62472576134158
54.943123,4.286590006265722,8.605186664415067,8.601528998390597
54.977077,4.184257240259268,8.625894912876388,8.577216708105613
55.0417,4.080165284112497,8.64580449086178,8.545083979784234
55.075024,3.9773950286998523,8.664708860121351,8.51428692888666
55.142097,3.8754606382839016,8.682625651099766,8.481533547202059
55.17691,3.7751296194110924,8.69952833766783,8.447954238385742
55.242153,3.675385905824334,8.715428645431167,8.411845612715641
55.276047,3.5764458514319006,8.730399085087832,8.374228735053732
55.377625,3.4773534037390985,8.744362459008844,8.331937905858155
55.441883,3.3791180362621294,8.757323956301137,8.289264028369553
55.47579,3.2822770465390865,8.76914728679743,8.24982145152141
55.54255,3.1854352893436215,8.779943726234263,8.210599179675983
55.575794,3.089760204722677,8.789703848832565,8.171544204518058
55.642033,2.9950537933699506,8.798384285153874,8.13045039636459
55.67475,2.9001540449312984,8.805948473194166,8.091139921488569
55.74374,2.8069756451729626,8.812359732878578,8.05125740555453
55.77677,2.714479873948832,8.817607199770729,8.003127145256219
55.87606,2.6210372126163257,8.821651004939152,7.953531772243513
55.942204,2.528723392303309,8.82448647486209,7.903806313904431
55.978348,2.434717609783273,8.82620080638309,7.846773531807762
56.041428,2.342571592336414,8.826648135784641,7.789714316026228
56.075478,2.251039752055994,8.825798578808696,7.733957245688382
56.142532,2.16029463590567,8.823602809233483,7.677603938218124
56.177467,2.06767881299371,8.820099474076342,7.6205574101051345
56.244225,1.976799856530731,8.815311298422012,7.56284830407206
56.276257,1.8872374431277312,8.809211371076497,7.509619659778141
56.377575,1.796957997460478,8.801805564353305,7.455712485349711
56.442307,1.7077883617705687,8.793071162260349,7.401031629933735
56.47542,1.6185916578025143,8.782990796259261,7.344318145376756
56.54302,1.5301432245145965,8.771630553032038,7.286702888415084
56.576202,1.4408395074285247,8.759064024392643,7.228079299382719
56.643917,1.3539578493513094,8.7451974173558,7.169521060343381
56.676044,1.2669279318171753,8.7299869046052,7.1110699890345055
56.74199,1.181335548815313,8.713450602570282,7.045755713273009
56.777172,1.0988044468945062,8.695606167776527,6.980481628859664
56.87624,1.0192463339745752,8.676295037800912,6.915186762508272
56.944336,0.9438312330960941,8.655503003728619,6.845065894093339
56.9763,0.8668758442757337,8.633164904748877,6.779416223998632
57.0438,0.7931652568077869,8.609301466183929,6.714352630695156
57.075027,0.7215373076305557,8.583967595950098,6.65415458773639
57.142555,0.6544556332299774,8.55717816153743,6.597091236363683
57.177532,0.5863643635523818,8.528882911163949,6.54143057236236
57.243683,0.5210472445325802,8.499146837628514,6.486829461616303
57.276314,0.46200059355591444,8.468020590895328,6.4336500009521576
57.377396,0.4023655041559844,8.435536628319017,6.382979848945452
57.442802,0.34615662620109067,8.401768550021218,6.333666090218706
57.47551,0.2951314669399789,8.3666097822893,6.2846809636670615
57.54417,0.2501268259280317,8.330077113325581,6.236762569860038
57.57702,0.20746648289774497,8.292128663307082,6.1906144874602775
57.642944,0.16866556810265657,8.252757589185384,6.145357298765054
57.674477,0.13208347000924134,8.211955746460761,6.105236966768085
57.74314,0.10066826207800385,8.169670406251583,6.064774176949636
57.77722,0.07323202015109385,8.12591875084457,6.024826985879344
57.875263,0.048864029165415164,8.080732595516722,5.985311533115202
57.942493,0.030029495492509325,8.033989588753355,5.946974682508122
57.97774,0.015250161392228238,7.985627817029449,5.912003543290427
58.04365,0.006738522826978178,7.935558734567821,5.881538935326189
58.07492,0.0005609089954777596,7.883788499030923,5.852090422161601
58.14374,0.0,7.830336759166568,5.819700429901832
58.176723,0.006319557178635087,7.775110337125101,5.790255310082073
58.24383,0.017367299693245446,7.718043552240714,5.762065503475754
58.27567,0.03359844731426619,7.659145791651697,5.748230760034231
58.378284,0.054777914805094925,7.5983829007925285,5.734032108780812
58.44179,0.07867690790101602,7.535733740130172,5.719477416647911
58.475807,0.10678980301062097,7.471193803705755,5.704918377359766
58.54453,0.1406968208164751,7.404631523359471,5.688919673400855
58.577023,0.17900179452273018,7.3360161504461825,5.671118975021953
58.642204,0.22255838321927165,7.265134845498881,5.656826796268376
58.675613,0.26939816045157444,7.1921704858785285,5.642595497344837
58.742466,0.3193822703384645,7.117159331895338,5.627491678211044
58.775776,0.3733300251415507,7.039974663350827,5.614401923983983
58.875446,0.4305500054176217,6.96066907450082,5.601712699362736
58.94341,0.4906455270668806,6.879165894363957,5.585648654111628
58.97751,0.5533857776699517,6.7954652319572215,5.570349030960393
59.041958,0.6192245047370751,6.709609193218636,5.555450908871979
59.075817,0.6893413935899181,6.621658525321589,5.544754686001835
59.144318,0.7604754439911636,6.531621673386812,5.534580728477391
59.177464,0.8340569193485101,6.439463239696337,5.524559814773875
59.243847,0.9104067097570033,6.345367127529536,5.5146820497152405
59.27504,0.99021722845997,6.249324075162651,5.505281115467056
59.37763,1.073551185278822,6.151478866958495,5.4944450869985895
59.443893,1.1587043589112085,6.051845455598244,5.481916644792886
59.475067,1.2469218650229905,5.950508550723971,5.469435164237083
59.543404,1.3362184483960864,5.847681550140733,5.457088735859478
59.577827,1.4257877455519805,5.7433407437371695,5.444723793340908
59.642365,1.5160283001143278,5.637531756849955,5.432292414345597
59.676266,1.6088013342593075,5.53021911453947,5.423219413434743
59.742325,1.701318623590604,5.421499014945308,5.414664066475926
59.777058,1.7948722358808273,5.311305425224102,5.406236198884195
59.876366,1.8907767503067925,5.199838093429209,5.400386796530536
59.942093,1.986707823162431,5.087248347995066,5.395193750090992
59.97828,2.083619479994414,4.973890102003676,5.383274774140546
60.043766,2.181019222710909,4.859794666057953,5.370042960867299
60.07613,2.276123915929559,4.74500801891713,5.357241594828687
60.14436,2.3712222857632446,4.629739983878933,5.3413022541997375
60.17783,2.4687281164822545,4.514066136052982,5.326000391989048
60.242535,2.567091569235394,4.398111487076111,5.310843399171206
60.27581,2.6658615484258514,4.281917833004645,5.299868838357321
60.3767,2.763883999028643,4.1656594036167025,5.2894105049556055
60.44159,2.862663698094637,4.049389748998982,5.279119061639463
60.475315,2.9606513548843343,3.93326883175967,5.271720767681541
60.54477,3.0594001691908126,3.817537749550469,5.266150196603829
60.576157,3.1581532564691805,3.702476992643874,5.256018343435525
60.64267,3.2575391763090527,3.588042413674334,5.248554325711376
60.67538,3.3567120941630257,3.4744790687017915,5.242696637642092
60.743015,3.4563011809889645,3.361860543580067,5.234315440338361
60.777336,3.5557164711514417,3.2503222387709685,5.224849446221581
60.876007,3.6538033652207886,3.139928691598736,5.2164376358734135
60.94297,3.751811167704848,3.0307818107011437,5.2095682705334
60.97815,3.848583664795359,2.9229819206990433,5.204156498876216
61.04253,3.9442740407397077,2.8165291323371506,5.200003066604872
61.075874,4.037461097463057,2.7116979668854055,5.1974738962021325
61.143684,4.13211036809836,2.608634300508802,5.197404600090269
61.1775,4.227882954452691,2.5074444815929233,5.1988723563197645
61.24837,4.321483434119213,2.4082299937337863,5.204445724587062
61.27945,4.414285284677435,2.3110830803261826,5.2113592136154825
61.381023,4.507259245041065,2.2161205312677583,5.216437897808773
61.447243,4.5997742799930235,2.123494944268574,5.225892409260829
61.480137,4.692621978769707,2.0332646747739362,5.236460134541176
61.54693,4.784492655373963,1.945445613746974,5.248051026213934
61.580437,4.878029487530624,1.8602032193772589,5.260807451117917
61.645664,4.97220204598283,1.7774851099215017,5.274726543967391
61.679928,5.06359957863681,1.6974823338555962,5.289803457730454
61.74724,5.157529364514982,1.6201976565549072,5.30738825915739
61.780605,5.247405135371138,1.5458378099218597,5.3207752359880605
61.881382,5.336575453273468,1.4742499935350901,5.3354397058218215
61.946835,5.423957122095418,1.4055728440751905,5.35117084970836
61.980934,5.511865638107179,1.339896678077106,5.372016461040762
62.04759,5.599518918684541,1.2772814152619612,5.39763211518923
62.081394,5.6882197700445865,1.2175710012853767,5.424599262846373
62.146065,5.775516974991242,1.1608254843913661,5.4526805529678315
62.18304,5.86505448383599,1.1071897793610153,5.481851379944058
62.24766,5.95306059654912,1.0567229173518253,5.511967526590652
62.27999,6.038808782706041,1.0094538595366895,5.543120649895211
62.381775,6.123967970902109,0.9654680824455386,5.5757563802709775
62.44668,6.207166617453841,0.9248290969138148,5.607603284631114
62.479538,6.288798769319341,0.8875367402457515,5.639913047432216
62.54735,6.367854421853892,0.8536435664814649,5.673099166283995
62.580418,6.446091559257041,0.8231649753512654,5.70773087877828
62.647694,6.522172282113115,0.7961111476021715,5.743191508327948
62.67971,6.5981117104305556,0.7724557750088324,5.779210916861402
62.746372,6.672094886473,0.7522686840047544,5.816118615567351
62.78131,6.744099531100381,0.7356044840726815,5.8532638940375525
62.88182,6.814036314591768,0.7224816876259661,5.891052120258535
62.946335,6.881087112185855,0.7129545469444423,5.929571034540093
62.980835,6.947103737619509,0.7070284809253645,5.968670925680578
63.04853,7.009639497485478,0.7047783179977064,6.0083120215427135
63.080025,7.069495951759221,0.7062252150028205,6.048580215127215
63.146473,7.124674509119799,0.7113604722456638,6.089205679803002
63.18279,7.178742083351867,0.720216078132071,6.1302657181852105
63.24703,7.230417885407764,0.732788348860226,6.171212592987766
63.28009,7.278775613050957,0.7491803928222421,6.207913158799549
63.380924,7.323961842499321,0.7693159975931712,6.244291197943917
63.44829,7.366215151873668,0.7931189883544764,6.285048401420803
63.47943,7.40611661242651,0.8207432030108845,6.323644677307475
63.54595,7.441232820338521,0.8521045110022872,6.36275735755193
63.580517,7.472993786765396,0.8871965671870973,6.401865132979815
63.64872,7.5004300979827345,0.9260094938606427,6.4427808253208365
63.679737,7.526268687551407,0.9685029686861203,6.484153314287654
63.74684,7.547951402969495,1.0146330676506332,6.527363452547018
63.780598,7.561206463695493,1.0643643960121074,6.570558139780959
63.88124,7.570189832710288,1.1176982328652283,6.613780540978702
63.947758,7.573572500740364,1.1745811298910538,6.656834310571237
63.980476,7.575067278614498,1.23501275740651,6.699630933174619
64.0482,7.570846115676728,1.2989838282290305,6.74220539946637
64.08053,7.56400868750053,1.3664700314108806,6.78245904429245
64.14644,7.550947859929338,1.4374520133951778,6.822194198908046
64.18027,7.534542054379025,1.5118343826425698,6.8656166552764715
64.24792,7.514879775563962,1.5896155358728659,6.909392459676825
64.280464,7.489478424386487,1.6707351787675937,6.95300591271583
64.38215,7.464141002690141,1.7550575729385731,7.000184694577767
64.44815,7.432729393767927,1.8426328642653933,7.047557988890428
64.48026,7.396117411504174,1.9334179852437294,7.095069102808253
64.54695,7.354837575648529,2.0273732331772116,7.141045584357583
64.58096,7.314670414182256,2.1243907819302135,7.187379469962659
64.64901,7.2704399519983784,2.2243848646116766,7.23403343224805
64.68005,7.222524821181936,2.3273121600546434,7.277556263477566
64.74738,7.1696786106096155,2.4330747540445037,7.321126614644879
64.78042,7.113762148189927,2.5415990914968782,7.364697376619365
64.87963,7.055942153851108,2.6528031617773418,7.410113423178972
64.94654,6.995992230189915,2.7665623405579454,7.455930236273803
64.98045,6.935191547351865,2.8827029821894614,7.5019101387528195
65.04774,6.8704390599741645,3.0012239203624085,7.547783950453562
65.07957,6.805471592030921,3.122030372849376,7.593494410888507
65.148,6.737930089518589,3.2450045481645144,7.642548142485814
65.181046,6.666697749917292,3.3700845218529074,7.691954358363795
65.24836,6.593814937760826,3.4971893488224155,7.741690021102916
65.27972,6.517730215442714,3.6262369708214357,7.7952695889896075
65.381966,6.442457369653709,3.757089227498194,7.849211743403227
65.44813,6.364902872505091,3.889639437448399,7.903478905566038
65.4791,6.286731437148073,4.023734149748799,7.956008182841183
65.54615,6.2054749541132965,4.159241717120958,8.008519949125992
65.57978,6.128115581389437,4.296060982858547,8.06096011322432
65.64869,6.048582743692701,4.434016933724543,8.113272832507503
65.67964,5.965969483833348,4.572900749168442,8.165400504580388
65.74655,5.883889294855977,4.7125601798056875,8.215769114384551
65.781044,5.801418244059474,4.852874575699698,8.265886427071578
65.880424,5.718828539772478,4.993711735562115,8.316202692123655
65.94715,5.63418338118186,5.134912521214613,8.366346698047415
65.982735,5.548647868993894,5.276355985519378,8.41567863049193
66.046906,5.462633700801712,5.417862010983564,8.464497686738843
66.080414,5.37836972049772,5.559308010727786,8.510841094190404
66.14715,5.293706332593898,5.700551471863761,8.555937231768429
66.18248,5.205244477140298,5.841384167837597,8.600069724055675
66.248215,5.118349558201777,5.979007396386221,8.63284454265671
66.28061,5.030873408605097,6.1159624080136386,8.66440230054504
66.380684,4.942866899783466,6.252151286984581,8.694717839309451
66.448845,4.854380903180709,6.387476117570331,8.723766000591812
66.48038,4.7654662902406395,6.521838984042159,8.751521626033991
66.54734,4.676173932407086,6.655141970671347,8.777959557277855
66.5818,4.58655470112386,6.787287161729177,8.803054635965275
66.647224,4.496659467834785,6.918176641486919,8.826781703738098
66.6798,4.4065391039836825,7.047712494215854,8.84911560223821
66.747284,4.316244481014375,7.175796804187265,8.87003117310745
66.78213,4.225826470370676,7.302331655672424,8.889503257987712
66.88032,4.135335943496409,7.427219132942608,8.907506698520837
66.94726,4.044823771835398,7.550361320269101,8.924016336348707
66.98085,3.9543408268314524,7.671660301923177,8.939007013113192
67.0523,3.8639379799284024,7.791018162176119,8.952453570456141
67.081245,3.773666102570068,7.9083369852992,8.964330850019422
67.14753,3.6835760662002626,8.023518855563701,8.974613693444905
67.18189,3.5937187422628094,8.136465857240893,8.98327694237444
67.248886,3.504145002201526,8.247080074602065,8.99029543844993
67.28055,3.4149057174602384,8.355263591918487,8.99564402331319
67.38118,3.3260517594827603,8.460918493461445,8.999297538606125
67.44869,3.2376339997129184,8.56394686350221,9.001230825970584
67.48061,3.1497033095945297,8.664250786312058,9.001418727048453
67.54645,3.0623105605714143,8.761732346162274,8.999836083481549
67.58112,2.9755066240873846,8.856293627324133,8.996457736911792
67.64766,2.8893423715862756,8.94783671406891,8.991258528981014
67.679665,2.8038686745118966,9.036263690667889,8.984213301331083
67.74651,2.719136404308071,9.12147664139235,8.97529689560387
67.7815,2.6351964324186152,9.203377650513561,8.964484153441242
67.882614,2.55209963028736,9.281868802302808,8.951749916485065
67.94819,2.469896869358112,9.356852181031362,8.937069026377193
67.98196,2.388639021074701,9.428229870970508,8.92041632475951
68.04623,2.3083769568809442,9.495903956391528,8.901766653273867
68.0798,2.229161548220654,9.55977652156569,8.881094853562132
68.146736,2.1510436665376655,9.619749650764271,8.858375767266173
68.181076,2.0740741832757874,9.67572542825856,8.833584236027841
68.24802,1.9983039698788434,9.72760593831983,8.806695101489021
68.28061,1.923783897790654,9.775293265219357,8.777683205291583
68.381424,1.8505648384550357,9.81868949322842,8.746523389077376
68.44777,1.7786976633158154,9.857696706618295,8.713190494488252
68.48131,1.7082332438168062,9.892216989660264,8.677659363166114
68.54768,1.6392224514018316,9.922152426625603,8.639904836752793
68.5804,1.5717161575147156,9.947405101785595,8.599901756890178
68.646675,1.5057652335992675,9.967877099411508,8.557624965220118
68.68031,1.4414205510993179,9.983470503774631,8.513049303384499
68.746506,1.37873298145868,9.994087399146231,8.466149613025152
68.78152,1.3177533961211807,9.999629869797596,8.416900735783967
68.88119,1.2585326665306367,10.0,8.365277513302809
68.94688,1.2011216641308646,9.99509987402472,8.311254787223529
68.98067,1.1455712603656882,9.984831576143039,8.254807399188016
69.04836,1.0919323266789307,9.969097190626227,8.195910190838115
69.07998,1.040255734514402,9.947798801745568,8.134538003815699
69.14725,0.9905923553159289,9.920838493772337,8.070665679762616
69.18404,0.9429930605273318,9.88811835097782,8.004268060320754
69.24666,0.8975087215924306,9.849540457633282,7.935319987131979
69.28034,0.8541902099550454,9.805006898010003,7.863796301838143
69.3819,0.8130883970589929,9.754419756379274,7.789671846081114
69.448944,0.7742541543480966,9.697681117012367,7.712921461502759
69.48205,0.737738353266187,9.634693064180551,7.633519989744948
69.54766,0.70359186525706,9.56535768215511,7.551442272449548
69.581474,0.6718655617645529,9.489577055207333,7.466663151258411
69.6466,0.6426103142324824,9.407253267608482,7.379157467813403
69.680435,0.6158769941046651,9.318288403629845,7.288900063756395
69.746124,0.5917164728249247,9.222584547542688,7.195865780729253
69.781845,0.570179621837081,9.1200437836183,7.100029460373863
69.8807,0.5513173125849543,9.010568196127961,7.001365944332042
69.94645,0.5351804165123646,8.894059869342945,6.899850074245692
69.981964,0.5218198050631286,8.770420887534518,6.795456691756664
70.04888,0.5112863496810665,8.63955333497398,6.688160638506844
70.08068,0.503630921810005,8.5013592959326,6.577936756138065
70.148506,0.49890439289376437,8.35574085468166,6.464759886292213
70.18098,0.4971576343761544,8.202600095492429,6.348604870611155
70.24881,0.4984415177010054,8.041839102636175,6.229446550736743
70.280624,0.5028069143121272,7.873359960384205,6.107259768310845
70.38183,0.5103046956533503,7.697064753007781,5.982019364975328
