0.36,3.889822372359243,1.3157995538865748,5.90890634647304
0.44,3.992695521989714,1.397139143470114,5.897668059601048
0.52,4.094921368220827,1.4792433543944992,5.888267507982318
0.6,4.196493358731517,1.5620885923083605,5.8806610096415834
0.68,4.297404941200736,1.6456512628603264,5.874804882603599
0.8266903,4.397649563307419,1.7299077716990272,5.870655444893201
0.8851797,4.497220672730488,1.8148345244730912,5.868169014535095
0.9427396,4.596111717148906,1.9004079268311476,5.867301909554089
0.9818783,4.694316144241598,1.9866043844218264,5.868010447974942
1.022974,4.791827401687506,2.073400302893756,5.870250947822412
1.0632664,4.888638937165574,2.1607720878955674,5.873979727121306
1.1427191,4.984744198354735,2.248696145075888,5.879153103896331
1.1830707,5.080136632933924,2.337148880083347,5.885727396172322
1.2229598,5.1748096885820924,2.4261066985665756,5.89365892197401
1.2625004,5.268756812978165,2.5155460061742008,5.902903999326204
1.3040378,5.361971453801094,2.6054432085548536,5.913418946253612
1.3511043,5.454447058729803,2.6957747113571617,5.925160080781066
1.4347569,5.5461770754432465,2.786516920229756,5.9380837209332995
1.4759336,5.6371549516203565,2.8776462408212646,5.952146184735095
1.5147738,5.727374134940078,2.9691390787803176,5.967303790211235
1.5560365,5.816828073081332,3.060971839755543,5.983512855386453
1.5952284,5.905510213723074,3.153120929395571,6.000729698285557
1.6350107,5.993414004544237,3.2455627533490317,6.018910636933304
1.7153906,6.080532893223764,3.338273717264552,6.0380119893544535
1.7551619,6.166860327440599,3.431230226790763,6.057990073573786
1.7995441,6.252389754873664,3.5244086875762943,6.078801207616086
1.8356149,6.337114623201903,3.617785505269773,6.100401709506112
1.8756312,6.421028380104271,3.711337085519831,6.122747897268621
1.9141351,6.50412447325969,3.8050398339750955,6.145796088928394
1.9983218,6.586396350347103,3.8988701562841968,6.169502602510192
2.035654,6.667837459045454,3.9928044580957645,6.193823756038821
2.0751204,6.748441247033666,4.086819145058427,6.2187158675389895
2.1153643,6.8282011619907035,4.1808906228208125,6.2441352550355305
2.1561213,6.907110651595488,4.274995297031553,6.270038236553176
2.1957114,6.985163163526955,4.3691095733392755,6.29638113011671
2.2750945,7.062352145464056,4.463209857392611,6.323120253750914
2.3151517,7.138671045085726,4.557272554840187,6.350211925480522
2.3566537,7.214113310070907,4.651274071330634,6.377612463330342
2.395434,7.288672388098524,4.745190812512581,6.405278185325106
2.4375236,7.362341726847529,4.838999184034656,6.4331654094896225
2.4751112,7.4351147739968555,4.932675591545492,6.461230453848649
2.5548124,7.506984977225447,5.026196440693713,6.489429636426968
2.594502,7.577945784212249,5.119538137127954,6.5177192752493145
2.6352758,7.647990642636171,5.212677086496838,6.546055688340468
2.6776614,7.717113000176189,5.305589694448999,6.5743951937252385
2.7144017,7.7853063045112165,5.398252366633064,6.602694109428359
2.756868,7.852564003320206,5.490641508697664,6.630908753474611
2.8397226,7.91887954428208,5.582733526291427,6.658995443888754
2.8744473,7.984246375075805,5.674504825062981,6.68691049869557
2.914448,8.048657943380292,5.76593181066096,6.7146102359198165
2.9583755,8.112107696874494,5.856990888733987,6.742050973586276
2.997495,8.174589083237356,5.947658464930695,6.769189029719734
3.0371845,8.2360955501478,6.037910944899713,6.79598072234492
3.1154857,8.29662054528477,6.127724734289671,6.822382369486644
3.153585,8.356157516327219,6.217076238749195,6.848350289169663
3.1937814,8.414699910954061,6.305941863926917,6.873840799418736
3.2345538,8.47224117684426,6.394298015471465,6.898810218258644
3.2764487,8.528774761676749,6.48212109903147,6.923214863714146
3.3147705,8.58429411313045,6.56938752025556,6.947011053810025
3.3975024,8.638792678884318,6.6560736847923625,6.970155106571038
3.4349468,8.692263906617296,6.742155998290511,6.992603340021994
3.4742084,8.744701244008306,6.827610866398632,7.014312072187599
3.5145361,8.796098138736292,6.912414694765354,7.035237621092689
3.554419,8.84644803848021,6.99654388903931,7.055336304761969
3.5946388,8.895744390918981,7.079974854869124,7.074564441220273
3.674248,8.943980643731548,7.162683997903429,7.092878348492334
3.713911,8.991150244596845,7.2446477237908535,7.110234344602935
3.754444,9.037246641193818,7.325842438180026,7.126588747576832
3.7942052,9.082263281201405,7.406244546719575,7.1418978754388105
3.835333,9.126193612298554,7.485830455058134,7.156118046213627
3.8742938,9.169031082164185,7.564576568844327,7.169205577926064
3.9542239,9.210769138477245,7.642459293726786,7.181116788600881
3.997424,9.251401228916675,7.719455035354141,7.191807996262859
4.034525,9.29092080116142,7.7955401993750195,7.201235518936782
4.082905,9.32932130289041,7.870691191438049,7.209355674647383
4.1424828,9.366596181812897,7.944884417196276,7.216124781476014
4.182087,9.405816938283879,8.016957686214498,7.184921140707894
4.261457,9.447209104088298,8.087937005573613,7.151726885166313
4.3023796,9.48479641429172,8.15783455824114,7.116685459855634
4.342659,9.528459080796129,8.226636788312803,7.075257101578771
4.381932,9.565511284569663,8.294308868993337,7.032366644463458
4.422762,9.601728739314272,8.360832851889331,6.987795429902209
4.462308,9.637290553599984,8.426182695177395,6.94242391172886
4.54169,9.668083867048178,8.490329499882263,6.896079417074461
4.5823526,9.697785639404387,8.553265798045741,6.8486136671342
4.622895,9.731020113706244,8.614977926052774,6.80110773390436
4.663386,9.763811817691607,8.675448288990642,6.752978756360425
4.7046194,9.786793735535559,8.734669522215142,6.703897151576553
4.7449317,9.816968091632772,8.792613222249784,6.655113234612664
4.861824,9.84928560569907,8.849253544308361,6.605681985131827
4.902156,9.871023867694035,8.904566921902758,6.556051347511198
4.9419994,9.894372191377277,8.958531961055007,6.506403171872633
4.9818444,9.916068752800623,9.011122151147418,6.45639025544017
5.0219955,9.939374734447535,9.062297197015939,6.4065333241143305
5.1022615,9.955369107590641,9.112021187710164,6.3569120878908905
5.142307,9.966787122193812,9.160264578330507,6.307521234741217
5.181957,9.969359615441453,9.206999005315415,6.258439873216843
5.222653,9.974033988393378,9.25220414362143,6.209656389901522
5.2625046,9.981584588131174,9.295871764336958,6.160981124886417
5.3024144,9.985176442231745,9.33803308375812,6.112742185898728
5.3820014,9.989492030820477,9.37862615642095,6.0650900772674605
5.4221826,9.99482561694884,9.417626578954483,6.018090696362869
5.463372,10.0,9.455003571876262,5.971888929249436
5.5019226,9.99279418834309,9.490732825304573,5.9264516789041215
5.5424185,9.984969387939893,9.524793332902853,5.881486145652756
5.582469,9.981214665002117,9.557177095343308,5.837474609744637
5.662755,9.979164510689907,9.587859094206786,5.7940211215160655
5.7017393,9.969206611590208,9.616820021981729,5.751177717224264
5.742091,9.961057810490654,9.644062539051305,5.7089945117563365
5.7822022,9.948182816828997,9.669566280220403,5.66787007689811
5.822673,9.932605248920403,9.693316610953815,5.627849841612945
5.862202,9.904990259347205,9.71530916738588,5.58896524275002
5.942429,9.88369601367462,9.735534222034744,5.551245734895378
5.982508,9.862299198638032,9.753974418621612,5.514379679386486
6.0225587,9.84337389663907,9.770617849122411,5.478836325242054
6.0626283,9.81705689103151,9.785460111593782,5.4444692654177915
6.1022816,9.790037619422113,9.798489343756472,5.411316433330662
6.141231,9.76084233877897,9.809697421268819,5.383718327976727
6.2226562,9.72492453799927,9.8190667861697,5.35682086388813
6.262895,9.697000656642349,9.82659189688831,5.330681171118655
6.30148,9.667158476313535,9.832269471622833,5.305435170522989
6.341753,9.627959468226111,9.836098240538085,5.280690244176195
6.3826427,9.586045160670892,9.83808339500692,5.2569278133025925
6.423007,9.544501833607644,9.838201564204947,5.233272157307069
6.5027695,9.513088523019688,9.836490377691018,5.210010948361573
6.5423284,9.468692963051042,9.832927128154795,5.187226558422307
6.5820756,9.427954764624733,9.827505325410362,5.164997740625888
6.622267,9.385885565082152,9.820228090266037,5.143049298244106
6.6658835,9.34575197301956,9.811078529492587,5.1218040820794055
6.7016554,9.311545198831745,9.800032583079272,5.100372123030863
6.7830687,9.271135248215774,9.787106938549103,5.0792806098486425
6.8334427,9.236772206004531,9.772306243126804,5.05862792466274
6.8746777,9.195395507790195,9.755615694901723,5.0381525120924
6.913328,9.152100627786357,9.73701774203696,5.017940514305316
6.955805,9.112464244937119,9.716501915799512,4.998431395377423
6.9967957,9.073825425972817,9.69406433022673,4.979118615292109
7.0740123,9.039995206348516,9.669702516243165,4.960127674490345
7.106403,9.003243117519995,9.643415270176224,4.941662300651801
7.1589994,8.958436008064938,9.615204853757673,4.923477965882971
7.199728,8.918475669283664,9.585079207685439,4.906027462763282
7.2347894,8.878076033806698,9.553053690766072,4.889058588042529
7.2740684,8.83083729342509,9.519131291971897,4.872260815826897
7.3538585,8.785471884496994,9.483323221002436,4.856036988018412
7.3941593,8.740773383752481,9.445633929172322,4.840155290622733
7.4348865,8.686041793063762,9.40607617671304,4.825408768348104
7.47739,8.634391431626645,9.364670101486555,4.811775660243405
7.5144176,8.585534376031674,9.321430620608805,4.799407055885317
7.554462,8.536936910901392,9.276365824891432,4.788459293274324
7.6341653,8.489485237020686,9.229485024587389,4.778751744137997
7.674152,8.44952515763731,9.180803455958815,4.7706118637190595
7.7142696,8.402272952847941,9.130332461055612,4.763399862452775
7.75372,8.358024967969843,9.078098894579496,4.757875411609817
7.7945166,8.310461169469642,9.02411710165571,4.753770295548073
7.8382277,8.257388537445129,8.96838518029055,4.755656737238604
7.9182367,8.206002569039727,8.910915554946248,4.7595182280797
7.9548473,8.155091552391937,8.851718175366965,4.765299243380909
7.99364,8.100886425786145,8.790802784950133,4.777056094145416
8.034462,8.04843250233164,8.728178521167653,4.790531255413922
8.074202,7.989026876997409,8.66388092051723,4.806296755582442
8.117045,7.9361532627212155,8.597923507164563,4.827902596193396
8.194453,7.881082551869113,8.530338167336325,4.852241757908167
8.235341,7.822523583712316,8.46114773942618,4.87927021163535
8.277226,7.761802086614384,8.390372313495432,4.912869253265349
8.314947,7.696400754609049,8.318029106039656,4.949657746797323
8.353869,7.635266613686934,8.244156325498027,4.988817243016276
8.400533,7.571083170430192,8.168783321523827,5.029173466597266
8.474063,7.50902668932403,8.091935483354534,5.071646507413315
8.513395,7.448630751290638,8.01364247643866,5.116705039941525
8.5569935,7.3848682447122815,7.933930816176556,5.162953666652125
8.594358,7.324970258832026,7.852825480028042,5.211616832223216
8.634924,7.262797103271975,7.770375202407768,5.262192429788982
8.673704,7.19815184432158,7.686607919134137,5.314206471107083
8.754282,7.1357206111806555,7.601575296583632,5.367970773365059
8.79402,7.070910929751201,7.515317499930967,5.423578665824789
8.834503,7.008580079593807,7.427882117601723,5.4800768561436435
8.8746195,6.945376079839392,7.339333751538835,5.538257153556957
8.915064,6.885740432528168,7.249749905292647,5.597724221647443
8.954234,6.8242654251050805,7.1591677947066055,5.6581819773152
9.075038,6.763729233221041,7.067610920392419,5.71961888646687
9.114493,6.70944775340606,6.975129582886512,5.781910934088437
9.154082,6.653589189196766,6.881733571500967,5.845161882522056
9.195088,6.5982007004528285,6.78746482671136,5.9093877834197315
9.234427,6.539275634963603,6.692396360997762,5.974156051405687
9.314835,6.47652070302079,6.596519407804989,6.039135244070483
9.35409,6.411701440313221,6.499895977510119,6.104525513745607
9.394431,6.347497084429084,6.4026384443269855,6.169633037738347
9.432913,6.286357843070849,6.304750594475029,6.234811070333049
9.474869,6.222847640639296,6.206277772166564,6.299694776537258
9.514886,6.159649221538247,6.10730510502386,6.364159892074413
9.595317,6.102981317191241,6.007847953089985,6.427902875707957
9.634697,6.044630056294812,5.907957363054497,6.4908954802470396
9.675122,5.986320255013834,5.807736356970887,6.552168094991553
9.716871,5.9288601251916955,5.707225057079552,6.612404228592212
9.760542,5.868148063291248,5.606482121139233,6.671112918757361
9.795587,5.805417993531905,5.50558461049086,6.722016537208798
9.875067,5.74809643128546,5.404615826510034,6.7706031967060945
9.914932,5.6917323523981445,5.303676988703778,6.816358791349898
9.954967,5.635009064553766,5.202939024999471,6.849057319929782
9.994803,5.578715102387799,5.102478312594428,6.878544832811169
10.035482,5.520579443721309,5.002438932193941,6.905096416981599
10.074249,5.459639916408801,4.902942127969674,6.923444149420429
10.156928,5.404750027301639,4.8040978880560905,6.937980464620766
10.194679,5.3382395797340845,4.706057616001788,6.948052766150315
10.236119,5.271828736215364,4.609010994102467,6.944545030067469
10.274653,5.216032845686332,4.5130743140044505,6.936575040484367
10.314414,5.157239506498402,4.418383596887786,6.924037165343863
10.355064,5.099993697944566,4.325043070693172,6.908214147944723
10.435181,5.043684450940869,4.233283524246228,6.888491173508395
10.477919,4.996562986168795,4.143226172745879,6.864663499497129
10.52018,4.941799861112075,4.055003082840056,6.834240042276075
10.557745,4.894349048241988,3.9686651580899843,6.799891209814201
10.600817,4.845270228061786,3.884315619482845,6.762204094612649
10.664598,4.797632581418827,3.8020288600152976,6.721659869200644
10.743425,4.757579916567,3.721887478721604,6.677892736856539
10.782622,4.721565259291111,3.64396526507436,6.630607295383111
10.822461,4.685458605779991,3.568335194229213,6.577022160540697
10.862469,4.648561520681335,3.495046947511083,6.521010937469182
10.9033785,4.607978553139069,3.424158910357544,6.46202606043436
10.94767,4.570108648138157,3.3557117869586546,6.396691524509147
11.036835,4.5365394053732935,3.2897692752993075,6.32963601673864
11.076075,4.50341006809371,3.226386677163117,6.2613110655715944
11.130052,4.470126061764642,3.165630936451271,6.188538580859314
11.191198,4.439007621454031,3.107550223484481,6.114795065756978
11.237448,4.4017990440330514,3.0521989743564557,6.040362209121798
11.277188,4.370265253074867,2.999652925258231,5.971477020499695
11.357082,4.347682072195537,2.949960673070965,5.902257974831655
11.397977,4.320156454257631,2.9031283159021455,5.832886983225279
11.434902,4.29550324167768,2.859184288357435,5.770565170640692
11.476301,4.267055760013712,2.818130027638918,5.709069228781509
11.519053,4.247931614775416,2.779930370047211,5.648124716731086
11.554673,4.221595905588589,2.7445910898136296,5.593858685045554
11.634324,4.205496177437732,2.7121519643675684,5.541161209631711
11.676186,4.19233884388281,2.6826217241941355,5.490054917080414
11.714852,4.1763985031475865,2.6560228031244706,5.4410940324597785
11.754616,4.167439500330394,2.6323789878555677,5.39388885105135
11.794087,4.161358246507119,2.6116820705546933,5.3486623475152335
11.835026,4.151627587772577,2.593928605274337,5.304535304563569
11.915387,4.140293564771172,2.5791059027566634,5.262094735485957
11.959115,4.145311035781025,2.56718710488049,5.221582504041819
11.994822,4.144057161591576,2.5581759989043826,5.181890876442005
12.034317,4.142908472930269,2.5520723008209,5.144335459948351
12.0746765,4.149852410459197,2.5488689859173745,5.108344267734647
12.114486,4.155512526750025,2.548559322701137,5.074100039350162
12.195128,4.157549242178387,2.551139239003276,5.042049433144282
12.234632,4.162498686802646,2.5566280052848827,5.011431225677108
12.275007,4.1698558275140005,2.5650431356830627,4.982261758842379
12.314276,4.176596210014476,2.576378284874273,4.954725885788741
12.355234,4.1934431036987,2.5906312101537345,4.9292364016446735
12.39436,4.214575332533146,2.6077950522653004,4.905664089600661
12.474763,4.23366892507985,2.6278349962284917,4.883933477979224
12.517747,4.252633832573944,2.650625900319402,4.863894270423046
12.553734,4.267843387506173,2.6762231253072035,4.8453678136660265
12.595005,4.285636268546351,2.704614492794903,4.828672314340098
12.634326,4.301538885411275,2.735781366753749,4.813489632241403
12.676153,4.326874104707895,2.7697206606508686,4.799776644875987
12.761424,4.361341414185423,2.8064087961937476,4.788115960343218
12.82213,4.401328800741577,2.845788005860651,4.777765677437397
12.8622465,4.433585438224352,2.8878461003928604,4.769382825107823
12.9022255,4.467151209525483,2.932553402773001,4.763013749781526
12.942989,4.503916576197275,2.9798167052706424,4.763445457146074
12.982113,4.548358276527978,3.029618536206292,4.764351860912213
13.061976,4.596504363082837,3.081911053981493,4.765716521441998
13.10209,4.653652495872643,3.1366177136827353,4.772270584642114
13.1424,4.704911863078807,3.193687694807595,4.778915345030618
13.182139,4.755792246898028,3.253061243162588,4.785646758224259
13.222607,4.8072384205697425,3.31466400371376,4.796378183463762
13.262045,4.861322750574693,3.3784260314119114,4.806335530668177
13.381652,4.9180704407755265,3.444285820460718,4.815614487588679
13.42269,4.972164253277876,3.512166215030544,4.81935367354418
13.466383,5.027033991474302,3.582024106810649,4.82165504786008
13.502509,5.083845403902398,3.65377306534513,4.822640763385712
13.541656,5.14568264355462,3.7273221331023945,4.8258442884820285
13.621878,5.210606696875798,3.80258987645292,4.827557262509962
13.665337,5.274918179804047,3.879483123796726,4.8273160582444685
13.701953,5.342447447984769,3.9579668015690443,4.8259083027756
13.743072,5.400992932737194,4.037871684059017,4.82292814249069
13.782256,5.466860122795717,4.1191500412931275,4.8185546613281005
13.822932,5.533154925094701,4.201715565967836,4.816307200530357
13.901951,5.606911566049889,4.2854521178011975,4.812637234673885
13.942269,5.6794580275531885,4.370291598967808,4.807310294833224
13.982065,5.748731722625783,4.456197630134123,4.801012231454482
14.022191,5.824362036309509,4.543038020720284,4.793404195651992
14.062487,5.899059258963797,4.630705764410183,4.784623784346543
14.102258,5.9787717503926405,4.7191268590125395,4.778452463814572
14.182371,6.0543868930482665,4.808242974292636,4.771335827230972
14.222674,6.131763384517714,4.89798140959348,4.763080922817605
14.262756,6.2064439794705955,4.988255763006262,4.7540394985353815
14.301884,6.278172288092321,5.078988296233282,4.744411419379708
14.342555,6.346975050076054,5.170104285218694,4.734192972883139
14.381948,6.421339546764373,5.261510358077943,4.7226083674157175
14.46343,6.488039189019949,5.3531125507490405,4.710972195666353
14.501882,6.554163918942321,5.444798652787644,4.699794163738524
14.545607,6.622272242521059,5.536493039593674,4.68469690509032
14.5817585,6.691007261657019,5.628087278498027,4.670754259027823
14.622467,6.755718312111395,5.719493873707681,4.658485041687548
14.6629715,6.830406675682645,5.810615869237537,4.64626052466864
14.744172,6.905914543625817,5.901320776501889,4.635142311241548
14.781617,6.984212174653654,5.991515668252555,4.625249698978348
14.822143,7.063180451521845,6.081137199899753,4.617251226259714
14.862091,7.142114706736594,6.170127993866406,4.6111894674289795
14.902041,7.213022180923935,6.258409687721355,4.606532444837655
14.942129,7.286290146190773,6.345916377711191,4.604353500496821
15.023278,7.357643223346329,6.43256396892796,4.603791228175921
15.0619335,7.432466418594194,6.518295680069287,4.604737680339148
15.1058655,7.506123514562432,6.603084451286767,4.608688819189273
15.141344,7.571534513240039,6.68689893175892,4.6142301384405116
15.182475,7.635337244439376,6.769709178590573,4.6214680845902185
15.22246,7.708102796982651,6.851461257800068,4.630327139303777
15.301542,7.776855009065772,6.9321416624962255,4.641192775090797
15.342097,7.841822202936794,7.011711971024248,4.653907420629518
15.382892,7.904631438482687,7.0901206571283435,4.669066768825768
15.422484,7.961969166255714,7.167326850957904,4.685867752201764
15.461791,8.020318003165686,7.243299067466879,4.704376298313501
15.501745,8.079562894028308,7.318004624772036,4.7244764332679345
15.582574,8.138920335005578,7.391403335951053,4.7461388934308015
15.621773,8.191097609153532,7.4635006098585315,4.769702274910306
15.662152,8.245486055921457,7.534233597694924,4.79532454400778
15.702433,8.30059259944287,7.603586631940846,4.822807044201907
15.741573,8.352362429158406,7.671572525736894,4.851863362402526
15.7823105,8.412770361956529,7.738201305038518,4.882178038257136
15.862005,8.466041692195006,7.8034874048466785,4.913861662791882
15.902129,8.518217448801837,7.867427142511309,4.947625983852006
15.942288,8.572983217694091,7.930039188708414,4.982598515778575
15.981999,8.623760893712177,7.991316824529846,5.01939542119759
16.021864,8.670689704349495,8.051261014138147,5.0573984489750945
16.061628,8.71073836132117,8.109850757931227,5.09642687530611
16.142681,8.753229770744701,8.167072245837952,5.1363757819999885
16.182287,8.792192290348748,8.222893555643406,5.177298420090323
16.222378,8.827396928567914,8.277303409674554,5.219593297813242
16.262344,8.863319363613899,8.330315914024348,5.263044168101751
16.302816,8.898033886354092,8.381931898694715,5.30667837674112
16.347992,8.935534795475332,8.432160657604165,5.350567334553523
16.437464,8.971858699639212,8.481012698020226,5.39456541131482
16.479502,9.002644440069071,8.528495129901138,5.44278455420384
16.51367,9.035339642364159,8.574611013530655,5.490932433596789
16.55444,9.06642116922753,8.619353776023729,5.538256255794654
16.593834,9.098584680990799,8.662717315087027,5.584978056225809
16.634117,9.128940084781103,8.704759828935682,5.630203292657551
16.714672,9.160343925007416,8.745499120822757,5.674245466832156
16.754078,9.190064242110756,8.784948771394035,5.7208683201986945
16.794672,9.214089327631289,8.823149625387657,5.765430812677096
16.833223,9.240956386665182,8.860119590282622,5.807708132165591
16.87455,9.26520534850899,8.895852436199066,5.848203427124124
16.914223,9.289005414602826,8.930373889778904,5.886090881276671
16.993177,9.316170130386885,8.963711614812908,5.92137884103909
17.03412,9.339800584723282,8.995867136055155,5.954438718898924
17.074945,9.35341838285354,9.026867524119064,5.984376891782136
17.114283,9.36378254978117,9.05673674619551,6.012157831635047
17.15412,9.379039067937324,9.085454956067652,6.042669833103066
17.194036,9.392936469400409,9.113044207384707,6.071437678897572
17.273571,9.399704077830119,9.139494262300854,6.097752488231277
17.313955,9.399672182990079,9.164791848632674,6.121325968742475
17.355005,9.40583921329928,9.188945866821058,6.142426741380432
17.394001,9.411765308143382,9.211935880809992,6.161803206731758
17.433477,9.418618698813322,9.233714636151689,6.184373291482297
17.473879,9.41347074814153,9.25428930831682,6.205677628274681
17.595018,9.412254625644486,9.273673704194323,6.225757664498725
17.633745,9.409634931953523,9.291846506874162,6.243729488185264
17.674206,9.405953155886946,9.30871203791699,6.259706402394824
17.714659,9.399369717902434,9.324240962719141,6.274303046554545
17.754126,9.39096886321725,9.338390306778667,6.291204877246017
17.833736,9.381979582168922,9.351166026773535,6.307184944736399
17.876928,9.377910025138398,9.362551154499105,6.321729293814429
17.914484,9.37174376425039,9.372522469927093,6.330948294358839
17.953793,9.359371081771428,9.381061153742353,6.339379769879942
17.994333,9.344445136693858,9.388152474647862,6.347511906511224
18.034138,9.328625692971189,9.39375775223678,6.3596747507906075
18.114113,9.299916388687423,9.397867725121266,6.371684503439765
18.153975,9.28126322879994,9.400466126903844,6.384361292365772
18.194574,9.248773368143011,9.401536687338478,6.40362694399858
18.234203,9.21606932881827,9.401063094768887,6.42410140973616
18.274044,9.189989675569057,9.399031309938865,6.444785049017418
18.31395,9.156665473725756,9.395428865947395,6.469584294470483
18.393503,9.124649140693439,9.390251506081299,6.495551858253463
18.43431,9.097619668542169,9.383511923301112,6.523003356259791
18.474365,9.060348688273676,9.375167372659574,6.552328095636214
18.514162,9.019874069222897,9.365193741508257,6.583447338711598
18.553764,8.985277554225801,9.353584525037633,6.616273309026034
18.593876,8.946908534128129,9.34031182489764,6.649391395726043
18.674282,8.917300458252466,9.325386197726472,6.683399713813475
18.714437,8.891911454191897,9.30886550348194,6.719146578906011
18.754633,8.862152629116206,9.290714833159349,6.755056357880975
18.793863,8.82492820299423,9.270917369246828,6.791662071035026
18.834257,8.789179263385398,9.249483727512255,6.829724787308926
18.875689,8.75430766556341,9.22639752362817,6.867663378096552
18.953514,8.719263664664513,9.201650721747775,6.905900725917198
18.994337,8.677159671830864,9.175269392153593,6.944563012269871
19.03394,8.636005284779689,9.147230320251015,6.983504721663179
19.07387,8.590898277080479,9.117550495447398,7.022752041552203
19.117582,8.539613963525257,9.086281250283239,7.062852983785529
19.153746,8.490763333701047,9.053417987193844,7.103813489095126
19.235134,8.44532752994895,9.018961995155935,7.144851646264702
19.275023,8.397479528013022,8.982920115852872,7.186583616045757
19.3134,8.358010766187347,8.945285072093846,7.2282193518388596
19.354237,8.315953942554081,8.906069582298322,7.269677774697193
19.39427,8.274812855096414,8.865295440636281,7.311575166383116
19.434093,8.237477040369695,8.822938800564037,7.353822305756158
19.514292,8.189710988815145,8.779019612730325,7.396149615127269
19.55377,8.13950295616722,8.73353879536302,7.437909611739772
19.59407,8.08330747783878,8.686490905972054,7.478978143248033
19.634691,8.03041129558084,8.637889273334196,7.519951998461598
19.675127,7.9805100660664445,8.587766428968223,7.560874775466262
19.716908,7.935791645292564,8.536082032977676,7.601517927210035
19.79376,7.888971814860537,8.482816041259598,7.6409710951183225
19.833881,7.838692797101665,8.427968955889442,7.684301659827361
19.87387,7.795195946447448,8.371529722988686,7.726071278674007
19.918818,7.74467383209593,8.313487791274673,7.765575085143993
19.954248,7.68417701071522,8.253858475836337,7.803822528756375
19.993849,7.62574378619833,8.192610432516208,7.839951940415867
20.073248,7.574595417822461,8.129723038373793,7.873309751083309
20.113855,7.520382026336976,8.065224357510898,7.898534969651539
20.153954,7.464519477402627,7.999108316459106,7.921312660753027
20.193644,7.404074118491033,7.931386557739028,7.9415397917094275
20.234152,7.341273325573486,7.862077080531332,7.953539644056426
20.274307,7.283105499421876,7.791174801490367,7.961477074270136
20.354559,7.224464567659043,7.7187100115286995,7.9659960492911726
20.39466,7.162760561759994,7.644714279107285,7.961767118634772
20.434868,7.0993861541194665,7.569198959201697,7.953472763501898
20.473347,7.03411927694261,7.492181841496087,7.9409974994431805
20.514225,6.969045081475683,7.413697047976417,7.923247640848445
20.554628,6.905493593676278,7.333742137126536,7.901621283766718
20.634163,6.841223127161157,7.252363230704316,7.875978966599239
20.678265,6.777156789803417,7.169606233820361,7.84200476696492
20.714207,6.706544683416917,7.085501736053291,7.8037310766282335
20.754204,6.634705144899075,7.000077712035536,7.761325155011834
20.79375,6.563042154805089,6.913337808953844,7.714137372771706
20.834719,6.502923025014667,6.825358812497032,7.662707035045501
20.914219,6.442384704240303,6.736151242894081,7.607363613399373
20.954493,6.372093174742314,6.645754289413744,7.544398555743853
20.993826,6.303302492194122,6.554244798996388,7.477152121215739
21.034418,6.232136498471257,6.461673208644391,7.406148903010133
21.074806,6.163685039277582,6.368048846720642,7.331653860011612
21.114141,6.090467239182344,6.27344301590238,7.253783314967322
21.19375,6.014529341613321,6.177913898449524,7.172733391793161
21.234884,5.938709292538302,6.0815193056829955,7.0844731800611385
21.273754,5.863858401122614,5.984297584486452,6.993046549406614
21.314547,5.789745317929657,5.886298206330928,6.898664647285636
21.353783,5.716494429046705,5.7876016787961415,6.8009137703654625
21.393862,5.642984363664775,5.68825966574667,6.7007102977220105
21.473707,5.573029534738022,5.588330278191921,6.598053561048282
21.513895,5.502949253517899,5.487900370427835,6.49529008423187
21.554226,5.435205792662004,5.387051065665432,6.391046300667119
21.59424,5.368566390370256,5.285876367058867,6.285608804141188
21.634531,5.307293948618802,5.1844453757646525,6.1848304135205705
21.674812,5.245843360232972,5.082876677641629,6.083785242354577
21.793745,5.1834063108742585,4.981271102853044,5.9823342189756925
21.834732,5.12265808266024,4.879741619865775,5.882899654141143
21.87516,5.061908434090087,4.778456584904937,5.7838859217730585
21.914454,4.994781991126903,4.677534754938217,5.6854538976602536
21.954626,4.924414716190905,4.577066555591306,5.587836298712462
22.03599,4.857352421208384,4.477133398092286,5.491205210135145
22.075275,4.788284362809161,4.377876143068911,5.396131224778593
22.11433,4.724273804655599,4.279371867953793,5.302395780015471
22.154497,4.659690818302857,4.1817242150834515,5.210311094042635
22.19439,4.595758291813465,4.085048635094567,5.119960609569168
22.234123,4.535329226627064,3.9894205737100012,5.030555681166742
22.314203,4.470783306598965,3.894912748770844,4.942793314457964
22.354553,4.406511015051055,3.801610372551222,4.857081131287222
22.39426,4.340699625637419,3.7096553982646316,4.773294542157155
22.437126,4.277055443459382,3.619115823367092,4.69159380933137
22.474266,4.205524114508888,3.530043016235435,4.612108882661658
22.515331,4.134653744286561,3.442576518956109,4.534495482376052
22.594427,4.064817947332043,3.356810113762212,4.4596284829058215
22.634932,4.008295243390458,3.2728257890056573,4.387253720039849
22.675219,3.9432355574751203,3.190710714192364,4.317812199025716
22.715374,3.888408330193172,3.110595913061765,4.25104900274478
22.754168,3.8385859285758808,3.032491557679922,4.1871581071424515
22.794153,3.7860764399317546,2.9565746589641164,4.126198606561599
22.87437,3.729872947344102,2.8829351788620614,4.068550647611108
22.914,3.684739839740628,2.811604583221784,4.014167795728215
22.95426,3.632461801961652,2.742637588920369,3.9628572509306808
22.994411,3.5820508282614365,2.6760591253133406,3.914617771658596
23.034214,3.5329054097578325,2.6119060867879424,3.8695470689150957
23.075008,3.485316251420776,2.5502373214455987,3.8275616455817367
23.15707,3.44291560582651,2.491095197602687,3.788430310555174
23.195105,3.401650766574225,2.4345182259799922,3.7571825319706673
23.234821,3.3616055847774273,2.380568403987868,3.728782852994252
23.273542,3.325360064047792,2.329283511564393,3.7027522269237623
23.313614,3.2926069041114956,2.280703823600504,3.6838150559336844
23.354242,3.266142505309324,2.2348961211081444,3.6663386446257795
23.434414,3.236618453808462,2.1918742536390154,3.6508575653839483
23.478167,3.208175007941444,2.1516645887901666,3.642521882772886
23.514692,3.1779642319415777,2.1143013118093403,3.63599252831442
23.554585,3.15282459245623,2.0797943558839913,3.6309753930138973
23.594175,3.125205863420357,2.048189114503745,3.622532609509762
23.633797,3.102355994674116,2.019531296671657,3.6148367806882535
23.713928,3.08359573959011,1.9938648989964574,3.6084753425106806
23.75461,3.068815199473514,1.9712071767976762,3.6066986642979795
23.794329,3.0489788596934218,1.9515276266192823,3.6064720368271956
23.83576,3.031953784871394,1.9348158169003529,3.6071965260078316
23.874935,3.016269656503562,1.9210987915568591,3.603403749773993
23.914055,3.008576646305315,1.910313893038981,3.600333131421324
23.994698,2.9947800159596087,1.902462451130195,3.5981064812143555
24.034573,2.9888272235549445,1.897558788771117,3.6010146484813434
24.07445,2.9836731157593364,1.895612522550113,3.604327355944512
24.11444,2.9777303693737083,1.8966081860041228,3.6083328816229825
24.154514,2.9825471334511136,1.9005796395568026,3.612940984682186
24.194952,2.9870254295301346,1.9074808036978352,3.6192307558542827
24.27456,2.9938779377566846,1.9172915355096574,3.62627750978558
24.314264,3.003470387851157,1.9300069968116156,3.6331535743760415
24.354738,2.999173592771305,1.945610273135842,3.641615816731534
24.394678,3.0095665372765774,1.964097410251491,3.6516451625559503
24.43428,3.0267875300751554,1.985472361443366,3.659749954299458
24.474548,3.033355626376413,2.009711869708942,3.6703380033346042
24.556616,3.0507958518483553,2.036798186134945,3.6831574681794055
24.595078,3.069110935253669,2.066719089126104,3.697535302315014
24.635233,3.0920437454028504,2.0994378452988274,3.7146902899161396
24.676954,3.125447025555273,2.1348705777654433,3.734194434012827
24.717909,3.15965132354443,2.172978510987205,3.75273076083156
24.758232,3.1892452396547024,2.21376232796587,3.775149486214458
24.834719,3.2249291717476782,2.2571850959533766,3.8012102123828364
24.874214,3.26591806912098,2.3032203899017945,3.830863384428618
24.914291,3.313502493605909,2.351829567278992,3.8639102539480246
24.954355,3.358421216387049,2.4029644367573244,3.9010785890988284
24.99411,3.4008796634718452,2.4565903205031763,3.9473803032532064
25.034756,3.4418737328782187,2.512661383234984,3.997953853232725
25.115034,3.4881832132922033,2.57112336632885,4.053100508987402
25.154184,3.5324266124933605,2.6319386937541003,4.112539868816851
25.194427,3.5856761650041844,2.6950611319123263,4.1762748855299785
25.234821,3.637400002850358,2.7604387990122774,4.243879575146232
25.275145,3.700477851523298,2.8280311978160393,4.315407322035931
25.31469,3.7664947696977076,2.8977912052309516,4.39063795989278
25.394344,3.818632504542775,2.969663096679942,4.470681270891997
25.434204,3.8866316089471074,3.0435895841981053,4.555761574766493
25.474234,3.9539176602174173,3.1194844633849748,4.644786287278386
25.514324,4.024507857014631,3.1972213325891623,4.738138781845643
25.55493,4.097681528614546,3.2767558908463497,4.834275812913135
25.593866,4.16753885524542,3.3580204946647325,4.933663248398692
25.673346,4.234845969533126,3.4409495858663868,5.036194778136184
25.714144,4.307615259850303,3.5254854269821116,5.141754920357326
25.75419,4.381172188969713,3.6115313850711015,5.2505930044953555
25.794605,4.448334769361069,3.698933937995881,5.362143975113984
25.834124,4.522500281659422,3.7877064342691016,5.476618153007745
25.873835,4.596638298387375,3.8777860600405982,5.593995726381742
25.994219,4.674981243181788,3.969082267555799,5.713874942618387
26.034254,4.7496535450109425,4.061548919879836,5.836196381685393
26.074533,4.823590961306109,4.155105147777388,5.961103191981744
26.114529,4.904070508063469,4.249611973178937,6.088627188300007
26.154427,4.98267356056593,4.345065357965107,6.218350475575909
26.234182,5.067488056698597,4.4413892869741085,6.3501289647701515
26.274422,5.158589576377957,4.538434577106506,6.4833553680032745
26.315577,5.249660289896927,4.636141677155194,6.617741545060662
26.356884,5.337029950005079,4.7344356123425575,6.753621975648242
26.39435,5.420020016319119,4.833215322027056,6.895108307386927
26.434021,5.497761499338801,4.932428483571033,7.037030171518842
26.51443,5.576509467467626,5.03197748421087,7.179228416450486
26.55562,5.653392872545816,5.131712904875086,7.3210803967480045
26.595007,5.73178772180405,5.231569211667268,7.462457499918421
26.6345,5.824334685493404,5.331438654581579,7.603221878129679
26.676634,5.916630636693087,5.431210008872941,7.747666422773937
26.717829,6.00544003894041,5.530782594934913,7.89073237210559
26.797739,6.0934840052122174,5.630041003088894,8.031869958751336
26.834152,6.180075055932376,5.728935277696782,8.170240618408062
26.876717,6.263135442163318,5.827388079856298,8.306049687627638
26.917927,6.343325477508738,5.9253351497486815,8.439599432852098
26.955004,6.425023056399386,6.022721706083317,8.563848076380875
26.993801,6.511139502545201,6.119461451593741,8.684638025507747
27.075102,6.592918989966998,6.215490182500927,8.802216318251286
27.115118,6.676171321275707,6.310759596664215,8.914730302266532
27.154352,6.7554888101908155,6.405213608989791,9.022775427940163
27.198282,6.829822649304436,6.498822443032048,9.126952772914441
27.234549,6.899743124880437,6.591555589050652,9.225341051725993
27.277493,6.968359237360753,6.683322688319976,9.318566415877807
27.355377,7.0413702106615625,6.774054463521045,9.406451191087546
27.395193,7.11801576072591,6.863714155423685,9.484264890628232
27.437225,7.191137819521281,6.95225106910424,9.557489781812787
27.474285,7.262151512171154,7.039588892266883,9.62565927201294
27.514324,7.332457950771748,7.125686746641156,9.688447390577352
27.554386,7.402671690354016,7.210521040463621,9.746084734661379
27.633389,7.47307165565417,7.294055714973379,9.798487064465174
27.674137,7.549480012955706,7.37625685657552,9.84268878804773
27.713848,7.62179137187323,7.4571056093487735,9.882056887539207
27.754185,7.688177346177598,7.536558465865006,9.916638622514709
27.793688,7.758956863483058,7.614584283915614,9.941526618722255
27.833473,7.8337487090526405,7.691166510159465,9.962423913947845
27.913946,7.903508448214854,7.766303194425714,9.979301095985258
27.953804,7.977702885964459,7.839998706825716,9.989118858401428
27.993355,8.046558306937388,7.912253143717419,9.996219662408542
28.037748,8.109606649249356,7.983087243533352,10.0
28.074297,8.176224796500055,8.052502529347185,9.996131048195625
28.114748,8.244478110220935,8.12048842517731,9.990196303235384
28.196093,8.310838884967248,8.187017340152869,9.981521802755731
28.235252,8.371127998553545,8.252096177306681,9.96638730069298
28.273903,8.428431045174031,8.315733358309561,9.94915257999816
28.314741,8.486110135478388,8.377952635373427,9.929955588487575
28.353956,8.53773379242034,8.438745800012832,9.906379325100923
28.394081,8.591324254008882,8.498133173670432,9.881292371529883
28.474026,8.64867368606613,8.5561379586201,9.854871176809315
28.513947,8.701418997739792,8.61274822869087,9.82560177866694
28.55408,8.754689497350958,8.667996761212429,9.795666332850574
28.593912,8.80793592967252,8.721903352711182,9.765547339490078
28.633192,8.851375628810494,8.77446255066016,9.735801093535951
28.67434,8.901729548160239,8.825686081701155,9.705547008124778
28.754065,8.943974720523846,8.875582809181923,9.674691891896309
28.794025,8.981906730381285,8.924162382526449,9.644176572424158
28.834242,9.02543177829842,8.971416842211244,9.61326026211275
28.87437,9.060471082130762,9.017394075293083,9.582772196549033
28.91387,9.09531885117679,9.062059550710376,9.551211460836678
28.954062,9.130902152236548,9.10540402609997,9.519886690590814
29.034475,9.162522367340653,9.147458833048034,9.488920267277702
29.0743,9.191812765933541,9.18818865598595,9.457587897351118
29.114408,9.218754039445578,9.22759796086639,9.425602374053053
29.15426,9.241130806229172,9.265634551475982,9.392893431775875
29.194975,9.256308602840347,9.302334837495852,9.3596450295789
29.23521,9.278323618957614,9.337712214636452,9.325955742562458
29.313726,9.294670988814048,9.371779091297633,9.292270839976329
29.354225,9.29267753306325,9.404514175046593,9.258061682231482
29.393894,9.307034880740453,9.43592782838037,9.224115592912574
29.434496,9.315536659359458,9.466024946331222,9.189977259899255
29.473377,9.316815895661506,9.494760475794413,9.156064732719232
29.5141,9.314721710736617,9.522137479475727,9.12237087659222
29.593784,9.324883697180372,9.54818537039999,9.088533337788611
29.634344,9.3301148136588,9.572846343473676,9.05488727530824
29.67506,9.340951354958962,9.596106808026825,9.020711897040185
29.715416,9.329609310542356,9.617966183199968,8.98675511537125
29.758442,9.329063509129499,9.638409402783132,8.952184241663112
29.793219,9.31478957015574,9.657397144503845,8.917670063249375
29.874083,9.295768458866872,9.674967870771715,8.883248041189933
29.91473,9.279155155569496,9.69106279365929,8.848073662088119
29.954205,9.259138890066895,9.705660644619881,8.811929932185496
29.993444,9.229212722344572,9.718773137924341,8.779865165711529
30.033985,9.202714349926541,9.730385798128658,8.746947570948402
30.074215,9.17426472461447,9.740517459493821,8.713153305810012
30.193233,9.14104206842572,9.749178899555442,8.682074314303414
30.234587,9.104814991138069,9.756338756463888,8.649425907504593
30.273901,9.071476278383148,9.762002347910634,8.615025214034462
30.313475,9.03652249009119,9.76614950719853,8.573042745426317
30.353804,9.0036844005232,9.768787919672803,8.528188308428936
30.433304,8.961346425358371,9.76992346807497,8.481285920068176
30.474112,8.91983534573914,9.769539795385787,8.426473038246998
30.514277,8.874957536704445,9.767638230437186,8.369127246937396
30.55393,8.825365271233053,9.764223452723941,8.308613148758273
30.5951,8.77953308513831,9.75930086658709,8.239370362877166
30.634262,8.741512228431459,9.752877617896372,8.166465188492056
30.713873,8.705045256590239,9.744979987556595,8.090688765165872
30.753859,8.670137715392556,9.735588599197731,8.011674855436008
30.794136,8.630616764080166,9.724721179343277,7.93014008870874
30.833876,8.58971694266544,9.712373847791289,7.845621247134289
30.873402,8.548424570619323,9.698571959585665,7.754632610617615
30.913391,8.50528174586963,9.68334152062086,7.66077047239182
30.993626,8.462398904914581,9.666701353269065,7.564521232868499
31.033354,8.422235152156102,9.648652923655735,7.467080083546368
31.073853,8.379451324286219,9.629242253473446,7.367740777783672
31.113663,8.339592922098332,9.608498047581406,7.266788070117997
31.154087,8.292896012907388,9.586432626504845,7.159075794846325
31.193495,8.24449864077195,9.56305914189404,7.04964782414198
31.274103,8.190139781098601,9.53837134437067,6.938463897710886
31.313484,8.128579629044602,9.512331612824372,6.826565602135505
31.353643,8.07437287695143,9.484968800408081,6.713322766247599
31.394245,8.023587688895034,9.456289218588092,6.599221252074559
31.43379,7.965484166537957,9.42629015821737,6.4861691028255315
31.473104,7.923681504331216,9.394970003469306,6.372200344207816
31.554071,7.878747897310654,9.362311268080381,6.258223076342235
31.593973,7.832634943281125,9.328283245462845,6.148642052542449
31.633713,7.786903199855685,9.29286562608084,6.040144581989231
31.673214,7.738946672601819,9.256039106884206,5.933001213059638
31.713919,7.691201136667226,9.217779699040753,5.828136969666842
31.753698,7.646500645892893,9.178076723844638,5.724278341176176
31.834208,7.593287979364838,9.136942521782608,5.622280484130372
31.87371,7.539821602881607,9.09437884126634,5.5269651238829995
31.914034,7.487863751496547,9.050374558342618,5.4336865625998545
31.953789,7.431179976630897,9.004921670293742,5.342494872611288
31.994005,7.373590834597527,8.957995871410505,5.25422760562234
32.03371,7.315949331323712,8.90959119830457,5.169106131118041
32.114548,7.257180559168527,8.85970965008655,5.086373422412768
32.153877,7.201454290441897,8.808339142576878,5.006421214270493
32.1938,7.151282932081173,8.755471815847569,4.930134347961016
32.233807,7.094363605368362,8.70110730903809,4.857267322393825
32.274635,7.036570418420188,8.645244364759964,4.7870647744077885
32.314346,6.979208915363205,8.587894148176991,4.720305684830267
32.3947,6.923913960529306,8.529065835167668,4.657059368258886
32.433006,6.868783388243894,8.468751840851581,4.596544264273808
32.473274,6.801428514007023,8.406952457014288,4.539544947328875
32.513546,6.743589028703414,8.343664419427634,4.485631154722335
32.5534,6.680319067075302,8.278895516042343,4.434491781401461
32.59398,6.618371290556033,8.212665192698989,4.38679981462143
32.67359,6.553395400640788,8.145025208396053,4.34234300768716
32.71461,6.495439211309837,8.075980164512199,4.30115730120402
32.753456,6.4349875795594205,8.005552908612925,4.263315425651658
32.79328,6.381150180467736,7.933746374035143,4.228880578136349
32.83448,6.327778229213158,7.860604921378147,4.197731750557075
32.873775,6.275660107492794,7.786188548326198,4.170159817585285
32.95381,6.21539643649126,7.7105697891509966,4.145899022224046
32.993553,6.154197148576992,7.633727832917301,4.1250280055138955
33.03397,6.090881447555599,7.555690338424663,4.107442979869642
33.074722,6.023759806538852,7.4764851931391565,4.093020840778825
33.115833,5.960743861555656,7.3961413951622195,4.081396769444701
33.153248,5.903326711483334,7.314719665563497,4.072406886582115
33.23477,5.842928609097177,7.23230194607923,4.065597696027783
33.273445,5.786120570431377,7.148881138077949,4.061536327737861
33.313522,5.726887371653126,7.064486272367704,4.059823331642631
33.354084,5.661809475292497,6.97917178234151,4.060997413206045
33.394955,5.598705925616772,6.892983166592767,4.064526533435314
33.435055,5.533273582637289,6.8059583495284794,4.069823507615256
33.51391,5.472126573757631,6.718175303761442,4.06675125203189
33.554234,5.411524048267773,6.62967046391225,4.065160546113953
33.59398,5.351869904502018,6.5405011446828265,4.06491909373417
33.633766,5.2895176859221165,6.450764258475099,4.070895816495633
33.673847,5.226470407158773,6.36052222446866,4.077600003983504
33.71385,5.1652754433103745,6.2698463769402935,4.084854321003596
33.794674,5.104696579681338,6.178836561102509,4.087604604662221
33.83377,5.039118060201146,6.087607342190632,4.089932612800411
33.87447,4.9765669944607005,5.996272658993862,4.091692761534472
33.91396,4.913085829197165,5.904915073944453,4.097120711695811
33.95492,4.847768144232539,5.813627365916286,4.100931865565707
33.994297,4.787154122332266,5.72250343182598,4.10294194452789
34.074013,4.730456636545541,5.631612505905967,4.1050193248804625
34.11397,4.6670641652251525,5.5410381457879,4.105532165502098
34.154858,4.6039420609712405,5.450868928435046,4.103955952681796
34.195568,4.540957802590314,5.361161741562499,4.104658046797008
34.23533,4.491197935401491,5.272028836811234,4.103511651268772
34.277405,4.439906434448739,5.18354693012672,4.100159741205029
34.3939,4.393567653699941,5.095791128583926,4.095678365824431
34.43475,4.346219406662425,5.008882205802121,4.0893587084595895
34.47404,4.298393588971948,4.922923498861212,4.080851582058786
34.514233,4.24818032174087,4.838013250482709,4.079451654811085
34.553974,4.198657143206268,4.754259498724285,4.076065101547527
34.634,4.149172051830245,4.671801328320112,4.070740052416417
34.674694,4.107526395788218,4.590744652119363,4.06443111979693
34.719368,4.068308549782029,4.511181416767274,4.056364731472185
34.758434,4.028671502741161,4.433212522037347,4.0467094272156405
34.79468,3.984194201640893,4.356951700035558,4.038558305648771
34.834866,3.943811418763081,4.282476270803661,4.029756141946464
34.914616,3.904388737478978,4.209898493518065,4.020388681224719
34.95408,3.858592874823605,4.139326388558458,4.016747758593856
34.994286,3.8202246594925113,4.0708412075347225,4.013607625121177
35.034542,3.780057567893713,4.0045153737944,4.010727578443129
35.073845,3.7412512116433074,3.9404090875447735,4.0116239136849545
35.11431,3.7039534566619423,3.8785709592006876,4.0130471869244655
35.194595,3.670513967736193,3.819028716208113,4.015449719436609
35.23724,3.637229108737675,3.761838673833791,4.023635045233813
35.277607,3.6059279520651697,3.707048335472028,4.033009327933844
35.313663,3.5767460232390302,3.6547274583196376,4.043929786438555
35.3542,3.548235201464266,3.6049350262694517,4.061060408953828
35.395,3.52077833047762,3.5577108890224673,4.080303041530378
35.47416,3.4990394034954693,3.5130757800831,4.101508693754152
35.514256,3.479878487479398,3.471086446481897,4.128568136374259
35.553936,3.46238482036603,3.4317705440876387,4.158363059803266
35.594906,3.435525486539855,3.3951486662397174,4.190742175013683
35.636047,3.410143880403198,3.3612647288821016,4.228623356366052
35.673977,3.391893963660236,3.330125563418835,4.269819743491571
35.754513,3.370997536151552,3.3017383572402332,4.3146331076926305
35.79372,3.3552692704308087,3.276136411607234,4.361440836697377
35.83827,3.3310635983351347,3.253331424316019,4.4109358302686
35.87448,3.3172832631612303,3.2333478919389362,4.463616255147462
35.91363,3.3012687190411003,3.216213093733693,4.517706709067649
35.954075,3.2787521012857,3.201947395122827,4.5744028465626405
36.03407,3.263684999724255,3.1904644352161187,4.633245645808037
36.074116,3.2538288888615265,3.181840931254916,4.694226348738478
36.114334,3.2320178737206877,3.1760529317927495,4.7570132428752965
36.154324,3.2160042547393592,3.1730189581945023,4.8212547566503146
36.194313,3.207070733690098,3.1728034236389497,4.887023341598484
36.234554,3.1924901892052775,3.1754039447768814,4.954757043423712
36.31471,3.1866921733666067,3.180806457674395,5.0243961933827475
36.354088,3.183392680613456,3.1890127013496365,5.095782123556972
36.394695,3.1710702019424146,3.1999901323481956,5.168831867747734
36.437683,3.1705486372266507,3.213669594338522,5.243175488779124
36.47347,3.17997772781654,3.2300852900035633,5.3189623287297785
36.51782,3.1804684257560103,3.2492141777262677,5.395715335897977
36.594097,3.1809112068787244,3.2710263352651885,5.473371854333627
36.63413,3.184825966661134,3.295517671310021,5.5517706529490916
36.67415,3.197806948045077,3.3226645758887856,5.630650406420942
36.71471,3.2043642042418212,3.3524433154873994,5.709858793988189
36.75376,3.217977598456322,3.3848633880882186,5.789236500050722
36.793976,3.236261636828318,3.419915428346293,5.868967604592396
36.873447,3.253832422727836,3.4575734947755126,5.948505960696287
36.916862,3.2732968625817436,3.4978323874140553,6.028002301007652
36.953568,3.305397429126323,3.540676949122808,6.106923611506154
36.994465,3.343620087088948,3.586076742917299,6.18454286663652
37.034424,3.3887520301048903,3.633984365498422,6.261552240839445
37.073826,3.431609586207173,3.6843615100406732,6.337866693965707
37.15396,3.477223612801378,3.73717357185563,6.403201380042109
37.193893,3.5276807467150784,3.792396583073505,6.4669716736657605
37.235233,3.578472500311989,3.8499772046524177,6.528963612297687
37.27519,3.638141671788485,3.9098921807315374,6.579368355796127
37.314426,3.6977326671560435,3.97209921676686,6.627666707948411
37.353527,3.753249544977551,4.036545376955663,6.673745392134336
37.4345,3.8128062336494732,4.103238527396927,6.718218196159374
37.47378,3.883627814891885,4.172090009194067,6.7604384538642615
37.51476,3.958752069914579,4.2430472666921615,6.799938331210023
37.553635,4.03103793761637,4.316134931934861,6.832725526005052
37.594524,4.107552844041693,4.391245714853077,6.863242616010161
37.634327,4.1941611366110765,4.468336760872201,6.891582953015044
37.714294,4.278368888252051,4.547336564716065,6.9192557682444615
37.754326,4.360335824840558,4.628172682288128,6.944823404378466
37.793766,4.435330477209579,4.710753737679218,6.9679133172559204
37.834053,4.518001941063473,4.795034527121844,6.985469099958514
37.874237,4.595430856143829,4.880886143370716,7.0011135348297255
37.914265,4.678829142883737,4.968221298473933,7.015205560398895
37.994686,4.755957966384333,5.056911355544271,7.028114546232159
38.03477,4.839598411927566,5.14684690593631,7.03916087490256
38.0746,4.9265994349955164,5.237928216823574,7.04837547218932
38.114864,5.0088532209256895,5.330008899261749,7.052356167090463
38.15398,5.087833816918692,5.4229908194927,7.055078299705378
38.193714,5.163307644758666,5.516718385303859,7.056421716272773
38.2739,5.2425071124670275,5.611047149650751,7.057106115329544
38.316914,5.3271034144177305,5.70581927627463,7.056826204404782
38.354053,5.411931142065653,5.800943484900305,7.05577811079335
38.394287,5.497687370548234,5.896327047105199,7.050537966174989
38.435028,5.592429920628872,5.991855197748601,7.044965169791956
38.474148,5.6803157808138485,6.087418025032237,7.039360939902654
38.593998,5.764547224732649,6.182903331183708,7.033663831312809
38.633984,5.843467916654621,6.278204503597023,7.028518704083409
38.67785,5.92320913514406,6.373233046414578,7.023682855834252
38.714214,6.003867511003987,6.467916040936596,7.021453430534456
38.75442,6.084608441130546,6.562186219835045,7.019230230430971
38.83411,6.170810307323731,6.6559697192581675,7.017265938418566
38.873993,6.256252732606251,6.749182160046913,7.015206610975354
38.914997,6.340750823951409,6.84174438465617,7.014109925016274
38.95413,6.425826983074665,6.933570469434558,7.013587593723855
38.993645,6.509259745223153,7.024544022252102,7.014483628837079
39.033924,6.5988495194421946,7.114557175264468,7.01633531852164
39.1142,6.686999726848984,7.203544557820425,7.018859725337245
39.154293,6.767367807063367,7.291440157579963,7.021534267949976
39.19382,6.84530432253064,7.378170547455777,7.0246811635655
39.234497,6.925758699327436,7.4636662001518035,7.029199961084205
39.27409,7.005391517041009,7.547885875427511,7.034034681290273
39.317627,7.082338139108884,7.630791569940533,7.038979031284288
39.3948,7.161032546062766,7.712362866152181,7.04374146240299
39.434628,7.2415973063841905,7.792551859918883,7.049546436996016
39.474983,7.3127498545771905,7.871315251024717,7.0561187907097205
39.51442,7.381451869432666,7.94861405724309,7.06300272529067
39.554367,7.448140136121538,8.024431331398205,7.070284986691245
39.594433,7.514693511407927,8.098741843657805,7.0782794726476155
39.674576,7.5781947729338714,8.171549548868754,7.086920746555534
39.7211,7.642757170414646,8.24280379630541,7.0954844994411195
39.760567,7.697946974708123,8.312483414990492,7.104644714183288
39.79422,7.7534399620231085,8.380598677643906,7.113798161417946
39.83421,7.812327483781863,8.447107444448836,7.123390276006899
39.874485,7.86965731526386,8.5120276666156,7.133336417715678
39.953438,7.923116279823874,8.575427508740455,7.143371833784751
39.993538,7.971378302229439,8.637247834757444,7.15325012826597
40.03418,8.022464412491251,8.697473807943789,7.162216289406526
40.07312,8.073361472173055,8.756160284504654,7.1704687297515335
40.113544,8.12041600164323,8.813284622425241,7.1780866538862425
40.153255,8.161997733856534,8.868852563446342,7.184538521249169
40.233994,8.21020902138313,8.922917317316141,7.189990259701485
40.273846,8.25787939020892,8.975462077499209,7.195107337065809
40.314255,8.297465268521684,9.026498941754161,7.199768072715905
40.354187,8.33453327768972,9.07606867001984,7.2035304033316505
40.39417,8.367563622545518,9.124138185107471,7.205948731168695
40.4347,8.407153703881468,9.170728489591978,7.207087631884497
40.514256,8.437319190102267,9.215890028333083,7.20579133025796
40.553623,8.465165103597664,9.259647705620624,7.202805205057857
40.594677,8.502433041161215,9.302055893616629,7.198356237575699
40.63376,8.532562252509496,9.343150560437849,7.197907953474608
40.673965,8.554380200725896,9.38294102044266,7.196418608757449
40.71388,8.579391828042722,9.421447475295606,7.194134098136745
40.793736,8.612584340864263,9.458678744099643,7.180574814722613
40.833733,8.634665537397206,9.494648980327408,7.165254594294429
40.874004,8.654682087908244,9.529377414409694,7.147733938616643
40.913807,8.666325366308804,9.562890035943767,7.123106113554174
40.95478,8.676278106393234,9.595161118244366,7.096832203210877
40.994873,8.68266582179919,9.626186698108388,7.06922162505111
41.074116,8.693937388007202,9.655938773884278,7.036296626388198
41.11378,8.705964518643787,9.684444000451563,7.001992026712677
41.154324,8.717518839111692,9.711694911325555,6.966288449440109
41.194496,8.720141859927482,9.737678580138091,6.928761829341631
41.23406,8.714431404921577,9.762421937223259,6.889106224263449
41.27408,8.69914938627029,9.785932712097116,6.847978379862951
41.35359,8.694770277847944,9.80821175708172,6.8021419497225875
41.39369,8.6837009526179,9.829275679966717,6.75331138223275
41.433956,8.668283936127025,9.849131817106272,6.701769003643018
41.47343,8.650134277160001,9.867764143114359,6.6494825231977845
41.513687,8.63350333083291,9.885196622702471,6.594770304942452
41.554638,8.608679870842868,9.901439133813644,6.538148372644161
41.63327,8.582009715508308,9.916478741966541,6.475418139113031
41.673626,8.553389459283991,9.930324315729118,6.41096305377857
41.7149,8.523699461982917,9.94295298314817,6.344951347472487
41.753662,8.484673140109214,9.954338322206194,6.2771180616346225
41.793255,8.442782423987051,9.964490243094225,6.20785658074201
41.83335,8.400438632894723,9.973401498667998,6.1371606369990435
41.914116,8.356929740904073,9.98104459949945,6.071810543234467
41.953568,8.315077999666585,9.987427769458067,6.00526314008116
41.993523,8.270647801236068,9.992535080023016,5.9380977850932055
42.033623,8.225411343205657,9.996342020719876,5.875050479822806
42.07424,8.17212576346466,9.998832020282636,5.8100893164518554
42.114838,8.120238583360779,10.0,5.74396298119604
42.192913,8.067450180457918,9.999834611660116,5.677162377487947
42.233715,8.010808762553214,9.998344248562951,5.610233402724356
42.27432,7.948207657976282,9.995552430816453,5.543150923017585
42.313667,7.893759825208286,9.991468864182757,5.4752462890750495
42.357555,7.830276103827227,9.986108545145026,5.407761881784132
42.393585,7.763472070833032,9.979469778241373,5.340806488704729
42.474354,7.696523250274813,9.97154186123435,5.2735448204225115
42.514126,7.628895727166886,9.962332773551925,5.207058918581107
42.55509,7.559674803598875,9.95185018636615,5.14127634619987
42.59597,7.492897592203648,9.94010022301654,5.075110667042831
42.63551,7.419225935571767,9.927100910218876,5.009978609278157
42.67465,7.35255635420013,9.91286559148171,4.946015028440802
42.79616,7.2896194892485315,9.897383658788572,4.883183670358903
42.861603,7.216851772423037,9.880670722486952,4.820915412690456
42.902317,7.146980111538589,9.862753089613879,4.758950514823719
42.943024,7.074545274387255,9.843622873293969,4.697466900676789
42.981884,7.004751777599549,9.82326977223952,4.637278425700358
43.06271,6.935301280140376,9.80168577456322,4.577603398636287
43.102947,6.867288167058204,9.778851843778515,4.519231777831022
43.141815,6.798019008481493,9.754751266840252,4.461556678329746
43.18196,6.726956456478376,9.72943777134313,4.404410074022559
43.222805,6.654606661395543,9.702858313530385,4.348577535300205
43.261906,6.586894439064141,9.675014045228545,4.294043596591231
43.342396,6.518488747441898,9.645938004174084,4.241054386635072
43.382874,6.444041954579392,9.615583027598436,4.189323386411414
43.422882,6.374667164499248,9.583941883887114,4.138814000075019
43.461815,6.309255671669277,9.551044853982468,4.089810268130616
43.50258,6.244514421852223,9.51686326315704,4.04188920913584
43.542213,6.184853134800466,9.481411650479634,3.9949948100251356
43.62182,6.111026240266526,9.444732793614113,3.9491456241042036
43.662014,6.043190059585054,9.406802985071929,3.9045060175478326
43.701843,5.9765798475198935,9.367621472081835,3.8609542440542963
43.742355,5.915820863155279,9.327204669070905,3.8178724305684018
43.78263,5.860001295282647,9.285552397707137,3.775514875035683
43.821796,5.8000130726700325,9.242670274741053,3.733920807990299
43.902332,5.740899552422284,9.198552998043617,3.6934633739922984
43.94232,5.67742729043361,9.153207657470606,3.6534595204096485
43.98251,5.615893992220655,9.106625626692612,3.613758336655685
44.023712,5.558532796145325,9.058816805832977,3.5733620264706425
44.06171,5.497628923107298,9.00977139473414,3.532693461308615
44.10231,5.4313887292664464,8.95948420510026,3.4919589847161547
44.181686,5.362637582516939,8.907936214293436,3.451358597489228
44.221928,5.293309663006343,8.855159891000547,3.4103858161722638
44.262897,5.230570664079364,8.80117304682699,3.3688556073576565
44.30304,5.170188076971248,8.745991069725083,3.3314683869985187
44.342407,5.102799328762101,8.689606726000793,3.293821727917117
44.38235,5.0374422274536865,8.632045544999535,3.2557488806941732
44.462536,4.970691702694086,8.573287964773478,3.227353010475891
44.50131,4.906853935643732,8.513361681828487,3.1982534787367056
44.54209,4.840215967885355,8.452277145675053,3.1684098072593683
44.58222,4.776932241687042,8.390022778922608,3.1372481019677063
44.62217,4.705612353867245,8.32663559844597,3.105026298269176
44.662525,4.635515625532922,8.262128087977239,3.0716902157364436
44.743706,4.567411539559349,8.196454109860214,3.0463314559789074
44.78199,4.499636266239263,8.129651591213882,3.0198327206440747
44.82204,4.432601079134364,8.061714867910325,2.9919416670677053
44.862217,4.366803913170103,7.9926653920476625,2.961681355654422
44.901894,4.294604999867422,7.922514870428873,2.930267577667622
44.941658,4.224339122234436,7.851290552437809,2.897735986563969
45.022152,4.15132446244013,7.778989051701865,2.8719452242456387
45.0624,4.082646468689051,7.705660030659221,2.8451700788234646
45.101902,4.0142758408987325,7.6313200584225145,2.817145529548429
45.142384,3.9481793872632953,7.556008077250393,2.7879418827879823
45.181923,3.8822781467669247,7.479765735490225,2.757653355590896
45.22257,3.8152493678313775,7.402626394855575,2.7268378197848726
45.30203,3.74911866248544,7.324680885525508,2.7023787807335817
45.342308,3.6852197944574687,7.245959962081711,2.677267394284693
45.382412,3.6264598856866477,7.1665501642820955,2.652093815587955
45.42268,3.5678627070224245,7.086532440941079,2.626754784189022
45.46178,3.501392035403078,7.006009939679047,2.601602706516096
45.50216,3.447478703906341,6.925038950126247,2.576471563843626
45.58231,3.3948918408983366,6.8436846606987904,2.5546596206509693
45.622173,3.3331853113820804,6.762007119668593,2.5342768878168975
45.662006,3.2754627795587536,6.6800673036067355,2.515068172105506
45.702694,3.2241702827570924,6.597936906673,2.4973128488650485
45.742413,3.176800721088928,6.515681067930891,2.4814213127515448
45.78202,3.1252827577450493,6.433360440168814,2.467252485905597
45.862072,3.075318660561995,6.351034562344336,2.452351889160489
45.902313,3.028346986255421,6.268753839638046,2.4402797563879517
45.941986,2.9810229254636544,6.186579901118512,2.430494532875841
45.981876,2.934761132596849,6.104600606814376,2.4238684206650243
46.022686,2.8876664763819138,6.022899946960143,2.4195862687313148
46.06153,2.840536812064312,5.941580677591852,2.4174402195277747
46.14206,2.791901146233653,5.860784934178962,2.4158327087165588
46.182182,2.745310262241856,5.780674068646114,2.416717468362035
46.22207,2.6895415573089108,5.701347699400509,2.420460198577008
46.26306,2.6440630968551786,5.622940383146289,2.4271346778895877
46.30112,2.6001053650971246,5.545579034084613,2.437128320749276
46.341766,2.556756138464328,5.469376436840785,2.449193432159887
46.42185,2.5123552377127742,5.394437847278461,2.4636980101732426
46.46205,2.4607375042740984,5.320862565961567,2.4808502552232685
46.50206,2.4107126605681795,5.248728799761156,2.5008632589897255
46.542027,2.357831365433241,5.178143971342464,2.523312266799299
46.582176,2.3154657549955573,5.109185884198709,2.5480798105381735
46.622246,2.2791064788922633,5.041962116231464,2.575915542719456
46.701965,2.2337655424934235,4.976539189242734,2.6067647747164373
46.742035,2.191056460248164,4.913000623324929,2.639768484854563
46.782352,2.1580433628099014,4.851394133834969,2.674935565079986
46.822235,2.1184142368815095,4.791854068594906,2.7131669685107256
46.861897,2.0883576877279237,4.734490455357988,2.7533455721236124
46.901993,2.0656221036975233,4.6793384770506785,2.79549175409803
47.02176,2.036229232646545,4.626536969194749,2.8394437663978076
47.062702,2.0079547816627925,4.576108289855301,2.8850907764823623
47.10212,1.9769668728654952,4.528017403886666,2.93273522367992
47.142174,1.9508257771872575,4.482392582835933,2.982907180293235
47.18259,1.9219988874687812,4.439295337460876,3.035381469974482
47.262276,1.894184391304979,4.398679345966748,3.0895510927972953
47.302547,1.8722225196448896,4.360643862251,3.144978119892614
47.34226,1.8582654988465785,4.3252336960588105,3.202433738602404
47.382664,1.8327301646124132,4.292428465541773,3.261105181527803
47.421978,1.8130889498091374,4.262292788739444,3.3205013375141883
47.462616,1.7989163932425976,4.2348164107786355,3.380451401441354
47.544224,1.786637821909168,4.209968381151439,3.441407327865023
47.581924,1.7745355802683318,4.187838283536075,3.502960401647041
47.621902,1.7567604145572044,4.168441887722678,3.5653841137033964
47.66246,1.7533147099451425,4.151774836066636,3.6291202839287093
47.702065,1.7561750403484178,4.137807602191597,3.6929576711453707
47.74251,1.746703267378969,4.126480641609925,3.7570580062546366
47.821926,1.7364221277551573,4.117748635598571,3.8201732083509925
47.86179,1.7323856525920744,4.11159191136537,3.883479603953022
47.902836,1.7310414964953602,4.10799983813253,3.9456693309311133
47.942513,1.7197735583091345,4.106962837411308,4.0120941984967065
47.98212,1.7145185977387603,4.108467017806555,4.077972826578076
48.02194,1.7078272227233777,4.112495920368812,4.143833846670813
48.103714,1.7139652665660274,4.119017205851776,4.214915636150064
48.14271,1.7279976108579365,4.128016706789406,4.286300898730058
48.182266,1.737505642272526,4.139479815661741,4.357132584409253
48.22224,1.7376568513524577,4.153430887484806,4.422096884499194
48.262085,1.746931253937956,4.169812329636501,4.4863974680108845
48.30186,1.748454415808065,4.188611900475262,4.549872776710088
48.381985,1.7536900319855875,4.209858068582282,4.60733066098524
48.422436,1.7666136160617292,4.233502746977552,4.664493378675971
48.46197,1.7951701844290282,4.259526790620296,4.721088556753432
48.50187,1.8200595895318363,4.287951981534033,4.776404006941153
48.54269,1.8408823208353386,4.318718093831773,4.832216738745149
48.581413,1.8612201932418948,4.3517957939343,4.887538170361274
48.662506,1.884790571987701,4.3872090378492965,4.936548813712508
48.702084,1.906976000866545,4.4248801237930415,4.985451183339416
48.74249,1.9427314007735492,4.464772966837582,5.03460252991954
48.782085,1.9756123461026163,4.5068607191961485,5.084572497237005
48.822887,2.010068694008011,4.551112378915134,5.134034292706775
48.862167,2.0471238657974595,4.597499811954773,5.18303010910399
48.942158,2.087894657996228,4.646023444941438,5.228194471288767
48.982113,2.1297035653800767,4.696617079182789,5.274149546101628
49.022717,2.174972440667668,4.7492407396897764,5.321143065318369
49.061935,2.223607617851686,4.803841306692367,5.36433280718297
49.102283,2.2653666936440398,4.8603772163071195,5.4079089056733
49.142574,2.3075182304316644,4.918795103008818,5.451258320157366
49.222366,2.349243188270821,4.979045171811936,5.485340260563234
49.262783,2.3978822000240227,5.041091221822072,5.5200691196948615
49.30283,2.456324637053925,5.104866230907864,5.555294675534265
49.34159,2.5099075095046834,5.170315400913153,5.596848972250654
49.382652,2.5648504791268625,5.237380472170276,5.637766475768309
49.42245,2.6262273603281474,5.30596536471915,5.678309820419396
49.502384,2.6796971249915784,5.375983952721864,5.721385921684851
49.54192,2.7390937192340123,5.447339414998883,5.764011235918324
49.58226,2.8025095702374316,5.519961704766292,5.8063131232598435
49.622356,2.868254736942482,5.593782238795849,5.853082317710765
49.662254,2.9350804688087915,5.668721264415356,5.899039174018458
49.703632,2.994001368979343,5.7447053155450165,5.944755224098387
49.78184,3.0584636291943466,5.821634623588962,5.991600958778276
49.822353,3.120893070688117,5.899390942986012,6.037784109322727
49.86241,3.1834297576095563,5.977865741555048,6.083329045112827
49.902092,3.2431227620799388,6.056956614189358,6.127035894301022
49.94306,3.298850016997573,6.136549985065171,6.170697950610115
49.982307,3.3556464665888837,6.216510229701222,6.214186198386132
50.06343,3.414002115504546,6.296744946909887,6.257894214750968
50.101456,3.474959324728397,6.377182353601546,6.301311912571108
50.141956,3.5370475527592733,6.457728630746361,6.34480156132086
50.18194,3.6016174375578784,6.538303418153333,6.387282936191853
50.221973,3.670011406723631,6.618832543354031,6.429948321766995
50.26232,3.733900370465424,6.699220001073293,6.472828755756938
50.342354,3.7959347047468137,6.779377312888073,6.515578701386587
50.382027,3.863629050105569,6.859203458577554,6.558164192940278
50.42206,3.9351904854484334,6.93861954442084,6.600371009279058
50.461098,4.008755763414384,7.0175563321274765,6.642248709650122
50.50221,4.077105801457072,7.095928005526875,6.68375969397093
50.545662,4.144308375031547,7.173663041445721,6.724242480885529
50.62234,4.208603992775282,7.250670318733064,6.764341051329258
50.661858,4.2710823275499346,7.32689204790395,6.803994116216334
50.702213,4.334555641376582,7.402262975512051,6.842960665021823
50.74228,4.396714156317252,7.476747442558729,6.880645656571686
50.782043,4.457582205683108,7.5503193426853645,6.91697691823368
50.82215,4.517706173402048,7.622962776717717,6.952685922706172
50.90198,4.574921690636476,7.694646398653908,6.987018004630306
50.941673,4.633388978012386,7.765354269050962,7.01981236526307
50.9818,4.694498986309016,7.835129812625098,7.050122605026942
51.021763,4.755577953913709,7.903874291129571,7.078752725963671
51.063763,4.810348242646702,7.9715711511829195,7.105615990152393
51.102367,4.867798688900927,8.038232944297,7.131534675478097
51.22209,4.926438259780119,8.10382690382992,7.155949304985089
51.26175,4.987095581359128,8.168335119720785,7.178436705059481
51.301582,5.043177755042694,8.231799729858366,7.198979341532763
51.3415,5.0992340729697325,8.294142310262234,7.216972098642018
51.38178,5.156356974573617,8.355345129096587,7.2324480073346615
51.461536,5.214039209798948,8.41544219493242,7.245202580374395
51.501682,5.273048968281018,8.474380415517704,7.255461767168865
51.54229,5.324267233644655,8.532161896093255,7.263063062189169
51.581474,5.377253568846164,8.588819058233204,7.257936766725321
51.62198,5.42918827801946,8.644311919711669,7.250005792155142
51.6621,5.482821302197447,8.69864872518268,7.239040392087213
51.74188,5.534132891501272,8.751854413919382,7.220506953817214
51.781982,5.590869908317036,8.803875631177688,7.1997134506663425
51.821964,5.64771222169134,8.854699039820677,7.176652025124454
51.862164,5.702576918034019,8.90433378091889,7.143208109709432
51.90207,5.751042249745381,8.952769515146992,7.107403878959672
51.941742,5.793779087270079,9.000004860147113,7.069948369106232
52.021687,5.835379567087681,9.046041115071725,7.026602431561618
52.062172,5.881027278413004,9.090869957274453,6.981563612760014
52.101906,5.923697915924005,9.134486508963764,6.934881348651633
52.14183,5.966089326998402,9.176898406874892,6.879397310797297
52.18199,6.008146092074994,9.218095816047768,6.822334931942407
52.221863,6.046462563004543,9.258084584204218,6.76445702365806
52.301647,6.0871669332974045,9.296866965293585,6.701775618850234
52.34176,6.131043775222065,9.334436662651354,6.638910248130966
52.382153,6.177458830494446,9.370800910271772,6.575078891247361
52.422794,6.223393278984415,9.405939103222057,6.5048162848624935
52.462933,6.262035068612469,9.43986322008496,6.434584905669911
52.501812,6.302742090560774,9.472565742934618,6.363708463498682
52.581593,6.348329493744622,9.50404170542288,6.289973520753173
52.622864,6.386295576959352,9.534285675306485,6.216349665855121
52.66214,6.42875611965631,9.563308786706644,6.143676707657781
52.70295,6.459411075896338,9.591071915587577,6.078420715458358
52.742126,6.497033802798693,9.617633919551036,6.013034012787648
52.78241,6.532281851694761,9.643009559744703,5.948371973389322
52.86179,6.562376595043893,9.667165208976378,5.890726102508599
52.901924,6.587603189191361,9.690166439665509,5.832624341020257
52.941673,6.618366391546473,9.712032588081142,5.7746545647452665
52.98188,6.646254773358724,9.73274647895602,5.72291175807813
53.021626,6.668248045642334,9.75236763974555,5.670151511818521
53.06502,6.683128053516558,9.77091056475677,5.616781916139433
53.141743,6.69899215750966,9.788350728560287,5.568506510470047
53.181747,6.716593850744744,9.804743419694487,5.519194269459811
53.222,6.736234091744535,9.820093269304206,5.469710064171931
53.262016,6.754400163723283,9.834385626261213,5.425394833077331
53.30254,6.760005167976618,9.847589756140135,5.3800236144262215
53.34172,6.775704949193566,9.859704737818737,5.334005987932789
53.42135,6.783107948780377,9.870699891932444,5.2924247399902
53.46272,6.787489619889305,9.880561051029343,5.249307955134284
53.502144,6.789626302232992,9.889288116501573,5.205841673180749
53.54226,6.7980566156585445,9.896879360258655,5.165794292925219
53.58321,6.8094684676642085,9.903345178371287,5.125131538765275
53.621746,6.8073812063494925,9.908674762114906,5.084010397475937
53.70231,6.804511239355783,9.912833403204823,5.046186291087395
53.742107,6.793237672962912,9.915815835161265,5.007786604221706
53.782295,6.777208057570528,9.917583066519652,4.968580226952072
53.82243,6.7679458498884895,9.91811806511791,4.931429758382558
53.862213,6.764823254623676,9.917396641566633,4.893857765349983
53.9018,6.752716103032432,9.915424450455713,4.8554626126580125
53.981873,6.744145215155381,9.91213807326254,4.819464329043581
54.021854,6.729268464640569,9.9074883496043,4.782598249852963
54.06292,6.706056513517866,9.901464939943995,4.745193092682976
54.101818,6.678600597134414,9.893996022688755,4.705824687286941
54.14198,6.64935762565479,9.885073982529205,4.666199035212457
54.18226,6.624426743473164,9.874724297347305,4.625639848601485
54.262043,6.596942742355014,9.862877703331785,4.583380771538525
54.302067,6.565794043780212,9.849505014796796,4.540807480685275
54.34201,6.526789806445841,9.834642798749446,4.498489006235351
54.382626,6.489126174345152,9.81824220236634,4.455991157390323
54.42292,6.449172954071689,9.800279456998663,4.413383710626806
54.46162,6.4137422607506585,9.780777858330675,4.370960451119764
54.54231,6.382071704735846,9.759680556473029,4.328445033075081
54.587883,6.340655614107541,9.736991484155562,4.286416509597821
54.631737,6.296739857083321,9.712718695434203,4.244614982037333
54.677116,6.252003411745411,9.686816678767169,4.203133376920602
54.71786,6.208749064646493,9.659286839887402,4.1616925336142545
54.75784,6.157197806564057,9.63014745990765,4.119887052709178
54.835804,6.102139942121337,9.599394052433686,4.077968171850184
54.875347,6.051922113261772,9.567038618187189,4.036001593850268
54.915882,6.0113362067268845,9.533098528748592,3.9946507224583283
54.955433,5.971663128197802,9.497601743779597,3.9527130655938407
54.995403,5.92522875497062,9.46054191045082,3.9112114131536093
55.036808,5.88599380113394,9.421970647929843,3.86919825654526
55.115932,5.849335333612673,9.381867792613686,3.82739073115769
55.156685,5.8027617784984695,9.340246067908808,3.785470862436208
55.197147,5.750902084706459,9.297107187750019,3.7427511497312507
55.237057,5.701579478889967,9.252448973447827,3.6994249584751824
55.27533,5.65371797995776,9.206266106538019,3.6557712595654244
55.31549,5.612514033926476,9.15855916601655,3.6163679209531665
55.435284,5.558725886889317,9.109342661571402,3.5769562028992072
55.477146,5.509385735075826,9.058619171929397,3.5374998873242616
55.51623,5.462685526718568,9.006361454379341,3.5031975731385003
55.55557,5.412454452581763,8.952593562158762,3.4693598683087243
55.59372,5.355960592908847,8.89729134969077,3.4357894870024452
55.67359,5.29346496617693,8.840437524189962,3.3972587015661304
55.71445,5.231168087758971,8.782025226305018,3.3582731362650735
55.75768,5.177595129149645,8.722043663020704,3.3199598418060985
55.793514,5.1256220758094875,8.660461412852923,3.2871856521203195
55.834305,5.074932473040214,8.597297805853787,3.255455402282101
55.875645,5.0133967332715414,8.532552798206568,3.2243332944554486
55.95395,4.956632356393977,8.466234656498669,3.1888072825385283
55.993553,4.907929263290153,8.398322472056067,3.1546005195967703
56.033806,4.859005456247448,8.328806830276886,3.121684127714358
56.074337,4.8107433174437695,8.257668028898117,3.0942243146249053
56.112965,4.766926629974904,8.18492639969121,3.0680509057477714
56.153854,4.720204337105564,8.11057650662417,3.043191457517135
56.23366,4.670656359988084,8.034639518982056,3.0153411366414256
56.2741,4.621285048856905,7.957126756253075,2.9891502335951157
56.31363,4.57284758949507,7.8780353096017075,2.964951634364181
56.354076,4.52343944255498,7.797371676197713,2.946934319323943
56.39482,4.470434700895887,7.715135322118744,2.931126569019598
56.43361,4.412495087610696,7.6313586653379195,2.9175092733074433
56.51462,4.355502465590902,7.546052875496712,2.8970047161136656
56.55688,4.296027549763449,7.459225788126176,2.879198699404361
56.594467,4.235863102565873,7.37093490957554,2.8635550917726404
56.63349,4.176695319545309,7.2811988486432995,2.8482704804782917
56.67723,4.113750430869039,7.190074704174153,2.8351911505912737
56.71454,4.048094098763822,7.097586608776564,2.8240891473987517
56.793236,3.981412658936319,7.003753723223521,2.807388255734837
56.834335,3.906630230982178,6.908626580762865,2.7925928838639136
56.87379,3.8421297152564793,6.812243407320153,2.7793782610664257
56.91418,3.772107568643485,6.71463050382531,2.7670995346952627
56.95361,3.708308874485632,6.615858704747284,2.756110206631767
56.99377,3.64264682225228,6.515990034848625,2.7467229671788367
57.07478,3.576099604078524,6.415096060976038,2.7420852795745643
57.11377,3.515325746246951,6.313267184144413,2.738852429366737
57.153557,3.4553034277409376,6.210595666232637,2.7367123474020785
57.194317,3.397645934394178,6.107153683195218,2.7402076312071038
57.233604,3.3384041250829037,6.0030133734103135,2.744308561335427
57.273678,3.2780415021542284,5.898244811235395,2.748543433269249
57.353344,3.2132340163237196,5.792908263130925,2.7596433548260744
57.394054,3.1399250340455973,5.687099514563751,2.7702308714835175
57.43349,3.0696772706736537,5.580918107445488,2.780475946844359
57.474026,2.9981927368851977,5.474479269656505,2.7946180860013334
57.514194,2.930729038502266,5.367945830976708,2.807941710728166
57.553905,2.859501917985979,5.261451627909626,2.820498582310903
57.6338,2.7896613232532284,5.15513200257747,2.8367616737830437
57.673203,2.724220863647754,5.049172918343276,2.8516531945019974
57.715786,2.65514081245164,4.943705192983243,2.8650139126734326
57.755333,2.587473944912795,4.838930789997161,2.8809530132188663
57.792927,2.5205098403957216,4.734989670414271,2.8947759831308684
57.834194,2.453726607933684,4.632015016300951,2.9061448308624804
57.91338,2.3889432651082054,4.530120750812728,2.919888628268447
57.954914,2.3235793900231054,4.429425107092522,2.931039000966636
57.99465,2.2626127354354737,4.330002406275,2.9393934415985963
58.03709,2.207681865951857,4.231942061445591,2.9488748056751617
58.073948,2.1562629794603922,4.135321500172814,2.955451870116905
58.11717,2.107349349230259,4.040117041520975,2.9599281060652625
58.19404,2.0555939919744426,3.9465254009970727,2.965304454393015
58.23433,2.001834289069542,3.854650398055375,2.9675512632278362
58.274334,1.948823169937135,3.7645305549710324,2.966561410292351
58.314255,1.8972368659143872,3.676270561506262,2.9664210611613435
58.354763,1.8483599080902502,3.5899620840888335,2.9628150789494083
58.394398,1.7973136941954073,3.5056266265264924,2.95564169026957
58.47454,1.7449311467745947,3.42343175905063,2.949870228803615
58.516174,1.6991311461094711,3.343456913789644,2.94133476047025
58.55493,1.649400374602041,3.26568397509147,2.930188619661411
58.59671,1.5981488400559065,3.190268348237453,2.919177576300337
58.6373,1.5562750454948473,3.117237064909053,2.905217940276
58.675114,1.506134230215962,3.0466049551439465,2.8930678066142153
58.75575,1.466358713834858,2.9784651173155585,2.881760853208638
58.794132,1.4274284683053937,2.9128516752201383,2.8678886106445463
58.863235,1.3880867028212354,2.8497364914377594,2.856750100410194
58.902378,1.3462054166923285,2.789228222521018,2.8426769872079456
58.942554,1.3033264392191974,2.7313750256213734,2.8266954529004176
58.981808,1.2639597479510494,2.67620098214032,2.812492294403808
59.062347,1.2335947088710062,2.623756172897695,2.7959529716945037
59.102715,1.2096994943927974,2.5740842304772533,2.777937998236599
59.1422,1.185113477359428,2.5272139572765906,2.763696130446191
59.18274,1.1640677214671042,2.4831920220666897,2.7483835162534858
59.222282,1.1394946390133478,2.442053216221133,2.732939400867344
59.261852,1.1267084552054467,2.4038197713923055,2.7207759408611403
59.34265,1.1118081393396144,2.3685193877122512,2.7084368294454637
59.38285,1.1016711562989299,2.3361755786516296,2.6964831778959026
59.423355,1.085330720204488,2.3068196998876673,2.6893280960567987
59.461906,1.076440790222174,2.280483575195882,2.6824129875406557
59.50272,1.0608957210949634,2.257184449451761,2.6770900582793065
59.54231,1.044562697520335,2.2369450095097547,2.6755026964050326
59.66287,1.0337222724073483,2.2197783419745294,2.6749132320003715
59.704647,1.024176613693215,2.205700267118248,2.6770813142276197
59.746372,1.0153683206586732,2.194729331084513,2.6843012889061493
59.781834,1.0153683950686139,2.186866766839703,2.6942565451017098
59.82219,1.0043812903935752,2.1821015088651303,2.7067578642741807
59.903046,1.008763815286557,2.1805153315028027,2.710840149895017
59.942997,1.0051873576666803,2.1820173823719586,2.7177452958655923
59.983143,1.0060575992911232,2.1866020069477328,2.7272844664987987
60.023083,1.0151281429794519,2.1943514410914613,2.7277443671240524
60.061546,1.0215485150464008,2.2051726700702994,2.731007698762016
60.10263,1.0343958151992227,2.2190478743393283,2.7369649863900554
60.182076,1.0511928865456996,2.2360321006784534,2.7360513189964273
60.221996,1.0662279076054966,2.256042567199067,2.7380912749434456
60.261887,1.0840641370612267,2.2790647081641837,2.7433482418684907
60.301983,1.1008881627311333,2.30514746920421,2.74060972110127
60.34204,1.1125425319834517,2.3341872468802243,2.7410115470118206
60.38258,1.1181903889346787,2.366148649070984,2.7441776610607915
60.46199,1.1283479064556006,2.4010024391105054,2.741759902235974
60.503376,1.148224489173319,2.438724866562547,2.7424378098358084
60.541744,1.169247091247416,2.479279987693619,2.746018509703211
60.582012,1.1932079699483458,2.522642383585387,2.7435541230376366
60.622143,1.2204526539472123,2.5687621199228876,2.7440829572039345
60.662846,1.2454769738930926,2.617567784488304,2.747490633493437
60.742317,1.2647826362435723,2.668971899103043,2.746263813107402
60.781796,1.2819244690804863,2.7228680529927916,2.74796660391496
60.82221,1.3067316627600878,2.7791888048563425,2.7526346630879135
60.862377,1.3312795589221624,2.8378960545935166,2.7526700145494485
60.90241,1.3617126273531879,2.8989306249212863,2.7555520006947227
60.94315,1.3903109968306528,2.962242637579172,2.7613135911778244
61.022755,1.4242018446551934,3.0277751211675534,2.7638499820208935
61.06245,1.4560894180260846,3.095493025560275,2.7688030641026615
61.10153,1.4876592860723812,3.165338497645153,2.7769165789505057
61.142025,1.5253257710385937,3.2372769727345965,2.7812198657161877
61.182022,1.5617182064824755,3.311258141241046,2.788756130547759
61.222206,1.5950953598787856,3.387230350940258,2.7995541288599957
61.302006,1.6333431941753274,3.4651512666201785,2.816777138408216
61.342133,1.6794417362553067,3.5449751267681053,2.8372671509808707
61.38224,1.7224607519030157,3.6266273360919445,2.861491816193795
61.422215,1.771161642636789,3.710054140045752,2.8903800815227276
61.46208,1.8179560187043824,3.795185498562652,2.9226342529484044
61.501392,1.8736255495934289,3.88193810094352,2.9578847301271516
61.58216,1.930536758523931,3.970238414809652,2.99766001747636
61.62305,1.9891329289405213,4.060039423236878,3.0406768051563637
61.662395,2.0497274786118127,4.151255621342985,3.0869066788668365
61.701855,2.1037421068458273,4.243842872183776,3.13686267378294
61.742287,2.1618788508256888,4.337724681460546,3.1894822906182663
61.78224,2.221002456466544,4.432818986169114,3.245248263936561
61.86229,2.280527306707673,4.5290371634360715,3.3090163493934344
61.9021,2.3404353953450276,4.626278376028018,3.375132757600874
61.943214,2.4029490019504456,4.724407954537836,3.4435630898841514
61.981487,2.464748288207753,4.823337258117984,3.514814772183071
62.02259,2.526884619948661,4.9229873355483305,3.588065244057324
62.061436,2.584298414713171,5.0232458848396675,3.6631830712172317
62.14212,2.6409828470411147,5.123989647586842,3.7435764320593012
62.182514,2.698465377012499,5.225150931309235,3.824594364086064
62.2226,2.7508962058518587,5.326549105563543,3.9073556463236407
62.261955,2.805100447900484,5.428105370898333,3.9908678382761114
62.30158,2.864507809627322,5.529693627602897,4.074726744239097
62.34176,2.922300442888138,5.631221422106924,4.1594206089390475
62.42199,2.975971901848968,5.732624093231379,4.248090747190632
62.46219,3.0376390901835735,5.833815804985849,4.336671725952595
62.503025,3.098619566079427,5.934674889898371,4.425476560840226
62.54196,3.164630333715064,6.035078249295594,4.514285369171579
62.581787,3.230163025437681,6.134931514889354,4.6028474550136425
62.623077,3.29394321920862,6.234137475673663,4.690997874586307
62.701797,3.359667104211562,6.332593821534464,4.77832983880785
62.742958,3.42451398326598,6.430269680763615,4.865210801329084
62.781746,3.4942855492192706,6.527077484451571,4.9569606687297085
62.821945,3.5633505041003404,6.622950768668231,5.049290370642398
62.861862,3.632631940443948,6.717851853180211,5.141432462083632
62.902077,3.6964199111936944,6.811726511600632,5.233209875843233
62.98232,3.760580449581608,6.904536159203567,5.324708327187837
63.02187,3.8252378764729627,6.9962309167872645,5.41591358365696
63.062847,3.8920217174198632,7.086761685367857,5.511414569527178
63.102,3.956026285298974,7.1760841796382335,5.60704446564959
63.14239,4.012185560249139,7.264165298174718,5.702706902884438
63.181614,4.065015336277948,7.350999271064428,5.798288521545284
63.26162,4.113579366439643,7.436506628041486,5.893764611201411
63.301838,4.161451151768158,7.520669144066596,5.988941793634875
63.341995,4.215162257728011,7.603473176867839,6.087996803064787
63.38193,4.26687907892955,7.684829606281744,6.1870508544869
63.42198,4.318630758806096,7.764708016239218,6.286003017173944
63.461575,4.368618595661454,7.843105632784153,6.38456105097644
63.542133,4.418205431775553,7.91997724368479,6.48277945085051
63.581673,4.465304419545923,7.995295650345015,6.580544745006426
63.621967,4.515855065887193,8.069073420760034,6.6812486193283345
63.662155,4.562839164288236,8.141310890890496,6.7810097763353
63.70139,4.610168552750515,8.211995603583196,6.88050846250297
63.742004,4.658253698082115,8.281147430320924,6.979276998692502
63.862785,4.706421749556197,8.34873275305635,7.07684617253371
63.902504,4.755951408921988,8.414752300304455,7.1728731013155285
63.94169,4.802534737641169,8.479237870593533,7.270592301262473
63.982517,4.854261856378802,8.542166313088961,7.367346606418447
64.02164,4.900465941755037,8.603534877195145,7.463044125393688
64.10158,4.945915021162872,8.663358708812071,7.562346169892843
64.1421,4.98226045908792,8.721675672101357,7.660461918366668
64.18119,5.023915117961728,8.77849416726192,7.756623472482212
64.22192,5.066610777527623,8.83382392708251,7.853224805222994
64.261566,5.101177642740568,8.887676370548684,7.946885215319367
64.301476,5.132111772369464,8.94008049020029,8.038256055656783
64.38214,5.168307829758004,8.991028917133814,8.120894510535036
64.42189,5.206807447788922,9.040552459377192,8.199948921152275
64.46154,5.237291665123958,9.088681205696087,8.276204761584204
64.50164,5.271457454563445,9.135466979090301,8.341635081449969
64.54212,5.31053964132406,9.180907239331535,8.40356490669798
64.58216,5.352525594016916,9.224903916562385,8.460895581032991
64.66257,5.39373347660413,9.267467356843516,8.508959824532324
64.70469,5.428918672095485,9.308574296214962,8.552127437261783
64.74417,5.465410178967913,9.348214963734568,8.590392715255552
64.78204,5.495986196474598,9.386382563201478,8.618930408984307
64.82204,5.528617650269482,9.423031486581296,8.642472328986358
64.86276,5.555527035994841,9.458148190659328,8.661473494848039
64.94154,5.583502587235945,9.491682524922902,8.671229766670736
64.98157,5.610025529934345,9.523607392047408,8.676155413025684
65.021515,5.643867872807484,9.55390365707464,8.67673248341936
65.06228,5.671065266776667,9.582555657734906,8.668190118322894
65.104294,5.706408811897937,9.609538549453212,8.65531348582015
65.141846,5.73455846227704,9.634849406970606,8.638165998455142
65.22193,5.754465924792022,9.658488464353532,8.61295947168924
65.26162,5.769674708450758,9.680456580974441,8.583619769111344
65.301834,5.778107516583995,9.700803507517387,8.550033380228738
65.341736,5.783907119649031,9.719481537838021,8.508584511030545
65.38188,5.791683161644844,9.736471765085755,8.463212716120372
65.42158,5.804641356881937,9.751783260908107,8.414004981901819
65.50159,5.810570686470743,9.765405470377605,8.356908856641926
65.5423,5.810147896735365,9.77732702372595,8.296115499969734
65.58225,5.8200590358692885,9.787562386615367,8.231816387040313
65.621635,5.827886368893205,9.796066666292546,8.159444208245064
65.66161,5.820392400153394,9.802829271558718,8.082908804975915
65.70178,5.819907984024187,9.807881646877142,8.002533789493746
65.781784,5.8155623925998565,9.811179757714104,7.9150560762588045
65.821785,5.809782598258018,9.812738057930442,7.823526308646802
65.86211,5.804274089897314,9.812570670120651,7.728548067067889
65.90192,5.7895460107721135,9.810661862118566,7.626431372506526
65.94171,5.770900021622321,9.807018260109949,7.520576881419686
65.981834,5.749651004548385,9.801679876897927,7.411061219875149
66.07761,5.726578618429974,9.794627873707633,7.299098192635099
66.11359,5.705462628143172,9.785867505388843,7.183876461883469
66.15346,5.683864091540286,9.77541271144246,7.065856033539953
66.19344,5.659646292673957,9.76326774549927,6.946021601330127
66.23373,5.626573647592026,9.749436473087659,6.82337967463547
66.27327,5.5944288403959295,9.733925658892794,6.697645719098669
66.3534,5.564323256065053,9.716737092458523,6.569934402078459
66.39378,5.540426592245872,9.697874889778928,6.439503924065949
66.43337,5.499428942813621,9.677345954268308,6.306771136182238
66.47376,5.46050146553179,9.655160291925538,6.172236967496678
66.51385,5.425250926893254,9.631325993844245,6.035147321027409
66.5545,5.396363457682536,9.605846041792685,5.8953687810255335
66.63336,5.359255865993259,9.578722931856879,5.753903223727616
66.67662,5.3195358241777395,9.549963960130265,5.60998273333926
66.713585,5.278334019615071,9.519573832713746,5.464283887858905
66.753525,5.237295669539975,9.487559461639211,5.3170417734387305
66.7936,5.192915105633389,9.45392507520183,5.167031958970068
66.83408,5.14497401034194,9.418672007002723,5.015063997107585
66.914116,5.101613251866654,9.381808831803143,4.860897172744134
66.95322,5.06216056379527,9.343349665012438,4.704437683484452
66.99426,5.015401779921901,9.303258685873391,4.5511015324558945
67.03302,4.967147285959594,9.261585257524025,4.396235430280251
67.07365,4.922591799610472,9.218336577558343,4.23975975433601
67.11334,4.871987199099435,9.173474352944924,4.087104810476577
67.193665,4.825128427067265,9.127042384775768,3.9335501491029397
67.23385,4.773519757575118,9.079051880247688,3.779124915125407
67.30274,4.71370249157877,9.029471610864437,3.6284388557924845
67.3428,4.6607562800700295,8.978337659930958,3.477520658260989
67.38266,4.6013256710574675,8.925657594442601,3.326311316762351
67.42155,4.540828229809957,8.87140074400361,3.1801682230266977
67.5016,4.487141758529707,8.815608923016313,3.034473087807228
67.54182,4.435795289446964,8.758296282761265,2.889362879804371
67.58142,4.378310593092442,8.699471548419673,2.748824301584041
67.621544,4.316304727310883,8.639135297111654,2.609488718550119
67.66192,4.252394214172828,8.577295103450007,2.4714141135258654
67.70186,4.19095949180549,8.513950304116577,2.3389581664841437
67.78214,4.1275943311957874,8.449112318132686,2.208515990953836
67.822754,4.063826613744384,8.382805793176514,2.080073482153898
67.86149,3.997137730008185,8.315064791546947,1.9576299326917408
67.90196,3.9334836052877034,8.245931708546621,1.8378290139721576
67.941986,3.8714558490658186,8.175436352546935,1.7207467302223138
67.98177,3.8091580864917103,8.103590975258722,1.6104781356768354
68.10178,3.749123441105119,8.030417439536514,1.503680885186817
68.14229,3.688398906593036,7.955934985258972,1.400451169003687
68.18153,3.6117721159818412,7.879846915051157,1.2974073686511993
68.22244,3.5347141116449996,7.802559322915516,1.1975029989538686
68.261215,3.4572750229859293,7.724088193203681,1.1008398964152
68.34196,3.379504979435843,7.644449510271693,1.0075198975926707
68.38168,3.3014541104259827,7.563659258475601,0.9176448390437082
68.42221,3.2231725453875817,7.481733422171449,0.8313165573257897
68.46171,3.1447104137518624,7.398687985715282,0.7486368889963171
68.50188,3.0661178449500572,7.314538933463147,0.6697076706127929
68.54183,2.9874449684133997,7.2293022497710915,0.5946307387326443
68.621445,2.9087419135731216,7.142993918995156,0.5235079299132981
68.662285,2.830058809860456,7.055629925491386,0.45644108071223205
68.70278,2.7514457867066255,6.967226253615832,0.3935320276868982
68.742676,2.6729529735428734,6.877798887724534,0.3348826073946984
68.78161,2.594630499800421,6.7873638121735445,0.28059465639313536
68.82592,2.5165284949105025,6.695937011318901,0.23077001123963603
68.90215,2.4386970883043495,6.603534469516653,0.1855105084916527
68.94183,2.3611864094131847,6.510172171122846,0.14491798470661238
68.9819,2.2840465876682514,6.415866100493524,0.10909427644199253
69.02191,2.2073277525007717,6.320632241984735,0.0781412202552454
69.06197,2.131080033341979,6.224486579952523,0.052160652703797994
69.10322,2.055353559623105,6.127445098752931,0.031254410345077324
69.18187,1.9801984607753829,6.029523782742009,0.015524329736586094
69.22194,1.9056648662300457,5.930738616275801,0.005072247435751317
69.26148,1.8318029054183154,5.831105583710352,0.0
69.30156,1.758662707771425,5.730640669401707,0.0004094239868096181
69.3417,1.6862944027206177,5.62935985770591,0.006402355953632413
69.38195,1.614748119697105,5.527279132979009,0.01808063245787016
69.462036,1.544073988132141,5.424414479577049,0.03554609005702557
69.50182,1.4743221374569266,5.3207818818560755,0.05890056530852565
69.5421,1.405542697102716,5.216397324172134,0.08824589476979741
69.581856,1.3377857965007416,5.111276790881271,0.12368391499834355
69.62177,1.271101565082226,5.005436266339529,0.16531646255154062
69.6616,1.205540132278391,4.898891734902956,0.21324537398689133
69.744415,1.1411516275204803,4.791659180927593,0.26757248586184795
69.78201,1.0779861802397264,4.683754588769495,0.3283996347338122
69.82573,1.0160939198673515,4.575193942784699,0.3958286571602868
69.86167,0.9555249758345992,4.4659932273292515,0.4699613896986735
69.901855,0.8963294775726809,4.356168426759202,0.5508996689064499
69.94178,0.8385575545128505,4.2457355254305895,0.6387453313410681
70.022,0.7822593360863199,4.134710507699468,0.7336002135599552
70.061966,0.7274849517243321,4.0231093579218795,0.8355661521205634
70.10203,0.6742845308580993,3.910948060453862,0.944744983580345
70.14169,0.6227082029188852,3.798242599651472,1.061238544496752
70.18177,0.5728060973378913,3.685008959870748,1.185148671427237
70.222534,0.524628343546361,3.5712631254677407,1.316577200929252
70.30173,0.47822507097552686,3.4570210807984942,1.4556259695602243
70.34262,0.4336464090566113,3.342298810219048,1.6023968138776308
70.38215,0.3909424872208574,3.227112298085454,1.7569915704388739
70.42229,0.3501634348994876,3.1114775287537557,1.9195120758014559
70.4622,0.31135938152373455,2.9954104865799986,2.0900601665228042
70.50236,0.2745804565248206,2.8789271559202305,2.268737679160345
70.581985,0.23987678933399936,2.7620435211304915,2.455646450271582
70.62202,0.20729850938248276,2.64477556656683,2.650888316413891
70.66439,0.17689574610150346,2.527139276585292,2.8545651141448007
70.70166,0.1487186289222943,2.4091506355419248,3.066778680021687
70.741776,0.12281728727608794,2.2908256277927714,3.287630850602028
70.78239,0.09924185059411719,2.172180237693876,3.5172234624432748
70.86202,0.07804244830761481,2.053230449601285,3.7556583521028806
70.90172,0.05926920984780308,1.9339922478710456,4.0030373561382975
70.94256,0.04297226464591475,1.8144816168592022,4.259462311106953
70.98214,0.029201742133193036,1.6947145409218005,4.525035053566323
71.02199,0.018007771740849773,1.5747070044148879,4.7998574200738355
71.062546,0.009440482900138637,1.454474991694502,5.084031247186918
71.14165,0.0035500050422714604,1.3340344871166998,5.377658371463072
71.18196,0.0003864675984809968,1.2134014750375173,5.680840629459701
71.22247,0.0,1.0925919398130077,5.993679857734306
71.26222,0.0024407316780716845,0.971621865799211,6.316277892844265
71.30277,0.007758792063918344,0.8505072373521702,6.6487365713470785
71.34297,0.016004310588762272,0.7292640388279383,6.991157729800176
71.42235,0.027227416683846685,0.6079082545825544,7.343643204761008
71.46186,0.04147823978039387,0.48645586897207116,7.706294832787028
71.50205,0.05880690930964705,0.3649228663525275,8.079214450435687
71.542076,0.07926355470281805,0.24332523107997076,8.462503894264414
71.585144,0.10289830539116056,0.12167894751044676,8.856265000830685
71.62148,0.1297612908058864,0.0,9.260599606691926
