0.3569906,3.3423057851714555,0.0,6.923904971195322
0.42545977,3.2802053751301563,0.1985823812110211,6.529749060360973
0.4602018,3.2228310543924055,0.3953418033260389,6.148996117273688
0.49243876,3.170111452478774,0.5902739162183583,5.781483948158541
0.5577756,3.12197519890983,0.7833743697612858,5.4270503592405435
0.5911615,3.078350923206141,0.9746388138281277,5.0855331567446775
0.6271391,3.0391672548882753,1.1640628982921872,4.7567701468960175
0.69374293,3.0043528234768004,1.3516422730267712,4.440599135919577
0.72566044,2.973836258492284,1.537372587905187,4.136857930040366
0.7590258,2.9475461894552946,1.7212494928007367,3.84538433548343
0.82539576,2.9254112458863997,1.9032686375867285,3.5660161584737495
0.859431,2.9073600573061666,2.083425672136468,3.298591205236399
0.8931359,2.893321253235164,2.2617162463232594,3.0429472819963914
0.9912073,2.8832234631939597,2.4381360100204104,2.798922194978708
1.0257015,2.876995316703124,2.6126806131012237,2.566353750408423
1.0936104,2.8745654432832226,2.7853457054390067,2.345079754510549
1.1260991,2.875862472454822,2.956126936907065,2.1349380135101295
1.1588827,2.8808150337384917,3.1250199573787043,1.9357663336321456
1.2243353,2.8893517566548015,3.29202041672723,1.747402521101641
1.2608546,2.901401270724316,3.4571239648259477,1.5696843821436284
1.2946631,2.9168922054676076,3.620326251548163,1.4024497229831507
1.3589777,2.9357531904052396,3.7816229267671817,1.245536349845252
1.391916,2.9579128550577836,3.9410096403563086,1.0987820689549133
1.4254041,2.983299828945804,4.09848204218885,0.9620246865371779
1.4943767,3.0118427415898723,4.2540357821381125,0.8351020088170585
1.5254254,3.043470222510556,4.4076665100774,0.7178518420195986
1.5582836,3.0781109012284196,4.559369875880017,0.6101119923698105
1.6605211,3.1156934072640343,4.709141529419273,0.5117202660927378
1.694357,3.1561463701379653,4.856977120568471,0.4225144694133929
1.7594115,3.199398419370783,5.002872299200917,0.34233240855675684
1.791383,3.2453781844830587,5.146822715189917,0.2710118897479357
1.8258011,3.2940142949953537,5.288824018408777,0.2083907192119107
1.8930712,3.3452353804282393,5.4288718587308,0.1543067031736941
1.925277,3.39897007030228,5.566961886029297,0.10859764785829824
1.9592547,3.4551469941380497,5.703089750177567,0.071101359490798
2.026393,3.5136947814561137,5.83725110104892,0.0416556442962057
2.0602484,3.5745420617770396,5.969441588516659,0.0200983084995337
2.0936391,3.637617464621392,6.0996568624540926,0.006267158325794351
2.1584888,3.702849619509749,6.227892572734527,0.0
2.1918619,3.7701671559626644,6.354144369231262,0.0011346397472254877
2.2259474,3.8394987035007193,6.478407901817609,0.00950888379245192
2.3260756,3.9107728916444726,6.600678820366871,0.024960538360754132
2.3587484,3.983918349914498,6.7209527747523525,0.04732740967708199
2.425409,4.05886370783136,6.83922541484736,0.07644730396651032
2.4604096,4.135537594915627,6.955492390525204,0.11215802745408274
2.4934397,4.21386864068787,7.069749351659183,0.1542973863647491
2.5596323,4.293785474668653,7.181991948122608,0.20270318692361547
2.592362,4.3752167263785475,7.292215829788779,0.25721323535566293
2.625641,4.458091025338118,7.400416646531007,0.3176653378859039
2.694158,4.542337001067933,7.506590048222597,0.38389730073938194
2.725611,4.627883283088566,7.610731684736849,0.45574693014114065
2.7582588,4.714658500920575,7.712837205947075,0.5330520323161612
2.825431,4.802591284084539,7.812902261726576,0.6156504134895182
2.8593497,4.891610262101015,7.910922501948666,0.703379879886193
2.8927612,4.98164406449058,8.006893576486636,0.7960782377312291
2.9920363,5.072621320773796,8.100811135213807,0.8935832932496388
3.0254653,5.164470660471238,8.192670828003473,0.9957328526664658
3.0931544,5.257120713103464,8.282468304728946,1.1023647222067225
3.1239285,5.35050010819105,8.370199215263531,1.2133167080954523
3.1579292,5.444537475254562,8.455859209480533,1.3284266165576364
3.2247765,5.539161443814565,8.539443937253257,1.4475322538183497
3.2594259,5.634300643391632,8.620949048455007,1.5704714261025732
3.2918289,5.729883703506325,8.700370192959092,1.6970819396353505
3.3583317,5.825839253679219,8.777703020638814,1.827201600641725
3.3911264,5.9220959234308745,8.852943181367483,1.9606682153466786
3.4254327,6.018582342281866,8.9260863250184,2.0973195899752852
3.4926598,6.115227139752759,8.997128101464877,2.2369935307525264
3.525422,6.2119589453641195,9.066064160580211,2.3795278439034453
3.5583668,6.308706388636517,9.132890152237715,2.5247603356530552
3.6606894,6.405398099090518,9.19760172631069,2.672528812226399
3.6932201,6.501962706246695,9.260194532672445,2.822671079848489
3.7586904,6.598328839625612,9.320664221196282,2.9750249447443378
3.7916152,6.69442512874784,9.37900644175551,3.12942821313902
3.8263662,6.790180203133944,9.435216844223435,3.2857186912574856
3.893748,6.885522692304491,9.489291078473354,3.443734185324841
3.9254355,6.9803812257887135,9.541224794385467,3.603312501662799
3.959063,7.057561057764291,9.58546560288043,3.7541176631082878
4.025309,7.134643228689336,9.627200078643773,3.9051452057153906
4.0602646,7.212147047074971,9.666462421540237,4.0569042418028864
4.092737,7.288938531981969,9.70329780029473,4.212885874162746
4.159239,7.364430471645416,9.737778995637216,4.369418065384461
4.1914177,7.438264350630398,9.769972308651665,4.526086574405392
4.225834,7.510893346131822,9.799939367115977,4.683986355803632
4.325068,7.583931406592603,9.82769792123472,4.837768364262194
4.3587976,7.656936733009807,9.853274869313454,4.991856241130077
4.4252825,7.72854994103656,9.876705669901636,5.149933525503745
4.460056,7.799395957695957,9.898024480359243,5.307058239515289
4.492304,7.868930755600498,9.917264217237594,5.463526258480825
4.5583572,7.937332312492347,9.934474595368078,5.623252649447526
4.592304,8.004661120683814,9.949667636888,5.782107950494045
4.626042,8.073091394044935,9.962851134289098,5.9401042701999005
4.6944113,8.141561082385678,9.97403646248379,6.092486482643122
4.72723,8.209764717516906,9.98321200450903,6.24259763442149
4.7577667,8.275916347836462,9.990385918930242,6.390789642157008
4.8258085,8.342072396556885,9.995570389691022,6.53372694227694
4.859558,8.40702399670327,9.998772711503072,6.675199034246146
4.8932915,8.471195717574751,10.0,6.815036688688021
4.9927177,8.533256602024682,9.999268841948602,6.946407096794504
5.0255814,8.59385401941368,9.996582093295821,7.075945008014865
5.093923,8.653317269329335,9.991968943598344,7.20350664318918
5.124994,8.711174120148947,9.985494006159534,7.321998270668379
5.1577597,8.766601229754158,9.977155465509483,7.4374207977668565
5.224388,8.818935707505014,9.966988604019319,7.5497756305236265
5.2602577,8.869525649123633,9.955010356732837,7.659659141108725
5.293851,8.91777735157124,9.941237305242097,7.7669772046589
5.3577323,8.964916976206736,9.925654411453214,7.871045335379279
5.392163,9.00895346711209,9.908243531969033,7.9730783481173715
5.42407,9.051276079703355,9.889011010710565,8.072286292835084
5.4920945,9.091419591873015,9.867959501498111,8.168797053894714
5.525618,9.128274828619645,9.845070300912578,8.262729622983377
5.5588007,9.161113406328106,9.82035010255837,8.353760593049701
5.660547,9.192239871432369,9.793819857993986,8.441601130802225
5.693675,9.221192533522068,9.765526049211951,8.526618523376296
5.757359,9.247672622178804,9.735410302849598,8.605916663737585
5.791641,9.27155325408009,9.703483722034354,8.682048634744763
5.824424,9.291118632657682,9.669772019119062,8.75517221052408
5.893433,9.30832459161442,9.634292886112625,8.821768094891612
5.925029,9.323776314049711,9.597079491091572,8.885488514702248
5.9588156,9.335535740098237,9.5581562861896,8.94628225893874
6.024794,9.343250486934165,9.51755907747587,8.994592025660822
6.0609384,9.347066729223524,9.475248155470553,9.040396029328019
6.093245,9.34690563921102,9.431227241775433,9.083852126411243
6.1579876,9.344380684205404,9.385533604853185,9.121441478692597
6.192363,9.33912686395485,9.338195621984319,9.156600212485257
6.225275,9.331817266252093,9.289228450569647,9.189495742390124
6.325651,9.323096727361948,9.23864364701456,9.216415510447437
6.35863,9.311744179483512,9.186466874477485,9.241455038378515
6.425642,9.29622777169414,9.132737950298795,9.26476120882413
6.4592037,9.280300937314546,9.077482693388765,9.282804435383014
6.4937973,9.261966306475363,9.020727218715242,9.299227215933492
6.558468,9.241089151533782,8.96246350637659,9.313969131693947
6.5916595,9.217356000888044,8.902742241013673,9.329194190857502
6.6261187,9.193055746308687,8.84163684225198,9.345978024117448
6.6930175,9.167591127839563,8.779191460986235,9.360784441070573
6.7256765,9.140099351618577,8.715431861089874,9.37619283976041
6.7589173,9.108771698348974,8.65041220872017,9.392420989535143
6.8256187,9.078108294092829,8.584185973844972,9.405984974957343
6.859751,9.045004925448692,8.51672219322195,9.42235657527764
6.8930635,9.009080557528243,8.448123587268606,9.439212374922386
6.991359,8.969994807680209,8.37844466217112,9.452670398780972
7.0258684,8.929410255388488,8.307694016389187,9.46336490238717
7.091809,8.887014330521088,8.235926702036714,9.474103032529726
7.1280713,8.842985967759466,8.163173365819748,9.481439386097616
7.1576414,8.795708354731815,8.089482772740373,9.485590618038284
7.2254605,8.744580057241723,8.014880347216934,9.483306338009665
7.2601843,8.692615034099227,7.939410345870375,9.47786938024841
7.2941327,8.638529442603046,7.863168850903415,9.469283408020138
7.3593464,8.581456776513093,7.786198883287616,9.45323179609113
7.3925943,8.52175484489057,7.708552710230514,9.433899651013466
7.425893,8.458616017198501,7.630285117892608,9.41113531716793
7.493461,8.393545076306953,7.551447225946071,9.374410584672116
7.526774,8.325680239633833,7.472064391342196,9.335321778647941
7.55815,8.254443356420659,7.392188295624735,9.293300745853228
7.6591573,8.182461417212517,7.311822601058779,9.243858341933404
7.6930685,8.108846386966798,7.23093095362343,9.192047860579098
7.7593236,8.034444424250344,7.1495036531968275,9.137886279751948
7.792468,7.956629887440816,7.067393840862499,9.091247225295483
7.8259325,7.878233527546741,6.984729867619962,9.042707250773102
7.8938465,7.799378115188785,6.9015453263318856,8.992126477965899
7.926021,7.7215228957037,6.81784605592553,8.943312238258137
7.9585595,7.64152953435638,6.73370984115794,8.892938085871654
8.025822,7.5627194291768,6.649174204717506,8.840926821520291
8.059661,7.483375116675436,6.5643069944113215,8.788654293046793
8.092949,7.40481682123807,6.479135148174722,8.72946215597424
8.158948,7.324456613567529,6.393739467261962,8.668484004349462
8.191667,7.244342748471988,6.308157806835671,8.606926394761802
8.225542,7.164767355147635,6.2225349396183045,8.538394250673377
8.3255205,7.08868936050057,6.1369961210693695,8.469123404455836
8.357787,7.012233947303278,6.051640918102017,8.399280442033637
8.426142,6.935097890589768,5.966729044998125,8.310345236684652
8.460414,6.85751595442097,5.882371567711447,8.22050413920376
8.494725,6.779539210815632,5.798686885404695,8.129975541223628
8.558832,6.701296773627946,5.715836536849009,8.0331584836986
8.59106,6.621572906186347,5.633839713400872,7.935961231817507
8.626639,6.541218187646825,5.552848791988439,7.838383966450958
8.692421,6.459505636657098,5.472864846579005,7.736489867418389
8.72529,6.378739111692799,5.394064739152667,7.633917001969623
8.7594795,6.298171880492832,5.316499217925588,7.531058364562829
8.826199,6.217772617427684,5.240151088043385,7.42680651695894
8.860674,6.1369855934826205,5.165148947821685,7.321790825147375
8.892388,6.056123372163174,5.091465361594478,7.216435850405897
8.991869,5.9756277126438215,5.019110185013154,7.107025175099151
9.024912,5.896383312608563,4.9481131285283215,6.997212729071779
9.093911,5.816316989848499,4.878470912972675,6.887202851302717
9.12516,5.7363659305327666,4.810100046251477,6.7998558886798515
9.158724,5.6566154338904955,4.743054202651322,6.702314095824418
9.226179,5.577525840033465,4.677317877152562,6.6010210789144255
9.261002,5.498232909278524,4.612832930231923,6.495619382700857
9.293231,5.420546466646894,4.549578882156607,6.386585769119334
9.359098,5.344200506361026,4.48754167244319,6.274913660758781
9.391622,5.267941636373536,4.426693714067317,6.160204553955646
9.425915,5.1923819679046135,4.367045304177988,6.028809950611138
9.492599,5.117176016171325,4.308497759326801,5.895630870121149
9.526117,5.042652196150669,4.2510126458768545,5.757106647518313
9.5600605,4.968946308811495,4.194588886613631,5.6163768597066195
9.65947,4.894548796695391,4.139104189962386,5.474197431585005
9.693191,4.821283153066935,4.084537669859729,5.329959104040993
9.759633,4.748730785160012,4.030803884183348,5.180693986775933
9.793577,4.676257308826219,3.977990187528508,5.031520434768807
9.825678,4.605512176297139,3.9261002566058143,4.878805492191263
9.892695,4.534482747684416,3.8751409069700626,4.721528195718051
9.925765,4.463516274552955,3.8251087153095513,4.566689980407369
9.958921,4.394056679055866,3.776065455735324,4.409094128716216
10.024559,4.324573581189263,3.72801707760883,4.24896182170748
10.060814,4.256274710403925,3.6810298458487187,4.0921351308862
10.092598,4.189254119680205,3.6351704536541423,3.933126885929709
10.159365,4.122741916891823,3.590485111975204,3.7716369159417495
10.191469,4.0577899270580575,3.547057848615387,3.6136516041910167
10.225843,3.9926688503805448,3.5050376708736177,3.4538275792675184
10.32542,3.928709077416454,3.4646438671251496,3.2970835920495185
10.359257,3.8665817994966734,3.4259655578342576,3.148560834113248
10.425801,3.805735084288303,3.3891331358403667,3.004391524269677
10.461232,3.7461827683857014,3.35430818297594,2.8648514702403003
10.494327,3.6882364918598776,3.321592767471995,2.7287206827810744
10.558976,3.6310117896679994,3.29108187508105,2.5975864794281134
10.59287,3.575127980621486,3.2627516194528736,2.4735439264565646
10.626818,3.519354328283794,3.2366871389645997,2.357834938874391
10.69281,3.4641595338181737,3.2129084483666217,2.2508036362135786
10.726902,3.4073177247561355,3.1915004846941577,2.146902283940352
10.759326,3.352537616230388,3.1725345214574237,2.0473064468117825
10.825659,3.2970170549532805,3.156140178346026,1.951102055563868
10.86078,3.2419248176757156,3.142379744454114,1.8578059122932
10.893711,3.1887289639050262,3.1312557655892026,1.7744819083250378
10.992322,3.1340605103124575,3.1228492363458176,1.6951577998994134
11.025082,3.0778850918731275,3.1172136137710935,1.6188309721518772
11.093848,3.022264807280511,3.1144058603787714,1.5470991371093445
11.12698,2.964873532522587,3.1144592456559828,1.4789782250689933
11.159512,2.9079761976114895,3.1173542631085995,1.4143470760397152
11.225307,2.8550263039438764,3.123097410355983,1.3513635212494697
11.2600155,2.8027991575490576,3.131652519194115,1.2927390664991656
11.294212,2.752874368056049,3.1429749015701574,1.2346023829840778
11.358793,2.7051521735066424,3.156932692738421,1.176561160816681
11.391644,2.658831097045976,3.1734314768174037,1.1232067895828788
11.425426,2.6149026719922426,3.1924008052413186,1.0727264509954866
11.4939575,2.572439295748572,3.213830856973623,1.0378585535226494
11.526147,2.533777459354563,3.237698741015916,1.006646650454679
11.559166,2.4999867677516288,3.2639542413339035,0.9746764768477392
11.660337,2.468449093299574,3.2925390027421892,0.950546144090849
11.694391,2.4408938750430007,3.3234088436859337,0.9294487054635405
11.75896,2.41639198149385,3.3564550604238637,0.9069751443980852
11.793383,2.39542867076981,3.391618912646728,0.8921988102383528
11.825722,2.3780074996304212,3.4288989634886198,0.8785996604616868
11.89369,2.363701525941171,3.468243398409714,0.8709782870549502
11.926079,2.350763540251738,3.509580400023066,0.8724744969653716
11.960072,2.3423926166120035,3.5529345929704834,0.8761743288357208
12.025472,2.337324662405389,3.598233239659105,0.8857261826758889
12.060379,2.3326708650619756,3.645457573832412,0.8969355365425399
12.092486,2.3305183193828225,3.6945145865229825,0.9093115329369154
12.159393,2.3322905428651652,3.7453714744965216,0.9310158852956859
12.192969,2.3369158809852757,3.7980049241140144,0.954795169585048
12.226404,2.3437152558753622,3.85229344480666,0.9804046152941943
12.326695,2.3523385188063326,3.9081041470413163,1.0150393755555205
12.3593445,2.3644546241825752,3.9653974644874843,1.0541892376233608
12.425754,2.3812380709730934,4.024079158337424,1.0978642617450614
12.460695,2.398369187267121,4.084078423219206,1.14456102917051
12.493762,2.4195073523074866,4.145307634469691,1.1945064493617081
12.558802,2.4423240548227687,4.20772497697867,1.2514277628172057
12.592944,2.4669391514279146,4.271298575366355,1.3097344039466203
12.624888,2.494215141070406,4.335963853835823,1.3707514096779354
12.694091,2.5230613082516222,4.40165147522904,1.434469408644659
12.7263,2.554370312607139,4.468322020786583,1.5002092806312277
12.759297,2.5898394076443005,4.5359145236897325,1.5681849184266083
12.825691,2.62630290675493,4.604292464947513,1.6453334509391806
12.86032,2.6656726399132413,4.673365876929342,1.723413031540544
12.892794,2.7077241287356264,4.743186937363597,1.805877606112199
12.992468,2.751760013890381,4.813710856227312,1.8903082521776706
13.025167,2.7990895991512255,4.884850424363778,1.9762825712429208
13.093999,2.8493546874090883,4.956524279174194,2.0711823834470455
13.125969,2.9013703584001895,5.028638133494447,2.1684553452263917
13.158883,2.9555306026499784,5.101098849165293,2.267617693661273
13.226096,3.0131189428944536,5.173844626588791,2.3827099713065123
13.260019,3.0746452814273235,5.246875769060559,2.5004262107984636
13.29439,3.140418798238463,5.320177870387107,2.620514809627046
13.358143,3.2092903525092162,5.393701597057509,2.7500957810721007
13.391731,3.280321075853965,5.4673900880340955,2.882413326352744
13.42625,3.3536835532421456,5.541213154011055,3.01640252435402
13.492871,3.4290494799950215,5.615148871435951,3.1605373034244417
13.525593,3.506515935984993,5.689185775340093,3.3071570707195814
13.559691,3.586725046527348,5.7632786541124235,3.454928859454218
13.660207,3.6681043264475814,5.83735688731299,3.6120590295318062
13.694357,3.7521371210531966,5.911399066770704,3.7716911187902507
13.759501,3.838386288614866,5.985435757629166,3.9302239651565367
13.792527,3.9263262927231968,6.059409672211545,4.0862451224321354
13.825021,4.015182590660639,6.133185101720828,4.240480134912169
13.892698,4.105074252789059,6.206684376196267,4.392769672101188
13.926257,4.194652695131737,6.279881946404229,4.540795909790722
13.959285,4.286238139943426,6.352696288298708,4.686983656984831
14.025641,4.376824569433765,6.425010599714227,4.833571755060583
14.059986,4.4701532303078535,6.496866815304142,4.96956757396016
14.094093,4.563671754055441,6.568017709836848,5.102536257277204
14.159388,4.657385970604787,6.638383358233749,5.235694291331665
14.192425,4.752042150858408,6.7078935263766715,5.367530103980355
14.225984,4.847225840991357,6.776408486541025,5.495426125965717
14.325659,4.942500855466893,6.843817014238248,5.618942916569095
14.359656,5.037889558091624,6.9099949431023395,5.741121242779458
14.426498,5.133878878185932,6.974842976603244,5.865606694396916
14.460156,5.23011928954233,7.038224029281709,5.985626214439334
14.492918,5.325902522441928,7.099903051924956,6.104413485320597
14.5597,5.421343254143334,7.159773084703039,6.226764622635216
14.593076,5.5173276994161755,7.2177013943664265,6.345324610710888
14.626558,5.614268737939738,7.273575259872436,6.4635570442466435
14.693516,5.710322321963796,7.327300011306203,6.596672158891562
14.725848,5.806555469858582,7.378844643571501,6.729474044487398
14.759729,5.90265256158175,7.4281785007193655,6.861330442503036
14.826051,5.997402475519744,7.475312724582329,7.000571167822743
14.860004,6.092542059339039,7.520272223557069,7.138581100525822
14.893966,6.1870565226522505,7.563101716830955,7.275185498011521
14.992586,6.282534619815619,7.603865673803973,7.404795569179713
15.026266,6.377757540253029,7.642593225338476,7.533490388388263
15.094507,6.4723579195263845,7.679321630995953,7.660406365412786
15.126678,6.5671546253799145,7.714118626059518,7.78008242790254
15.158569,6.6616393996463295,7.747044000847398,7.8972525468386685
15.225218,6.755527733624323,7.778175009324815,8.01176001321699
15.260125,6.849586434610995,7.807584693523123,8.121476458846782
15.294228,6.943594591389481,7.835272567006949,8.230960713398098
15.35862,7.037181172948926,7.861270735274781,8.337861426564418
15.39166,7.12983265027782,7.88564890882211,8.437682373525163
15.426188,7.220481215124074,7.908358915318623,8.537611219229504
15.493889,7.309899413829752,7.92938224951029,8.634855117496972
15.526154,7.398279276325175,7.948714615178588,8.729839295971408
15.560097,7.485489729574047,7.966268552379933,8.83037846141137
15.660537,7.573898809645458,7.982006976551638,8.92894284503008
15.693518,7.661316017229139,7.99589529449153,9.025192801640566
15.759831,7.7475004445786455,8.007848085723317,9.122260344736462
15.792945,7.834436482866856,8.017898161958561,9.217780652867614
15.8262,7.920986339973246,8.02597842082298,9.310490498253921
15.894237,8.007111130429958,8.032086652163649,9.40051472628721
15.926366,8.091885437221126,8.036146240767298,9.488355356229905
15.959568,8.175217462941887,8.038055111330728,9.573795301587877
16.025223,8.257904695900175,8.03785976463748,9.649967677589705
16.059065,8.339887858393283,8.03551380656155,9.72286310303056
16.09366,8.419676807022638,8.030977115989204,9.792166168276529
16.158602,8.498065249284743,8.024216418402354,9.85779127302299
16.193169,8.574408552304224,8.015184739064635,9.925944316688813
16.22624,8.649405722115539,8.0039793056889,9.989392353870391
16.327318,8.723595839620343,7.990694857519308,9.991253841968788
16.359135,8.796629697654291,7.975227874346287,9.997791480980316
16.427223,8.868713418767078,7.957648362598268,10.0
16.460562,8.938174517418677,7.938066184672967,9.996930656730896
16.494104,9.005704775048097,7.916540623302614,9.99203755120227
16.55904,9.072200503005535,7.893089601608434,9.98247325658966
16.592253,9.136459543879642,7.867741782004712,9.967302618590937
16.627449,9.199694804229512,7.840507607178247,9.95236339639585
16.694435,9.264077831971434,7.811444422134678,9.935200482069689
16.726868,9.325520474964621,7.780564283630394,9.915281438678418
16.759779,9.385884331938557,7.747903572153605,9.892798014320524
16.82593,9.44420653185852,7.713546662049656,9.867739166920273
16.859983,9.500258184665475,7.677595223781269,9.840295849691726
16.893648,9.554447361875026,7.6400959124722405,9.818698678278475
16.99221,9.606687893953929,7.601041518765849,9.795105771256532
17.025234,9.657147282860914,7.560471861820895,9.775979688379593
17.094324,9.705551475703563,7.518480554230958,9.763632629067743
17.126057,9.749472303431634,7.475179741312754,9.748772793083823
17.159529,9.788598914083279,7.430644462976731,9.732117473729327
17.224594,9.82474683032044,7.38499199976455,9.720948540044132
17.260336,9.857328609618524,7.3383123698556,9.706853593297613
17.294432,9.886086587250489,7.290656444191171,9.697489766019412
17.359407,9.912759579738129,7.242136304987478,9.692367996618783
17.39301,9.9354690015436,7.192783992969806,9.683615981307554
17.425781,9.955961634683824,7.142567377568574,9.678530683699758
17.496185,9.972602783455747,7.09151180358999,9.66605144978546
17.526299,9.984041966234074,7.039655749212175,9.646845924507824
17.559124,9.993754205070662,6.986970579441075,9.627221057992207
17.660519,9.99938497851851,6.933410945706062,9.599105965442435
17.693707,10.0,6.879024595959081,9.566306320566765
17.758844,9.99604880925968,6.823827978792603,9.534169738173658
17.793854,9.989098718204218,6.768053049842047,9.487077763481686
17.826187,9.977832582870123,6.711663735747065,9.433127692583865
17.893232,9.965204827994835,6.654732559913413,9.378477298576051
17.926025,9.950938553246818,6.597265161452407,9.319908201080612
17.958546,9.930792738486696,6.539288186212865,9.257156588988657
18.025625,9.910615598363625,6.48076248391749,9.19415624378035
18.060324,9.887480382713587,6.421673471401308,9.128566630629814
18.093737,9.860201672126019,6.362094868146521,9.056281083998053
18.158401,9.83048008504485,6.302018166873445,8.983808558667716
18.191856,9.800720354384264,6.241403278945961,8.907906372455427
18.2263,9.768468050308762,6.18027323206375,8.82816856468997
18.326828,9.737691371711492,6.118616124537812,8.742237514356543
18.358809,9.70528529495146,6.056484121927876,8.654077142987193
18.425638,9.67103328005316,5.993886260212768,8.57082067933149
18.459023,9.634435076541429,5.930891335796434,8.485895728955155
18.493654,9.595161886239215,5.867572759319842,8.39928907899004
18.559898,9.554510732362866,5.804062437246122,8.319633059731256
18.592617,9.513527175420199,5.740446098448219,8.238183599138656
18.625925,9.470268834752828,5.676765928847477,8.155797329395492
18.694197,9.42760067269451,5.613037439218752,8.06195392639356
18.726406,9.381363477551137,5.549293514204168,7.966730525635193
18.758198,9.331953133228012,5.485579492341941,7.871341878133215
18.825254,9.280493942183108,5.421936461888394,7.771051138533107
18.859486,9.226523820473286,5.3583696633658535,7.669412846200473
18.892797,9.170326279386325,5.294964985880596,7.566191902950533
18.993141,9.111245145244464,5.231808360630632,7.450101608548291
19.026093,9.048140201407811,5.1688853477972465,7.333280361546148
19.093224,8.983038146496073,5.106248592440928,7.215715506237303
19.125917,8.916548048707254,5.044059428766475,7.084981538404413
19.159239,8.84737049018946,4.982225331857705,6.953144466356257
19.226097,8.773999182141923,4.9208548472416895,6.8203169710709854
19.259651,8.701396572061789,4.859892803982441,6.686431019827436
19.294495,8.627468630749608,4.7994573420231195,6.553383555567928
19.360065,8.552050725498672,4.7395573380884555,6.419713886487223
19.391888,8.47483927869115,4.68022770517486,6.286564385352856
19.431927,8.396265338540829,4.621586773115021,6.154469381354683
19.497307,8.317201936095831,4.563678497279325,6.0241679182013685
19.529072,8.236049741821256,4.506530924261351,5.894375353899362
19.560354,8.153441874462649,4.45016454155432,5.764847426523216
19.661531,8.07130995478541,4.394571976995731,5.636696787855997
19.695566,7.987393137800286,4.339744048762119,5.509559136757058
19.76155,7.901666478059641,4.285705073410413,5.377602659511537
19.795479,7.816337924588042,4.23244967087194,5.247647191029985
19.89557,7.729363148783204,4.179968754074061,5.119397367686824
19.93002,7.641742854340981,4.128239426734933,4.992299614675402
19.962494,7.554187616106398,4.077266785638443,4.867132635527453
20.027666,7.4654461451181975,4.027062512932732,4.740385355286741
20.061398,7.376410916505366,3.9777871580431996,4.60243805563174
20.096346,7.285639285027261,3.929408084980923,4.467734068984376
20.160435,7.195017392132377,3.881901543172757,4.335966180758884
20.194666,7.103783167852972,3.8352941501402467,4.20703072965017
20.228394,7.011816915463158,3.789663547739605,4.081084657576283
20.329285,6.917936788405799,3.745070303408097,3.9572158545797333
20.361444,6.824118546712027,3.701581968923171,3.834915777927777
20.428759,6.73057081491855,3.6592599408083593,3.714974432323317
20.462593,6.637007485411915,3.6181122343729157,3.5937780166637925
20.496487,6.54253101082508,3.5781663786517957,3.475051370571798
20.56224,6.447038339474096,3.5394004680355438,3.358662953794219
20.594372,6.351820444664955,3.5017548741548876,3.2464864109996587
20.628216,6.255886212280239,3.4652475147203052,3.1356263154154442
20.69667,6.159564744176375,3.429855008065853,3.027929254919267
20.733318,6.062447368947312,3.3955673842622414,2.9180268403794365
20.762423,5.965952634032551,3.3622861592152744,2.8092179488573352
20.827492,5.870004519513817,3.3299250598211785,2.7035456848434625
20.861786,5.774149306649554,3.2984716106237832,2.5958388655519764
20.89692,5.677992559561381,3.2678107242712744,2.488495243750392
20.994598,5.582391573061244,3.2378202731277548,2.388933854591016
21.028816,5.487205838161477,3.208399053108218,2.293422357884647
21.095451,5.391376618057934,3.1795263444843807,2.199329105356428
21.13003,5.2969314214119025,3.1511151829015067,2.1136576374599416
21.162851,5.203674864059584,3.1230255170442747,2.0331579567579383
21.22883,5.1108299968893425,3.0951523541309505,1.951101758291564
21.262558,5.017602453977401,3.0674419792664116,1.8729352835634014
21.296915,4.924299527909538,3.0397940308772706,1.8033786066450215
21.361525,4.8320784989029955,3.012270192204782,1.7330655348069859
21.394634,4.740920952905466,2.984778397334095,1.6661441325656934
21.427626,4.649241511192533,2.957312945303488,1.6035161772434774
21.496872,4.558609431405059,2.9298956465659454,1.5469862571041684
21.52985,4.4684119601962,2.902567718484253,1.50093725545586
21.56127,4.379101378044869,2.8753618406169497,1.4586591499925157
21.6636,4.2908649121476286,2.848356591987285,1.4229647857072896
21.697523,4.204122006438133,2.8216968255150707,1.3971059696616415
21.762007,4.117992332128642,2.7955564463058815,1.3744004789945543
21.794966,4.0324691096542375,2.7700025728711686,1.361342287320955
21.829235,3.947908464180951,2.745160673327067,1.3570315901677568
21.89543,3.8647899673092363,2.7211214349731714,1.355180410060633
21.929417,3.783423617696159,2.698003206191595,1.3513695593132067
21.962004,3.702450956485335,2.6758780937407827,1.3490075908302
22.02785,3.6227132676387224,2.6548412801537484,1.3496092766334569
22.061487,3.545090122843749,2.6349533217110745,1.3487449740812432
22.095898,3.4680632378415686,2.6162715795469675,1.3502125486952086
22.16146,3.3928363302482922,2.598836953585566,1.3541465427416954
22.194933,3.3182515998816493,2.582677976986924,1.3632508816952724
22.228128,3.2452740926817145,2.5677877668365867,1.3720671086985343
22.329363,3.1729532618596292,2.5541357532762974,1.3834104035086947
22.361908,3.102939719054535,2.5417413282878094,1.3978357537680466
22.428858,3.0345650754778535,2.5305515930383726,1.4113808073677856
22.462942,2.9673157927104414,2.5205037210074197,1.4283191598154952
22.49686,2.901722775154158,2.5115613056269774,1.4490351921016305
22.562153,2.8373457529059563,2.503694335690553,1.468981398135476
22.595182,2.773502096321555,2.4968933794199453,1.4926231490025885
22.629307,2.710242444279013,2.491136704702991,1.526553154848416
22.696388,2.64955687502408,2.4864249472175173,1.5667644971922603
22.729206,2.5889112970809998,2.482773788010474,1.609655266037217
22.762115,2.5306926504515004,2.480203539942456,1.6535608439091172
22.828323,2.4728856169813076,2.478699428391719,1.701160356942337
22.862219,2.4159911736417485,2.478316828696036,1.7501313631747522
22.896233,2.3615921620621725,2.4790586704567605,1.8009552345460913
22.99634,2.309442845882663,2.4809263195522053,1.8572739015106872
23.030003,2.257909250946595,2.483917122247712,1.911890604946584
23.095976,2.209486658312001,2.488058582559391,1.9668128738389463
23.129732,2.1622526073192057,2.49331726761866,2.0220733101879604
23.161236,2.1160862576846067,2.4996508570984344,2.0751218577979706
23.227753,2.0734149856308006,2.507196601530419,2.126037013863405
23.262753,2.0321611395999395,2.516016888237372,2.179843879276427
23.295965,1.9929993510585924,2.5259743148895764,2.233089806437865
23.362438,1.95734747151988,2.5372124770010305,2.2860245913079633
23.395363,1.9208462621233968,2.5497816673718945,2.3382526844232046
23.428751,1.8876939477069468,2.563841486697572,2.375339875749924
23.496714,1.855459580066662,2.579255621175242,2.4117114474418506
23.529728,1.824907627123972,2.5960133541019355,2.477335107172639
23.562033,1.7989420768693958,2.6142649415164905,2.5328094990960937
23.661604,1.7739101745995451,2.6339027146233325,2.5902859397418294
23.696682,1.7522040510673937,2.654890237694987,2.650660374176818
23.761595,1.7329421100725115,2.677186122910261,2.7109545170926737
23.795387,1.7161663279935215,2.700784819591223,2.7731788017918455
23.828537,1.702331409872814,2.7256496811753057,2.8382742930967404
23.8969,1.6903628911554915,2.751768810784017,2.9119482446452416
23.93012,1.676485002937026,2.7791680772944165,2.9864089951290107
23.96109,1.6657205237002441,2.8078466559714776,3.062973202063881
24.028437,1.6575059632546991,2.8377777225478993,3.1426935316040394
24.062077,1.6497690440490143,2.8690126405257534,3.2248819745605006
24.096737,1.6439755809268461,2.9014338804533035,3.3095392918023414
24.163088,1.6412217635705382,2.9351684092741097,3.392487988603568
24.195042,1.642525098465719,2.970225766740282,3.4773458685630274
24.227518,1.6445757254272517,3.0066256628222057,3.5506211323195886
24.329327,1.6474564300454833,3.0443490949691565,3.6194067486510497
24.361828,1.6534396670315108,3.0833799033750204,3.6877507471856608
24.427752,1.6639883836546807,3.1237016787502485,3.7566801846289093
24.462118,1.6752757441237358,3.165346089899264,3.8213383059703894
24.49609,1.6892663664037648,3.208303579733789,3.8829523682090517
24.561708,1.705329585338087,3.252587075394667,3.93060963467561
24.595888,1.7233295854025426,3.2981129905096593,3.975512222152647
24.627905,1.7431367307317747,3.3448740870260303,4.0199961950602425
24.69588,1.7654639721371508,3.3929759376034645,4.051427214286784
24.729996,1.787680551420074,3.442323324885014,4.085689625613845
24.762356,1.8141418780882543,3.4928948206708195,4.1196320334292675
24.829395,1.8389311600116094,3.544752776835208,4.148018038741611
24.862494,1.865619941500328,3.5979546791254187,4.17791577111305
24.895914,1.895673877888254,3.6524774920475958,4.205572284033908
24.994768,1.929608170535188,3.708350773760893,4.226160171911452
25.02801,1.9636584155010781,3.765416087992199,4.254308205377132
25.096195,2.001244278723402,3.8236837115659763,4.283448113144146
25.12961,2.038142083303624,3.8830598815143875,4.3088131872585995
25.163195,2.0778241643589452,3.9435325152776417,4.335161436698807
25.228182,2.120761206957136,4.005032853983202,4.360098899316152
25.261856,2.1631480910238454,4.067529533353365,4.381193425156323
25.296259,2.2070882120161897,4.131037216633533,4.402959112153773
25.360924,2.2534066366786334,4.1955199163102295,4.423625036115548
25.394693,2.303661210155649,4.260945997565911,4.439241194401391
25.429316,2.355768274895886,4.327372409249006,4.4571474549009675
25.495733,2.4093295909904167,4.394780609066954,4.474260450930886
25.529953,2.464948107789734,4.463201150531216,4.501340904181402
25.560774,2.5228798790062874,4.532632586091332,4.531103019215883
25.661404,2.5807946246395,4.603056482323659,4.556009793488592
25.695093,2.6399597256656824,4.674460486728528,4.582823226870159
25.76155,2.7009173027375417,4.746803116355646,4.611807409112609
25.795462,2.7625150245941614,4.820041634555231,4.640563271545365
25.82851,2.8247416396689466,4.894150582713883,4.670392066822722
25.896986,2.8889662166237176,4.969110046055365,4.700909058690787
25.929821,2.9547244850524264,5.044929361537195,4.737580454436609
25.962814,3.0213744795631237,5.121554359802325,4.774599743365774
26.028423,3.088564635069111,5.198925118981258,4.8100730602531065
26.062277,3.1572304512142457,5.276999550674739,4.847943613888993
26.096191,3.2259561259511167,5.35579807405601,4.885015197526659
26.1618,3.2962147321972064,5.435262477414325,4.920823809359238
26.194834,3.3683151162233913,5.515263259501202,4.968548284249369
26.228632,3.441813190871537,5.595825163562166,5.015064444042568
26.330193,3.517470276493042,5.676856822416009,5.060777435454
26.36148,3.592983814438103,5.758235977882143,5.11231681073122
26.427658,3.669952939018184,5.839917317794078,5.163534161162895
26.462835,3.7486513638307684,5.9217467573471225,5.214220779598776
26.497116,3.828584505273658,6.003753575664377,5.265872852295627
26.56174,3.9083755241556055,6.085828352044008,5.3156455597598224
26.5954,3.9880277953892107,6.167871749473849,5.364196205230223
26.627218,4.068537484028531,6.249672022000054,5.411517617915403
26.696814,4.15006976999113,6.331000615948393,5.456939142934896
26.72871,4.230919006420727,6.411727273672149,5.4995890545103405
26.761408,4.312083203690208,6.491663718355333,5.5401024682927416
26.827202,4.393384902131138,6.57068509003765,5.575434125083741
26.863594,4.475305824290276,6.648714398002514,5.6086352875121985
26.895947,4.556943075094246,6.725730466604494,5.640351789281209
26.995018,4.638541740791607,6.801622813794256,5.672533633966834
27.028925,4.720169858725818,6.876326630370577,5.702852097157231
27.095524,4.8017849822920295,6.949891644450063,5.731991632390726
27.12899,4.883408485570059,7.022289961688502,5.760377966258757
27.16228,4.9644193713450635,7.093538967493556,5.78780257930518
27.228128,5.0452386779765614,7.163608644578699,5.822273107624419
27.26166,5.125885434402632,7.232272430146732,5.859663391463255
27.296518,5.207009691329856,7.299506950690911,5.896344359780071
27.361101,5.287494953553638,7.3653500052669,5.932399021253925
27.394001,5.368508072592442,7.4296403766184165,5.968140130446346
27.428192,5.448740999317418,7.4922500960341365,6.004718779898569
27.496092,5.52988326230003,7.553083692025422,6.035880899524196
27.530834,5.610336611377789,7.612057529634023,6.068202217239045
27.561783,5.690270588052095,7.669107077967937,6.1009132580100705
27.661829,5.770802399704583,7.724247644710416,6.13570907006805
27.697319,5.85106535310832,7.777437586625904,6.169950086846207
27.761877,5.9299166897059585,7.828652209698508,6.2040087268090405
27.79481,6.008400178008024,7.8779323197183455,6.223701584180381
27.82808,6.086230837933529,7.925219734440536,6.244138344026421
27.896439,6.164195938700294,7.970446891839512,6.265557410744233
27.929886,6.241081829008164,8.013485753756566,6.287328610570401
27.961296,6.317505021063368,8.054295053455784,6.310036039688955
28.027853,6.391862424303945,8.092851993969013,6.333104743839977
28.062588,6.466142670174639,8.12907638566311,6.356391331409772
28.096596,6.539099411665742,8.162970910122159,6.381952459515833
28.16093,6.610493284344037,8.194550829181477,6.405912748893671
28.193962,6.68071803919682,8.223872410342759,6.429859410545428
28.228071,6.7503350663114245,8.250911996524945,6.4545918260426465
28.329342,6.8180909121333935,8.27568214229492,6.477171800560231
28.362162,6.884470656788533,8.298282725353456,6.500642777118407
28.429155,6.949353385094992,8.31882224863301,6.532583808460488
28.462881,7.013581097461464,8.33732728842185,6.564301268955003
28.497261,7.075894709561193,8.353800936514318,6.596268304614201
28.561813,7.1371796668630045,8.368245165864648,6.636186401624263
28.59642,7.197329377874689,8.380636035733021,6.683281253154315
28.628307,7.2575752817032235,8.391053339216228,6.730050702432975
28.698662,7.315020481911473,8.399506088508533,6.7714046315367895
28.729258,7.373335297116602,8.40599260557947,6.8101867886878535
28.762482,7.4293817647208,8.410532596024524,6.8483669157598905
28.829578,7.484082159187332,8.413126771107507,6.879114227400575
28.86426,7.536544519369557,8.413675610005482,6.9086595972648945
28.898607,7.588223308387905,8.41214710371867,6.9375905836205245
28.996284,7.638277154464351,8.408611751966163,6.951275409276782
29.02972,7.68648333047373,8.40303516798438,6.961925744976313
29.096985,7.731854925171368,8.39543383862512,6.971103140981975
29.129728,7.774753057421563,8.385801736529,6.978914814966391
29.16118,7.8167266666279485,8.374066689268739,6.986944815884256
29.227974,7.855382126211153,8.36020854421436,6.993477990030721
29.262707,7.89144397574114,8.344164243316726,6.999343451284995
29.296217,7.925692303018165,8.325912556190941,7.00363055068458
29.370525,7.9563960855610185,8.305435492473404,7.005914868070714
29.396381,7.986425878492517,8.282753550310233,7.006835810065889
29.430359,8.013395568016934,8.257819133645643,7.009863676441487
29.498594,8.037833587558868,8.230679425285022,7.0113163638144265
29.53199,8.059081900801045,8.201323248178578,7.01379075931461
29.563587,8.076288497675518,8.169806116244748,7.023500178461297
29.664167,8.091468544871244,8.136201183068119,7.031020163947421
29.698977,8.102613733508022,8.100560752130736,7.038407345489313
29.764095,8.109461834302994,8.062972555701757,7.051849292278385
29.797825,8.116078337409558,8.023480357910735,7.062845091359928
29.830805,8.119635478769107,7.982097520736023,7.068493590442532
29.89849,8.119945896548566,7.938881961988913,7.066259857317702
29.932678,8.119294263889024,7.893856282420771,7.0618269458073835
29.965075,8.115134099085266,7.847031904638432,7.056366178509111
30.031391,8.108897145497803,7.798540931427149,7.042254823089139
30.064123,8.101738386694361,7.748355974056624,7.025361857728382
30.09859,8.09149283988708,7.696516301384121,7.012496121265713
30.163675,8.077078318114488,7.643148941590862,6.982102291556059
30.197323,8.061683123495703,7.5882555241707355,6.94922998035364
30.229296,8.042065179104421,7.5318150665554855,6.918242120658742
30.331064,8.021391719344376,7.47403482410136,6.88237612491068
30.366032,7.99790372512007,7.414996486556868,6.843584234733827
30.430134,7.9719498169789,7.354720647811173,6.801502404887562
30.464289,7.944944451718403,7.2930596151486435,6.755042012419702
30.49727,7.915083834201269,7.230276198131821,6.704355895012315
30.563057,7.882105451796478,7.166332288032271,6.649767952033242
30.597385,7.850020359813856,7.101261005766986,6.590933900792104
30.630377,7.81587059403894,7.035053924040381,6.536684933648225
30.698105,7.780574811691395,6.967824146183231,6.478703788874084
30.731283,7.744473016982088,6.899573600083188,6.41713168484457
30.763628,7.705823737938678,6.830296066331513,6.3584212609215776
30.8305,7.66723550746245,6.760109688124649,6.297320035033848
30.864897,7.626381134228338,6.689043315329223,6.232547952820358
30.89878,7.583260945097601,6.617128962788412,6.161927694575574
30.99727,7.538335586906109,6.544437721891175,6.088297763298373
31.030266,7.491986464030667,6.471051254970538,6.012560566504089
31.097721,7.444352336080996,6.397048212290409,5.931211186245234
31.131771,7.398742823755064,6.322504292194324,5.847966283117093
31.163006,7.3518802525431655,6.24745752949054,5.764628777264311
31.22998,7.302380851709303,6.172021694361247,5.676059421044367
31.264172,7.255047023757099,6.096179410937971,5.584437137606355
31.297632,7.206324809175011,6.020034410223796,5.489909082147924
31.365927,7.155473251752071,5.943517219573356,5.391370524669382
31.39615,7.10150735898873,5.866647622313728,5.28967577243336
31.430502,7.047371631833973,5.789432050705814,5.194975358033856
31.497623,6.993374539092373,5.711930342244429,5.098633729837955
31.531567,6.938279984418627,5.634168301229493,5.0005385928569
31.565092,6.88125416372545,5.556204466038448,4.900084280902872
31.66455,6.825740991871862,5.478059385746026,4.797964298765329
31.699028,6.7693065972681135,5.399796783037383,4.7005077768003325
31.76402,6.712359729555223,5.321447867403972,4.609438039846491
31.79686,6.654964102049738,5.243156841975552,4.516507055242583
31.830677,6.597226329180774,5.165016695263487,4.423660939570649
31.898613,6.537973354132402,5.087045574322211,4.336317407306784
31.931938,6.482250233795564,5.009338444120591,4.247752988115072
31.964176,6.425080983103285,4.931978542508851,4.16013598342786
32.03034,6.369556460600461,4.8550164642542954,4.075370670760109
32.063877,6.312961713865561,4.778429167539084,3.991314619812786
32.09796,6.2556028053090715,4.702259124311695,3.9138994068863258
32.163116,6.1968372635639275,4.626544791302083,3.8407718724995736
32.196968,6.138535742470653,4.551403686905247,3.766599728684272
32.231003,6.078984681339335,4.4769042840247435,3.6944721012618142
32.335434,6.020146062899108,4.403212972577038,3.6256495403715574
32.363754,5.959383706708415,4.330417430943914,3.554326748501538
32.429752,5.898025363205341,4.258649194618854,3.4912106521375232
32.46409,5.836174888870679,4.18801970256782,3.4327567842095723
32.499172,5.77412495202382,4.118582368482105,3.3731282063440657
32.563766,5.71153318973773,4.050401847275574,3.3227697560428693
32.596462,5.647079886684726,3.9835631884180134,3.2785998527266496
32.63087,5.582431325585624,3.9180372994939847,3.2399775336188017
32.69825,5.517111402363548,3.8538537641629507,3.2103512574281785
32.732876,5.451567673867885,3.790997891407882,3.178569927927785
32.76411,5.385729693354583,3.7294124853340596,3.1520798436241395
32.83009,5.318676628062669,3.669115529573867,3.133345656512934
32.86519,5.25168193536609,3.610086209805532,3.1155609296888063
32.898758,5.183803744025551,3.5522853769365987,3.09903016894534
32.997665,5.116549297523336,3.4957199573648237,3.076708727319644
33.031525,5.049245375544947,3.440339440503898,3.0548415206402373
33.098167,4.982053583229861,3.3861083139547126,3.033944247431137
33.13275,4.9128357517493475,3.3329756963181256,3.0073842703702804
33.163643,4.844459431393027,3.2809181045589635,2.980947499587704
33.230232,4.775081408074155,3.229954920688045,2.9556729387164316
33.263916,4.705860125016941,3.1800727128732844,2.9202814352536346
33.298443,4.637121250307927,3.1311699441996863,2.8856023845138616
33.365295,4.56814847945397,3.0832365974013904,2.853301792722564
33.39793,4.499063180604123,3.0363410288372674,2.807101845519879
33.430496,4.430241479694302,2.990316321965267,2.761380324907106
33.4974,4.360485009888872,2.9451520345433067,2.7163358998963396
33.53191,4.291773151862028,2.9007886861865773,2.667582583921782
33.56347,4.222766510125352,2.85726094458167,2.620269084570529
33.663616,4.154411543176638,2.814570602564034,2.5740942516929013
33.698887,4.086064959721417,2.772642036615094,2.5264354650979586
33.763237,4.0177120826489805,2.73143622633979,2.4803653437586024
33.797123,3.9500086277386783,2.6909668782239873,2.4356827281479583
33.829872,3.882929247606988,2.651364415403595,2.3880965746994494
33.898182,3.8161718981732435,2.6128036158883945,2.342854092690022
33.93234,3.7507701879140924,2.5754106113098745,2.3001920393711797
33.965267,3.6859891756365077,2.539356343843723,2.2558546498886636
34.031067,3.621465772084286,2.5047567341194696,2.2211697679707063
34.06427,3.556737310813217,2.471715900094063,2.189826892251269
34.098133,3.491951836058192,2.4402813342210585,2.1639958864214446
34.16356,3.428892930203018,2.410587453248391,2.1423526196781295
34.197353,3.366391717521922,2.3827173214009707,2.124643210202035
34.231316,3.3045329924938485,2.356558871440936,2.11275963078836
34.33232,3.244488664728611,2.332269466909312,2.102527630196791
34.365158,3.1852120415987306,2.3098318675009346,2.09394397686499
34.431618,3.1271856846346253,2.28926320363959,2.0830071554104017
34.46668,3.068366845072233,2.270817167487216,2.0800252541031545
34.49933,3.010133447844931,2.2546192908696447,2.0797459886548073
34.565826,2.9525292710674704,2.2405595273484167,2.082523038731311
34.59732,2.8944822984163943,2.2288833069173397,2.0878381594298427
34.63105,2.838540172503804,2.2196958441339203,2.093894353586777
34.698753,2.78257760722034,2.2131319484842695,2.1047091819740604
34.732246,2.7273211255828413,2.2092383337042505,2.1166941797617587
34.764233,2.6741032767031823,2.2080281162779034,2.1312703561881223
34.838356,2.619897928048046,2.2093823417069984,2.1435772799834787
34.86537,2.566055170559706,2.213240362381726,2.157754749646479
34.89943,2.5139956075131,2.2195280879293815,2.1744937460631806
34.99714,2.462839414039716,2.2281773280410997,2.206085671443612
35.031128,2.4121466907137403,2.2390546768413495,2.2409207904525315
35.09959,2.3628830102676432,2.252133910024653,2.276769049829901
35.135273,2.3150140452001677,2.2674652309554673,2.3161730931836813
35.16332,2.268987206766272,2.285041113293817,2.355385354836301
35.23053,2.2265382539308503,2.3048554302185993,2.3975884813530843
35.264866,2.1825349565667396,2.326943889596939,2.4435835727061557
35.298172,2.1408264700521804,2.351308599246208,2.4911301200293328
35.363483,2.100474272491365,2.377894122395962,2.5401279229802465
35.397465,2.0610753436963827,2.4065437550125734,2.592674598931358
35.430683,2.024824153870501,2.437232154273609,2.651739021216954
35.49734,1.9880933046398996,2.469942812645471,2.7124522912880296
35.532104,1.9544520672509174,2.50452439255193,2.774083964161061
35.565964,1.9225548713306795,2.540767114913033,2.8326282573616224
35.664677,1.8934060831995405,2.578652029154221,2.892951298114582
35.69866,1.8664650079112126,2.6181143227733124,2.9551612589527134
35.76565,1.8412761847498202,2.659120030683211,3.015827432902348
35.798164,1.8183297952378827,2.7018115617021468,3.0639018930055975
35.831123,1.7973005060877814,2.7460368352097086,3.112941399972604
35.899334,1.7797953828320372,2.791786882150879,3.165627003001504
35.9313,1.7628553030137948,2.839056507657099,3.2172353988013036
35.96465,1.7483957287619007,2.8878299928949542,3.2698183555302185
36.03175,1.7367689073171013,2.938066266995544,3.327193519832952
36.06416,1.728601233240395,2.989794511765309,3.3771193949291445
36.098583,1.722265825008431,3.0429904006768003,3.4283922935003943
36.163776,1.7177546526438456,3.0975612543376525,3.488768908025773
36.198334,1.7154391304682703,3.1535039081243754,3.5458465062861984
36.231045,1.715085624469787,3.21079431118389,3.605631102598622
36.331383,1.7179582292699933,3.269345366355302,3.667843413994288
36.363853,1.7225703189394215,3.3291971136380782,3.733308763535015
36.43022,1.731009968381726,3.390303564759878,3.800660790526673
36.4645,1.7419946709524936,3.452637354348629,3.868072007127153
36.497433,1.7557991350345103,3.5161933771542686,3.940232735377539
36.565273,1.7732664120792407,3.5809429231323824,4.013824482803351
36.597603,1.7919496316250312,3.6468058997938146,4.088133215661139
36.630203,1.8126195911632397,3.713842434655675,4.167548990158035
36.6987,1.8352314567933405,3.7820645479627117,4.246928190352011
36.7313,1.860515458551728,3.851453496241583,4.323417500613093
36.765057,1.889276424190009,3.9219845508908935,4.39407427710993
36.83068,1.9198941612045577,3.9936158026382964,4.464193694810313
36.864666,1.9535212516668703,4.066306671090831,4.5304666854145585
36.899513,1.9900176003650452,4.14003894036553,4.592096999682616
36.99758,2.027061067761315,4.214713799359978,4.652412272704638
37.0307,2.0673268605772708,4.290314591443995,4.710473729395512
37.09686,2.1108638332031138,4.366792103882469,4.768555797456686
37.13265,2.155992967258084,4.444128448274023,4.8229200408879445
37.16513,2.2029065971760122,4.522324071380111,4.873767102857703
37.229786,2.2522065738375665,4.601246501579344,4.926652883922308
37.2639,2.30100009543208,4.6808917659977,4.978456915201853
37.297913,2.3513451992461434,4.761220242347045,5.013481798599037
37.365574,2.404926103968358,4.842123313901625,5.054951362483454
37.396954,2.4587910938028648,4.9235870124055205,5.097502814323159
37.431175,2.5150223537104273,5.005681513228841,5.126224825061448
37.49919,2.5719035077761787,5.088198031179308,5.153141011230734
37.533504,2.6314291082681955,5.171094319925152,5.177897743795802
37.564434,2.691984323257999,5.254297074054837,5.201184172577371
37.66545,2.75354830355508,5.337876810933885,5.222618911710136
37.698868,2.8166820901276974,5.421725926133712,5.2428934738929645
37.7637,2.882261551720335,5.505839382170764,5.259895858823761
37.796722,2.9493746205565228,5.590141775828835,5.275018730988391
37.831356,3.016987385655239,5.674479532699373,5.2873975075720265
37.89883,3.087498282769879,5.7587693410683825,5.297699329266367
37.932926,3.1591666911122815,5.842988566042166,5.3064176456631476
37.964203,3.2309239836220818,5.927101857962754,5.313613431965904
38.031803,3.3044761831803298,6.010952911813916,5.318712200326879
38.06355,3.379010712800535,6.094504325673471,5.323743622239118
38.098522,3.4544891307665413,6.17773238224244,5.330506646077497
38.16397,3.5304314266309236,6.260560852733479,5.337971164828509
38.198467,3.6072569219383146,6.342929292344351,5.3440407635449905
38.230534,3.684648191206044,6.424743000090655,5.349426673406522
38.33193,3.760334246446578,6.505868824976456,5.350725248537244
38.363712,3.8360840527232414,6.586236232945501,5.346494589591961
38.43009,3.9119357109147277,6.665689793053298,5.344441632519402
38.46575,3.98788047095544,6.744162614055405,5.342293001527736
38.497204,4.064356339395003,6.821606943267392,5.339686948093854
38.563396,4.1415547469749505,6.898038133841559,5.339069964796975
38.59793,4.219670560526232,6.973456460305691,5.341389424037862
38.631,4.298517656001419,7.047871051680598,5.336985185519706
38.69937,4.377223015922874,7.12120300806927,5.332474501177112
38.731724,4.456196645927821,7.1934798317216115,5.327156078125394
38.763298,4.536053721334607,7.26467660279009,5.3220633234180115
38.830032,4.614640725248702,7.334761723648266,5.3173035824896955
38.866062,4.692878297663431,7.403599579192886,5.314758273816841
38.89855,4.771017540059887,7.471262720174847,5.309196157607856
38.9977,4.848244836076159,7.537666930932534,5.302790849453716
39.029663,4.926144566723193,7.602759603374485,5.294410422590014
39.097984,5.003735371400294,7.666505487810515,5.2856944382454465
39.132057,5.078474678468256,7.728869420382103,5.276396739896735
39.16509,5.152854809824858,7.78979472353761,5.262352772621969
39.230545,5.226203053812865,7.849189048173467,5.24820951448591
39.26338,5.298840765316534,7.907092960646432,5.234295960963116
39.298542,5.371778821448904,7.963507028210821,5.217869423677363
39.398003,5.444474188807203,8.018362723637978,5.200748395570471
39.431465,5.515909275649411,8.071573415399783,5.185696093838807
39.498913,5.586809388239572,8.123058095862476,5.170783183492946
39.531464,5.656200923882569,8.1726745518745,5.155812277106347
39.56514,5.725317215133867,8.22034700410875,5.148968678907475
39.66475,5.794555407928615,8.265986761043278,5.1394652765908715
39.69863,5.862053821380522,8.30950142690121,5.12928960448041
39.764,5.9280367328974055,8.350829469141583,5.1271868972710495
39.79726,5.992751394713552,8.389916628158224,5.120816660227525
39.83127,6.056298270236601,8.426677494207464,5.113909786017918
39.898716,6.1189849779767576,8.46110955822612,5.1004366957588205
39.93139,6.18092675829742,8.493165035395565,5.08383285749412
39.96518,6.241145718411496,8.522824645029134,5.066454858877999
40.03053,6.299808685477298,8.5501143796445,5.042730861606991
40.064312,6.357073163175544,8.575034344030598,5.014017412647466
40.097992,6.413191468410325,8.597566359202855,4.983602731975997
40.165142,6.468081504438466,8.617760247705075,4.950219818274635
40.196682,6.521371882678914,8.635583990245335,4.918910797661098
40.230766,6.573332786382378,8.65106880085468,4.886476051374619
40.33086,6.6235195822578605,8.664254666585034,4.8524698194295794
40.363235,6.672363161346505,8.67514831992416,4.82055880524191
40.429985,6.7200180874671185,8.68381513510802,4.787962475543084
40.46437,6.767111149015249,8.69022990022228,4.75430427574316
40.4984,6.811854412547989,8.694443465487115,4.727923438635229
40.5639,6.857125977350083,8.69654245839146,4.702159761671931
40.596867,6.901625661191194,8.696552136654352,4.675488451225232
40.629726,6.943776804141072,8.694473625779684,4.658165471748171
40.699127,6.984650304097456,8.690417017342742,4.649013343589102
40.732758,7.025971742879292,8.684486285051332,4.640141130458762
40.763237,7.0665684954786,8.67676908975243,4.639749919561242
40.830124,7.1051231334900935,8.66728794998683,4.64359472070589
40.86439,7.141923809515533,8.656156383822344,4.6476394709585165
40.89902,7.176338788030664,8.643498512820456,4.654911014376859
40.9982,7.209888913862317,8.6294096484148,4.666066014613813
41.031925,7.240077453141361,8.61401793854135,4.6788462594490365
41.098343,7.268351450570616,8.597386261957428,4.700976687292821
41.132206,7.294938929327982,8.579568851958086,4.726576000303891
41.163754,7.319451334764135,8.560559838968237,4.753006983881054
41.230576,7.341746382062527,8.540388005257265,4.788480728532924
41.264366,7.36159508486945,8.51909319366224,4.824267539716928
41.298237,7.37905503774708,8.496669116391955,4.860281407669298
41.36496,7.394329963721474,8.473122603886766,4.890992235178415
41.39649,7.407587477827812,8.448412679000159,4.91819005226394
41.43096,7.419616065316427,8.422533437019322,4.945563617943168
41.498898,7.430266641249211,8.39560379807473,4.967046038945283
41.532566,7.43751835076876,8.367524800878227,4.987022585891794
41.564983,7.441215905600367,8.338307117042485,5.009441737126495
41.66381,7.443686342565904,8.308004398695672,5.033448046224371
41.698944,7.444473572906799,8.276509684810842,5.05297191786888
41.764107,7.442899591461987,8.243752540287742,5.074022963409377
41.79792,7.439881338415755,8.209802739245172,5.0953941220219
41.830883,7.43355138415879,8.174510105710581,5.120484703724841
41.897923,7.4250236217774574,8.137815309015721,5.147520431725472
41.932377,7.415302343802204,8.099589661027,5.17536565119547
41.96516,7.4019863240740955,8.059766823143855,5.207464683876277
42.032196,7.386990742582123,8.018353695136089,5.239633210014221
42.06455,7.370255210701435,7.975373875438567,5.273508610660689
42.09907,7.351477074952341,7.930839749738905,5.315140480335936
42.165703,7.331809278888611,7.884854146624973,5.356093517993902
42.197678,7.308828337901962,7.837404128859729,5.392932424008878
42.231083,7.28496231482296,7.788617614958747,5.432137985588599
42.332848,7.259087566308874,7.7385396787516685,5.470493878144926
42.364037,7.231452564085288,7.687146739668243,5.506575965662034
42.430573,7.200629371490587,7.634467949303221,5.551429094112893
42.46597,7.168340361692101,7.580528759407244,5.594995015484519
42.497887,7.1350883651767125,7.525321135470544,5.636962536053389
42.565105,7.0989934745169645,7.468792887026169,5.683423340547237
42.597153,7.0601630838283915,7.411014925365301,5.7275749918661365
42.631207,7.020986246541265,7.35211764113733,5.769446869839337
42.699005,6.97793060421563,7.292099587330818,5.807689404935573
42.731728,6.937064456795571,7.23104315382892,5.84317233724947
42.763477,6.893022161496737,7.169073158507307,5.876365893831116
42.831436,6.848433477462605,7.10636197984329,5.906926602227395
42.86504,6.802601889180755,7.042962461478938,5.934449193246278
42.898186,6.754464380745872,6.979006258099169,5.958869939233314
42.99823,6.70647800273074,6.914610212120018,5.9790195852118195
43.031223,6.657501727031017,6.849687854262742,6.003079339854248
43.0992,6.607760319264039,6.784359419864418,6.024920089258656
43.130764,6.557528418835733,6.718674926481,6.04446901817379
43.164074,6.50622832992556,6.652683646925545,6.062169909765373
43.230793,6.455911446368472,6.586438364299364,6.077393120162278
43.264862,6.402831614681456,6.519991678823487,6.089649615400029
43.299152,6.3483694015198004,6.453382512282786,6.109237632474391
43.363747,6.2929910637212165,6.386668946753498,6.126479341217325
43.39681,6.237558328812394,6.319910781940173,6.1412991929967236
43.430405,6.179633130285163,6.253119821716686,6.1655719676893295
43.49854,6.120724592828659,6.186353921236033,6.1868620246289705
43.53567,6.060316821674696,6.119702735863162,6.205114838820252
43.56513,5.998714436199234,6.053209618615574,6.215555770473497
43.664658,5.936802038182653,5.986958220723998,6.223137461981124
43.699104,5.873223626722174,5.921087179263618,6.2280659166607615
43.76416,5.808025299718845,5.855588429707952,6.228880313178543
43.79701,5.741235823751733,5.790578986232706,6.225790286611126
43.830826,5.673039825405175,5.72612441007862,6.218979207358093
43.898785,5.604756171190872,5.662262425180028,6.19479947452811
43.93262,5.535976603573572,5.598980514409893,6.166734363926679
43.965336,5.46574733828711,5.536342844228112,6.1363768846854105
44.030884,5.3942703691109495,5.474405400869206,6.102337819275674
44.063923,5.322385073349686,5.413185596853746,6.064646286467425
44.098324,5.249250361656249,5.352715445695633,6.024890604845293
44.165226,5.174857028724798,5.292974588463362,5.9807488282123344
44.19694,5.0994865468349895,5.23412139173854,5.933252147978738
44.23067,5.02264306795843,5.1762177245491205,5.882585550028813
44.33169,4.9438284026372585,5.119291387157927,5.828783399462371
44.36557,4.863581328366777,5.0633695095596805,5.7771198556663865
44.429764,4.78247681037085,5.00848035206873,5.72268658945665
44.464146,4.700189114427468,4.9546878814214645,5.6646257482056726
44.498756,4.617225475969189,4.90201860448481,5.602651909599868
44.565147,4.534085154239149,4.850511110223431,5.544843598875676
44.598,4.449684487855705,4.800176387778618,5.484304820643915
44.631004,4.3654997935196755,4.7510480840698595,5.416034690729346
44.699284,4.281097731848129,4.703062254074249,5.352002545519162
44.73181,4.197319806093419,4.656267797941888,5.286861745825023
44.765198,4.113431265685455,4.610652900721357,5.220947292943239
44.830666,4.028575008917055,4.566241775517144,5.153492484313471
44.86507,3.9428521781258294,4.5230333341172395,5.085261922529583
44.89879,3.857376662029501,4.48100054846192,5.015079202745064
44.99673,3.7709052090110657,4.44009909981741,4.947936841729359
45.032555,3.6845413558279176,4.400352871763292,4.880152642043839
45.099865,3.5986630294488227,4.36182120168139,4.8120685376362005
45.136017,3.5114965711094546,4.3245123286801475,4.746867026195881
45.16383,3.4239912501717287,4.288425115886953,4.680590353652974
45.23154,3.3372536167803566,4.253482358360933,4.614028778973676
45.265152,3.2502805938690327,4.219799811725546,4.547942815826713
45.29976,3.1635592562603785,4.187373319651338,4.481297440820306
45.365807,3.077168979142488,4.156187300511199,4.414384091474197
45.39811,2.9917055941744564,4.126225911702908,4.346823275032711
45.430954,2.906434866887022,4.097456370969618,4.279330645474931
45.499035,2.820976521946376,4.069889769596564,4.2114025177155705
45.532116,2.736956374770122,4.043576268264592,4.150747663636518
45.56532,2.6544662661850813,4.018541353771115,4.093084589012363
45.665485,2.5738274376289985,3.9948836179447826,4.035375993724618
45.700832,2.4930816364019095,3.972689176022055,3.9783177538573162
45.76546,2.412894101806935,3.9519925849520985,3.918599705336896
45.797737,2.3340356315353583,3.93281952077983,3.858713245976704
45.830566,2.2560699676236466,3.9151854062162945,3.7943436371128256
45.899647,2.1775134734980863,3.8991192689905856,3.7351047066950316
45.932808,2.100739638632434,3.884667704027263,3.678033706807361
45.96525,2.025340223195377,3.8718605431263775,3.624947126066949
46.032288,1.9497251198539063,3.8607174035631635,3.5770272087392585
46.064426,1.874663307785608,3.851234405641934,3.5309188537161287
46.099483,1.8004505394208101,3.8436039315496835,3.4750272528883785
46.16396,1.7278754832444525,3.837718707049646,3.423845603000616
46.1985,1.6566586299156898,3.8335998424753597,3.3764455640332045
46.230377,1.5851160303432996,3.831277252360217,3.333165596907925
46.333286,1.5140127608035512,3.8307196499662,3.293238257732809
46.36528,1.4438501277749223,3.831959753614458,3.257628126266861
46.430786,1.3753678622536287,3.835023719457247,3.23339554781907
46.463856,1.3074808761863672,3.8399485310874137,3.212624012491675
46.499035,1.2399820225948006,3.846741133709034,3.196071766425093
46.56565,1.1729757295678016,3.85537524802197,3.1818888052392764
46.597675,1.1055788537242142,3.8658792976563414,3.1731991106231208
46.630665,1.0408038575763354,3.8782479017131273,3.168057217812367
46.698627,0.9761161841259687,3.8925132123787254,3.165610253630657
46.73227,0.9103843475053793,3.908694732036589,3.168096005962262
46.76521,0.8473780112881798,3.926794356267835,3.1681558017815505
46.83096,0.7842173527022243,3.946808174773241,3.171222322535258
46.86413,0.7235494961633517,3.9687891104019504,3.1797017968696526
46.897694,0.6661655235229785,3.99273977086736,3.1848715507354917
46.998547,0.6098457244566519,4.0186856437007545,3.19493971060275
47.031483,0.5568626661658775,4.046620066636208,3.210079974501683
47.097916,0.5048085155670683,4.076533454776116,3.2324291790723803
47.13267,0.45497056408946457,4.108430691946756,3.257642267610719
47.16438,0.4068319288202395,4.1423212196473695,3.288262841480125
47.23031,0.3618404816785616,4.17820790572291,3.3215113118250184
47.265198,0.3202045622340825,4.21601134556516,3.360494747521201
47.29906,0.28212413307186734,4.255738337131838,3.4051706215825295
47.36407,0.24616793725345676,4.297370425993143,3.455373471572926
47.397636,0.21146549242751475,4.340914760535635,3.5113652029491074
47.430145,0.1792945288910767,4.386381246535235,3.5730837317373263
47.49962,0.14885927323917567,4.433748514873099,3.635766840561405
47.53299,0.12124884247773707,4.483017208272411,3.7046234719161237
47.5638,0.09694806569757039,4.5341307533061,3.779559181776788
47.665257,0.07645053353531468,4.587123500706459,3.8631420916748285
47.69943,0.05979293173309612,4.641948479850956,3.9518662984794513
47.765076,0.04374815389450753,4.698569098283537,4.045003622356034
47.79657,0.030063703758301932,4.756898960444192,4.149272539552299
47.829807,0.0206989220981049,4.81697039103144,4.257223813045314
47.898567,0.013733544100306602,4.878782046518015,4.355916207484515
47.931976,0.007607101787820471,4.942210883666633,4.459797016932265
47.96548,0.0032359886701728326,5.007193697262829,4.563983000705627
48.030167,0.0011723703417532733,5.073757510231069,4.663842402204103
48.063385,0.0,5.141782847052528,4.767795031729107
48.098824,0.0010895933005603917,5.211162387960943,4.874420609603181
48.164314,0.0038828486081817827,5.281846303531802,4.978387344882107
48.196987,0.011048481074636593,5.35366150215943,5.0839726175492785
48.23103,0.021049449258264137,5.426471821628954,5.187431274061164
48.331314,0.03188686177760424,5.500117032581169,5.287838957256112
48.363636,0.04552521067011867,5.574540821762646,5.391182038708809
48.431347,0.06283608140691109,5.649579859273502,5.4893101609239805
48.46384,0.08128956715867512,5.725125797413402,5.583828354848338
48.4985,0.10299254980165326,5.80111864404679,5.680874980048799
48.565357,0.1272976879716375,5.8775109479312,5.779637352495248
48.59785,0.15114543025847663,5.954237503308771,5.887366119853309
48.630684,0.17697681352856573,6.031252661013968,5.998045993534057
48.69895,0.20339063557940484,6.10845422590457,6.1102533146443
48.735214,0.22735490187831542,6.185828448978454,6.23147402297159
48.76506,0.2550697093472439,6.263334780982974,6.354342321448352
48.831406,0.2827450410085748,6.340872323676374,6.47544682240409
48.864433,0.3126399670309708,6.418369484511462,6.605052438783152
48.899284,0.34446935738998036,6.495776453691307,6.735990486016721
48.998825,0.37680320640821147,6.573022407154992,6.871367997250381
49.032326,0.4121011243230886,6.650086671796655,7.002151034361215
49.098267,0.44874921482841273,6.7269566303590995,7.133324270286576
49.131893,0.4862814543605174,6.803588715350184,7.26834935620599
49.163666,0.5267108787227535,6.880045401488943,7.39663884663473
49.231003,0.5676965628913422,6.956287816007957,7.524144215767256
49.265022,0.6105086349721538,7.0322780115680095,7.653523643364457
49.298935,0.6569573135916574,7.1080706350178655,7.769354888044186
49.364887,0.7031064158562537,7.183526078853665,7.88554351873864
49.397408,0.7517467652765071,7.258678729394754,8.001932120103959
49.43034,0.8032859594522302,7.333444676231138,8.110347924028863
49.498734,0.8568989547948825,7.407772112574202,8.218918084371536
49.53197,0.9125254402624199,7.481673443927546,8.32775385733474
49.565125,0.9704061776468343,7.555144902571354,8.425011010100176
49.665176,1.0279710588487123,7.628151869197107,8.519881183225674
49.698963,1.087543741426886,7.700698493412396,8.612233540411204
49.765156,1.1498818254063603,7.772839649034577,8.693093198643046
49.797295,1.2160656762055544,7.844491489449666,8.772606894171668
49.831287,1.2836242835616245,7.9156089276575505,8.849149931724767
49.89882,1.3540312761162407,7.9862285239134145,8.914364661455268
49.932243,1.4260059000495156,8.05621944701344,8.976646559645687
49.96414,1.5000787018925263,8.125527796375561,9.035954087757585
50.03054,1.5755374048083466,8.194105471438329,9.09372169063975
50.06573,1.6530989990004405,8.261892815492237,9.148345170396674
50.09941,1.7326245639287132,8.328799473894437,9.199782501747142
50.166977,1.8137779870228028,8.394720606309244,9.248455373238833
50.197163,1.8964423031975726,8.459680120172191,9.293919750490577
50.231205,1.980037888217607,8.523615175238863,9.335704035812677
50.33265,2.064695362809537,8.586441919534085,9.373770886747225
50.365,2.1495648684691226,8.648084586095848,9.407936939465682
50.4313,2.2336348449630172,8.70848292374967,9.438884691383805
50.464417,2.320946576812749,8.767552003534972,9.466803776359512
50.49806,2.4085778968190237,8.825243693067836,9.484059583220114
50.566277,2.4955171244166494,8.881481580645858,9.497958926682008
50.59723,2.582735440519761,8.936169393553392,9.50841782907261
50.63126,2.6723790571776314,8.98927728535123,9.506040001324326
50.69887,2.7625686570394303,9.04068772040885,9.49923555930532
50.733707,2.8533508941635706,9.090341463331939,9.488369250930258
50.76523,2.9439809338659795,9.138167292119837,9.47899382217589
50.83187,3.0346933824910893,9.184178453467323,9.464524259149012
50.864758,3.1255948563407205,9.228308438955198,9.445212111491413
50.899002,3.2172542607220374,9.270599049731718,9.418549836484436
50.997177,3.308749825960603,9.31098575055544,9.386990959469502
51.03258,3.400346492255637,9.349471884384156,9.350576991240297
51.09843,3.491368823241242,9.386042637670455,9.317605123144045
51.131817,3.5832514039391525,9.420720834305397,9.280767373428931
51.164604,3.6749489113325513,9.453461679185006,9.24014956566134
51.231586,3.7663924908141038,9.484268831402467,9.196098143371575
51.264217,3.8570707076259927,9.513114578824231,9.14852719513944
51.29913,3.947928321503489,9.54000413690445,9.097525237944167
51.364864,4.037915745387536,9.56497251657072,9.043643535695683
51.397423,4.128903472432915,9.587910483862489,8.982071664760317
51.43146,4.219224430664477,9.608767672911313,8.917942388922844
51.49838,4.30916033973842,9.627563585502061,8.851550876665852
51.53187,4.398339745764744,9.64430334787528,8.777963345071976
51.56526,4.4864576060199965,9.65895917566315,8.70178245360866
51.66497,4.574044268615888,9.67154931992624,8.622328280463242
51.69885,4.661104784005985,9.682063479637021,8.539907013949659
51.769432,4.747554626367965,9.690487289584802,8.454841163051428
51.798508,4.832780194701636,9.696836060801443,8.36680428273627
51.830944,4.916190326424513,9.70109469383623,8.278919553229581
51.899185,4.998477701878427,9.703286777526806,8.188895263448256
51.931004,5.078700180259812,9.70343737145424,8.096849565009089
51.96525,5.158114505883371,9.701573576320966,8.00268515707204
52.03092,5.237401015659805,9.697696962815986,7.906972283813418
52.06433,5.3153349043762095,9.691824801352452,7.8096321584486725
52.099052,5.392549341663469,9.683981719563539,7.711485563324329
52.16551,5.469034927795788,9.674205341472012,7.609219472491216
52.197998,5.543710796093773,9.662512904339177,7.5057772575229675
52.23051,5.6167427873243305,9.648928248821623,7.401080521380332
52.332996,5.688508298421168,9.633496075408994,7.292232608096033
52.36506,5.758570023157635,9.616241397771986,7.182868591830495
52.43145,5.827727508581697,9.597246831264227,7.072720405135793
52.468723,5.895058715947385,9.576517963613737,6.9615074827979315
52.500404,5.960392290855942,9.554093298122588,6.849587615441518
52.563896,6.025412418595049,9.530024100036373,6.73753637080554
52.597996,6.088967639409953,9.504374463440817,6.6250761603228225
52.630413,6.1527979149567456,9.477227270674865,6.512798704267484
52.69891,6.216090370870296,9.448646176117515,6.401094111849219
52.73295,6.27886378672746,9.418679705671632,6.285994289237024
52.76546,6.3396677479586305,9.387400609516922,6.171103768301595
52.831215,6.400141168580389,9.354838811992556,6.056344940739017
52.86446,6.457301024044002,9.321023067379528,5.942074379552667
52.898113,6.512247611953977,9.286000028309775,5.832335876364806
52.998165,6.56596619874947,9.249798528801431,5.723802436648599
53.032497,6.617137653315844,9.212461451658955,5.619211030751096
53.09809,6.666407432834352,9.17401587193966,5.515867547151598
53.132584,6.711888246753173,9.134514680185966,5.413920426145096
53.163567,6.753567789221708,9.093966989561544,5.3125913857165745
53.2301,6.792352227079265,9.052411999873456,5.209799373670575
53.263485,6.830236053241475,9.00991170317803,5.1089498472899
53.29882,6.865062156941637,8.966424898038191,5.0164517138275615
53.365604,6.895770077178671,8.922032420482871,4.925866701264252
53.397198,6.924266677348907,8.876780245637406,4.837478924643633
53.430534,6.949419548323008,8.830690009765625,4.751350082824086
53.4983,6.9713645116783525,8.78382986627573,4.667797681794347
53.53213,6.990340295516989,8.736217160502548,4.586701902990342
53.56513,7.0057329351780275,8.687881892963203,4.504403991690888
53.664318,7.018610491954549,8.638861971597455,4.424884161558314
53.69989,7.029654233055013,8.589165293541551,4.34780025871314
53.765057,7.036693379898015,8.538830654438133,4.274340874335339
53.798267,7.04347878617272,8.487882434028958,4.202855410805652
53.830338,7.045863030808241,8.43638165249058,4.134018928311949
53.90893,7.046630590687054,8.38436451709461,4.068791033000375
53.93812,7.048583600586423,8.331888098714547,4.006160029983505
53.972233,7.045915109364976,8.279003189673713,3.949592676130008
54.037266,7.042403592988272,8.22576438630557,3.8967420274654234
54.07138,7.038061167514909,8.172177939481196,3.8463391912916975
54.104374,7.0293976138653385,8.118289622819608,3.802505179067163
54.172165,7.019760821543891,8.06410687323077,3.7615360989179605
54.204914,7.006507895642697,8.009682698430911,3.722945537531816
54.23759,6.992113303608635,7.95505119089783,3.6877580549895903
54.338924,6.97550758840152,7.900249461106122,3.656411320903472
54.371346,6.95766117465307,7.8452943080081,3.6273839049961047
54.438656,6.936097350448749,7.790205060495372,3.60492477933009
54.470818,6.911749047445115,7.735064809953595,3.5852519306649304
54.505913,6.882805026614758,7.6799010507916865,3.5682848813806554
54.57199,6.851510694966105,7.624730576999194,3.5548023875145462
54.605057,6.819524040043123,7.569573383028568,3.5438370615571797
54.63787,6.784975001023837,7.5144290821770365,3.5352804506859847
54.703556,6.749624257162827,7.459313408079112,3.53384671428824
54.739124,6.711670546065343,7.404240487235027,3.5346881700928825
54.772346,6.670069386771383,7.349237681213029,3.53766453794223
54.838036,6.6243605489745,7.29429289354555,3.540023392302965
54.870113,6.576065676176574,7.239419245515397,3.54444746363681
54.914955,6.526575852857876,7.184623722445362,3.551268907722337
55.007687,6.473499331020554,7.129972803313305,3.5538563594045107
55.040035,6.417356947088927,7.075409930359783,3.557906459069604
55.106995,6.361191257924083,7.020920883039172,3.57043409464487
55.139885,6.304121049468268,6.966555066031162,3.5843570816442543
55.174,6.244355376647418,6.912330072914276,3.600195252079327
55.240734,6.187095677831747,6.858298124237304,3.6329348371055827
55.2739,6.128542108855669,6.804426032078501,3.6675389202681457
55.306118,6.068726897616085,6.750734136230259,3.703956344447216
55.373802,6.007682272018208,6.697242776490686,3.742135952619571
55.421417,5.9454404599672515,6.643972292657897,3.7820265877621435
55.446587,5.8820336893684235,6.5909430245300005,3.8235770928517736
55.51319,5.817494188126947,6.538175311905111,3.8667363108653308
55.54621,5.751854184148025,6.485689494581346,3.911453084779655
55.58168,5.685145905336877,6.433505912356809,3.957676257571617
55.680637,5.617401579598716,6.381644905029617,4.005354672218118
55.713455,5.548653434838752,6.330126812397883,4.054437171695967
55.781837,5.478933698962203,6.278971974259716,4.104872598982066
55.81318,5.408274599874277,6.228200730413228,4.156609797053284
55.847153,5.3367083654801935,6.177833420656537,4.209597608886431
55.915092,5.2642672236851595,6.127890384787746,4.263784877458439
55.948936,5.190983402394395,6.078391962604977,4.319120445746115
55.982697,5.116889129513107,6.029358493906336,4.375553156726364
56.049126,5.0420166329465115,5.980810318489937,4.433031853376024
56.08195,4.966398140599825,5.932767776153892,4.491505378671964
56.115326,4.890065880378253,5.885251206696315,4.5509225755910245
56.182735,4.813052080187016,5.838280949915315,4.611232287110139
56.21488,4.7353889679313275,5.791877345609007,4.672383356206085
56.248817,4.657108771516397,5.7460607335755,4.734324625855794
56.348637,4.578243718847437,5.700851453612909,4.797004939036105
56.383076,4.498826037829665,5.656269845519347,4.86037313872386
56.449512,4.418887956368291,5.612336249092924,4.924378067895958
56.481438,4.33846170236853,5.569071004131753,4.9889685695292405
56.51486,4.257579503735593,5.526494450433947,5.054093486600578
56.594154,4.176273588374698,5.484626927797615,5.119701662086808
56.620953,4.094576184191051,5.443488776020873,5.185741938964833
56.65291,4.012519519089876,5.403100334901833,5.252163160211524
56.71948,3.9301358209763744,5.363481944238605,5.3189141688036905
56.751385,3.847457317755772,5.3246539438293015,5.385943807718263
56.78654,3.7645162373332712,5.286636673472037,5.453200919932052
56.852608,3.6813448076140896,5.249450472964922,5.520634348421926
56.88582,3.5979752565034433,5.213115682106069,5.5881929361647575
56.91867,3.5144398119065383,5.177652640693589,5.6558255261374475
57.02103,3.430770701728595,5.143081688525597,5.723480961316803
57.053463,3.347000153874826,5.109423165400203,5.7911080846796965
57.120113,3.263160396250442,5.0766974111155205,5.858655739203029
57.151985,3.179283656760658,5.044924765469661,5.926072767863641
57.185764,3.095402163310685,5.014125568260738,5.993308013638369
57.252735,3.0115481438057388,4.9843201592868605,6.060310319504149
57.2861,2.927753826151033,4.955528878346145,6.127028528437757
57.31899,2.8440514382517774,4.9277720652367,6.193411483416125
57.38684,2.7604732080131877,4.90107005975664,6.259408027416063
57.419857,2.6770513633404778,4.875443201704075,6.3249670034144705
57.454273,2.5938181321388605,4.850911830877122,6.39003725438822
57.51869,2.5108057423135492,4.827496287073887,6.45456762331412
57.55305,2.4280464217697597,4.805216910092486,6.518506953169102
57.585846,2.3455723984126995,4.784094039731031,6.581804086929975
57.68657,2.2634159001475873,4.764148015787633,6.644407867573641
57.719593,2.1816091548796335,4.745399178060407,6.706267138076939
57.786377,2.100184390514051,4.727867866347461,6.767330741416739
57.820007,2.0191738349560566,4.71157442044691,6.8275475205699125
57.854088,1.9386097161108564,4.696539180156866,6.88686631851333
57.9355,1.8585242618836766,4.68278248527544,6.94523597822383
57.967552,1.7789497001797177,4.670324675600744,7.002605342678285
58.000385,1.6999182589041975,4.659186090930895,7.058923254853564
58.06743,1.6214621659623323,4.649387071063996,7.114138557726538
58.10133,1.543613649259332,4.64094795579817,7.168200094274047
58.134815,1.4664049367004113,4.633889084931521,7.22105670747296
58.200123,1.3898682561907802,4.628230798262166,7.272657240300149
58.234093,1.31403583563566,4.623993435588214,7.322950535732517
58.267334,1.2389399029402555,4.621197336707779,7.371885436746838
58.368652,1.1646126860097834,4.619862841418973,7.4194107863200465
58.40104,1.091086412749458,4.620010289519909,7.465475427428982
58.46619,1.0183933110644945,4.621660020808696,7.510028203050515
58.500168,0.9465656088601008,4.624832375083451,7.553017956161516
58.534,0.8756355340414982,4.629547692142284,7.5943935297387934
58.600655,0.8056353145138903,4.635826311783305,7.634103766759311
58.633343,0.7365971781824949,4.643688573804629,7.672097510199847
58.66764,0.6685533529525237,4.653154818004366,7.70832360303727
58.73462,0.601536066729193,4.6642453841806315,7.742730888248515
58.76,0.5355775474177173,4.676980612131538,7.775268208810357
