288.00,104.00
290.00,113.00
287.00,96.00
289.00,101.00
286.00,96.00
285.00,105.00
289.00,101.00
287.00,100.00
286.00,100.00
277.00,127.00
286.00,100.00
285.00,100.00
287.00,100.00
287.00,96.00
286.00,96.00
286.00,96.00
287.00,96.00
289.00,96.00
286.00,96.00
290.00,96.00
278.00,127.00
288.00,96.00
287.00,96.00
286.00,96.00
287.00,96.00
287.00,97.00
287.00,96.00
286.00,96.00
274.00,127.00
287.00,96.00
286.00,96.00
285.00,113.00
286.00,96.00
287.00,96.00
289.00,100.00
291.00,96.00
295.00,101.00
299.00,100.00
306.00,100.00
308.00,101.00
312.00,96.00
322.00,100.00
327.00,101.00
333.00,100.00
337.00,100.00
325.00,103.00
343.00,100.00
344.00,100.00
348.00,101.00
351.00,100.00
359.00,101.00
330.00,133.00
357.00,100.00
358.00,101.00
359.00,100.00
359.00,100.00
361.00,100.00
358.00,127.00
366.00,100.00
371.00,100.00
372.00,101.00
373.00,100.00
374.00,100.00
370.00,127.00
376.00,100.00
376.00,100.00
379.00,100.00
380.00,100.00
380.00,100.00
376.00,119.00
381.00,100.00
382.00,101.00
384.00,100.00
384.00,100.00
384.00,101.00
384.00,117.00
385.00,100.00
385.00,100.00
385.00,100.00
386.00,100.00
386.00,100.00
387.00,114.00
389.00,100.00
386.00,101.00
388.00,101.00
393.00,100.00
386.00,100.00
385.00,82.00
389.00,104.00
391.00,104.00
390.00,105.00
390.00,104.00
391.00,100.00
389.00,104.00
389.00,100.00
389.00,100.00
388.00,101.00
386.00,100.00
385.00,100.00
386.00,100.00
386.00,100.00
383.00,101.00
384.00,100.00
380.00,101.00
383.00,101.00
380.00,100.00
383.00,100.00
383.00,102.00
382.00,100.00
382.00,100.00
383.00,101.00
380.00,101.00
382.00,100.00
380.00,100.00
380.00,101.00
379.00,100.00
373.00,101.00
377.00,100.00
378.00,100.00
378.00,100.00
377.00,100.00
378.00,101.00
371.00,101.00
376.00,100.00
377.00,100.00
370.00,102.00
375.00,100.00
375.00,100.00
366.00,102.00
374.00,100.00
373.00,104.00
365.00,101.00
372.00,100.00
371.00,100.00
363.00,102.00
367.00,100.00
365.00,100.00
361.00,102.00
369.00,100.00
369.00,101.00
357.00,102.00
370.00,100.00
369.00,100.00
359.00,101.00
369.00,101.00
367.00,101.00
353.00,103.00
367.00,99.00
365.00,100.00
352.00,103.00
365.00,100.00
365.00,100.00
359.00,127.00
364.00,100.00
361.00,100.00
339.00,133.00
361.00,101.00
360.00,101.00
352.00,127.00
358.00,100.00
357.00,100.00
349.00,133.00
357.00,100.00
352.00,100.00
346.00,127.00
348.00,100.00
348.00,100.00
340.00,127.00
344.00,101.00
343.00,100.00
334.00,127.00
338.00,100.00
336.00,100.00
324.00,127.00
331.00,100.00
329.00,100.00
320.00,119.00
325.00,100.00
323.00,100.00
315.00,127.00
322.00,100.00
321.00,100.00
312.00,117.00
311.00,100.00
308.00,100.00
300.00,119.00
305.00,101.00
307.00,100.00
304.00,116.00
308.00,100.00
309.00,100.00
304.00,119.00
308.00,101.00
306.00,100.00
306.00,116.00
303.00,100.00
304.00,100.00
296.00,119.00
300.00,100.00
295.00,100.00
302.00,115.00
301.00,100.00
300.00,100.00
296.00,115.00
297.00,101.00
298.00,100.00
297.00,114.00
298.00,100.00
297.00,100.00
296.00,115.00
298.00,100.00
295.00,100.00
294.00,115.00
289.00,100.00
289.00,101.00
284.00,116.00
286.00,96.00
287.00,100.00
287.00,84.00
286.00,96.00
283.00,102.00
283.00,96.00
282.00,101.00
275.00,103.00
284.00,99.00
284.00,100.00
274.00,103.00
284.00,96.00
286.00,101.00
274.00,127.00
283.00,100.00
283.00,100.00
272.00,127.00
281.00,100.00
282.00,97.00
282.00,115.00
285.00,96.00
285.00,101.00
285.00,109.00
287.00,100.00
285.00,101.00
286.00,83.00
286.00,100.00
286.00,100.00
285.00,84.00
285.00,97.00
286.00,100.00
286.00,100.00
283.00,100.00
283.00,101.00
283.00,100.00
285.00,96.00
286.00,100.00
287.00,100.00
287.00,101.00
283.00,103.00
286.00,100.00
288.00,101.00
283.00,100.00
287.00,96.00
289.00,100.00
276.00,133.00
288.00,100.00
287.00,100.00
288.00,101.00
286.00,100.00
288.00,100.00
277.00,133.00
287.00,96.00
287.00,99.00
289.00,101.00
287.00,100.00
289.00,100.00
288.00,110.00
288.00,96.00
289.00,100.00
288.00,96.00
288.00,96.00
287.00,101.00
289.00,100.00
289.00,96.00
289.00,101.00
289.00,101.00
289.00,96.00
284.00,99.00
296.00,100.00
303.00,100.00
300.00,133.00
320.00,100.00
327.00,100.00
326.00,127.00
334.00,100.00
340.00,100.00
330.00,133.00
346.00,100.00
347.00,100.00
345.00,127.00
356.00,100.00
358.00,100.00
352.00,133.00
360.00,101.00
362.00,100.00
352.00,127.00
362.00,100.00
365.00,101.00
360.00,127.00
366.00,100.00
365.00,101.00
360.00,127.00
368.00,100.00
370.00,100.00
352.00,133.00
368.00,100.00
376.00,100.00
371.00,127.00
374.00,100.00
375.00,100.00
370.00,133.00
375.00,101.00
377.00,100.00
372.00,127.00
378.00,100.00
380.00,100.00
374.00,133.00
380.00,100.00
383.00,100.00
378.00,127.00
385.00,100.00
384.00,100.00
380.00,133.00
387.00,100.00
387.00,100.00
384.00,127.00
385.00,100.00
386.00,100.00
384.00,127.00
387.00,100.00
391.00,100.00
386.00,127.00
390.00,100.00
391.00,100.00
386.00,137.00
391.00,104.00
391.00,100.00
386.00,127.00
389.00,100.00
389.00,100.00
385.00,127.00
389.00,101.00
389.00,100.00
385.00,123.00
390.00,100.00
391.00,100.00
385.00,127.00
390.00,101.00
391.00,100.00
385.00,119.00
387.00,100.00
388.00,100.00
384.00,127.00
386.00,104.00
385.00,100.00
384.00,119.00
384.00,100.00
383.00,99.00
384.00,117.00
386.00,100.00
386.00,100.00
384.00,115.00
383.00,100.00
383.00,100.00
378.00,119.00
380.00,100.00
380.00,99.00
380.00,82.00
380.00,100.00
378.00,100.00
379.00,84.00
378.00,101.00
377.00,100.00
376.00,100.00
375.00,100.00
373.00,100.00
372.00,100.00
372.00,101.00
373.00,100.00
374.00,100.00
374.00,100.00
375.00,100.00
372.00,100.00
373.00,100.00
373.00,101.00
371.00,100.00
372.00,100.00
372.00,101.00
371.00,100.00
370.00,100.00
372.00,101.00
370.00,100.00
370.00,100.00
375.00,100.00
367.00,100.00
366.00,101.00
367.00,101.00
367.00,100.00
367.00,100.00
368.00,101.00
366.00,96.00
363.00,101.00
357.00,101.00
359.00,100.00
359.00,100.00
351.00,101.00
354.00,100.00
350.00,101.00
345.00,102.00
348.00,100.00
348.00,100.00
343.00,101.00
346.00,100.00
342.00,100.00
335.00,101.00
337.00,101.00
333.00,100.00
319.00,101.00
327.00,99.00
320.00,101.00
306.00,103.00
319.00,100.00
314.00,100.00
305.00,102.00
311.00,100.00
311.00,100.00
301.00,103.00
310.00,100.00
311.00,100.00
301.00,103.00
312.00,100.00
312.00,100.00
302.00,103.00
308.00,100.00
302.00,99.00
288.00,134.00
296.00,100.00
299.00,100.00
285.00,133.00
295.00,96.00
295.00,100.00
288.00,127.00
295.00,100.00
294.00,100.00
288.00,119.00
293.00,100.00
292.00,100.00
288.00,119.00
289.00,100.00
288.00,96.00
287.00,113.00
287.00,100.00
285.00,100.00
281.00,114.00
281.00,100.00
277.00,97.00
277.00,96.00
269.00,100.00
277.00,100.00
275.00,96.00
275.00,99.00
273.00,100.00
273.00,100.00
273.00,100.00
267.00,102.00
274.00,100.00
274.00,100.00
275.00,101.00
272.00,100.00
274.00,96.00
263.00,103.00
271.00,100.00
272.00,100.00
269.00,101.00
270.00,100.00
270.00,96.00
260.00,127.00
271.00,100.00
271.00,100.00
272.00,100.00
270.00,97.00
268.00,96.00
273.00,109.00
272.00,96.00
275.00,96.00
279.00,100.00
280.00,100.00
284.00,100.00
281.00,100.00
284.00,100.00
283.00,100.00
285.00,100.00
282.00,100.00
285.00,100.00
285.00,96.00
284.00,101.00
286.00,102.00
285.00,100.00
283.00,100.00
285.00,101.00
284.00,96.00
284.00,100.00
279.00,102.00
286.00,100.00
286.00,100.00
277.00,103.00
287.00,96.00
287.00,100.00
276.00,99.00
285.00,97.00
284.00,100.00
285.00,110.00
287.00,101.00
288.00,96.00
288.00,113.00
287.00,100.00
289.00,100.00
286.00,84.00
285.00,100.00
289.00,101.00
287.00,96.00
289.00,100.00
290.00,101.00
290.00,101.00
289.00,100.00
291.00,101.00
289.00,100.00
293.00,96.00
287.00,101.00
304.00,101.00
305.00,100.00
314.00,101.00
321.00,99.00
328.00,100.00
322.00,103.00
339.00,100.00
340.00,100.00
334.00,103.00
350.00,100.00
352.00,100.00
342.00,103.00
359.00,100.00
359.00,100.00
350.00,103.00
364.00,100.00
368.00,100.00
357.00,103.00
372.00,101.00
373.00,100.00
363.00,102.00
379.00,101.00
378.00,100.00
364.00,105.00
375.00,99.00
376.00,100.00
370.00,127.00
379.00,100.00
381.00,101.00
378.00,127.00
385.00,99.00
384.00,101.00
384.00,119.00
377.00,99.00
382.00,100.00
386.00,114.00
384.00,100.00
386.00,100.00
386.00,115.00
385.00,100.00
388.00,101.00
388.00,114.00
390.00,100.00
394.00,100.00
392.00,116.00
393.00,100.00
394.00,101.00
392.00,114.00
393.00,100.00
392.00,100.00
392.00,115.00
390.00,104.00
390.00,101.00
387.00,120.00
388.00,104.00
389.00,99.00
387.00,114.00
389.00,100.00
389.00,100.00
387.00,84.00
389.00,100.00
388.00,100.00
385.00,84.00
386.00,104.00
385.00,101.00
383.00,100.00
384.00,100.00
383.00,100.00
381.00,100.00
380.00,101.00
379.00,100.00
380.00,100.00
379.00,100.00
380.00,100.00
378.00,100.00
380.00,100.00
379.00,100.00
378.00,100.00
378.00,100.00
379.00,101.00
377.00,100.00
377.00,99.00
376.00,101.00
376.00,101.00
376.00,100.00
368.00,101.00
374.00,100.00
373.00,100.00
372.00,101.00
371.00,101.00
372.00,100.00
370.00,101.00
375.00,100.00
372.00,100.00
372.00,100.00
368.00,100.00
371.00,100.00
366.00,101.00
372.00,100.00
372.00,100.00
369.00,100.00
372.00,100.00
369.00,100.00
362.00,101.00
369.00,101.00
367.00,100.00
365.00,100.00
365.00,101.00
366.00,100.00
359.00,101.00
363.00,100.00
364.00,101.00
363.00,100.00
366.00,100.00
363.00,100.00
356.00,101.00
360.00,100.00
357.00,100.00
358.00,100.00
357.00,100.00
356.00,100.00
351.00,101.00
355.00,100.00
355.00,100.00
351.00,100.00
348.00,100.00
347.00,100.00
335.00,102.00
343.00,100.00
340.00,100.00
337.00,100.00
337.00,100.00
337.00,100.00
331.00,102.00
333.00,100.00
331.00,100.00
330.00,101.00
327.00,100.00
326.00,100.00
319.00,102.00
322.00,100.00
322.00,100.00
317.00,100.00
315.00,101.00
312.00,100.00
303.00,101.00
309.00,100.00
308.00,100.00
309.00,101.00
307.00,101.00
307.00,100.00
303.00,101.00
305.00,100.00
305.00,100.00
302.00,100.00
298.00,101.00
298.00,100.00
287.00,102.00
293.00,100.00
293.00,100.00
293.00,100.00
294.00,96.00
294.00,100.00
283.00,103.00
292.00,99.00
286.00,97.00
285.00,100.00
284.00,96.00
283.00,101.00
285.00,114.00
283.00,100.00
284.00,97.00
283.00,100.00
283.00,96.00
285.00,100.00
281.00,96.00
281.00,96.00
279.00,97.00
279.00,100.00
280.00,96.00
269.00,133.00
277.00,96.00
272.00,96.00
268.00,112.00
269.00,101.00
269.00,96.00
265.00,82.00
267.00,100.00
265.00,96.00
266.00,96.00
262.00,101.00
255.00,102.00
264.00,96.00
261.00,96.00
253.00,99.00
259.00,96.00
260.00,100.00
261.00,110.00
261.00,96.00
262.00,96.00
262.00,96.00
263.00,100.00
264.00,96.00
262.00,97.00
263.00,96.00
256.00,129.00
265.00,96.00
265.00,96.00
264.00,97.00
263.00,96.00
263.00,96.00
262.00,100.00
262.00,96.00
265.00,97.00
262.00,97.00
261.00,96.00
256.00,127.00
261.00,96.00
261.00,95.00
262.00,115.00
260.00,100.00
261.00,97.00
262.00,80.00
262.00,100.00
264.00,96.00
261.00,96.00
261.00,97.00
255.00,103.00
263.00,97.00
264.00,100.00
253.00,99.00
263.00,100.00
262.00,96.00
260.00,112.00
263.00,100.00
262.00,96.00
264.00,114.00
263.00,99.00
263.00,96.00
263.00,96.00
263.00,96.00
255.00,97.00
263.00,100.00
263.00,96.00
264.00,96.00
264.00,97.00
266.00,100.00
267.00,112.00
266.00,96.00
273.00,100.00
275.00,100.00
280.00,101.00
288.00,100.00
291.00,84.00
295.00,101.00
298.00,101.00
300.00,100.00
306.00,101.00
313.00,101.00
316.00,96.00
319.00,100.00
325.00,100.00
329.00,100.00
333.00,101.00
337.00,101.00
342.00,100.00
345.00,100.00
337.00,100.00
349.00,100.00
353.00,100.00
359.00,101.00
358.00,100.00
359.00,100.00
361.00,100.00
363.00,101.00
360.00,101.00
359.00,101.00
362.00,100.00
366.00,100.00
369.00,100.00
370.00,100.00
372.00,100.00
369.00,101.00
382.00,100.00
375.00,100.00
376.00,100.00
376.00,100.00
377.00,100.00
380.00,101.00
377.00,100.00
381.00,100.00
380.00,100.00
382.00,100.00
382.00,100.00
386.00,101.00
386.00,100.00
384.00,100.00
388.00,101.00
386.00,100.00
388.00,100.00
388.00,101.00
387.00,100.00
388.00,100.00
388.00,101.00
387.00,100.00
386.00,100.00
389.00,100.00
389.00,100.00
389.00,100.00
390.00,100.00
389.00,101.00
388.00,105.00
389.00,101.00
388.00,100.00
388.00,100.00
389.00,101.00
388.00,104.00
388.00,100.00
387.00,100.00
384.00,100.00
385.00,100.00
384.00,100.00
383.00,101.00
383.00,100.00
383.00,100.00
381.00,100.00
382.00,100.00
378.00,100.00
382.00,100.00
382.00,100.00
384.00,101.00
380.00,101.00
383.00,100.00
382.00,101.00
380.00,105.00
379.00,101.00
379.00,100.00
379.00,100.00
378.00,100.00
381.00,101.00
380.00,101.00
378.00,101.00
380.00,100.00
379.00,100.00
379.00,101.00
378.00,100.00
378.00,101.00
376.00,101.00
377.00,100.00
376.00,100.00
376.00,100.00
375.00,101.00
375.00,100.00
372.00,101.00
372.00,100.00
373.00,96.00
373.00,100.00
373.00,101.00
367.00,100.00
371.00,101.00
373.00,101.00
371.00,99.00
370.00,100.00
363.00,101.00
367.00,100.00
368.00,100.00
361.00,102.00
366.00,101.00
362.00,101.00
327.00,106.00
363.00,100.00
356.00,101.00
343.00,134.00
361.00,100.00
360.00,100.00
336.00,134.00
351.00,100.00
354.00,101.00
344.00,133.00
349.00,100.00
347.00,101.00
327.00,133.00
345.00,100.00
344.00,100.00
329.00,127.00
335.00,100.00
333.00,100.00
320.00,133.00
331.00,101.00
330.00,100.00
322.00,127.00
327.00,100.00
327.00,100.00
316.00,133.00
324.00,100.00
323.00,100.00
315.00,127.00
321.00,100.00
319.00,101.00
311.00,127.00
323.00,100.00
325.00,100.00
316.00,127.00
325.00,100.00
321.00,100.00
310.00,133.00
318.00,100.00
317.00,100.00
308.00,127.00
314.00,100.00
307.00,100.00
301.00,134.00
310.00,101.00
308.00,100.00
294.00,133.00
302.00,96.00
300.00,100.00
289.00,127.00
299.00,100.00
295.00,96.00
296.00,117.00
296.00,100.00
297.00,100.00
284.00,127.00
290.00,97.00
290.00,100.00
288.00,110.00
285.00,100.00
286.00,100.00
284.00,115.00
284.00,96.00
282.00,100.00
283.00,80.00
281.00,96.00
280.00,96.00
281.00,100.00
278.00,100.00
278.00,96.00
278.00,96.00
277.00,100.00
269.00,134.00
276.00,100.00
277.00,100.00
277.00,100.00
278.00,100.00
278.00,101.00
278.00,82.00
278.00,100.00
279.00,100.00
279.00,100.00
279.00,101.00
282.00,101.00
280.00,100.00
278.00,101.00
276.00,100.00
277.00,100.00
278.00,101.00
263.00,102.00
285.00,99.00
283.00,99.00
285.00,100.00
286.00,101.00
286.00,100.00
286.00,114.00
287.00,100.00
287.00,100.00
288.00,100.00
287.00,101.00
288.00,100.00
286.00,101.00
285.00,100.00
287.00,101.00
286.00,100.00
286.00,101.00
279.00,102.00
289.00,100.00
290.00,100.00
271.00,104.00
290.00,100.00
291.00,101.00
282.00,133.00
292.00,100.00
294.00,100.00
289.00,127.00
298.00,100.00
299.00,101.00
294.00,115.00
299.00,100.00
303.00,99.00
301.00,110.00
305.00,100.00
308.00,96.00
306.00,96.00
307.00,100.00
309.00,100.00
308.00,96.00
313.00,100.00
316.00,97.00
327.00,96.00
332.00,100.00
326.00,103.00
342.00,100.00
344.00,99.00
347.00,101.00
346.00,100.00
345.00,99.00
336.00,119.00
340.00,100.00
342.00,100.00
341.00,100.00
342.00,100.00
347.00,100.00
348.00,116.00
354.00,100.00
354.00,99.00
357.00,101.00
360.00,100.00
362.00,100.00
364.00,84.00
369.00,100.00
371.00,100.00
372.00,101.00
370.00,101.00
373.00,101.00
373.00,96.00
373.00,100.00
375.00,101.00
374.00,101.00
378.00,100.00
379.00,101.00
380.00,100.00
381.00,100.00
382.00,100.00
381.00,101.00
380.00,100.00
374.00,101.00
381.00,100.00
381.00,100.00
374.00,101.00
382.00,101.00
380.00,100.00
375.00,101.00
385.00,100.00
383.00,104.00
378.00,106.00
385.00,100.00
387.00,99.00
373.00,107.00
383.00,100.00
384.00,100.00
377.00,102.00
383.00,100.00
381.00,100.00
369.00,103.00
381.00,100.00
379.00,100.00
373.00,106.00
379.00,100.00
378.00,100.00
371.00,103.00
378.00,100.00
378.00,104.00
363.00,102.00
377.00,101.00
377.00,100.00
363.00,103.00
374.00,101.00
373.00,100.00
359.00,103.00
372.00,101.00
372.00,100.00
359.00,103.00
371.00,100.00
371.00,101.00
359.00,103.00
369.00,100.00
364.00,100.00
355.00,106.00
368.00,100.00
371.00,100.00
355.00,102.00
368.00,101.00
367.00,100.00
352.00,133.00
368.00,100.00
365.00,100.00
352.00,102.00
363.00,101.00
363.00,100.00
352.00,133.00
363.00,100.00
362.00,101.00
347.00,103.00
358.00,100.00
359.00,101.00
343.00,133.00
355.00,100.00
353.00,100.00
340.00,103.00
351.00,101.00
351.00,101.00
338.00,104.00
351.00,100.00
349.00,100.00
337.00,102.00
345.00,100.00
345.00,100.00
333.00,134.00
343.00,100.00
343.00,100.00
329.00,103.00
341.00,100.00
342.00,99.00
334.00,119.00
341.00,100.00
338.00,99.00
336.00,115.00
340.00,101.00
337.00,100.00
337.00,115.00
334.00,100.00
335.00,100.00
332.00,116.00
334.00,100.00
328.00,101.00
325.00,115.00
324.00,100.00
323.00,100.00
320.00,114.00
319.00,100.00
321.00,101.00
319.00,113.00
321.00,100.00
318.00,100.00
318.00,115.00
318.00,100.00
318.00,101.00
316.00,114.00
315.00,100.00
314.00,100.00
312.00,116.00
313.00,101.00
309.00,100.00
306.00,114.00
306.00,100.00
304.00,100.00
298.00,110.00
302.00,97.00
301.00,100.00
297.00,84.00
300.00,96.00
301.00,101.00
295.00,100.00
294.00,96.00
287.00,97.00
293.00,96.00
292.00,96.00
286.00,127.00
291.00,100.00
292.00,101.00
288.00,115.00
290.00,96.00
292.00,97.00
289.00,80.00
289.00,96.00
286.00,97.00
286.00,96.00
282.00,100.00
272.00,98.00
279.00,96.00
280.00,96.00
279.00,97.00
281.00,96.00
277.00,97.00
275.00,96.00
272.00,96.00
263.00,99.00
267.00,97.00
264.00,96.00
256.00,111.00
252.00,96.00
249.00,96.00
248.00,96.00
245.00,96.00
234.00,98.00
243.00,96.00
240.00,96.00
240.00,112.00
239.00,96.00
239.00,96.00
241.00,96.00
239.00,96.00
229.00,98.00
239.00,96.00
240.00,97.00
240.00,96.00
239.00,96.00
239.00,97.00
241.00,96.00
247.00,96.00
240.00,119.00
246.00,101.00
241.00,105.00
246.00,96.00
243.00,100.00
223.00,102.00
238.00,100.00
240.00,104.00
240.00,119.00