0.34070075,1.3754151701470343,0.0,5.7247033505828515
0.4093514,1.4222389241167672,0.11930968804265554,5.778479766962884
0.44256312,1.4707965547851916,0.23889637668711308,5.8315662210030945
0.47513485,1.521050214032202,0.3587374255521717,5.883956333520083
0.54250985,1.5729620537376936,0.47881019425662763,5.935643725330313
0.57918125,1.626494225781555,0.5990920424192747,5.986622017250247
0.60902345,1.6816088820436865,0.7195603296589171,6.036884830096442
0.67433846,1.7382681744039834,0.840192415594346,6.086425784685404
0.7093151,1.7964342547423222,0.960965659844363,6.135238501833599
0.74281555,1.8560692749386158,1.0818574220277593,6.183316602357624
0.8088314,1.917135386872741,1.2028450617633388,6.2306537070739
0.8411099,1.979594742424604,1.3239059386698957,6.27724343679898
0.8754662,2.0434094934740883,1.4450174123662258,6.323079412349326
0.97737277,2.1085417919010885,1.5661568424711287,6.368155254541495
1.0081882,2.1749537895854987,1.687301588603403,6.412464584191995
1.0754523,2.2426076384072204,1.8084290103818401,6.45600102211729
1.1078972,2.31146549024613,1.929516467425244,6.498758189133933
1.1440091,2.3814894969821347,2.050541319352406,6.540729706058388
1.2112131,2.4526418104951286,2.1714809257821273,6.58190919370721
1.2422699,2.5248845826649884,2.292312646333202,6.622290272896862
1.275229,2.5981799653716156,2.4130138406244317,6.661866564443899
1.3424518,2.6724901104949166,2.53356186827461,6.7006316891647835
1.377265,2.7477771699147615,2.6539340889025334,6.738579267876025
1.4106522,2.824003295511058,2.7741078621270034,6.775702921394178
1.475095,2.901130639163701,2.894060547566814,6.8119962705357056
1.5082755,2.979121352752572,3.013769504840761,6.847452936117117
1.5425217,3.0579375881575666,3.133212093567647,6.882066538954967
1.6423692,3.1375414972585918,3.2523656733662647,6.915830699865718
1.6762784,3.2178952319355294,3.3712076038554137,6.948739039665879
1.7425755,3.2989609440682632,3.4897152446538873,6.980785179171961
1.7778617,3.3807007855367113,3.607865955380485,7.011962739200516
1.8091756,3.463076908220745,3.7256370956540077,7.042265340567964
1.8757088,3.546051464000258,3.8430060250932474,7.071686604090902
1.9095774,3.629586604755158,3.959950103317002,7.1002201505857965
1.9427228,3.713644482365328,4.076446689944072,7.127859600869155
2.008442,3.798187248710662,4.192473144593253,7.154598575757442
2.04278,3.8831770556710548,4.30800682688334,7.180430696067256
2.0768888,3.9685760551263893,4.423025096433132,7.20534958261506
2.1422114,4.0543463989565725,4.537505312861428,7.2293488562173644
2.1775532,4.140450239041499,4.651424835787021,7.252422137690633
2.2105546,4.226849727261051,4.764761024828712,7.274563047851465
2.309667,4.313507015495124,4.877491239605295,7.295765207516277
2.3420405,4.400384255623624,4.9895928397355735,7.316022237501672
2.4163103,4.487443599526424,5.101043184838336,7.335327758624065
2.4433894,4.574647199083428,5.211819634532385,7.353675391699967
2.475222,4.661957206174519,5.321899548436517,7.371058757545976
2.5426807,4.749335772679605,5.431260286169527,7.3874714769785115
2.5771918,4.83674505047858,5.539879207350218,7.402907170814128
2.6083968,4.924147191451316,5.64773367159738,7.417359459869333
2.6756525,5.01150434747773,5.754801038529815,7.430821964960591
2.7086444,5.098778670437706,5.8610586677663195,7.443288306904456
2.7430658,5.185932312211126,5.966483918925688,7.454752106517393
2.8099365,5.2729274246778965,6.07105415162672,7.465206984615954
2.8417854,5.3597261597179005,6.174746725488212,7.47464656201665
2.875289,5.446290669211046,6.277539000128961,7.483064459535943
2.978063,5.532583105037214,6.379408335167766,7.490454297990388
3.0099766,5.618565619076301,6.480332090223424,7.496809698196449
3.0766551,5.7042003632082,6.580287624914729,7.502124280970634
3.1096375,5.789449489312807,6.679252298860483,7.506391667129497
3.143262,5.874275149270003,6.777203471679478,7.509605477489503
3.2107391,5.958639494959697,6.874118502990514,7.51175933286716
3.2436411,6.042504678261771,6.96997475241239,7.512846854079023
3.2754412,6.125832851056119,7.064749579563897,7.512861661941555
3.342982,6.208586165222648,7.158420344063843,7.51179737727131
3.3766613,6.29072677264123,7.250964405531015,7.5096476208847065
3.4088893,6.372216825191782,7.342359123584211,7.506406013598345
3.4754548,6.453018474754164,7.432581857842233,7.502066176228688
3.5084105,6.533093873208294,7.521609967923878,7.496621729592245
3.5439522,6.612405172434067,7.60942081344794,7.4900662945055245
3.6433012,6.690914524311366,7.695991754033218,7.48239349178508
3.6749423,6.768584080720085,7.781300149298511,7.473596942247332
3.7438629,6.84537599354012,7.865323358862608,7.4636702667088795
3.783758,6.921252414651353,7.948038742344318,7.4526070859861395
3.8161247,6.996175495933702,8.029423659362429,7.440401020895666
3.8761163,7.070107389267027,8.109455469535748,7.427045692254016
3.9100366,7.143010246557128,8.188111532491941,7.41253472097977
3.9438527,7.211881184891404,8.265066824278863,7.3876245489625765
4.011085,7.279223108320996,8.340498794701965,7.361694277672358
4.042853,7.345806606033549,8.414362297655508,7.333613604931866
4.076442,7.410647554551108,8.486633007224802,7.304436598442033
4.1440883,7.478290155065136,8.557281222595785,7.273799258714674
4.1785164,7.5423940142315,8.626280320219577,7.24138402351702
4.211138,7.607226256301819,8.693621060575722,7.20780929500314
4.3093977,7.670651658551759,8.75927497365739,7.173332136827998
4.3431334,7.732760567745693,8.823240389162818,7.137419951302126
4.410956,7.795002618616548,8.885433903830071,7.101054839678912
4.441715,7.854215939423034,8.945865852632993,7.062421777317954
4.4758663,7.912336100209539,9.004515847291342,7.0229297192027
4.5422754,7.9676762764258475,9.061371768231533,6.981468704502834
4.5765476,8.020532927379705,9.116394051460194,6.939279898059221
4.6195517,8.071123833770743,9.169561991655113,6.896605666988484
4.678197,8.119643777116835,9.220845734878168,6.851774790404356
4.712178,8.167082618989912,9.270211266852689,6.8062987618104085
4.745047,8.213210677008528,9.317605419856394,6.760014669985439
4.813172,8.257400164107585,9.363048812944827,6.713811443416223
4.8447914,8.29931792092826,9.406511896973418,6.666531043030601
4.878813,8.33761432598847,9.447958677215045,6.618562460001005
4.979659,8.373040465443983,9.48729934488778,6.5710372297600195
5.017314,8.407816830380924,9.524526733161352,6.523418064634161
5.0780907,8.438125027463471,9.559660806235192,6.4751629437178355
5.112559,8.464914160420118,9.592678441927166,6.42741345733514
5.1458917,8.489858008281951,9.623574301530258,6.379621396530978
5.212626,8.50983434856702,9.652295132969616,6.331830224088954
5.246084,8.529206583827907,9.678889638119513,6.28332703930291
5.278299,8.546799582156702,9.703334066099536,6.2336572508542005
5.3459334,8.562735198524674,9.725584663211059,6.183700391142494
5.379031,8.578183033975392,9.745676661296375,6.132322146606013
5.413138,8.5903006635597,9.763622386939591,6.080479756531079
5.478008,8.60067328066293,9.779383641516802,6.026772485589629
5.511816,8.607709186757607,9.79296054687013,5.972809233965997
5.5450583,8.613466241723856,9.804338882227539,5.917820816051708
5.644764,8.617161434107418,9.813523453677151,5.860818989892103
5.678031,8.617627410344808,9.820479489482214,5.803318237671247
5.7452507,8.61404915754388,9.82518125638396,5.745464256662409
5.778253,8.609237699223856,9.82757581208953,5.68739743836367
5.8138394,8.604663742925588,9.827673556760834,5.630047940520554
5.878022,8.596573004378653,9.825534677874975,5.572904965456018
5.911237,8.586069299401588,9.821148647152329,5.516708788328766
5.955006,8.574222200297374,9.814513882525917,5.461428411629661
6.0144563,8.559021437077094,9.80564276586761,5.397094905932193
6.0477743,8.543472899479012,9.79453886554044,5.333855907399078
6.0805454,8.523767942722298,9.781205039867515,5.272004416949685
6.147474,8.502596921644306,9.76560147847199,5.210968525936501
6.182117,8.476625807392663,9.74776407787129,5.150519841583973
6.217087,8.44992982161319,9.727720705026737,5.090216997961859
6.314581,8.4213805035275,9.705444733764534,5.039774014658971
6.347401,8.389761160898008,9.680939540438615,4.988811710752269
6.4150047,8.35642810361277,9.65424040666069,4.937224883466105
6.449076,8.32344661503312,9.625337158125808,4.883776474305767
6.4803677,8.286785314803547,9.59423985282706,4.831299779726424
6.547575,8.246997173805875,9.56095131090274,4.779967658803881
6.5826406,8.20773903076629,9.525432772739821,4.729640252271383
6.6156793,8.168109275975901,9.4877349126205,4.681531705451197
6.681236,8.127614849198844,9.447911848623267,4.6347871490851045
6.713914,8.083731542806472,9.405970938298113,4.5890688167863
6.7546363,8.03582667239789,9.361955232633635,4.5445136415885035
6.815558,7.987992355397333,9.315901075021376,4.50109460046503
6.84895,7.938205675902469,9.267855569240478,4.4589351585092745
6.880987,7.885405059803777,9.217858586003596,4.418937277832387
6.9808803,7.832742530414824,9.16591788111433,4.373172850904192
7.0148883,7.776641815765099,9.112073014613578,4.329260378385163
7.080875,7.72061714670795,9.056364712921617,4.287151605749366
7.1139703,7.663964232864112,8.99885212507459,4.247389986041955
7.147505,7.606322661419278,8.939549272331966,4.210042765175148
7.2161975,7.546589868255853,8.878482917755969,4.175799911608019
7.2472067,7.488742008323233,8.815652581886335,4.1537395665899535
7.280801,7.4298919845924996,8.751046000511112,4.133949419739524
7.347651,7.371853780264486,8.684680475102244,4.115891522989063
7.381529,7.311420175521054,8.616587806415156,4.099796182073498
7.416439,7.246140226213092,8.54680359632526,4.085416374548795
7.4813495,7.181897797632671,8.47536273875427,4.072970512013415
7.5132113,7.116245527683413,8.402268650938918,4.0623671367928536
7.547395,7.049194141023933,8.327557118921273,4.052410736256955
7.648344,6.980486910144367,8.251272273108137,4.043421978190322
7.680093,6.910311255789085,8.173380134925573,4.035295657297768
7.746965,6.839797851040108,8.093852406696632,4.028504914121613
7.7834554,6.768622189738306,8.012707140605919,4.012309511099228
7.8163195,6.697526273930439,7.9300062611886695,3.9980533856138085
7.881912,6.626029675787456,7.845755764767826,3.9859844207536685
7.9136586,6.5553725213059,7.759975396206753,3.9681095712598315
7.9468293,6.484746318547544,7.672672007397172,3.953923812537679
8.016111,6.41360133424606,7.583883935643092,3.9426546025792315
8.048172,6.341924634712018,7.493645170973319,3.9446047005594798
8.081771,6.26929715018376,7.402039550221775,3.9493369871175137
8.147784,6.198852504755794,7.309156882819677,3.9548030839635815
8.1819315,6.1275219823654945,7.215014511647223,3.9711679496176657
8.21567,6.05563495500485,7.119686062247772,3.9888280986670837
8.314317,5.982179367580682,7.023200150884251,4.006969113937432
8.348182,5.911097634005582,6.925614899524917,4.022665395500992
8.414924,5.838319866948782,6.8269604677834925,4.038667506909821
8.448207,5.763816405583804,6.72733266569963,4.0549425879114125
8.481899,5.688643716300876,6.626777306084061,4.071965308143959
8.547195,5.612908209192148,6.525292991057772,4.090510043199282
8.581955,5.538396410767066,6.422924696554034,4.109976946800624
8.616323,5.463338667944361,6.319750694986126,4.12943980162941
8.681956,5.387525064423788,6.215809775249032,4.149154227465173
8.713817,5.31230116635385,6.111105452635989,4.161717856036003
8.748274,5.236631774264635,6.005748176571922,4.175703061509959
8.815402,5.160133462810798,5.899783294270984,4.190080623480696
8.856227,5.082757436061062,5.79321949470637,4.214131584487029
8.881801,5.004985301119877,5.686083539957475,4.236838380829909
8.982506,4.929111706040957,5.578463887111647,4.258763705335257
9.015981,4.854408183168032,5.47042159383981,4.2901450640016865
9.080841,4.778392173150477,5.3620862584269,4.319731829450149
9.113684,4.702965848152392,5.253526984985758,4.347571528192306
9.147783,4.626864555625912,5.144805857123016,4.378652973822322
9.216208,4.548811313635357,5.035993072549289,4.406136445386849
9.248649,4.471351507508189,4.927164970436024,4.430146716220615
9.281772,4.39338877098932,4.818409005791912,4.449488348220642
9.347676,4.315715759618008,4.709814416001408,4.46610505179364
9.38237,4.235758562759114,4.601496812205336,4.480056566422327
9.415953,4.155381262530328,4.493608038131706,4.490256461399552
9.48185,4.077471964745229,4.386234920573085,4.4973225923590965
9.514693,3.999013547442455,4.27966855902295,4.491412026947215
9.54794,3.921294886184635,4.1737744064814,4.482880235128379
9.650293,3.8435634686233433,4.068582747458239,4.472765785964097
9.681334,3.7662715906875635,3.964217968202797,4.469373232891811
9.747191,3.689583094341459,3.860793035376071,4.46533187615457
9.782429,3.6139307214353362,3.7584527196467183,4.460774070350274
9.818459,3.5392323127724428,3.6572872731211996,4.449704198622732
9.882554,3.464927779441791,3.5573977894976103,4.4383732337337
9.914364,3.3921040955634956,3.4588561282640913,4.426719376960572
9.948512,3.321405758057217,3.3617024709040746,4.4133027168751156
10.015349,3.2486102034921562,3.266013191952223,4.399995299096979
10.048773,3.1719726708287417,3.171883528246784,4.38618131135398
10.080407,3.0979524749493668,3.0793941989361397,4.379689103327961
10.148343,3.0217736801171484,2.9885928208156027,4.37195922311821
10.181793,2.944990675115737,2.899540109312141,4.362136638532351
10.216576,2.871036742178709,2.8123591658872065,4.349982638734698
10.31463,2.794619342470443,2.7271187306470406,4.335288178004855
10.349042,2.720472833422161,2.643937188389734,4.318501551751855
10.415856,2.647026355865407,2.5628898176301473,4.299115668830924
10.450108,2.572381210811581,2.484042609866981,4.277634249035586
10.480809,2.499011093814292,2.40740835328047,4.244893939496727
10.548532,2.426914719781651,2.3330347206461535,4.211488821634177
10.583661,2.3577796387711545,2.260934165386116,4.177562274613809
10.616496,2.2908048194688706,2.1912110030140424,4.135725570669287
10.681346,2.2226501130902707,2.123866982517341,4.094692742997666
10.716305,2.1592085122769027,2.058942067435146,4.053852488521237
10.748467,2.098575089324241,1.9964577518635132,4.016370446382996
10.816118,2.037998303614733,1.9364669842730258,3.979550855201169
10.854644,1.9803956618584737,1.8789839377906064,3.943573506142377
10.881789,1.9248586041809497,1.8240371359812175,3.9185283043608634
10.982641,1.8730810368930244,1.771699172365337,3.892207002035974
11.018534,1.8200864524776983,1.721959138175351,3.865068427135774
11.080608,1.7712076531226395,1.674838656403425,3.8442780455104564
11.115384,1.7238899951741185,1.6303665973636134,3.822394199022136
11.149606,1.6800780569332814,1.5885987769410213,3.8002025954456347
11.216388,1.637204349607307,1.549585885130325,3.775080496392439
11.248725,1.5968050106140625,1.5133826974817097,3.74928963496338
11.282094,1.559579133805428,1.4800368458853892,3.721913439375552
11.347772,1.522366791403829,1.449539990680867,3.6944526071590205
11.381613,1.486818837081946,1.4219345997289718,3.6674522035092103
11.416259,1.4504362167983709,1.3971789455053565,3.6406480088453197
11.481808,1.4190607887797184,1.3753309185097162,3.61254733147519
11.514648,1.3906479616313663,1.3563519535015758,3.5849952103316984
11.548678,1.3633334120518092,1.340342602941189,3.548953010273742
11.649681,1.3339979771537633,1.327280992260624,3.513994700893035
11.680818,1.3071289763887757,1.317159887066721,3.4790036448059634
11.74705,1.2812704080646922,1.309952274020633,3.4556471927025507
11.782981,1.2605766156204228,1.3056896926385448,3.4312725570919413
11.816242,1.2406203786221515,1.304364805202849,3.4056673454699076
11.882744,1.2249560093614023,1.305969647917733,3.390621331843366
11.914747,1.2089417757316792,1.3105233928361815,3.37482541036879
11.9477005,1.1965509891333272,1.3180329941185498,3.3586887959598726
12.016265,1.1884808047928435,1.3284575647242396,3.3389765273888643
12.048264,1.1817234104676504,1.3418021111836056,3.319847366113757
12.081878,1.1784793379228444,1.3580970479075019,3.300356375757794
12.148165,1.1767348894865453,1.377451011188403,3.277744734173578
12.183261,1.1767836270478167,1.399860693498371,3.254847348363018
12.216487,1.180068023438607,1.425263232519604,3.232385452220951
12.314684,1.1841230596449426,1.4536361421331538,3.209308762539491
12.348775,1.1898352584022065,1.484956082207351,3.186837828263055
12.415817,1.1996725574139877,1.5192809038242923,3.1568140496747046
12.450596,1.2089858491629064,1.5564942485152795,3.128222688329561
12.481773,1.2196700728915046,1.5965875356301584,3.1018707268524492
12.548101,1.2336603841759848,1.63959279732927,3.068558566490221
12.582615,1.2485013525127797,1.685401293709072,3.0379486513129734
12.615031,1.2676477750800375,1.7339252339753237,3.0085306036440413
12.681791,1.2883092862941674,1.7851731671356525,2.994966209967707
12.714132,1.3131039179295998,1.8390834679083494,2.9822216161484723
12.747398,1.339489747708503,1.8956082505204512,2.9716317314491048
12.816606,1.3667644296178,1.954689341634263,2.965373482995665
12.847721,1.3974355610663431,2.0163229807430865,2.960786685121093
12.881922,1.4321102748518513,2.080514021769996,2.9578948967505236
12.981651,1.470098996514818,2.1472997708995196,2.9556978932494973
13.015186,1.51082691565194,2.216620893986299,2.95499674432129
13.087837,1.5555009676932265,2.288336713861641,2.9569096776112826
13.114909,1.6028340368684244,2.362410792339453,2.9604877690160247
13.147733,1.6533611601265856,2.4387839253502492,2.965707563938661
13.216312,1.707239635778201,2.5173871689149765,2.9834315459107725
13.2502575,1.7616460456217498,2.5981640363055005,3.004705438475335
13.282235,1.818961535222273,2.681048352228037,3.0287076924430694
13.349041,1.879917222642362,2.7660839388760063,3.047979687766854
13.381844,1.9428799857478156,2.853155657221059,3.0718516573398467
13.416912,2.0074810344752088,2.9421609985099386,3.1001993515903137
13.4829,2.073553615470243,3.0330854513096703,3.1252262446437897
13.524727,2.1421577541232386,3.1259038698596044,3.1533073779200747
13.550228,2.2133268097224197,3.2205090733847626,3.184955999323643
13.651268,2.2851877009014148,3.3168451013306526,3.231890200699261
13.683224,2.358593070206274,3.414865240219213,3.2807811372993814
13.751321,2.4345679872275925,3.514512274206194,3.3316930760190684
13.786281,2.5124664317684373,3.615809018106224,3.392498871826691
13.8198395,2.5921787747523366,3.718630641330085,3.4527068966404957
13.886089,2.6738611874887135,3.822845880453607,3.5145729201717564
13.917725,2.756409993807306,3.9283489777302183,3.576856649475744
13.950026,2.8400840012459563,4.035036228578235,3.641333853132612
14.019742,2.924400621649826,4.142754245004377,3.7082544841185627
14.052528,3.010073073114028,4.251353040849927,3.7781472700669387
14.086188,3.0975116572862866,4.360702156924654,3.8495992152037104
14.151244,3.1857864763968706,4.470766621915535,3.9308451306746663
14.184575,3.276480750867198,4.581404150446777,4.015089284559489
14.219357,3.3678823844916237,4.692456585247616,4.102868154984848
14.317972,3.459523079411071,4.80371862682802,4.194162168467623
14.350264,3.552401877196336,4.915107081237798,4.288880232472136
14.4183855,3.6466057984662434,5.026502014649159,4.385075783907673
14.451891,3.7373940767696876,5.137818435422729,4.475308706076784
14.483808,3.8287916440564507,5.249055153911952,4.56520120519203
14.550857,3.9223687870567927,5.360139611772634,4.656755115892463
14.585578,4.0169432669071075,5.47095333924836,4.755868503075571
14.625174,4.112780366668815,5.581417883078856,4.855001269259913
14.683995,4.207686447012638,5.6913895710327385,4.954021832720313
14.718699,4.302820445772586,5.800797753267936,5.050894122839422
14.751358,4.398289356912956,5.909580111056135,5.147055825529137
14.81996,4.494667495844359,6.017648160747158,5.242711703734844
14.852797,4.591131361268968,6.124966148653789,5.337907012707306
14.884449,4.689400812208665,6.231498069585762,5.432149168271504
14.98429,4.787339952801417,6.337160902697317,5.538158772024978
15.019514,4.883493053410694,6.441870910496517,5.645152821828518
15.087153,4.979801168786678,6.545603545096065,5.752661510726068
15.117515,5.077635144962118,6.648376855825114,5.8695741585224965
15.151516,5.173583031418818,6.7501350054361975,5.987974561856435
15.21945,5.270242368366538,6.850832975858873,6.109669440262702
15.251373,5.36619774411843,6.950487287260971,6.214885891878332
15.284565,5.46251239494482,7.049039135177663,6.321113770228677
15.351042,5.556348184112001,7.14642785966482,6.429561889547848
15.384242,5.6484400685772655,7.242643432051001,6.521246041881654
15.419788,5.740383432186999,7.337655630652561,6.613317893894952
15.484805,5.832778907532585,7.431433903299124,6.706061740055713
15.517634,5.922686248648726,7.523957941603246,6.811512334511215
15.550613,6.011753719400055,7.6151671839626,6.917664147781467
15.65162,6.100982786422731,7.705003532793055,7.0243154193708
15.684733,6.189146066114516,7.793396625598425,7.131875961123811
15.751453,6.275707849420449,7.880369341902603,7.238685706940945
15.78523,6.359704244381748,7.9658757350706955,7.344325042423378
15.81871,6.443742738579187,8.049870815778538,7.449658672513784
15.886228,6.526348772284457,8.132303820149854,7.5555377475244
15.91799,6.605937251933549,8.21318860509779,7.669114071867282
15.95142,6.683799996928015,8.292438367545254,7.782471736287094
16.019321,6.759190466758642,8.370027248211624,7.8975013626666675
16.051481,6.832662473497107,8.445968812293186,7.992678651607737
16.084316,6.9058923557052445,8.520281634978197,8.087572339558035
16.15055,6.977730570600151,8.592942545907308,8.183217592984867
16.184895,7.047783299459695,8.66402348332958,8.268351062365118
16.219942,7.117422878693275,8.733415730364616,8.352482124872788
16.319103,7.187437383672087,8.801064383055852,8.435404870879946
16.350088,7.256540461387864,8.866920239454776,8.510744075105638
16.419304,7.3236272119889945,8.930966207530192,8.583633596204939
16.452095,7.3879403758966555,8.99318031371372,8.654267279289646
16.485744,7.450626041222945,9.053535804026588,8.732825929061212
16.5508,7.510752985645328,9.112005418278663,8.808252872433364
16.58483,7.570053872233775,9.168552660761296,8.879114119617855
16.620607,7.626948308181534,9.223151498917979,8.944898518030197
16.68583,7.6805219526144946,9.275787450764623,9.006332723916739
16.71798,7.733517281603414,9.326309289727456,9.074465327561711
16.750996,7.784372514251018,9.374740781374353,9.14029800014248
16.819155,7.8330249244092105,9.42110984912383,9.20307292166763
16.853434,7.879009471789884,9.465397006115536,9.263067269479636
16.88603,7.922249047677849,9.507567394092883,9.320378123260664
16.985283,7.962279617411983,9.547594773936902,9.374628211488295
17.01916,7.997885758943913,9.58552869307313,9.432515725892799
17.08454,8.031359957542877,9.621297649304239,9.488184078757893
17.117363,8.059764015644296,9.654891636480482,9.541581079632625
17.15196,8.083906832345887,9.686286859745172,9.60261114452314
17.218576,8.10688518714002,9.71551981085549,9.659519204416975
17.252825,8.130743818240916,9.74257327178156,9.713847028109543
17.28416,8.14933959822917,9.767403402950876,9.756086747055804
17.351149,8.168406422809994,9.790054415644509,9.79341211175031
17.385252,8.18542892319648,9.81050566403843,9.825858325742965
17.418644,8.199590141554147,9.828738347529667,9.851451648660758
17.484089,8.212044352049746,9.844755155829269,9.87368490811301
17.518465,8.220928354228104,9.858488719613769,9.892242661707632
17.55172,8.22733803692151,9.869939521435665,9.90742285835862
17.657524,8.232741019915647,9.879050482311762,9.918061576647002
17.685802,8.236748129166045,9.885854764099221,9.934992464204967
17.751192,8.237820089310796,9.890318378749656,9.949587900283557
17.785574,8.234404800647813,9.892452019081961,9.960536275653308
17.819195,8.228021139907815,9.892329785990508,9.976031080119306
17.884674,8.219985255416796,9.889894885530646,9.989199211315007
17.918226,8.208217716771799,9.885129284668439,10.0
17.95061,8.194260397790424,9.878098795843533,9.995730314334548
18.019005,8.181902512872185,9.86876309124037,9.9902657172792
18.052265,8.166253476982778,9.857157717336456,9.983466020279494
18.085777,8.149515295407456,9.843254055881223,9.96481583450413
18.150993,8.127764190919144,9.827065440171515,9.944295340085068
18.185839,8.106093222141952,9.808646072269104,9.921564682152008
18.218887,8.083294050268092,9.787998560537591,9.881370174065603
18.317581,8.058501728234969,9.765145448041908,9.83877705808094
18.351421,8.030391388618753,9.740095276044695,9.794187562615058
18.419664,8.001421530149038,9.71281719622859,9.748594921686095
18.45184,7.969373568112087,9.683324025535725,9.702659477554407
18.484886,7.936272894214999,9.651608524407447,9.656146721426463
18.551167,7.900190470164778,9.617729613356405,9.607868593616661
18.585327,7.864096035429261,9.581696440629003,9.557840982353857
18.619562,7.826325097235632,9.543627640934949,9.505900299187028
18.684368,7.784618174863931,9.503470800697857,9.454112463446753
18.718187,7.7403553543258035,9.461273270831395,9.401075672951219
18.75111,7.693408499685168,9.417084139675463,9.355022173686509
18.819645,7.650236371867264,9.370893808174774,9.310062348356173
18.853708,7.604207134472865,9.322745783810468,9.26559088815813
18.884647,7.5577087726485255,9.27268073129499,9.21011385030217
18.984043,7.507999875668855,9.2207427212939,9.153718770844142
19.018806,7.458483515006441,9.166968279065765,9.097334930318615
19.085678,7.4060514655146426,9.111386426367758,9.029740092286684
19.118868,7.35281054926042,9.054056967561591,8.959683719771174
19.15158,7.298056347714287,8.99503304945806,8.888043904861126
19.219336,7.240012160775317,8.934336630930803,8.826067680647052
19.253944,7.1804645578898985,8.871985077798515,8.76102505887785
19.28633,7.11827159506024,8.808019601792783,8.69375153203562
19.350607,7.055831397857145,8.742444776710641,8.627243866317908
19.38548,6.99230977378453,8.675272825109994,8.560288898925714
19.418816,6.925473740497971,8.60654708388988,8.4917188561188
19.485014,6.8590090144908915,8.536294005760329,8.4216935581676
19.518085,6.7882669767146915,8.464540536172139,8.349690355285647
19.550648,6.716165893072184,8.391294481547567,8.285070500273026
19.651863,6.6437235833485975,8.316581531680042,8.219615662124259
19.684929,6.571625131596665,8.240403447728035,8.153679360602863
19.75089,6.498736364307504,8.162746769216437,8.096306181741397
19.785564,6.4264223072032625,8.083659177671343,8.039905215468414
19.819998,6.352580803521435,8.003179893105806,7.9847468078085955
19.884909,6.281126650101965,7.921295983095827,7.9170685362910405
19.951914,6.208049410079859,7.838055769381726,7.849290311666922
20.01953,6.134355411332262,7.7534916750409995,7.780876472558667
20.052294,6.062033414644277,7.667647329420358,7.711655501147611
20.085955,5.988966842462099,7.580555927875734,7.642735308321144
20.150583,5.915362147284341,7.492237634806703,7.574994800234871
20.18427,5.841827910511926,7.402685742138402,7.517750556140494
20.219744,5.765601627570995,7.311952075879758,7.460821514704719
20.317907,5.687031320025615,7.220099904779766,7.402395514782279
20.351593,5.607314432287927,7.127145249565309,7.343367738448604
20.419748,5.526718065594543,7.033155539153272,7.284133657746159
20.453707,5.44466681230221,6.938179284043208,7.224443329934594
20.486122,5.361119041852871,6.842255885305416,7.163404963500136
20.551445,5.277303072857694,6.745426079224244,7.102898153865389
20.585848,5.191717382890819,6.64766831187299,7.051436079885139
20.620083,5.1059903895275625,6.549021247075262,6.999509063309539
20.684454,5.020445942457336,6.449551022015132,6.949297704911357
20.719093,4.935733337872262,6.34924757728687,6.887450122929627
20.751898,4.850612520146894,6.248110189508462,6.828155505557946
20.819677,4.765811103309301,6.146188771840834,6.7714383615715334
20.853172,4.681230791000721,6.04354372858773,6.698172637721876
20.886187,4.597272130410271,5.940188415082999,6.6269355579022
20.985365,4.512407034672001,5.836171627204914,6.557885620115186
21.018633,4.428288708686025,5.73149281649558,6.48247948631675
21.084805,4.343589429333811,5.626210911175371,6.409379847366157
21.117897,4.2585869114782975,5.520426884760214,6.33606935609146
21.151724,4.174283940776258,5.414237947402066,6.267345248779977
21.219133,4.0906588454656285,5.307692915388782,6.199480413687894
21.251944,4.00824653153879,5.200935177963231,6.132686392172613
21.286516,3.9263584663825064,5.094074915019793,6.065606137585012
21.350761,3.8435705491527257,4.987220486987523,6.000299736009642
21.384924,3.7613999459119007,4.880377890426454,5.937051695310986
21.420282,3.678867722316582,4.773629549491576,5.87508329496569
21.48462,3.596974305822269,4.667123146435333,5.8140794376090525
21.51739,3.5159827084416335,4.561000029058035,5.7526188545773165
21.550732,3.436508545659206,4.455364436393115,5.691592704469137
21.65399,3.3567544822625877,4.350312046981083,5.63206661532522
21.685661,3.278094111812031,4.24592929429276,5.561246778291911
21.751873,3.20048529664404,4.142237734683245,5.493817385138202
21.785913,3.12183447040221,4.0393026819495725,5.427556206369604
21.819326,3.043810431385017,3.9372066759412956,5.35581427824357
21.884407,2.9663167737046314,3.8359983001588316,5.285798745506738
21.91918,2.8913018866872617,3.7358249493478715,5.216174877509476
21.952448,2.8172320734263816,3.636789754850075,5.160916690631883
22.019785,2.7428235051802616,3.5389872599594674,5.10739994790281
22.05308,2.6683553041814494,3.4425341623916412,5.055096502911759
22.084839,2.5946918490407764,3.3474957669421266,5.001780755830705
22.15262,2.520026554168465,3.2539610751403534,4.95050135013309
22.185179,2.4461090216407158,3.1620599327297456,4.899533304517335
22.218817,2.3752348692629806,3.071900596811921,4.849857222744896
22.318384,2.3024751146365157,2.9835733290539257,4.801680867871745
22.351662,2.2303802459873987,2.8971003209006088,4.755508224360359
22.420008,2.1611476781605723,2.812553398196117,4.711471476339972
22.452215,2.0906806450221103,2.730022621531436,4.667111246659421
22.484333,2.0219878524982944,2.6495311815976748,4.632089547544855
22.551264,1.9536255611445452,2.5711197881037315,4.599008202664074
22.584726,1.886883337970182,2.494874434827543,4.566921247205118
22.619663,1.8215722648895598,2.420814809535167,4.545621014352844
22.684732,1.7575978972007893,2.348925053806766,4.527795708784508
22.71841,1.6934048202944643,2.2792863222476454,4.5132966516283695
22.751623,1.6296415508595568,2.211934944424584,4.494050133166531
22.818733,1.5674761441201013,2.1469611258258126,4.476529574829551
22.852531,1.5050168130252253,2.084357934701898,4.460465978188127
22.885845,1.446297240593677,2.0242150813813975,4.444985936773695
22.98551,1.3894622048770908,1.9664969048884808,4.431417270631201
23.019968,1.335697406919749,1.9112600706364553,4.419247915319174
23.084837,1.2818483799568825,1.8585554927969088,4.406982553304186
23.119423,1.2302120471485667,1.8084665677064522,4.395093179501903
23.151323,1.182912750930285,1.7609592886969654,4.383801353187207
23.220013,1.136952638769947,1.716156067511683,4.373667992024072
23.251986,1.0940099002539547,1.6741278627843181,4.363248941281253
23.2841,1.0547791669898539,1.6348744168052138,4.363392087997238
23.351685,1.0177031651934392,1.5983846841460823,4.366469803092558
23.386263,0.9811235300241058,1.564709060635978,4.371021188122758
23.419268,0.9470190657799363,1.5337594848828637,4.365855148281168
23.48585,0.9135363499085475,1.5055715008421793,4.362483810720981
23.518837,0.8814501806716754,1.48019096338165,4.361710665702146
23.550636,0.8517134292586229,1.4576500745090437,4.36396599843533
23.65291,0.8220369884449169,1.4379784407493734,4.367752668029893
23.684883,0.7957257211942101,1.4211667624404845,4.373689016125718
23.750853,0.7718843798190816,1.4072199560996166,4.371677108859706
23.785051,0.751246894402702,1.3961855632932132,4.369571587477635
23.81957,0.7321397695866241,1.3880581753245207,4.368228272490082
23.886477,0.7154814193644415,1.3828171039180626,4.377923665509747
23.918034,0.7029989679635832,1.3804751296004598,4.387571992462774
23.951109,0.6931142474730239,1.3810248011744073,4.398351948075863
24.019753,0.6854009776348102,1.384578962411473,4.406730098160259
24.053635,0.6764442678971034,1.3911201996591889,4.41578802743423
24.085836,0.6704197462733406,1.4006148831428462,4.425551520382618
24.151842,0.6657669238257127,1.413087815848343,4.4355503722309
24.184944,0.6651956698136109,1.4285161812193778,4.446849767312432
24.219776,0.6678079741250643,1.4468277023345701,4.458972786633809
24.317616,0.6684104338082357,1.46806718167649,4.471640015069452
24.351654,0.67373961950582,1.4922356185000103,4.4849762495512735
24.419819,0.6824375023099708,1.519352474938151,4.478139419749275
24.452358,0.6899762911138595,1.549342186060233,4.472384463526093
24.4857,0.7013745035550589,1.5822070763681042,4.466219282047291
24.551142,0.7161052737012075,1.6179089607742694,4.463013253685466
24.585272,0.7331854259989479,1.6564128844186194,4.460228964185422
24.620281,0.7531501408946633,1.6976847658774294,4.458201993937612
24.685999,0.7769157074742026,1.7416230089895395,4.469163932135863
24.717924,0.803347180641483,1.7882398231938332,4.478495754524297
24.750908,0.8318072775716747,1.837516197711056,4.487002590160992
24.81952,0.8623718700442895,1.8894265137830555,4.501246056479356
24.853458,0.8974260134793407,1.943977293994647,4.513379612222242
24.88576,0.9353870786946699,2.0011230831858198,4.523503599906274
24.9847,0.9771425932770158,2.0608409061762925,4.5298741330898045
25.019678,1.0210392692734038,2.1230649035323252,4.5346394928172815
25.084816,1.0699756737829471,2.1876111887895373,4.5381679557113195
25.118269,1.1235376582483934,2.2545300682082483,4.540015326698775
25.151918,1.1810050823775688,2.323790879683649,4.54030623844894
25.218536,1.2409994246240812,2.3953140536472195,4.55007132843417
25.253284,1.29960580341948,2.4690475306848643,4.559159377144366
25.284512,1.3598547041639393,2.54494083521998,4.56787469631589
25.351381,1.4213883775701661,2.622982525169835,4.569027216425252
25.385593,1.486431392684388,2.703092761296055,4.57085517375229
25.419916,1.5546981278178063,2.785229604509769,4.573397717522008
25.484232,1.622231778346103,2.8693805057158124,4.585378647519837
25.518087,1.692744385001261,2.955488910464925,4.599507382438742
25.550941,1.7661150233113108,3.0434882070530733,4.615658038887425
25.65741,1.8417824065467459,3.1333910933369373,4.643317248084219
25.684885,1.9204025352400385,3.225158068165166,4.671048976302883
25.751759,1.9989903334602082,3.3187337450386876,4.6991548612220315
25.783888,2.0802099691088944,3.4140269992174983,4.728128617341583
25.819452,2.1641262500397764,3.5109490562752788,4.757987378747894
25.887302,2.2484657218616118,3.6093635341713837,4.788733401400746
25.91867,2.335303993524578,3.70927528096209,4.818361541694565
25.951384,2.4228528263598528,3.8106331153447077,4.849036179273363
26.02015,2.512108167335411,3.913307765238758,4.88037205489185
26.053421,2.601754257828365,4.017234467886341,4.911342626830216
26.085268,2.6917421990307897,4.122302057691881,4.942434739011881
26.153246,2.7845407708899264,4.228468387160616,4.963713528301474
26.186312,2.877126925578932,4.335553712801131,4.98665413561036
26.22047,2.9685586728833573,4.443455991765359,5.009975649478426
26.318727,3.06230660968728,4.5521249878031815,5.026959223845625
26.351536,3.15712982646263,4.661421094614454,5.046630527380821
26.420822,3.2509560202389225,4.771258698584256,5.067452792581701
26.453018,3.3461746959055096,4.881535404035247,5.08138837487845
26.48639,3.4409175023913474,4.992226542010988,5.09676445605253
26.553022,3.539807137694174,5.1031751439070785,5.113971317991247
26.586233,3.6384993218398725,5.2142426532156625,5.141042959909299
26.620993,3.737717396489437,5.325323292504976,5.1664927738468
26.684933,3.838268884961688,5.436302974240734,5.192373775897252
26.718964,3.938712011886633,5.547097080311792,5.216215368780948
26.752647,4.041435238928052,5.657564775437718,5.24071874749936
26.82054,4.145590947242252,5.767542368136485,5.264337895935643
26.852932,4.24906804832246,5.876976611980292,5.28733485183101
26.88615,4.352845787512799,5.985794710264495,5.310249003112536
26.985676,4.456854460984957,6.093978558518454,5.33318893650264
27.018986,4.559149624065331,6.201444666016961,5.355625607481542
27.085943,4.661481072646223,6.308175143204194,5.378757171941618
27.119972,4.7620073156513865,6.414151317738727,5.391750694479688
27.152609,4.862201883792757,6.519282291347098,5.405186463869746
27.219627,4.963492301656764,6.62355184793874,5.419573974160008
27.25363,5.064554823820779,6.726861880328293,5.4347229523098255
27.28645,5.16471189824825,6.8291570762506275,5.451165379646611
27.351948,5.2638383550277075,6.930370845484295,5.467554724872291
27.3859,5.3611723390613975,7.030420461878407,5.477845421597031
27.420092,5.458028795778316,7.129278622206888,5.486077921889942
27.485815,5.555662404423073,7.2269007834863865,5.494306551055098
27.518997,5.65271819550331,7.323252974290932,5.5097189106555104
27.552097,5.749822483284779,7.418242774541922,5.523738981479564
27.659447,5.844062037820567,7.511815055069637,5.535742357533263
27.686962,5.9379787575948395,7.603902119405638,5.554070385517715
27.75258,6.0329236148070216,7.694466356815545,5.568641480992998
27.78736,6.126205912447339,7.783410794123968,5.579441863997124
27.82077,6.218286017598103,7.870741204213229,5.588076294021422
27.886826,6.308906737353426,7.956409504639175,5.592804711855507
27.918158,6.397322172579194,8.040478529883682,5.604955273956378
27.952478,6.484726469102513,8.122911157446474,5.614678688663379
28.020048,6.571168921658042,8.203679050309772,5.6219352651924615
28.053577,6.655854852594799,8.282776988686987,5.63572804831861
28.086775,6.740364166464629,8.3601815868712,5.648273126728461
28.152521,6.825431541343635,8.435884101690991,5.659246603183959
28.19281,6.908020403751749,8.509853442076375,5.661754972420587
28.221613,6.991846462537715,8.582088510572708,5.663538018060554
28.31946,7.076718793747742,8.652531271895084,5.666861536505723
28.354935,7.159227727273647,8.721180244480209,5.6680704975639165
28.421442,7.241173547259781,8.788010205581998,5.669901987971407
28.454823,7.321673707448408,8.852985079241467,5.672039005734375
28.486538,7.398667619972041,8.91607019063947,5.683843768545102
28.552238,7.474640620335895,8.977242054766117,5.694100813040757
28.586727,7.5485400680242005,9.036520571455796,5.7026496842401775
28.621353,7.620065072616397,9.093907476133811,5.710886642090235
28.686039,7.687508360775248,9.149335080610847,5.718768084792454
28.719759,7.752285350411349,9.202782555118374,5.727095088045716
28.752697,7.815461189361179,9.254157825493111,5.733178811417557
28.820902,7.877466303793567,9.303444925278493,5.739425918541041
28.852976,7.937932856631791,9.350682321117029,5.756219023007816
28.886152,7.994309445875149,9.395830798519523,5.772909309742472
28.986063,8.048673986064161,9.438882160888246,5.790273007559594
29.01944,8.100637277849563,9.479892048946704,5.800675647638809
29.085773,8.14836985726329,9.518808435903692,5.812018283980057
29.121265,8.193582371095442,9.555619067015492,5.826394036905879
29.153606,8.233954929829867,9.590295906367118,5.823083896246706
29.220938,8.27058181658913,9.622825199546044,5.82012240395898
29.253403,8.304594708960725,9.653181508950944,5.818760638257399
29.28617,8.334208764909658,9.681352898910943,5.833993509072352
29.352453,8.361693288033551,9.707363650425428,5.848612107948742
29.387518,8.384563061832058,9.73116445438074,5.8638969903151414
29.422573,8.403242910931189,9.752720415833338,5.887959857275663
29.48798,8.422972013202193,9.772036744752874,5.911453479959743
29.520239,8.437913048730753,9.789116164643717,5.934071104624627
29.554329,8.447123534722824,9.803936077790636,5.9620608984351655
29.65498,8.457577508523677,9.816439883317356,5.988839785486077
29.687656,8.46480663273032,9.826672625225543,6.012930742222202
29.753784,8.468551369680169,9.834624903034797,6.033593945503088
29.788433,8.468214459475663,9.840266165388199,6.053985092910234
29.821419,8.465508834292935,9.843643453222002,6.073451247635067
29.887072,8.459828590273478,9.844841946941612,6.09176335928174
29.920837,8.453068232731992,9.843819037393407,6.108842243604593
29.953568,8.444511819850543,9.840613495812088,6.111627914321715
30.022554,8.43236060488885,9.835158029510762,6.112546652284634
30.057882,8.419945376334175,9.827517984349077,6.112206982087073
30.087,8.403602486276748,9.817636014567695,6.112252926952649
30.154558,8.386514273932306,9.805626916771173,6.110545786795345
30.188538,8.366012256042328,9.791506968742926,6.10828360206507
30.22175,8.342923991843392,9.775264916391174,6.118208355035619
30.321228,8.317328055168193,9.756955764491918,6.126221115125159
30.353754,8.289866523527664,9.736587348169245,6.132773132629388
30.42496,8.260547455837878,9.714120258737477,6.145123594467525
30.463343,8.227486091652873,9.689549759862315,6.153743382178323
30.49034,8.192554402880436,9.662903234444373,6.159446328576106
30.556541,8.153730745969927,9.634202521726277,6.167825424572173
30.589548,8.11476480241922,9.603442417588282,6.170785328103025
30.622562,8.073454591832538,9.570710401434356,6.180175200695966
30.691463,8.032055643299568,9.536044282496142,6.1854868922880035
30.722605,7.986631850776179,9.499454029079045,6.186810460253519
30.756525,7.938851018186773,9.461015632180763,6.172156684156108
30.822344,7.891571051092322,9.420713295425188,6.155820550697705
30.858437,7.8423840864698855,9.378605530182554,6.13675879428859
30.89198,7.791764059512516,9.334737112985781,6.107837040090522
30.988766,7.738377336731489,9.289111526420353,6.078604113322119
31.023901,7.682208233918814,9.241784340129298,6.0491528782064306
31.091734,7.624987024308583,9.192748612562898,6.002939345890704
31.122469,7.565591437217219,9.142039227110187,5.956410534486768
31.156397,7.502760144802649,9.08971085948949,5.908076305104719
31.225082,7.437599546346924,9.035696098964983,5.865058105707153
31.257637,7.372238254020053,8.980032807214869,5.821887498000263
31.28952,7.30563522624192,8.922732636520324,5.777664028590816
31.356018,7.238296871687618,8.863773606537018,5.741459910066295
31.38885,7.168064821355362,8.803182068577032,5.702544263092486
31.424248,7.096367634799104,8.740991967727084,5.662392320815666
31.496927,7.027189897979155,8.677178884326292,5.6213548976398595
31.522486,6.95568398498034,8.611728528416812,5.579096980512048
31.556448,6.883070554024145,8.544686574379147,5.544978373805719
31.656898,6.81131688907295,8.47601912008552,5.508688087186282
31.68922,6.7378831079604735,8.405712054086479,5.473157121153189
31.755936,6.6629414230103245,8.333876525882065,5.424336624803135
31.79019,6.587246055389691,8.260512042866125,5.376033445694537
31.823547,6.511521587637487,8.185678110108475,5.32801786495363
31.89011,6.432771140703619,8.109491901563702,5.26244077499959
31.922567,6.353857820549401,8.03194570678704,5.198674257775356
31.955915,6.275107121445916,7.953071586912688,5.13612224413226
32.024216,6.197560193543071,7.872853046629727,5.060468893802953
32.057655,6.121553357337212,7.791374115963802,4.987234462883955
32.09022,6.043932980352865,7.708650730256078,4.916416616066994
32.15553,5.965427834675572,7.624710626538419,4.859789877762675
32.190163,5.888415152797465,7.539653596602451,4.803566053637732
32.22286,5.808055759771595,7.453552118016708,4.747689586704124
32.32258,5.7260645177608,7.366418034104142,4.700336393228231
32.355606,5.643032357384353,7.278321475560886,4.652390017155132
32.422318,5.557731854475852,7.189295693043158,4.604088895936745
32.456722,5.474561386673604,7.099423244299594,4.553324644143974
32.48958,5.392204593034331,7.008769208912206,4.5026764077178205
32.5554,5.3080340959206636,6.917441969896279,4.459802806781571
32.58871,5.22291831293641,6.825462780592956,4.416912200599488
32.623463,5.138239776837371,6.732860719856746,4.375697618910448
32.69028,5.053458195753326,6.639646154631803,4.3359910744534895
32.722767,4.967886161649802,6.54587907623394,4.297462129925717
32.754814,4.881671665895644,6.451619661283996,4.2600990234186575
32.822655,4.795272848121667,6.356890403810793,4.206497498482774
32.857224,4.708377744612845,6.261724492781507,4.154128000588398
32.891003,4.622269129014037,6.166180394460729,4.103129276535485
32.98957,4.535511804653583,6.0703360137220885,4.0537492289007115
33.023056,4.447394187284848,5.974306827458248,4.00601131048718
33.089962,4.360866422312788,5.878184096841896,3.959023054290144
33.121933,4.273798933572938,5.781957161530681,3.925382994837381
33.15556,4.186726824662584,5.685682346075761,3.8900521576871916
33.223423,4.098303012332169,5.589379258603201,3.855140343891941
33.25658,4.009171516903762,5.49314795811463,3.8270941030173433
33.290276,3.9215319963812236,5.397093002971693,3.797327737434491
33.357048,3.8331480088738696,5.301217182588817,3.77745000738792
33.38934,3.7462584729974355,5.2056957925328975,3.7550150925610906
33.423214,3.659830266829326,5.110623014007593,3.7328229736938643
33.490536,3.5737361424478924,5.016054923112826,3.718649140286998
33.52289,3.488153869527597,4.922048807562718,3.705008925942817
33.555397,3.403752146358845,4.828682380504652,3.692858236113349
33.656853,3.3156183812685764,4.736064926112431,3.672810024882605
33.689587,3.2294535212031326,4.644153412840833,3.654463604270175
33.75652,3.1404031540908806,4.553041781407439,3.6374996033155877
33.78868,3.0514976552749067,4.4628407499226554,3.604520703663505
33.822987,2.963622533082274,4.373616835538146,3.5742635400349183
33.889664,2.8756733305169564,4.285470778187596,3.545730005171281
33.922985,2.7896035147002176,4.198467832183731,3.5240017174320557
33.95539,2.7049514193383573,4.112780746347952,3.5034981408119488
34.02329,2.62013618793368,4.028570060456571,3.4851545513792126
34.058323,2.5326036988185323,3.9459106499553793,3.4715669831481386
34.08869,2.444987575982068,3.864913804612462,3.4599126635662056
34.156048,2.358003993121601,3.785568764265532,3.4491779327832726
34.189224,2.271565460007231,3.7079450114888037,3.447590298612514
34.223495,2.1841980113662283,3.6320751096588584,3.4463393859518665
34.323105,2.09519393565098,3.557988099279051,3.4566672260416924
34.35577,2.0084588560158987,3.4857816372510775,3.4688692697902814
34.42498,1.924067699522836,3.41546036513449,3.483389093514546
34.457478,1.838102799623653,3.347130753939629,3.498461125882099
34.49051,1.7548631136500565,3.2808345547336586,3.5130381990213366
34.555573,1.6729051248988187,3.216595172347991,3.5291961405800527
34.588528,1.5943157541895199,3.15456452597123,3.5337259561185155
34.62447,1.5194623210895375,3.094702925003768,3.540956927789995
34.689636,1.4480428410265864,3.037035673999038,3.5502784490142134
34.72291,1.378756920198912,2.9816104863997337,3.545618896860524
34.75497,1.3107140190434838,2.9285067008305203,3.5432126209070387
34.822594,1.2460537486434728,2.8777836120126903,3.54316396303774
34.857517,1.185747792823392,2.829478082868304,3.529739981986658
34.89397,1.1260324954443495,2.783646468338441,3.5186334043094543
34.989674,1.0724939471142598,2.740458331412859,3.5100552565744074
35.02337,1.0217978089423891,2.699919975356355,3.5139864643590992
35.090122,0.9753531007046373,2.662100745560661,3.5193366444976197
35.121822,0.9287383979535353,2.6269634781674345,3.5262864174218764
35.1558,0.8865140745814304,2.594534675232311,3.5421876021993555
35.22401,0.8483082058298802,2.564874270754481,3.5580889760499215
35.25822,0.8114581372010378,2.537970223115232,3.5746706422693686
35.290108,0.7776463155573509,2.5138513934971143,3.59913081927251
35.35592,0.7462074636030394,2.492517914073028,3.6228653779157343
35.389133,0.7179126031657233,2.4740232337526358,3.654032000338731
35.422943,0.6909468795336255,2.458377211497286,3.6843986801563906
35.489273,0.6635338832082656,2.4455627389304224,3.7147804076143895
35.522835,0.6396670403509367,2.4355931727079367,3.746772712672754
35.555737,0.6186916453432368,2.4285000855239938,3.7789840394121494
35.65806,0.5974281476573002,2.424262384166932,3.8116001698134574
35.69115,0.5814534882762882,2.4228809596732854,3.8273329692203872
35.75746,0.5670190450562401,2.4243145542769864,3.844530407437579
35.79115,0.5565741848895592,2.4285157046585395,3.862750895189562
35.823277,0.5494207797008244,2.4354672708818303,3.8816669822923724
35.8898,0.5475627464819081,2.4452138806683332,3.9004347723340964
35.922073,0.5489030372286233,2.457795256149831,3.9192000967052634
35.955795,0.5519091989877049,2.473224426791085,3.951413247706798
36.023373,0.5569674881604149,2.4915339165246637,3.9820725657045117
36.05798,0.5642711565569921,2.5126622765846154,4.011941092745654
36.09092,0.5753183925234835,2.536616204406678,4.048966292241083
36.15506,0.589512528715201,2.5633978481879907,4.084748636335822
36.190006,0.6056436072102827,2.59294330467583,4.126748733161254
36.22403,0.6243980018128691,2.6252934624664985,4.175225796593247
36.322067,0.6424206503894558,2.6603940902625562,4.221413698224273
36.356083,0.6654054418827735,2.698249388865617,4.274686807457803
36.423035,0.6898640562711447,2.738851677969411,4.326352072333486
36.458008,0.7182829980407929,2.7821450703430473,4.377538451194184
36.48954,0.7519080356592712,2.828150116751625,4.4049683646306965
36.555454,0.7880549804641357,2.8767639759341432,4.4315967312109485
36.58875,0.8310843281511726,2.9279695853542638,4.457352779530097
36.62276,0.8783160713573953,2.9817850922575535,4.464984582239053
36.690063,0.9286168203981475,3.03809783381857,4.471783607923229
36.722134,0.9834601667775015,3.0968635636790003,4.478509621479048
36.755604,1.0424530758244348,3.1580261942791146,4.470356831563456
36.82405,1.1027603652713553,3.2216367135779604,4.461327566943092
36.85728,1.1681892078167162,3.287602834522295,4.452307362982248
36.889782,1.2368026809609107,3.3559042738511224,4.447725224703422
36.988575,1.3071069719490422,3.4265069785592863,4.442019457101345
37.023113,1.3812107329476155,3.4993064316145244,4.435138359406588
37.089653,1.4579769526485267,3.574230683277972,4.434673731969365
37.122704,1.5368425147404632,3.6512334850830257,4.432053065154449
37.155327,1.6185861585100354,3.7301863646476856,4.439086663000059
37.222538,1.703041412341787,3.8111093733003867,4.446132891405949
37.258095,1.7895500430415696,3.893915165779184,4.452815229295961
37.289883,1.87768370295385,3.978607620448782,4.457571414068562
37.355793,1.970308054050894,4.065036369039281,4.462722891925234
37.389034,2.064833927053222,4.153069476558261,4.4672894065075806
37.42269,2.1623777187880537,4.242726089565445,4.448336338114412
37.490143,2.262716428968405,4.333821992445329,4.428345448553938
37.522606,2.362775498766524,4.426303396543022,4.406960845355259
37.555622,2.464843349113544,4.52015433649436,4.367775924948564
37.658215,2.5698280612007487,4.615261539109541,4.327735567052778
37.69022,2.6763088293718855,4.711584714848904,4.2866891477283
37.75553,2.783676404390035,4.809028228143358,4.229695518143371
37.78969,2.8912832749681336,4.907551543862246,4.172172043123583
37.822918,2.998711105461044,5.007036181983818,4.113823226596294
37.89061,3.107064127222114,5.107332642198106,4.065055423625313
37.92303,3.2167366754674567,5.208346173015326,4.014621817448776
37.95522,3.326343389544829,5.309890023250837,3.9741092790070627
38.023582,3.4380442935167017,5.4118409052772805,3.940580634232072
38.058384,3.550171686554853,5.514101511438581,3.906016963415471
38.090073,3.6625136532030953,5.616537112139716,3.8784244502021075
38.15654,3.7759642815453893,5.718979385530998,3.8487664226281217
38.18954,3.8910814235374627,5.821304390749385,3.8187468783553937
38.224976,4.007040515920548,5.923472226909774,3.7956532655863446
38.32176,4.122041817505251,6.02532976608933,3.77312498031965
38.35571,4.237597394916633,6.126747796425113,3.752195160012389
38.42373,4.353690521941406,6.227695184036318,3.7289782759476515
38.458473,4.470222651693965,6.328063701565661,3.7062682255388553
38.4977,4.586594204877849,6.427805637020642,3.6847009798253927
38.557793,4.7038278868964865,6.526875865560215,3.6472734547468932
38.590893,4.819938110601129,6.6252084139041525,3.6110914822742934
38.624775,4.937134437518662,6.722747355545776,3.575726860467535
38.690994,5.055638764915329,6.819448151147232,3.540527626592284
38.72373,5.17388746622037,6.915287700293756,3.5056012124404217
38.756622,5.2920468359999315,7.010187358160888,3.472381059636081
38.825134,5.409084933191081,7.104138099343348,3.4510379193484173
38.864273,5.525789316405787,7.197138253587963,3.4287327940674213
38.890778,5.642497049406026,7.289088133313499,3.4177863849444896
38.990578,5.759164860487667,7.379896125630892,3.4082725903753976
39.02487,5.874399394646854,7.469477581762505,3.400411642687017
39.098454,5.989071494077164,7.557762377602183,3.4023175228587275
39.128994,6.102610746605847,7.644730197798249,3.4045618189033355
39.161736,6.215278782456969,7.730355922544411,3.4083559868849562
39.227554,6.325665225841034,7.8146671972918345,3.420982441662633
39.262806,6.432081404507285,7.897553910316679,3.435390308686061
39.297287,6.537460271515934,7.979002616713145,3.4517185200108944
39.361217,6.641930757594648,8.05906331722739,3.449119534999869
39.397194,6.744004280351427,8.13765031678818,3.449485163753183
39.429405,6.844847930540139,8.21475869174063,3.4529834434639235
39.49653,6.944319868492331,8.290394586771658,3.4424995760488946
39.56067,7.0420579155916245,8.36449942344644,3.434859601945357
39.662094,7.139367809080142,8.437071477789258,3.4300892796113818
39.69794,7.2340134430360115,8.508070234474621,3.4430691254280594
39.761703,7.325671738950829,8.57750887986482,3.4577327639894846
39.794884,7.416347782219457,8.645320526215636,3.4746175612357364
39.828465,7.505795209033543,8.711504347345935,3.4961315636661228
39.8963,7.591752413185571,8.776060217846153,3.5191150841026273
39.928307,7.677851383424241,8.838991264208481,3.543387463390922
39.961304,7.760379331423544,8.900249006706744,3.5767498378628986
40.02831,7.839887911611402,8.959851229913937,3.611136035541353
40.062622,7.915222517245878,9.017827729355433,3.6546109103704203
40.095726,7.988228058191358,9.074161714836205,3.6998544682404066
40.161606,8.05895025410004,9.128837380767202,3.7468578054075943
40.19503,8.127742927683192,9.181892308945734,3.7948017982465645
40.22771,8.195548420776733,9.233246402128117,3.8433157806405807
40.32841,8.263126472229262,9.282865857640886,3.8936088537315765
40.360695,8.326093600454252,9.330818188728836,3.9233876841608746
40.42791,8.385671258100839,9.377064527317046,3.955170999135093
40.463326,8.448563847560179,9.42162127591922,3.9867602406035734
40.49628,8.507765424607287,9.464444093508781,4.003954114405643
40.562035,8.563325371526403,9.505541329649557,4.022406744156488
40.594265,8.615634896520485,9.544947466324253,4.04067728373907
40.62741,8.6655309109586,9.582603986316853,4.0742126352521595
40.696545,8.71360175367436,9.618517764504665,4.1075146955447694
40.72773,8.758072198560793,9.652678909535235,4.140892235754679
40.762863,8.797958706791446,9.685071709292226,4.182258148627346
40.828094,8.834293383917613,9.715653554782781,4.22223332137433
40.86316,8.870852188020748,9.744409134704217,4.269536921591026
40.895653,8.903784441873073,9.771420703078775,4.324053190905287
40.99521,8.933818675472569,9.796738092062203,4.377438351300036
41.02766,8.96116178848899,9.82034309818165,4.43798060931337
41.095913,8.98431906710569,9.842237050446526,4.495836027267662
41.128307,9.003488118349619,9.862413030929776,4.552720858722879
41.161903,9.01921601794246,9.880913203732318,4.60614514287119
41.227757,9.029706061370236,9.89766586958748,4.659546040490427
41.261955,9.03773140728935,9.912650015331076,4.712737637842019
41.296246,9.045545142792692,9.92587355719501,4.76260564098836
41.361618,9.04978904134357,9.937274509476241,4.810898198824362
41.395744,9.052883544415943,9.946885637516395,4.85899142184117
41.42862,9.054051771321713,9.95474625388917,4.890475301155782
41.496975,9.054071622669357,9.960849819767782,4.920030532682864
41.530655,9.054414390914776,9.965209451969134,4.94790359196522
41.560932,9.05099352129012,9.967797513973547,4.974642118719666
41.662014,9.043053861536084,9.96860032858539,4.998894716875239
41.696392,9.036451340346233,9.967629697292596,5.022626475190788
41.760723,9.026575267422452,9.964839455760497,5.056034784189098
41.795033,9.015494561161125,9.960333330109199,5.087141634445029
41.82809,9.000374898588621,9.954051786675901,5.1270528726881555
41.895714,8.981936378922605,9.946055160414843,5.16598611573772
41.930214,8.96198611622049,9.936384289432626,5.20369389256766
41.961445,8.939176276998824,9.925056827767685,5.248173855977212
42.02832,8.913170379179896,9.912066600061477,5.289626817804038
42.0634,8.889148406520823,9.897397873296958,5.330903444978733
42.09672,8.860691169718203,9.881104942049225,5.379644744747158
42.16283,8.83088992735566,9.863178187675155,5.429196258397518
42.19507,8.79537135728243,9.843548905733366,5.479314779048783
42.23061,8.757883126094415,9.822290862679127,5.507764231713618
42.330513,8.717574793459937,9.799343303816396,5.535534711161937
42.362526,8.679533527149403,9.774726836312928,5.562589791867631
42.428078,8.639884495546116,9.748513226219776,5.5733101936677
42.46301,8.59567685603557,9.720637215465553,5.584427274009938
42.496292,8.55121713584243,9.69112518517023,5.594469045131549
42.56105,8.504784792618976,9.659996378484438,5.597982310613654
42.59454,8.45806461382792,9.62728882963028,5.600236744653871
42.627384,8.40932752356703,9.59303664525904,5.600646021747377
42.695778,8.3576008689827,9.557230530461222,5.6106285009440215
42.728264,8.30817386307964,9.51999480367571,5.618339993491786
42.76099,8.25774096466706,9.481311876162232,5.622233559360469
42.828266,8.203552518883866,9.441202597130575,5.631382946531323
42.8625,8.150398443720285,9.39970424693295,5.637276046426603
42.896965,8.094937108940911,9.356879335881143,5.6488287939176525
42.994846,8.040600487217027,9.312757751812237,5.654394392390536
43.029636,7.983242612975365,9.267399284546785,5.658093661793353
43.096447,7.924051044049334,9.220853227569107,5.6589834985788645
43.12847,7.862956578547751,9.173083286871552,5.65847435703099
43.161957,7.800990923321752,9.124063228085955,5.65641253030628
43.227524,7.737030284798265,9.073886605258146,5.63006258453437
43.262787,7.6714035001681,9.022487291534274,5.60177292541012
43.2961,7.603856582594061,8.96987382460505,5.5713709263939055
43.36286,7.534913778411666,8.916060899122394,5.522615339195729
43.39612,7.463516900282667,8.861044131529265,5.470692663309962
43.42885,7.389762476513511,8.80481813964767,5.416857976463071
43.49679,7.317920548779453,8.747373538146768,5.355553940702595
43.52908,7.247436062251935,8.688765274963636,5.290831420645755
43.560818,7.17494430030474,8.628968840171892,5.221824137898146
43.661682,7.103938185893182,8.567951145039723,5.160295495216784
43.69885,7.032212699606141,8.505740810889854,5.094115270821869
43.76106,6.958834322987007,8.442335750805466,5.0333153689667185
43.79663,6.884172010088215,8.377743304843461,4.977382145024572
43.828888,6.807157455675023,8.31197352826503,4.917745374070896
43.896355,6.7288323318723195,8.245031267087082,4.863575606145674
43.93701,6.6483816749211675,8.176953097797398,4.805448747199317
43.962063,6.567203197120472,8.107755497706309,4.74373933378368
44.02947,6.485060902863719,8.037519264649788,4.686459880973287
44.06337,6.401416032723483,7.9661443968346335,4.628437011433275
44.098038,6.31492236206908,7.893647240560994,4.569943122670651
44.16221,6.228227715738859,7.820039585045713,4.507295028896723
44.196735,6.141773103973383,7.745323020761501,4.443721074880159
44.22875,6.054137274289204,7.669515958642862,4.3793092350295515
44.330967,5.96630853082904,7.592581339613349,4.2985593390604215
44.362576,5.877539195812315,7.514566496105787,4.217227687624958
44.428524,5.7878882875952264,7.435534005204423,4.134287796040206
44.46338,5.698854991731855,7.355472828969981,4.051044389585453
44.49787,5.608950402974754,7.27438576506854,3.9675300658796484
44.56195,5.518754997618663,7.192275117823787,3.8838250018372067
44.596066,5.424907187321975,7.109172168468364,3.806379623453346
44.629135,5.330760225076785,7.0251999831630805,3.7273069347635013
44.698715,5.236739196030012,6.940263775391291,3.658035718621241
44.730774,5.141379950456129,6.854438284638667,3.5895479609473027
44.762535,5.045815025064708,6.767782775897883,3.5215457817035682
44.82904,4.949818083132605,6.680293381899894,3.4624817407514095
44.864433,4.853579931229684,6.592017579835664,3.4048175763120194
44.897274,4.756059090875078,6.502944270400918,3.3484944839285538
44.995667,4.660935400298689,6.413149767531916,3.3013447545446284
45.02949,4.566047754467432,6.322586696375114,3.256905627479069
45.099377,4.471670265143866,6.231296760352298,3.2152507691371093
45.13885,4.377122630510162,6.139376731924551,3.158268174462925
45.17059,4.282814053046108,6.04692098071358,3.1041279943422504
45.23189,4.1886151441908615,5.954047348075623,3.0524157307231996
45.265823,4.093635073160669,5.860842798822796,2.9877582913634155
45.29997,3.998719296693497,5.767392358933625,2.9263146298963747
45.366566,3.9051914494980298,5.673781597987618,2.86779968350158
45.399666,3.810144444310474,5.580135469388069,2.823051680972404
45.432293,3.7146367664240523,5.486556690771834,2.780127094820705
45.500835,3.61850272363669,5.393101774319305,2.7401882735455816
45.53334,3.5239491552910662,5.299898809261019,2.71102242865236
45.565815,3.4304049218539054,5.2070303332281425,2.683423269704519
45.664673,3.3373837031239546,5.1145753489658325,2.6573967454509337
45.701145,3.2458911993331943,5.022613520167882,2.629850486453944
45.766056,3.1549934729668836,4.931194837813977,2.6036586758040214
45.79844,3.0645521646212566,4.84043268528324,2.5866295154166545
45.832287,2.9758057588723195,4.750379721396833,2.570661114126
45.899807,2.8876098983343024,4.6611301834982175,2.557304540154902
45.937637,2.800381039159793,4.572714966020154,2.5476342545201027
45.966038,2.7117185279276086,4.485225540171947,2.540680223600862
46.032803,2.624025619994302,4.3987146182640995,2.5368834470792954
46.065865,2.5371897241190164,4.313304546975244,2.5178307805747044
46.10542,2.451102697416114,4.229046458129493,2.5017281678085874
46.166077,2.362746276580427,4.14602251984759,2.487904726532378
46.19811,2.275263895371972,4.064364957855473,2.4773524444137434
46.231186,2.1882571969630327,3.9842140532122867,2.46929229959221
46.33205,2.0995931120178395,3.9056497199587548,2.463456892433701
46.364807,2.0129891955745163,3.828689090099427,2.4725715863676285
46.430412,1.925802265948491,3.753383462428277,2.4825868968608176
46.466072,1.8415297808290996,3.679804219494863,2.494468083868899
46.498943,1.7585687535489294,3.6080403431644603,2.5147778559197422
46.565907,1.678235377010108,3.538145369148342,2.535639946907954
46.59804,1.5968090633059677,3.4700961117685365,2.566549311516473
46.63101,1.517945664307654,3.4039881973994732,2.5956676637756666
46.699448,1.4425324376373176,3.339902216263622,2.6258553018738775
46.732296,1.366489677129567,3.277864835591354,2.666161359573453
46.764538,1.291541587473398,3.2179307943889635,2.708698774369465
46.831024,1.216218792517304,3.160159469934254,2.7536658979458046
46.864136,1.144773752614966,3.1046493554684815,2.7776506098885463
46.899666,1.0752378245193437,3.05135419124763,2.804164251532806
46.998405,1.0064711470341685,3.0003019733142446,2.8332963203490484
47.031384,0.9409784185287323,2.9515758530172986,2.86271230819038
47.09943,0.8776623052976831,2.905220335437194,2.8938697724322644
47.133396,0.8126130649159583,2.8612831386302777,2.9269087275529184
47.164967,0.7519937832788143,2.8198360424382525,2.947262231137012
47.231388,0.6938838778874382,2.780921220573285,2.9686270830438692
47.267113,0.641497487658018,2.7445204644796926,2.991583417856737
47.298416,0.5910473809241632,2.710674221466906,3.016487572021149
47.364483,0.5449653223316422,2.679413174075114,3.042571855595015
47.397705,0.5020107347099595,2.6507224777584173,3.069765647411956
47.430595,0.46237270346324955,2.624668083050664,3.1061277216913203
47.500267,0.4218047198526813,2.6012844751541238,3.1422600545898156
47.533535,0.3851685641034307,2.5805125010304932,3.188835073760127
47.565845,0.3535465646462955,2.5624023811494254,3.2365790544843707
47.664383,0.3210126170743459,2.5469989999316605,3.2862566880390194
47.69876,0.2915163118183033,2.5343689339346605,3.3454158642689418
47.76425,0.2655295661397685,2.524465959759038,3.4051720611490413
47.798153,0.24031791158839935,2.5173186524848172,3.4678233721830964
47.831326,0.219273329707414,2.5129391059970154,3.509042883207842
47.898712,0.2009832143891779,2.5112970016366716,3.5527928068413432
47.936348,0.18357245982486753,2.5124004455772937,3.5981903213633855
47.965656,0.17052779903241574,2.5163026745492862,3.6281997127837324
48.031647,0.1596140621233607,2.5230704538349302,3.6603114561439707
48.065693,0.1527666017006269,2.5326859243209543,3.6939788979315784
48.099552,0.15059208388333203,2.545110723556974,3.7138652449424403
48.1657,0.15137851897019164,2.5602879257094804,3.7349503649667155
48.198574,0.15658862180611202,2.5781773092074736,3.757946914052285
48.231533,0.1644910680611436,2.598790495622887,3.795323814482902
48.333073,0.17446150443416272,2.622105782281462,3.8336776885341894
48.364853,0.18720406104025378,2.6481101502165285,3.8722333911439963
48.4316,0.20318361502199794,2.6767789492151453,3.918136102732279
48.464336,0.2213023987077562,2.708078997614491,3.962642694626894
48.498505,0.24568705489688866,2.741991479941419,4.006574300608421
48.5664,0.2748516876198343,2.7785236977612437,4.057329517499846
48.599113,0.3038397960430006,2.8176375180465523,4.105916086390012
48.6319,0.33771163341738386,2.859291868918795,4.160392723424387
48.699734,0.37553510030043835,2.9034396036098657,4.21177162537914
48.73635,0.41715598540144505,2.950043583253273,4.263396792253491
48.765682,0.46324320130917074,2.999085287084086,4.314303709058716
48.831356,0.512002830657369,3.0506331156854323,4.365000513969676
48.865234,0.5635414332756657,3.1046319124708304,4.414869686912325
48.89865,0.6180703619420367,3.161150164988835,4.445525297725613
48.99814,0.6748140499872137,3.220024691397833,4.47517457313398
49.03114,0.7366959869115633,3.2812209281916727,4.503416589024658
49.099876,0.8026002547979368,3.3446942714836734,4.530295198107608
49.133972,0.8710729171729407,3.4104061480225183,4.555691435767872
49.165726,0.9422180441321207,3.4782918977115505,4.579971576365733
49.231457,1.0199216517121399,3.548274867538101,4.606646726263552
49.26428,1.0996282259334722,3.620339851733631,4.6315022519533215
49.299305,1.1834665757952467,3.6944530549032866,4.6545376856907295
49.364758,1.2719261136628481,3.7705552870040964,4.683042476253686
49.398483,1.3625488747353174,3.848620511117794,4.708124064189536
49.430805,1.4561820341336715,3.928522717910395,4.741356692538522
49.499363,1.5546845225712982,4.0102561891814705,4.780648342640106
49.533047,1.6546552139313386,4.09378378602888,4.817277515422025
49.564774,1.7559684288900106,4.178987002944787,4.858989600651275
49.664116,1.8612025533633902,4.265916949189038,4.895752558081489
49.69946,1.969982773320821,4.35452225024429,4.931142324910426
49.766125,2.07983027209258,4.444776674424995,4.952151732849269
49.797943,2.189801984547325,4.536569365866032,4.970839882453492
49.8309,2.3024454403104953,4.629749270490848,4.989034655594152
49.898766,2.417955690802379,4.724299682021053,4.987947944270968
49.93324,2.5338594925983733,4.820043462346049,4.9858272961212675
49.96569,2.651456887807436,4.9168861684110325,4.98346583115451
50.03129,2.7714303189011704,5.014694731512448,4.964206296894291
50.064873,2.8919792188967826,5.113317280647778,4.9440115409049445
50.10018,3.0137861821824687,5.212573826708991,4.922523429548706
50.166084,3.135630841517787,5.312409821692842,4.9058600956568315
50.198765,3.2588452707669537,5.412700794970097,4.887867785022545
50.231415,3.3829421148014878,5.513334642092736,4.868975077668534
50.33227,3.50787120338936,5.614136997919539,4.858331981774721
50.365925,3.6333182606648466,5.715108118771891,4.844956563894349
50.43154,3.7598267701691306,5.8160833497514615,4.8396997696943584
50.465347,3.8883059230807,5.917031245305767,4.833155174771111
50.49997,4.017218536725411,6.017876054407558,4.824971637053771
50.56572,4.146737226261629,6.118573077892758,4.823067144870731
50.598072,4.276416746047258,6.2189996448523,4.828309077130382
50.631084,4.40769175355844,6.319091682033036,4.832230446596883
50.700127,4.537261172139232,6.418808184091498,4.821710389222698
50.733337,4.666284297977364,6.518023947080003,4.811145856191006
50.7663,4.794319664665778,6.616679480202927,4.801125401150005
50.831142,4.9248021738028145,6.714723692154103,4.772671434258225
50.86738,5.054746467332704,6.812076321884351,4.744324973786857
50.900322,5.184481638768633,6.908604029028427,4.716860146222514
50.997704,5.314764242640845,7.004283361536092,4.6738958082441595
51.030907,5.444739900124714,7.0989855417428585,4.631358445647315
51.100494,5.57433554651633,7.1925912239657475,4.589315691301337
51.13258,5.703079865383346,7.285074483002803,4.551402760957173
51.165764,5.831696975222499,7.376381443170238,4.514705309837815
51.231285,5.959751168788368,7.466440864562712,4.47954363727574
51.265285,6.086550104367114,7.555251692235992,4.445516626323786
51.29948,6.211835948892615,7.642784447303664,4.411835034207471
51.364452,6.336176376744656,7.728990706215036,4.379330882284112
51.398323,6.459598829338724,7.813801326830336,4.355669741596374
51.432766,6.5825199546879265,7.897215251626741,4.331857603094906
51.500378,6.704205423681353,7.979300171047109,4.3157027873948826
51.533222,6.825077275215166,8.060031744019676,4.30789749209309
51.565796,6.944835863400138,8.139303595487386,4.300656294044621
51.66458,7.062587638619707,8.217088217291312,4.293311092063908
51.699905,7.178815523766318,8.293391940681492,4.283877163189832
51.765812,7.2926326470681095,8.368154454437244,4.275249226685808
51.79836,7.405485338580839,8.441404890171654,4.251653591420644
51.832405,7.516647286636334,8.513037912966931,4.227567593755884
51.898785,7.624909806959652,8.583073306171503,4.204705689030239
51.93216,7.7301930705448045,8.651487023298134,4.181815202209479
51.964703,7.834037802661335,8.718225366064505,4.159663847021066
52.03077,7.936193444178795,8.783263501240373,4.138256111455598
52.065926,8.0385366549671,8.846603542671065,4.1176691668804715
52.099945,8.139175048765189,8.90825455789573,4.097804870979627
52.164673,8.237308583194318,8.96819397957244,4.078902969639112
52.198788,8.332831483857131,9.02646717436442,4.060400360780829
52.23099,8.427321528613987,9.083077711996058,4.042166003890676
52.331745,8.520342143203395,9.13802931518019,4.03280399629861
52.36586,8.613176572725349,9.191287794556695,4.024441831549799
52.432667,8.704216321738576,9.24283243223939,4.0173013159111965
52.468063,8.793303092114048,9.292678363436965,4.019209239725901
52.500072,8.88014328976094,9.340799014407821,4.022458737447185
52.564865,8.964101714994293,9.387196341192478,4.027616329461607
52.599575,9.047805812997979,9.431876382813247,4.024616085991353
52.6306,9.127895924389032,9.474826617530407,4.023185111073046
52.700977,9.205163654443199,9.516049195993476,4.022625841794424
52.732952,9.28204938658875,9.555537140991554,4.014218102302131
52.765736,9.354012200369246,9.593307585025007,4.0063594000406315
52.83163,9.421694613474708,9.629350213647056,3.999131000423192
52.865578,9.485889160041152,9.663682063511946,3.9955906130746994
52.898838,9.546401150913429,9.696326149346923,3.992972614697349
52.998413,9.605031015637822,9.727254041616327,3.9918433807777576
53.031387,9.65843712753907,9.756492467303278,3.9930765313318712
53.09945,9.706672181276756,9.784027013147476,3.9951385739045198
53.13266,9.748838380561718,9.809908767489235,3.996958589502169
53.164623,9.787678306492763,9.83412042589409,3.9993435284744105
53.231274,9.821815711276143,9.856686656918185,4.0015218679921185
53.26445,9.853981475748007,9.877588576539289,4.012243966888793
53.29984,9.880797429662955,9.896832954644053,4.023627967471086
53.36572,9.906405817303087,9.914422176185122,4.036033935551793
53.39858,9.92834939267891,9.930360916028521,4.048244506067063
53.431305,9.944929827376702,9.944618307386362,4.060764470912735
53.500866,9.96220257004979,9.95719438467737,4.073631932720069
53.533115,9.97671312400871,9.968136976121286,4.074693770984974
53.564934,9.989426711800228,9.977464322855132,4.0761382786194345
53.664673,9.996822755598473,9.985162654751107,4.077048621740786
53.701035,10.0,9.991245367438141,4.070075562431655
53.7649,9.997201017494469,9.995725813697819,4.0624829268210005
53.79871,9.99560104013605,9.998642884414464,4.054934485268246
53.830685,9.988244776604933,10.0,4.049812238090657
53.899685,9.975683813914317,9.999785133117182,4.044291412286627
53.93245,9.961067093182143,9.998018524854647,4.038206924100739
53.965717,9.942714832708493,9.994725818481404,4.031541439949329
54.030796,9.923104164417879,9.989909342476775,4.023953888989454
54.065704,9.89910069049749,9.983550485942555,4.026164551259565
54.099808,9.873966634088752,9.97571044793466,4.027866749770024
54.166153,9.847397891756138,9.966421415507241,4.02891527787983
54.198303,9.815532284697,9.955677647942961,4.029785993321816
54.23123,9.781686744763647,9.943490584165138,4.0303181491263596
54.333523,9.750732159950243,9.929870547891863,4.030342252944507
54.365715,9.7162681493681,9.914830635887293,4.036643281789054
54.432274,9.679211492937263,9.898360091169783,4.043309118667116
54.465324,9.64128973676807,9.88049090609866,4.049892409513465
54.4992,9.602684143995486,9.861237407189995,4.055613952461352
54.565662,9.560727979289302,9.84061413955643,4.060944213092723
54.598198,9.517368970996413,9.818635535999656,4.066042429244294
54.63135,9.469177802411597,9.795305686720226,4.062278947059587
54.700226,9.420698965645325,9.770637390715004,4.057825957580647
54.73272,9.37272680222065,9.744682367534304,4.052684211010731
54.76647,9.32198882937308,9.71744311681327,4.046375001289166
54.83121,9.26862178157281,9.688924717046865,4.038715097390163
54.864304,9.214515141361623,9.659110311670329,4.0293772319589936
54.90007,9.159658027697022,9.628043642135731,4.019911172928659
54.997887,9.108267060301825,9.595709424982482,4.008693924707663
55.031925,9.052535714779996,9.562128034223129,4.006912445491359
55.10047,8.993694514789015,9.52732491636061,4.0036281855167095
55.133663,8.936850396425246,9.491302838847098,3.9994575231547302
55.16571,8.877841632661276,9.454056945675298,4.003124542465756
55.23104,8.81887482760335,9.415559455689616,4.006091879475916
55.264557,8.757754303570607,9.37582639413688,4.008849418743703
55.299667,8.693683297161538,9.334874028873418,4.018864284271357
55.365734,8.629282119256171,9.29271614522544,4.029483872466347
55.39861,8.562258146305412,9.249391600687348,4.039972231103821
55.431374,8.491515993357018,9.204900802049206,4.038816115338784
55.498634,8.424842778387593,9.15925680121653,4.037126923152454
55.533665,8.355642546774707,9.112435622401238,4.035425711041119
55.565754,8.292110621547115,9.065958375910478,4.02692310008425
55.66562,8.227244411284058,9.018155660041824,4.01762257692428
55.699696,8.161045573017827,8.969023101055814,4.0075066142743605
55.765793,8.09351576380714,8.918556325222273,3.9965576849482254
55.798035,8.024656640710734,8.866750958811028,3.9847582617595196
55.83112,7.954469860787318,8.813602628091912,3.972090817522023
55.900024,7.8829570810956,8.75910695933475,3.958537825049425
55.93344,7.810119958694327,8.703259578809366,3.944081757155414
55.965866,7.735960150642207,8.646056112785594,3.928705086653726
56.031887,7.66047931399795,8.587492187533257,3.9123902863580944
56.06519,7.58367910582029,8.527563429322186,3.895119829082209
56.10054,7.505561183167937,8.466265464422206,3.8768761876397586
56.164722,7.4261272030996235,8.403593919103146,3.857641834844478
56.19866,7.34537882267406,8.339544419634832,3.8373992435101023
56.231804,7.263317698949967,8.274112592287093,3.8161308864503205
56.33286,7.179945488986078,8.207294063329758,3.7938192364788215
56.365875,7.095263849841091,8.139084459032652,3.7704467664093855
56.43161,7.00927443857374,8.069479405665607,3.7459959490556565
56.464653,6.9219789122427455,7.998474529498447,3.7204492572314143
56.50042,6.83337892790683,7.926065456800998,3.693789163750303
56.566,6.7434761426247025,7.852247813843092,3.665998141426102
56.59825,6.652272213455085,7.777017226894553,3.6370586630724557
56.632114,6.55976879745671,7.700369322225212,3.6069532015031442
56.70035,6.465967551688287,7.622299726104896,3.575664229531811
56.733974,6.3708701332085385,7.542804064803431,3.543174219972191
56.765625,6.2744781990761975,7.461877964590648,3.509465645638064
56.83158,6.176793406349962,7.37951705173637,3.474520979343074
56.8657,6.077817412088565,7.295716952510427,3.4383226939009104
56.89864,5.977551873350715,7.2104732931826465,3.4008532621253975
56.99849,5.87599844719516,7.123781700022859,3.362095156830135
57.032246,5.773158790680596,7.035637799300886,3.322030850828858
57.10003,5.669034560865744,6.946037217286562,3.2806428169352992
57.13404,5.563627414809327,6.854975580249709,3.2379135279631948
57.165756,5.456939009570077,6.762448514460159,3.193825456726233
57.23128,5.348971002206693,6.668451646187738,3.1483610760381495
57.26441,5.2397250497779195,6.572980601702272,3.1015028587125872
57.3002,5.129202809342455,6.4760310072735905,3.053233277563327
57.36674,5.017405937959031,6.377598489171523,3.0035348054040574
57.3984,4.90433609268637,6.277678673665892,2.952389915048513
57.431797,4.7899949305831955,6.17626718702653,2.8997810793103835
57.500843,4.674384108708202,6.073359655523263,2.845690771003403
57.532936,4.557505284120149,5.968951705425919,2.790101462941216
57.567303,4.439360113877721,5.863038963004325,2.7329956279376475
57.664783,4.319950255039652,5.755617054528308,2.6743557388063413
57.699673,4.199277364664676,5.6466816062677,2.614164268360987
57.765785,4.077343099811489,5.536228244492323,2.552403689415364
57.798145,3.9541491175388255,5.424252595472007,2.4890564747831165
57.831917,3.829697074905407,5.3107502854765825,2.4241050972780247
57.898582,3.7039886289699435,5.195716940775872,2.3575320297137323
57.933426,3.5770254367911676,5.079148187639706,2.2893197449040192
57.965958,3.448809155427801,4.9610396523379094,2.2194507156625747
58.031067,3.319341441938542,4.841386961140318,2.147907414803088
58.0653,3.188623953382135,4.72018574031675,2.074672315139294
58.09975,3.056658346817278,4.597431616137039,1.9997278894849266
58.164875,2.9234462793027167,4.473120214871012,1.9230566106536304
58.198315,2.788989407897161,4.3472471627884905,1.844640951459185
58.231915,2.653289389659319,4.219808086159313,1.76446338471528
58.334167,2.5163478816479254,4.090798611253296,1.6825063832356495
58.366043,2.37816654092169,3.9602143643402736,1.598752419833938
58.43186,2.238747024539345,3.828050971690076,1.513183967323925
58.46519,2.098090989559601,3.6943040595725227,1.4257834985192999
58.49965,1.956200093041185,3.5589692542574496,1.3365334862337972
58.565876,1.8130759920428126,3.4220421820146787,1.2454164032811064
58.598557,1.6687203436231994,3.2835184691140387,1.1524147224749164
58.63212,1.523134804841079,3.143393741825359,1.0575109166290075
58.69903,1.376321032755161,3.001663626418468,0.9606874585570234
58.733376,1.2282806844241725,2.858323749163193,0.8619268210727442
58.765858,1.0790154169068293,2.7133697363293594,0.7612114769898137
58.83227,0.9285268872618471,2.566797214186795,0.6585238991220118
58.864613,0.776816752547959,2.41860180900533,0.5538465602829825
58.89862,0.6238866698238688,2.2687791470547873,0.4471619332865058
58.999004,0.46973829614831575,2.1173248546050045,0.33845249094622554
59.032104,0.3143732885799977,1.9642345579257992,0.22770070607592163
59.09898,0.15779330417765988,1.8095038832870018,0.11488905148928334
59.12,0.0,1.6531284569584426,0.0
