0.32,2.240304236851372,1.2383419851653454,1.2725147407535362
0.4,2.1542134093548184,1.1246431020321948,1.2684844335472076
0.48,2.0741616581193694,1.0169133852858916,1.2646391093161975
0.56,2.000060256625129,0.9150776115552736,1.2609743580245918
0.64,1.9318204783522015,0.819060557469179,1.2574857696364907
0.72,1.869353596780663,0.7287869996564257,1.2541689341159805
0.92,1.8125708853906177,0.6441817147458583,1.2510194414271611
1.0,1.7613836176621418,0.5651694793663016,1.2480328815341188
1.08,1.7157030670753532,0.49167507014658685,1.2452048444009538
1.16,1.6754405071103142,0.4236232637155521,1.242530919991752
1.24,1.640507211247143,0.360938836702022,1.2400066982706135
1.3199999,1.6108144529659294,0.3035465657348278,1.2376277692016318
1.4,1.58627350574675,0.2513712274428076,1.2353897227488926
1.56,1.566795643069695,0.20433759845479268,1.2332881488764893
1.64,1.552292138414882,0.16237045539960773,1.231318637548529
1.72,1.5426742652624013,0.12539457490609074,1.2294767787290837
1.8,1.5378532970923153,0.09333473360307305,1.2277581623822678
1.8399999,1.5377405073847419,0.06611570811938601,1.22615837847216
1.8985887,1.5422471696197713,0.04366227508386091,1.2246730169628537
1.949976,1.5512845572774938,0.025899211125322397,1.223297667818449
2.0334535,1.5647639438379992,0.012751292872615208,1.2220279210030394
2.0735176,1.582596602781392,0.004143296954563966,1.2208593664807175
2.113709,1.6046938075877482,0.0,1.2197875942155694
2.1547966,1.6309668317371577,0.00024617863776134737,1.2188081941716957
2.1957402,1.661326948709739,0.004806609496672628,1.217916756313182
2.236068,1.695685431985554,0.013606069205565173,1.217108870604129
2.2764928,1.7339535550447212,0.02656933439327031,1.2163801270086294
2.3553245,1.7760425913673301,0.043621181688632785,1.2157261154907695
2.3943033,1.8218638144334436,0.06468638772047051,1.2151424260146495
2.4339707,1.8713284977231932,0.08968972911761482,1.2146246485443624
2.48,1.9243479147166553,0.11855598250890373,1.2141683730439943
2.5296288,1.98083333889392,0.1512099245231753,1.2137691894776523
2.5630233,2.0406960437350774,0.18757633178924074,1.2134226878094159
2.6239426,2.103847302720218,0.2275799809359515,1.2131244580033778
2.7032263,2.1701983893294594,0.2711456485921322,1.2128700900236453
2.742153,2.239660577042864,0.31819811138661414,1.2126551738342974
2.7831635,2.312145139340536,0.36866214594822866,1.2124752993994345
2.8290918,2.3875633497025794,0.4224625289058138,1.2123260566831426
2.863224,2.4658264816090703,0.4795240368881875,1.212203035649529
2.9022694,2.5468458085401133,0.5397714465241945,1.2121018262626724
2.9423199,2.6305326039757837,0.6031295344426661,1.2120180184866733
3.0233214,2.7167981413962004,0.669523077272427,1.2119472022856175
3.064125,2.805553694281425,0.7388768516423084,1.2118849676236125
3.1034675,2.896710536111576,0.8111156341811484,1.2118269044647374
3.1438425,2.9901799403667435,0.8861642015177784,1.211768602773092
3.1851082,3.085873180527004,0.9639473302810229,1.2117056525127698
3.2261748,3.1837015300724603,1.04438979709972,1.2116336436478639
3.2712429,3.283576262483204,1.127416378602701,1.2115481661424672
3.355831,3.3854086512393384,1.2129518514187974,1.2114448099606658
3.393023,3.48910996982094,1.30092099217684,1.21131916506656
3.433393,3.594591491708099,1.3912485775056609,1.211166821424243
3.477053,3.7017644903809335,1.4838593840340908,1.2109833689978078
3.5173151,3.810540239319505,1.5786781883909682,1.2107643977513476
3.5549493,3.920830012003933,1.6756297672051106,1.2105054976489555
3.596698,4.032545081914292,1.774638897105363,1.2102022586547245
3.6788988,4.145596722530674,1.8756303547205566,1.209850270732741
3.7145157,4.2598962073331945,1.9785289166795161,1.209445123847112
3.753192,4.375354809801919,2.083259359611073,1.2089824079619167
3.793756,4.491883803416949,2.189746460144065,1.2084577130412548
3.8365016,4.609394461658389,2.2979149949073236,1.2078666290492202
3.8767478,4.727798058006316,2.407689740529673,1.2072047459499124
3.9172018,4.84700586594082,2.5189954736399525,1.2064676537074108
3.9950194,4.966929158942018,2.631756970866992,1.2056509422858157
4.04,5.087479210489975,2.7458990088396233,1.2047502016492198
4.0822587,5.208567294064806,2.861346364186678,1.2037610217617165
4.1426644,5.330104683146588,2.9780238135369874,1.2026789925873917
4.1827083,5.452002651215426,3.0958561335193826,1.201499704090353
4.2224956,5.574172471751395,3.214768100762695,1.200218746234686
4.2628813,5.696525418234614,3.3346844918957625,1.1988317089844842
4.3466263,5.818972764145146,3.45553008354741,1.1973341823038408
4.3827763,5.9414257829631065,3.5772296523464684,1.1957217561568485
4.4768248,6.063795748168574,3.6997079749217696,1.1939900205076008
4.517777,6.185993933241652,3.8228898279021584,1.1921345653201834
4.5546303,6.307931611662429,3.946699987916452,1.190150980558704
4.5925,6.4295200569109845,4.071063231593482,1.1880348561872485
4.677373,6.550670542504592,4.195904335583971,1.1857817821976324
4.7133493,6.657338997440832,4.3200388172125646,1.1806944136448787
4.7579455,6.765684607768189,4.44415741833289,1.1750438619121804
4.7961497,6.869927804766502,4.56816026519081,1.1688176170697788
4.836241,6.977205489998494,4.691984823066217,1.1637153721240006
4.8721547,7.0846845098970626,4.815535163883191,1.1579797211658787
4.9157643,7.185300859529191,4.938727817379576,1.1516033486285813
4.9955626,7.282482807806087,5.061515847732024,1.144578092678182
5.034815,7.376524030591754,5.1837832125139,1.1370432036138134
5.073901,7.470535145699564,5.3054496941224665,1.1289888416691523
5.114095,7.56247579242045,5.426428845764258,1.1221603266061195
5.1537075,7.652474301376274,5.546526700025627,1.114654916586762
5.194889,7.742369337488534,5.6656714943895725,1.1065271132769083
5.233066,7.831458298733548,5.783863098887792,1.097731212891728
5.314227,7.9179667036035,5.9010199600554785,1.0884640358624014
5.3539915,8.004125885758597,6.017084020799104,1.0786741820083892
5.3942738,8.089892524192395,6.132034666247529,1.0707184362209494
5.43446,8.176132799452198,6.2458033052720365,1.0620686279427534
5.4760337,8.26185796433973,6.35836373406868,1.0527866724945865
5.5134425,8.343998139356428,6.469701210175668,1.0429296440235312
5.555481,8.42281786560419,6.579730186697665,1.032599378201929
5.6317425,8.503605791957511,6.688410973352752,1.021797608276366
5.674225,8.581970906927866,6.7956968380690475,1.0128353674612713
5.719168,8.656212353192247,6.901553337898305,1.003188101277576
5.7575603,8.733102317399728,7.005953840666957,0.9929213336828253
5.7965446,8.806608808398375,7.10892935637375,0.9820033187583029
5.8352056,8.879150824934783,7.210382892229522,0.9704101780634702
5.8721704,8.953186713661099,7.3102323619410186,0.958409125947792
5.956585,9.02115588273118,7.408460856698924,0.9483160906927396
5.9929576,9.085857517789854,7.505016338524676,0.9376605994781659
6.036071,9.147326510258218,7.599876392211197,0.9265094031942366
6.0742207,9.205659031736129,7.693097411761372,0.9148780929309228
6.1138597,9.264949448917196,7.784605010279735,0.9028793663503719
6.154044,9.320546426666963,7.874369759675465,0.8905254125156133
6.192599,9.370555584603549,7.962299117678509,0.8802297390629866
6.277269,9.420277050509684,8.048428443282534,0.8693725377159846
6.3174925,9.464975497664318,8.132727137348597,0.8579798099552043
6.354676,9.510073759690714,8.215222359636291,0.8461743504932985
6.3937683,9.548730162518295,8.295824316285353,0.8340243474473606
6.4373703,9.584327474170896,8.374490272071784,0.8215961528695473
6.476814,9.619199628697892,8.451170883848144,0.8089973439756344
6.5182242,9.65354055733306,8.525852101491399,0.7961890305817148
6.5936055,9.685314874024156,8.598504130536938,0.7832391118729605
6.6334333,9.70812099336294,8.66914522275031,0.7702102414984054
6.6732783,9.73068426482325,8.7376901713042,0.7572094369493728
6.72136,9.746987509472799,8.804111974887158,0.7442957609968245
6.75636,9.761404870314887,8.868399081297047,0.7316187541482304
6.8046823,9.773053482832788,8.930550713505415,0.719079327406219
6.861775,9.78303365802666,8.990525893107005,0.7067840282436011
6.942314,9.788699980423567,9.048249132004093,0.6947353778960912
6.982582,9.795151501649471,9.103704530431544,0.6831253193807822
7.023169,9.800220271348742,9.156876805562943,0.671897231432429
7.0634174,9.799678562403413,9.207754319818491,0.6611874077851596
7.0902996,9.795579706322021,9.256303393974415,0.6508869817221258
7.12,9.790997477188773,9.302500306871888,0.641092811522135
7.16,9.787446460133943,9.346381824570281,0.631797818120545
7.2690096,9.778728906342465,9.387870354135186,0.6230920129117687
7.302571,9.770331884358065,9.426947975029734,0.6149680527817951
7.3448663,9.757567172907459,9.463613609420541,0.6075585551118629
7.381829,9.737735823022158,9.497855733978595,0.6007969940292368
7.4220066,9.716661566723793,9.529671205886197,0.59472055207212
7.4625235,9.690927875069331,9.559045991897209,0.5893646312461278
7.5029874,9.668021561214584,9.585979261319737,0.5848122494415684
7.582021,9.649756086596097,9.610448429918149,0.581045808805947
7.6227207,9.626620329908187,9.632432483358253,0.5781384173025583
7.663479,9.598209647799795,9.651946196927433,0.5761092489677891
7.7038674,9.56678322117824,9.668981907005609,0.5749794769614938
7.784016,9.531710413964289,9.683521951552583,0.5747689089967192
7.8243637,9.501022060173264,9.695573630370129,0.5754960037142686
7.9026713,9.461632877369738,9.705134239008752,0.5771316768140536
7.9430995,9.423488244274182,9.712261673518897,0.5796454439984191
7.983037,9.383404786402133,9.716910458963824,0.5831505296338992
8.023666,9.338304250188378,9.719071592025,0.5876139212568111
8.064402,9.290391181176421,9.718750021358204,0.5930538003342225
8.102335,9.239293319883124,9.715952196945075,0.5995330193943058
8.144475,9.184341366802512,9.710696956976088,0.6070604590733101
8.222287,9.128984165964624,9.702981349761059,0.6156438001054296
8.262968,9.07252269337205,9.692622148201332,0.6254398599418876
8.302612,9.010110177794788,9.679746301196932,0.6362611483123005
8.342986,8.945517451562985,9.664334657640142,0.648162491860192
8.390769,8.880833993464364,9.646318348558996,0.661296176118004
8.429404,8.814203901188584,9.62579153065326,0.6755167907005882
8.472361,8.745627788518297,9.602772283071626,0.690822623747519
8.556012,8.674510180662939,9.577204298848148,0.7073687640296785
8.599523,8.60133694084694,9.549182082864023,0.7250126514573766
8.637368,8.526955954564285,9.518724281965936,0.7435512175063346
8.676411,8.448853145622065,9.485808010590468,0.7632280358768119
8.718129,8.367015873357929,9.450536575640632,0.7838903729049389
8.758772,8.285366840780844,9.412901918174144,0.8057732560818992
8.801876,8.202152191672685,9.37284217424777,0.8293146419134853
8.9027815,8.117319717398328,9.33045440938363,0.8539167336696614
8.94335,8.03122567080246,9.285791282554253,0.8795205653771174
8.982349,7.94464940968551,9.238808396298271,0.906270234736688
9.021852,7.855054858489901,9.189567754702338,0.9340059153409033
9.062354,7.766407086995463,9.1380778963874,0.9627577903951359
9.102538,7.675840445319798,9.084272254036282,0.9938980173106303
9.143177,7.583975446946931,9.028271528716232,1.026029311942987
9.223902,7.493519758812161,8.97006373225956,1.059129088310849
9.262957,7.40337972610949,8.909664426526216,1.0933845522583288
9.302877,7.310575136701676,8.847133860592502,1.1285345165498184
9.346314,7.212151063355445,8.782505714868163,1.1646003313739945
9.383555,7.116398822181196,8.715694024984735,1.2031954663550255
9.423652,7.019612383085813,8.64679903820848,1.242570701221723
9.462803,6.925159713693505,8.575833772643941,1.2827401248771375
9.543517,6.8303219937641,8.502725587035917,1.3237693802272832
9.582531,6.733119962864099,8.427519492013085,1.3655783541565683
9.623039,6.636777715219327,8.350277224363607,1.4081322780399312
9.663445,6.539079468568247,8.270953045835002,1.4530348173184415
9.702628,6.441024636532231,8.18965615657955,1.4985270530547503
9.743014,6.342396791932949,8.106444120944982,1.5446134821809718
9.783196,6.243326450303414,8.021380570429088,1.591350263505872
9.861895,6.143100103160528,7.934547793627552,1.638601698576366
9.903695,6.041907387584515,7.845972280013486,1.686376208878342
9.943172,5.939986159286536,7.755630912295805,1.7358122371929137
9.981979,5.836954376513362,7.663596807322084,1.7858169440861917
10.022553,5.737301497360899,7.569880829651207,1.8362831100940868
10.068688,5.637568323020641,7.474527906336281,1.887208205625063
10.105,5.538564121981066,7.377559338547524,1.9384442437899048
10.196266,5.438730306387911,7.278999070680756,1.9900337585144945
10.235709,5.335779011318271,7.1788207319110775,2.043156342129667
10.277576,5.234082187580113,7.077138477758476,2.0966686833325343
10.312908,5.1324642411028885,6.974039147322565,2.1504070511083664
10.354182,5.030679556653963,6.8695527422977705,2.2043588206232823
10.3938875,4.930353039644933,6.763757908427861,2.2584123271186796
10.433824,4.830786892309824,6.656690195417348,2.3125017592860244
10.518919,4.73150047190171,6.548312433067206,2.362576407477207
10.56,4.633592724400243,6.438718021436882,2.41278952675008
10.6,4.536041254131189,6.327936702240433,2.4629282053058583
10.68,4.438501790551272,6.216041707414824,2.513029518529992
10.76,4.3400254744777165,6.1031169092952595,2.562985504335446
10.84,4.242283199068029,5.989189956548936,2.6126880534968517
10.88,4.144558387478044,5.874249249650955,2.657991309206784
11.035571,4.046460498864058,5.758400535269119,2.7030980684080497
11.07718,3.9476784768680604,5.641730061160445,2.747996492651245
11.116529,3.8506593350193823,5.524285819595196,2.7927799251744387
11.155861,3.7533220073721147,5.406161240673223,2.837146441782543
11.1971855,3.6564876051197506,5.287405053047802,2.88103778654124
11.234018,3.5596198095203118,5.168027395615195,2.920417444206838
11.389267,3.4627838653122214,5.048176699263688,2.9593542086534965
11.44,3.3613424175843356,4.927911257905555,2.997893517220157
11.498256,3.260525361299864,4.807346680069125,3.035981924779194
11.553705,3.159390604500702,4.686587226378925,3.073473874043064
11.587243,3.0587603644754147,4.5656931119129345,3.1103689163903376
11.622294,2.9601660336068543,4.444699182229785,3.14237906566938
11.661974,2.86128365909321,4.323736011033033,3.1737169049340683
11.742884,2.764353301937789,4.202916486537941,3.204433325245975
11.784129,2.669189726769855,4.08232948966336,3.234480627274056
11.826584,2.5747391918662914,3.9620769272850107,3.2638114921335695
11.862026,2.4808329227289176,3.842217739013241,3.292378986517611
11.90266,2.3884903060584333,3.722760090021049,3.318304473488205
11.941816,2.296335743822183,3.6038180986752733,3.3431781829285736
11.98332,2.209949087404053,3.4854549572773426,3.3669740163576773
12.08,2.1264903111622493,3.367686132807902,3.389665872662139
12.12,2.0423488152980958,3.2506470541480352,3.411227868566374
12.2,1.9585653448411866,3.1344564669430937,3.4317330914722706
12.24,1.8687112346082657,3.019208728474396,3.4491722464313086
12.286185,1.7925378051570005,2.904998509064216,3.4651033982710806
12.342956,1.7170452023968223,2.791934699919103,3.479619657641573
12.381947,1.6459000334410745,2.6800782055314127,3.492767964013475
12.464006,1.5763443336658605,2.5695614387290684,3.5044438835088227
12.503077,1.5070284128052098,2.4604858075359384,3.514687901775815
12.544895,1.4499910402610396,2.353021019375139,3.5214582030782577
12.582336,1.3964620553108948,2.2474668364919586,3.5265770018713343
12.622643,1.3423243680100068,2.143963943488094,3.530104863626042
12.670733,1.2897833913367889,2.042545102956307,3.5321543929395918
12.703079,1.2471656920687244,1.9433353203523285,3.5325414053729123
12.783386,1.2061931443486096,1.8464383815899323,3.5313777260301333
12.822689,1.1620717288618456,1.7519538721205061,3.5254085982142183
12.861733,1.123416994765024,1.6599241881481466,3.5176621907280294
12.905649,1.086158070740885,1.570407703659377,3.5082198379564287
12.941948,1.054905532233662,1.48346960009806,3.4970632097436103
12.983351,1.0270961688994116,1.3992097931251724,3.484173402955121
13.022181,1.0060302501788119,1.3177071267014464,3.4696298163708943
13.102335,0.9900227859762418,1.2390829466561168,3.450244147877958
13.142287,0.9728429265718099,1.1633640686539064,3.4290650238667495
13.183652,0.9552613038714581,1.0905791282626522,3.4061944472105123
13.222232,0.9414505211433216,1.020716641363258,3.3817862525333258
13.263207,0.9289744551171493,0.9539019056032022,3.356098598019675
13.301882,0.9234862715090525,0.8902741866343092,3.3288416529335283
13.3439,0.9211569277753457,0.8299320884788245,3.2974468562082726
13.422434,0.9184379947745437,0.7729021589850311,3.264246955789014
13.463316,0.9187355212487618,0.7192136835016911,3.229313514608002
13.506691,0.9250131370628304,0.6687964252791867,3.192769671038102
13.544197,0.9347933249123677,0.621716732728488,3.154638713014105
13.586376,0.9484931029550081,0.5779741021387956,3.114995487681054
13.627655,0.9659908539602372,0.5377635771122393,3.0711947161168145
13.662824,0.9831078366810142,0.5009737087518553,3.0257889608103237
13.743159,1.0089225036941456,0.46763117150437344,2.9789311649020607
13.783346,1.033802355862995,0.43768662616385834,2.9306739822240204
13.824509,1.0621971675800848,0.41120571601080297,2.881068651888567
13.863429,1.0915394081812373,0.3882215431690177,2.830263872877617
13.901539,1.1219755317238596,0.36882160495547917,2.7806125743347567
13.943038,1.1551507429010859,0.3529627386766836,2.729731485412462
13.982195,1.1943870967571697,0.34064842046100713,2.677728807619313
14.063094,1.2358415868341965,0.331841856971155,2.6246649710134347
14.102281,1.282900362405525,0.3266087137300109,2.5705989720213234
14.142913,1.3321626438072747,0.3249244918030453,2.515680488248871
14.186372,1.3899390047980213,0.32674263787458974,2.4621640078337492
14.221716,1.4554986153407532,0.3320594806864443,2.407672482132465
14.263503,1.5222076895081376,0.3408789015781387,2.3523197059581555
14.302694,1.5867925965475758,0.3532532170968602,2.2962172860804086
14.382291,1.6552218476011784,0.36917619291087783,2.2392311461799235
14.422282,1.7294559972961645,0.38862663488754146,2.181620447490228
14.462597,1.8046732820484117,0.411547913199438,2.125795100478544
14.502681,1.8823121657385122,0.4379859662138953,2.069375422352195
14.542293,1.9598243874822445,0.46793579902542365,2.012380142337337
14.583538,2.039981821564679,0.5013385761770168,1.9549769069917031
14.622886,2.121660145456944,0.5382368191198929,1.897278325005435
14.703253,2.20672358805782,0.57860509722661,1.839394504427466
14.783785,2.2948876658440533,0.622393321297174,1.7813805124362998
14.823029,2.3904126900507854,0.6696056768406139,1.7234344324195847
14.862554,2.486264281873554,0.7201844117982887,1.6656599335874185
14.908935,2.58638155273061,0.7740940147650234,1.60811204655801
14.950268,2.6824607696724683,0.8312854504347276,1.5508430718677908
15.034567,2.778334254145618,0.8917209370380966,1.4940012439351495
15.074202,2.8739849962768393,0.9552991755849193,1.4376797482500105
15.112844,2.9712966302912083,1.0220339448797904,1.3819173701640408
15.156742,3.0700121559238887,1.0918849245979663,1.3268036983146707
15.192726,3.1719333059326327,1.1648230183910362,1.2724261513620332
15.233371,3.2727420714441497,1.2408164225720304,1.2188699768107396
15.272905,3.370143572063605,1.3198073417851222,1.1663169988702147
15.356352,3.4671736879593804,1.4016215818316777,1.1149470416184852
15.396242,3.5705314800164683,1.4863380361483771,1.0645956438726374
15.43228,3.673824241151419,1.5739378339248637,1.015491514556856
15.473786,3.779387657001448,1.6643651553025955,0.9677094273705775
15.514466,3.886822791029395,1.7575738490080894,0.9212229752918613
15.553383,3.994050976295904,1.8534808696825726,0.8761023277753986
15.594035,4.103303203453823,1.952005047614571,0.8325079014617639
15.674232,4.211927867702062,2.053110536160276,0.790347852905537
15.715382,4.324061960171444,2.156685733680201,0.7498310715357659
15.756497,4.4407529455229975,2.262675374269832,0.7109202854435873
15.792242,4.555527311136405,2.371023076953208,0.6736220226094911
15.837088,4.6727903047299035,2.4816124048557455,0.6379930657445928
15.87262,4.788107731251149,2.5943180982968883,0.6041866618222222
15.913443,4.90615925452006,2.709094658850729,0.5722022244989095
15.992064,5.023422906549189,2.8258336407982547,0.5420892869947636
16.032555,5.140824757508029,2.94442745442876,0.5140464670407761
16.076778,5.261634792354044,3.0647212528527725,0.4879737608205247
16.112831,5.384477331141163,3.1865829265486316,0.46392047003073245
16.15294,5.5051608703087584,3.3099062111360325,0.44178219806604474
16.197422,5.624811059796511,3.4345843277888894,0.4214784548782235
16.234118,5.744445721406131,3.560472932405425,0.40327489322666155
16.312773,5.863097812087829,3.6874152097043082,0.38730263854708635
16.355371,5.982518191675369,3.8152901338650436,0.37349283238830605
16.394505,6.103029310068037,3.943990725102226,0.3618269283189941
16.435175,6.222691372366817,4.073389889340583,0.3523828175249051
16.480753,6.341554423690055,4.203407336973004,0.3444975925999262
16.516941,6.459550773127776,4.333936704675498,0.33878847900344466
16.552723,6.573154542019261,4.464906248763952,0.3352692353541429
16.632786,6.6865727185671515,4.596092635278516,0.33395110248859533
16.67683,6.7996755098999175,4.727424174842745,0.3347968084318186
16.711868,6.916330728109997,4.85879615823981,0.3379116527929226
16.75402,7.029666996541126,4.990139365710044,0.3424556670139723
16.792889,7.1415809661174015,5.12133786023267,0.3492175390540538
16.837423,7.248952092674238,5.252311411120672,0.35809243294186954
16.87347,7.355199342616569,5.382968996982921,0.3690718649974173
16.95285,7.45979468172446,5.5132679839606915,0.3821449528927569
16.992214,7.566172492408879,5.643094741612792,0.39734462404351467
17.040348,7.670463084621346,5.772370509497855,0.413857400587671
17.074047,7.772977933826321,5.901006444059923,0.4323996926876861
17.113808,7.875007968975105,6.028913032189895,0.4528470325593904
17.15456,7.97437337100642,6.155838728805555,0.47512498456765156
17.19317,8.071608941788854,6.281662339689505,0.49935401841794463
17.274197,8.1676264919525,6.406233141772057,0.5254015848324779
17.315083,8.26435548133338,6.529442280410122,0.5535720609038198
17.356714,8.358515617957059,6.651242923922567,0.5833195801195507
17.395786,8.45001538094938,6.771591253133958,0.6146397386643164
17.432426,8.541081852539882,6.890353266325773,0.6474793107724077
17.473545,8.626159984141147,7.00744759175409,0.6818812060438199
17.518173,8.707734822894746,7.122832976747867,0.7175892113180911
17.59332,8.792383346901655,7.236435331613844,0.7549816880273947
17.635704,8.870747035188808,7.348194392066732,0.7934416851221912
17.673094,8.946765133067379,7.458051283046334,0.8329922701880641
17.71371,9.022687944824165,7.565959369811661,0.8735086198403502
17.759054,9.095486316560887,7.671895179271766,0.9147308076953068
17.792597,9.164095885751689,7.775824327988064,0.9568367652016578
17.835613,9.229475488367804,7.877726496473677,1.0029333332752868
17.91383,9.295327121283151,7.9775955414384665,1.0499480250358497
17.952324,9.355527782100895,8.075416289498824,1.097838122593777
17.999409,9.410759028763854,8.171114935503661,1.1462811826238122
18.073835,9.464256980960666,8.264663252286608,1.1954456245112925
18.112123,9.514696940625077,8.356035238666648,1.2453324050345003
18.153738,9.563438893254279,8.445207255358412,1.2986667278898971
18.232267,9.6087772008947,8.53216895561826,1.352737791051735
18.273579,9.653622458419141,8.616864269051034,1.407390154107799
18.314003,9.692303731467074,8.699248894105496,1.4619113927859768
18.357979,9.730557848980816,8.779279488045477,1.5169220222495363
18.39325,9.762632284674115,8.856960430320322,1.572407189043459
18.432339,9.793127949326443,8.932261631544725,1.63093800499465
18.47277,9.823756309531325,9.005118634133776,1.6900446717749433
18.556917,9.851622915798528,9.07552590228527,1.7494570980018487
18.594133,9.878674498763344,9.143429616831988,1.8085000840970857
18.632746,9.90243815196642,9.208797485286304,1.8678318322841962
18.672562,9.919881886908462,9.271621862193392,1.9272252595675605
18.716465,9.935179939090832,9.331873296227085,1.9893888926130239
18.757566,9.949476736191325,9.389547236513469,2.051793322939313
18.793327,9.96002578990359,9.444604980250126,2.114208205655685
18.872553,9.968825970012038,9.497018605018116,2.1758074002227388
18.913546,9.979061324200847,9.546772377202716,2.2372433596521604
18.952547,9.987235553325059,9.593887567689379,2.2983759121131357
18.994955,9.99556622740749,9.638329293026384,2.3567210008273096
19.034431,10.0,9.680146386652071,2.4148863777512064
19.073256,9.996347607040391,9.719354938170534,2.472690232082099
19.112093,9.987563862534788,9.755984988867647,2.5292167378792367
19.193983,9.978428910982831,9.790068177694115,2.5851801918133637
19.235321,9.972331834642974,9.82159114800045,2.6404430825325944
19.273735,9.970271271246906,9.850540580081294,2.6925703388039066
19.313108,9.956571872687912,9.876938865594564,2.744225655893931
19.354624,9.9427091893152,9.900786586358935,2.7951849168499923
19.393314,9.924720239955537,9.922096659794674,2.8445366130467944
19.433237,9.906717629458756,9.940872520481273,2.893045979351034
19.513512,9.88916459870266,9.957142260336404,2.940580940808313
19.553816,9.86319399571481,9.970860634993956,2.986798793462532
19.593008,9.832911845857438,9.981952211545018,3.031865086436688
19.636385,9.806449950481475,9.990394876715104,3.0756226962245012
19.677315,9.777074643657786,9.996211831798599,3.117174194813406
19.713312,9.74102897460139,9.999414002415527,3.1573052787741074
19.753275,9.695553154173886,10.0,3.1960029189506707
19.833939,9.65878559669605,9.997931176877092,3.2338020702872154
19.874447,9.615569826180877,9.993286855376446,3.2700689184783562
19.913631,9.573006191896454,9.986091930722893,3.3046195352607812
19.953274,9.52910414630734,9.976335654340634,3.3395928193466338
19.998009,9.481408843621278,9.964043153318851,3.3723977223694614
20.033113,9.429361500676656,9.949217975208013,3.4030208359617826
20.072664,9.37109497889704,9.931826382354929,3.4321418494449167
20.157812,9.315523871059336,9.911905788162985,3.4590742980250906
20.193644,9.256624342548646,9.889521197174483,3.483733266186123
20.233597,9.196142464427439,9.864692225303521,3.5076966649667245
20.273314,9.135412183360453,9.837427224215002,3.5290288575790822
20.313475,9.068339899948613,9.807741854853154,3.5477906709892064
20.354696,8.998516028370993,9.775596709530143,3.5634188130204234
20.392624,8.92936748310905,9.741044647065713,3.576554550923768
20.473953,8.858895382795101,9.704108137323024,3.587209578958426
20.51384,8.785484483407652,9.664824489433991,3.5970585847073107
20.558302,8.708629574292239,9.623222627706058,3.604223733185572
20.60439,8.628514139385164,9.579391506750733,3.6087781456124857
20.664246,8.545092281612398,9.533229744350825,3.610256897500589
20.70523,8.45641148467733,9.484857009767685,3.609202414198619
20.743267,8.365817395403361,9.434303618958012,3.6057712887434707
20.823023,8.273781201310975,9.381600993739097,3.601631159714625
20.862862,8.186972576138118,9.326815883101393,3.5950483323860336
20.901585,8.100304107414303,9.270000744361916,3.585989673958043
20.942862,8.011611188671,9.211111303841022,3.5718010060324024
20.982803,7.920758614929834,9.150264321269615,3.5548811573153043
21.023243,7.82931140641357,9.087539079911998,3.5353676294948007
21.062359,7.737503310326862,9.022932573820976,3.5153373155308616
21.142498,7.643634653466663,8.956510154814127,3.4926758212807325
21.183075,7.554682688764463,8.888357451824307,3.4673841400815335
21.22403,7.459335552408449,8.81860502111006,3.436940295568597
21.26514,7.362661502195496,8.747209042560245,3.4039208117734097
21.303568,7.264852731675213,8.674253179965671,3.368343961555681
21.382051,7.170921945457541,8.59970512588638,3.332688088739913
21.465464,7.073504830378854,8.523626358088196,3.2946019252046774
21.503256,6.970024261405873,8.446041735672194,3.2541261669523993
21.542376,6.8689120507925026,8.367048031253377,3.208527785142543
21.582497,6.765051082892451,8.286591464259704,3.1604156775524923
21.622242,6.6641269604517595,8.20469940718816,3.110037706717463
21.662565,6.562451669668386,8.121342304424534,3.059804756883873
21.705006,6.459027104066488,8.036593650093076,3.007145837048108
21.782778,6.353809088635369,7.950488691363694,2.9523223649436887
21.822964,6.24665768869331,7.863097184050008,2.8977520859308363
21.86348,6.139294159344197,7.774383273323689,2.840963576905045
21.902544,6.031576494252174,7.684426425317393,2.782120564381886
21.942732,5.921095815071509,7.593225954114287,2.7237929843227944
21.983402,5.811010514632819,7.500862532910624,2.66346923857168
22.023588,5.700967932215311,7.407380084514842,2.6013243560195347
22.101404,5.589739776571827,7.312877002066985,2.539787883545362
22.143967,5.477993438034213,7.2173364456055715,2.4764061897349565
22.182915,5.365910210919209,7.120816127786116,2.4114130027220053
22.221487,5.254638633121997,7.023327282127983,2.347388946422018
22.26319,5.14474695271161,6.924892081803254,2.2817807791932476
22.303667,5.037185450749726,6.825565398291202,2.2147222246577414
22.342676,4.930337875001115,6.7254530797184575,2.146337039237239
22.423582,4.821489954437721,6.624529914119614,2.0769961605149634
22.463734,4.713755436649663,6.522775061953338,2.0067244823121633
22.502308,4.607612232353381,6.420126921684037,1.9381371656692095
22.544428,4.501677426123292,6.316686408069394,1.8686690388266491
22.581871,4.399676675687275,6.212479333391741,1.79850093503857
22.621687,4.297473884050996,6.107536940009711,1.7277048019911962
22.663548,4.195945931526981,6.00190028752978,1.656546978574643
22.74407,4.093471976627459,5.8955939683132135,1.5851452686791851
22.78297,3.9926267983025863,5.788556062526953,1.5138047774889662
22.823656,3.8903298459631386,5.680875595905066,1.4425832984837808
22.861479,3.790631978679896,5.572601522085924,1.3717391161653982
22.903297,3.6910573406420055,5.463789106001027,1.3013226733065253
22.944447,3.5903188909796486,5.354425080092551,1.2315258413836077
22.98292,3.4906299703909722,5.244562934153931,1.1624444157579228
23.063522,3.392485995046291,5.13420320015592,1.094262664336491
23.102001,3.2921441894753993,5.0234983724243,1.0270624664208345
23.145273,3.1928153887144397,4.912516912697331,0.961080029783648
23.198875,3.0972456140357676,4.801264778218274,0.8964952728159878
23.233688,3.002944822167553,4.689831177016514,0.8332871795217621
23.273117,2.907969197190843,4.578290896370592,0.7715827697271854
23.314102,2.8139700505638943,4.466634434360285,0.7115450570759554
23.39264,2.719752192606953,4.3550522130131,0.6531885165609022
23.433191,2.626310062005402,4.243613043441292,0.5967806773385756
23.47226,2.5328450300838976,4.132368003187068,0.5423349141729555
23.51358,2.4378865302209696,4.021381318594294,0.48995972394973497
23.554176,2.3442635151990485,3.9107133551427675,0.4398059842868539
23.59413,2.2532716693599117,3.8003241924718516,0.3919680856729966
23.632177,2.1653770573104185,3.690399791071626,0.346490701584691
23.715425,2.0769675848083997,3.580974723828512,0.3035664277741536
23.752728,1.9853560313127143,3.472065748336188,0.2630877848437565
23.798424,1.8998412753241436,3.363749302964802,0.2252862401932559
23.836184,1.8160087522480166,3.256110278205844,0.19013911841529627
23.87686,1.7333124840698564,3.1491222406017476,0.1578176212230355
23.916895,1.657537699393104,3.0429331569033504,0.12834455178526302
23.952362,1.582760156784644,2.9375578718114492,0.10174574376023703
24.032207,1.5076100974827933,2.832958808057628,0.07808965678351441
24.076342,1.429551828864945,2.7292743040768337,0.057434851823112094
24.113066,1.3545972596047988,2.6265452634939512,0.039836327958432505
24.155321,1.284421274996674,2.5247585285511707,0.025444279705246473
24.197077,1.2161491583441104,2.4241280655971127,0.014359319313954821
24.232008,1.1507756648494996,2.324742631728684,0.00643464320102463
24.273922,1.0866801439811515,2.2267320345126977,0.0018622984042275528
24.353207,1.0223126155880093,2.1302855552097437,0.0
24.393473,0.9554347404702005,2.0354716818238203,0.001438287828713627
24.434036,0.8920016617461527,1.9422922717615836,0.006209495234910526
24.473621,0.8344169823217016,1.850958875256491,0.014342502848122848
24.513792,0.7827815780831445,1.761620804805136,0.025809996775010207
24.554998,0.7351061462191864,1.6742794135639185,0.04073265251665939
24.592724,0.6849827566591508,1.5890986116305057,0.05849578677039299
24.71305,0.6387489923893577,1.5061563533995017,0.07971109242791992
24.753853,0.5936772953146938,1.425486444512573,0.10428705984220307
24.794453,0.5475055629216646,1.3472026702095283,0.13228002067018932
24.838182,0.5044876999752508,1.271343512082683,0.16413752572995782
24.903856,0.46985342808672886,1.1979576436627024,0.19936091511818657
24.957336,0.4353620927034013,1.1271039032148478,0.23759153218010048
25.036152,0.4019995755239484,1.058815508743025,0.27905709493962266
25.075655,0.3726436484498485,0.9931465893737709,0.3237824470514764
25.113062,0.3467055498178479,0.9301162021845292,0.37218406041878077
25.152868,0.32399385225088273,0.8697673912676747,0.42373892821553205
25.192719,0.30284717956822615,0.8121532899562518,0.47836160329456023
25.232605,0.2886306680896384,0.757313840219526,0.536448777199785
25.273384,0.2770740773440685,0.7052757304167641,0.5974538797412139
25.357258,0.2646628066947687,0.6561098391991927,0.6613250117436006
25.39369,0.2564859174015954,0.6098395789546183,0.7292905341883898
25.431234,0.2489691139240786,0.5665014819780928,0.7999582801498016
25.47219,0.24539259014466888,0.5260970809921266,0.8732160717131786
25.515158,0.24342125034704384,0.48866132440682286,0.9497760156644631
25.552788,0.24295818112106546,0.45425178608554034,1.0287081681682282
25.59295,0.24727579296178684,0.4228897483875635,1.109972160489478
25.676144,0.2549846364718181,0.39458353083396946,1.1947154566240958
25.717705,0.26393165540061164,0.3693641905821276,1.2815571073196628
25.754435,0.2805910624851729,0.3472498594228287,1.3704423585598535
25.793161,0.29875748521643375,0.32825828389542927,1.4619499530175384
25.836617,0.3258302089525195,0.31240687583776106,1.5551155414580453
25.873552,0.35560752441557114,0.2997344589583194,1.6498643441974599
25.916649,0.38738397536316677,0.2902546354504983,1.7475069082550314
25.995598,0.4220943950429303,0.2839914691122473,1.8464363937956687
26.035637,0.4593846734418906,0.2809328350795165,1.9466158692649511
26.07474,0.49840326950900216,0.28110184651937836,2.0513787321162966
26.11278,0.5369348743594516,0.28446358312259024,2.1572400003012553
26.152687,0.5843881510839302,0.2910275823763557,2.264106255596381
26.19956,0.6345463368959612,0.30077794255594936,2.372912694792413
26.233624,0.6884955247322374,0.31370753762287906,2.4825646608375513
26.314884,0.7424022401933457,0.3298304578426539,2.59285825940754
26.35448,0.7935010137280263,0.3491478658369335,2.7071577325842218
26.396442,0.8479418510721948,0.3716371221265459,2.8219565898346963
26.440947,0.9057744880413544,0.39729834598544866,2.9371865204661542
26.505531,0.9670333106862622,0.42612956167573224,3.053709572726155
26.54207,1.0330250028852164,0.4581391186991138,3.170358564552323
26.583372,1.1018540092695903,0.4933099641773439,3.2869103694565944
26.664448,1.170101167927554,0.5316338415251852,3.402273376593608
26.705912,1.242125898117953,0.5731128171065732,3.517529863357015
26.752132,1.3142916297326068,0.6177251002674907,3.63246049595804
26.79343,1.3915786641367336,0.6654359085200428,3.7478355057191326
26.834526,1.4695608862193366,0.7162083143309093,3.862738311421373
26.872776,1.5561517190060916,0.7700265856072456,3.9768342635737657
26.91316,1.640841964344285,0.8268620438534583,4.0884269228773995
26.994907,1.7257041320006272,0.8866730383868356,4.199088516490703
27.031914,1.8106958037975032,0.9494157998310961,4.30864914729511
27.073856,1.89703881521009,1.0150351452038253,4.411562683483482
27.112892,1.9857846653564954,1.083500249186883,4.51329904259232
27.153889,2.0726032966845183,1.154779797548835,4.613590573482333
27.195341,2.1646487917300394,1.2288636678167233,4.710610859209757
27.233358,2.2590259489363516,1.3057286199611637,4.80609930577895
27.314135,2.354522989557135,1.3853258151028067,4.899902423853244
27.355326,2.44963584591461,1.46761497251649,4.990026385480668
27.393877,2.5451420070612825,1.552565905581567,5.077891391362118
27.432259,2.641814535349366,1.6400871294169868,5.163358665837228
27.473011,2.7426441199318465,1.7301191298449043,5.24537030027435
27.512869,2.841906247078731,1.8226126450873104,5.325145200153973
27.553104,2.9421877606877462,1.9175178674671793,5.40251162603551
27.632004,3.0443772944574787,2.014773596522928,5.475411680099663
27.673601,3.146496079323207,2.114319611628413,5.545405967955096
27.712849,3.2512040401424738,2.216059334557646,5.612489748763569
27.759491,3.356830026287734,2.3199870422127593,5.675390275615279
27.798777,3.469594971579934,2.425959301129604,5.735566469948935
27.837486,3.583928525486147,2.533904818278067,5.792783640385075
27.873413,3.698546472131088,2.6437531150655884,5.845111972100151
27.955835,3.8062562437937073,2.7554096785777022,5.89408889650968
27.992443,3.914316546874075,2.8687545154023075,5.939693410021962
28.073282,4.024185254009146,2.9837820384153284,5.9796628106092955
28.112572,4.134465530863649,3.1002997219121795,6.016589448273578
28.153252,4.24367967795603,3.2181614290620875,6.050286190700412
28.193705,4.355242919670199,3.3373469068779835,6.078278443703944
28.277294,4.466336130023329,3.4576728665032794,6.102745565895414
28.312878,4.5733534595155225,3.579002791930096,6.123814896127593
28.354025,4.679630350892014,3.70122667395457,6.1391679341917715
28.394,4.784811467784926,3.8242670818025823,6.151288635452922
28.434572,4.88945188479626,3.947935079728676,6.160224256151212
28.473724,4.993970345871229,4.07220717200467,6.162701119757443
28.515226,5.097772933942771,4.196965996457218,6.161681703386356
28.593668,5.20313721450551,4.322126464033026,6.15728629816999
28.639862,5.3077165704104,4.447621821992745,6.147393348278749
28.675806,5.413989177469824,4.573361538359654,6.134539001594563
28.712496,5.5160825056391705,4.69922687827382,6.118671411295002
28.757206,5.617507417247504,4.825151859187688,6.096938715288252
28.797924,5.716544019077466,4.950947615924454,6.072232079244484
28.833384,5.814252177773383,5.076530914457349,6.044522010421052
28.915121,5.910471906394342,5.201826258197152,6.008846933404336
28.95249,6.006401302152204,5.32673623842726,5.970283985496937
28.995432,6.101259396929657,5.451121710361689,5.928965488278594
29.035349,6.198538661299331,5.574917039165817,5.882290365512963
29.072647,6.294195261187784,5.697977793786821,5.832709671061187
29.111778,6.3879701973173475,5.8202284146614005,5.780326665268392
29.156214,6.480179541109781,5.941727288864551,5.720213261415209
29.233414,6.573596445349013,6.062287396777511,5.657624740289707
29.273308,6.664607285831817,6.181785748699121,5.592574833311415
29.31299,6.755126119105298,6.30013877151141,5.5223503140040044
29.353497,6.843587172436998,6.417277453085962,5.449586831636005
29.39406,6.932487471630952,6.53311962605538,5.37442127645562
29.436388,7.017989098566905,6.647660007120569,5.296896960006413
29.473063,7.101847420449899,6.760663876454827,5.217201032400496
29.553516,7.185657763359127,6.872060315011686,5.135466412049337
29.593983,7.2659139431214435,6.981904862109228,5.049046087509506
29.632221,7.343161347791925,7.090045296544835,4.960589249408106
29.675438,7.418728931872249,7.196465321743856,4.870021680144041
29.713066,7.492798661306788,7.30123810748385,4.777668547756407
29.754005,7.5654083540890715,7.404179773020319,4.683787501748684
29.795725,7.635865961163092,7.50527224655003,4.588529172900452
29.87239,7.6974070427931025,7.604573158528739,4.494247673727968
29.912796,7.764917785524964,7.701988904931843,4.398560071966795
29.953056,7.827941261378285,7.797478595630464,4.301574183186314
29.994865,7.88826628400144,7.891125679656611,4.20334944717384
30.034954,7.945857144860584,7.982816216528858,4.104140883907623
30.073069,8.003189711774093,8.072521863689573,4.004148567639451
30.113245,8.05693856241343,8.160264175485166,3.903418949171172
30.19779,8.107680232090365,8.245912524509288,3.802194316767208
30.235909,8.154922245383213,8.3294251945567,3.700569843799634
30.273397,8.197089447451697,8.410933278750239,3.5983546390614674
30.314266,8.23408475907769,8.490254204672095,3.4960993748237392
30.354832,8.266394187415512,8.567359548970728,3.3939438104812734
30.392857,8.298749608614465,8.642330017767431,3.291920221875793
30.435108,8.328453276491391,8.7150337755717,3.1903091902447454
30.515833,8.355102871265338,8.785435892315412,3.0890988075933348
30.55351,8.380022897828594,8.85360461816734,2.9885180335621686
30.59346,8.401431886874454,8.919422293009529,2.8887406086544947
30.632978,8.421923077035991,8.982854262522501,2.789786375980571
30.674217,8.441770447037282,9.043997089312954,2.691817769591532
30.715197,8.452251334931134,9.10273829214056,2.5949489265692436
30.75844,8.465834946859525,9.159057950327023,2.4990144001200556
30.833942,8.48232024864717,9.213076928447995,2.404490932604734
30.875854,8.488978707161767,9.26467305665523,2.3113913219827498
30.913376,8.491410821728433,9.313819876859359,2.2198706863588464
30.95431,8.490899300166989,9.360633195729097,2.129982826168451
30.995289,8.487383149093054,9.404962408990071,2.0418780527672045
31.033503,8.48569548836774,9.446842789846151,1.9557106216948315
31.072933,8.478278502099982,9.48643973377632,1.871487087808662
31.15577,8.473513074650848,9.523627869024564,1.7893564763758072
31.192976,8.466228932226489,9.558410683808129,1.709412644583625
31.234903,8.45162952719547,9.590878533052134,1.6316942682358324
31.274462,8.435562429438889,9.620949122939257,1.5562374943045245
31.354694,8.414967128889796,9.648631786478685,1.4830948233921453
31.394846,8.393954321739688,9.67400264888802,1.4123677106793193
31.478405,8.370859266212994,9.696912333790562,1.3443323269097893
31.512844,8.352055435544074,9.717329140060105,1.2789653483456447
31.552792,8.329866387320012,9.735376131275295,1.2163919546870023
31.596556,8.30033754624036,9.75089594568917,1.156497020617457
31.632555,8.2696791458645,9.763854650144847,1.0995111493221883
31.672913,8.238865536679217,9.77437881761648,1.0455498746240164
31.71364,8.206075901478581,9.782337463840081,0.9946204985002698
31.794935,8.169678151415162,9.787725847176318,0.946727281848969
31.835035,8.137916517563857,9.790631237358763,0.9020690558012233
31.877434,8.104168639470501,9.790942268411772,0.860690245772085
31.912987,8.062926970322806,9.788653498425221,0.8223223688938074
31.956547,8.015504183192764,9.783761407504581,0.7872399707594679
31.998848,7.966425215059923,9.776262848935485,0.7552199179844293
32.035866,7.9170700506719145,9.766155041169887,0.7265295100727431
32.16,7.867989519033337,9.753435557105318,0.7011033385743367
32.2112,7.820325977109583,9.73812714205426,0.6788070542862531
32.263863,7.7717479556795315,9.720232605448452,0.659897920319961
32.3018,7.722136705328158,9.699744160264913,0.6442143279016312
32.34451,7.6677035038387995,9.676688520208188,0.6313005149501502
32.381817,7.608091986059859,9.651080293613308,0.6217692854513555
32.422825,7.54995762967205,9.622920487949724,0.6156296343236264
32.50685,7.492221444703489,9.592254108358397,0.6121554353530531
32.548004,7.428493813001711,9.559125173631083,0.6120512339069515
32.582134,7.370848269658672,9.523555016069874,0.6153645521862529
32.622585,7.310740754981564,9.485565672261265,0.6210976509415566
32.665905,7.246662753523934,9.445155152002236,0.6300255411539014
32.703716,7.180025358202108,9.40234417174977,0.6421277957105408
32.74414,7.109343574805932,9.35716534939148,0.6567473716063942
32.823368,7.040212708903695,9.309650821612502,0.6744073557732808
32.862717,6.9686642614893906,9.25979816414654,0.6950726589415805
32.902527,6.897182124669958,9.20764194244184,0.7178144421853082
32.943466,6.818316750775639,9.153194693337113,0.7433776140508006
32.984276,6.740346482015427,9.096490471242936,0.7717113901686757
33.022736,6.661139010879903,9.037560109970059,0.8018377623537493
33.0633,6.577905872334247,8.97643285299437,0.8346031139072131
33.14317,6.494472198462124,8.913127029796922,0.8697941209497189
33.182896,6.4080525939317505,8.847674843198526,0.9063096225890261
33.223663,6.3250707281117355,8.780133139584487,0.945070322626334
33.2641,6.236664521829659,8.71051345636252,0.9860886473642589
33.302917,6.150290283318003,8.638830172618064,1.0290079499573161
33.342514,6.063064731377241,8.565100488483345,1.0739092880413854
33.38237,5.974240326518165,8.489342860063278,1.1206817472618977
33.46375,5.889807359604311,8.411587873349758,1.167712720902808
33.507084,5.804105716008453,8.331923321240373,1.2163455423422198
33.551968,5.717201122303756,8.250432191167388,1.2663494385362026
33.59366,5.629384524846204,8.16711358248604,1.3173349430405135
33.632103,5.537549780886824,8.082024117092072,1.3694486277964157
33.67627,5.444999225710512,7.995172329174594,1.4226845261659435
33.712734,5.35372857190107,7.906568377232031,1.4777112877678023
33.79294,5.261954653228019,7.816223937949438,1.533661014765722
33.842274,5.170044330391786,7.724175385901287,1.5904149040133522
33.90262,5.073849463021783,7.630460385272858,1.6477016411508667
33.942513,4.9773179778538665,7.5350960231026605,1.705337448972986
33.983047,4.880852409708277,7.438091137693084,1.7632295341384925
34.02136,4.784148442336903,7.339491268693878,1.8222430736882447
34.063225,4.689486897443162,7.2393537014223766,1.8814635230620644
34.147816,4.594111505496809,7.137702328194797,1.9407919354051577
34.1826,4.497758299568348,7.03461142987731,2.00570351536392
34.222572,4.400650568575916,6.930134080115689,2.0702635883187557
34.26371,4.303739170985616,6.824312864125088,2.134329541846809
34.302803,4.204758467595561,6.717189032355311,2.20122543352815
34.342552,4.105693907971427,6.608813194520212,2.2672666072610967
34.383057,4.00688343754336,6.499201643849968,2.3322747206775416
34.464077,3.908821405555932,6.3883952267799495,2.396075306258709
34.50508,3.8138410531982045,6.276434353636635,2.458505342508365
34.54251,3.7175719780904775,6.163349586976925,2.5195044073395474
34.582405,3.622504424791253,6.049186395370745,2.5823271305305715
34.622955,3.528083929632612,5.933991062020527,2.6432193605575485
34.66341,3.433796443160133,5.817821475525225,2.702084742526608
34.78278,3.336364548407258,5.7007469912650235,2.758929616133144
34.828976,3.2402524112413293,5.5828700054915394,2.8136203822750643
34.86267,3.146435560412574,5.464245031689656,2.865875693468364
34.902325,3.0521655299366084,5.344912640515134,2.9192760935718463
34.941875,2.95795890579589,5.225006327742616,2.9699983440213633
34.983868,2.8637455635383056,5.104581481417496,3.0179692479328275
35.023254,2.773415728137189,4.983717796102884,3.06316580251095
35.103786,2.6839863895668366,4.862483341252214,3.1053794517126274
35.142296,2.594627937304616,4.7409702724336915,3.144511109339902
35.18221,2.5071551135272268,4.619176719553053,3.184851603388547
35.222458,2.420890470570971,4.497242766812462,3.22190668964084
35.26309,2.3329768084594535,4.375245448217938,3.255789629317265
35.302406,2.244160813252805,4.253205059103622,3.287284444525248
35.34467,2.155902990326895,4.131282352296932,3.315364980093693
35.42255,2.070461825560141,4.009571867949274,3.3398730265429037
35.46331,1.9858793534997425,3.8880754271759166,3.3653697900784785
35.50307,1.903828054022665,3.766900838436003,3.3872895048233795
35.542854,1.8190668002031498,3.6461625763426766,3.4055426348603626
35.583397,1.733283861915216,3.525943018936718,3.421527828663358
35.62258,1.65075130428305,3.4062783566282913,3.433938988615915
35.66341,1.5728156697932434,3.287253458612173,3.442707780567895
35.74252,1.4949588398804186,3.1688698038668566,3.4527100162113467
35.784172,1.414098057189491,3.0512565241124863,3.459004017527087
35.82506,1.3344032016951235,2.9345336938610362,3.461691353212772
35.86269,1.2577503651578257,2.8188448350078548,3.4614728779161505
35.90276,1.184211862339466,2.704358161285555,3.4574850564680104
35.943005,1.1138548914178925,2.591162478587555,3.44990472862282
35.985313,1.044250750888555,2.4792981961833176,3.4437607034677544
36.062103,0.9788979557148626,2.3689109214386184,3.4341195520210235
36.102165,0.9165978442189794,2.260103991418044,3.420939508309948
36.142338,0.855277000677864,2.1530177356803004,3.4044229956180247
36.186584,0.7964164224116869,2.047770212156605,3.38454009417836
36.2221,0.7384807854515223,1.9444680759220307,3.36141908041381
36.262344,0.6807138086991922,1.8430479858051552,3.340231434472315
36.302265,0.6234811333176784,1.7437128287026242,3.3158838425954458
36.382286,0.5690913351655046,1.646577609587425,3.2885241888006482
36.426094,0.5162155091642259,1.5517392953565967,3.2585054522124333
36.463367,0.46444517592294304,1.459329400474568,3.2256590986726366
36.50309,0.41234704312443266,1.3694396576607017,3.190173133178203
36.541687,0.36955767925134325,1.2820100562857946,3.1547338356513426
36.5837,0.3292919772967351,1.1973784414638338,3.1165972991674327
36.623154,0.2862255219391412,1.1157198354800881,3.076002936123976
36.702873,0.24879896402789833,1.0371238591137448,3.0307420378822294
36.743637,0.2132575555620231,0.9617232168614003,2.983511715742342
36.78374,0.1785468762155064,0.8895666608338937,2.9350176515685784
36.82632,0.14594207722488603,0.8205382872175517,2.8851183875476276
36.864647,0.11786722894161289,0.7548714938722734,2.8337680514416164
36.902462,0.09399315187041195,0.6926117476798997,2.7811152076351617
36.94178,0.07800523399016594,0.6338137504689664,2.7223679225578232
37.0224,0.05858101344214085,0.5785068324999596,2.6626195671071797
37.06279,0.04400881034642757,0.5267419378649413,2.6020230412890775
37.10255,0.03301203447976234,0.4783820271712157,2.5409257358588824
37.14248,0.025452021582671173,0.433625335281198,2.4792307528521524
37.184456,0.017861385619898085,0.3925037912728371,2.417134373686524
37.221684,0.012671024812157072,0.35504760752963355,2.354777157935205
37.263046,0.005706565116285927,0.3213207355793665,2.292297143825973
37.34283,0.0,0.29137310044755216,2.2298294266483083
37.382553,0.0007764932382161908,0.26503088531671165,2.1680986647306058
37.421867,0.004198568543278747,0.2425253552816717,2.1066404820848668
37.462704,0.01446363922353266,0.22386393402880708,2.0455800897085625
37.503716,0.026859782672529583,0.20905081953268392,1.9850398035541807
37.542385,0.03867590443512692,0.19807585733354394,1.9251854836912914
37.584106,0.049365866769473875,0.19095068664619472,1.866179770029838
37.663998,0.06298724217198048,0.18753487950812667,1.8081292062955203
37.702553,0.08146796351955286,0.18797691193589852,1.7509397206128718
37.742676,0.10172759911288912,0.19227009605531173,1.694817225719077
37.785664,0.12276493287938972,0.2003364663569406,1.6397670810055582
37.8235,0.1488504130304061,0.2122347450191031,1.5859895776138015
37.862152,0.17755938570620017,0.2279742037259219,1.53407697212628
37.90403,0.20498071954211547,0.24738730885569102,1.4837219163938273
37.982475,0.24146623294847036,0.27059551426227496,1.4349102545007235
38.062607,0.2804880036498737,0.2975899128010324,1.3877301200547028
38.102585,0.3252280792867891,0.32828713432421897,1.3422666547203708
38.142323,0.3643071228162816,0.36276376667260524,1.2986022375835418
38.186375,0.40531661361263494,0.4009661366132245,1.2568622748009328
38.221897,0.44826205442669204,0.44269798330524507,1.217168869155284
38.302326,0.4977449439756675,0.48801802189180055,1.1794961739476857
38.343086,0.5475402543532785,0.5368796932953935,1.1438679471725905
38.383934,0.6002831686527623,0.5892118637663203,1.1103574805067031
38.423004,0.6552878732013377,0.6450226719074976,1.0791338281121494
38.4636,0.7155654640979203,0.7042490510463508,1.0506523014371942
38.503483,0.7779377944322329,0.7667210785345759,1.0247187071882722
38.54269,0.8416762700527164,0.832511394563148,1.0011354737831348
38.622353,0.9087263978813864,0.9016324297805053,0.980050880833136
38.6652,0.9790002602103662,0.9739306822123314,0.96146485055143
38.707146,1.0518834769754362,1.0494499624808018,0.9457690493523063
38.743843,1.1254904388045042,1.1281394847609358,0.9327585037502526
38.784267,1.1991939055321301,1.2098166242350716,0.922369720216732
38.832516,1.2781497906358874,1.2945069933263793,0.9145887548299783
38.865665,1.356668188429811,1.3821417224366768,0.9095498921006705
38.94172,1.4310169079109822,1.4725341874202595,0.907226283630187
38.98306,1.512267964709981,1.5657076011198028,0.9075818099500654
39.022076,1.6002899889082183,1.6616139962755179,0.9106828381158105
39.062523,1.6917808894776862,1.760148326485168,0.916592808266147
39.102406,1.7865075729751183,1.8612742782326361,0.9252735819746447
39.14438,1.8795206507863484,1.9649389714956125,0.93673687075146
39.18391,1.976268251268719,2.0710637789053563,0.9510904599431801
39.26308,2.0735735681913305,2.1795800862418524,0.9682419319362466
39.30266,2.168726390644899,2.2904183461155823,0.9881949702450361
39.34573,2.264810502748415,2.4035189806209782,1.0113916139345638
39.38155,2.361472228268296,2.5187734936768704,1.037381367501881
39.42382,2.4659302483639296,2.636083587732592,1.0661586580883178
39.46262,2.571605638235944,2.7553271000626256,1.0977150979350585
39.50393,2.676459517031355,2.876358188320598,1.1320920371557321
39.583706,2.786916148958953,2.9990089188617066,1.1693211501141767
39.62205,2.8912687851408196,3.123182425735985,1.20922681856291
39.663425,2.9996611894270573,3.248758196108582,1.2518871522574366
39.702583,3.110066763075518,3.3756388431682125,1.2972322018230402
39.74188,3.222547558984561,3.503703719458882,1.3452352753655468
39.78317,3.335370986477695,3.6328541504458784,1.3953122188151537
39.826763,3.448291033611439,3.7629436605458446,1.4480597195182245
39.902794,3.5625130629681085,3.8938744245608783,1.5034385578611087
39.94185,3.67494962282146,4.025549242001916,1.561274600188524
39.981384,3.7874009753130204,4.157859191349044,1.6216866829643588
40.02285,3.899921501022904,4.290584185529091,1.6846722692363547
40.063934,4.014668070124824,4.423590305821884,1.74996787071653
40.10235,4.12952061892464,4.556766282459111,1.817798731065627
40.14538,4.242875667047517,4.690034561714309,1.888149223694335
40.22247,4.356611752003674,4.823304807171094,1.9611191856501826
40.26271,4.470023714763176,4.956461514611713,2.0365082740685616
40.303314,4.583416191427327,5.0894340430321865,2.1140472190080914
40.343594,4.694546721528042,5.222151728250413,2.1936656460370783
40.381348,4.804972412377503,5.354544028893623,2.2754297618287924
40.422523,4.914468217964544,5.486528282396661,2.3592422219046822
40.463078,5.025972712766063,5.617999034657462,2.4456402316428694
40.544186,5.1379435238603826,5.748792497541127,2.533923225866322
40.582962,5.2516283948878195,5.878697683710189,2.6239928711317404
40.622623,5.364883479853581,6.007644713684355,2.7158572127513425
40.662766,5.477371208132602,6.135450234365186,2.809410062826466
40.702206,5.59011519703499,6.262038205802702,2.904374975551275
40.74245,5.700654073776167,6.387334484588744,3.0013537785349764
40.784523,5.809243281677304,6.511256050933327,3.099611752301826
40.86286,5.916157204646083,6.633732857790237,3.198963843480431
40.90315,6.0267501338649385,6.7546722260248115,3.299370710119406
40.94246,6.135999645774146,6.874008588964537,3.4007309723902974
40.984997,6.24207382241814,6.991649025287465,3.502786034674187
41.02248,6.345481366152137,7.107529102398235,3.6062672393453648
41.062534,6.447387672657064,7.2215507801408805,3.710219396100139
41.10343,6.548347202420084,7.333688153242206,3.8143683988762795
41.182514,6.648876572952684,7.44388187502472,3.9158999420516523
41.222023,6.748782881702435,7.552073348050845,4.017044403452427
41.26185,6.847198871489641,7.6582389640175395,4.117588503364298
41.342274,6.943316142577473,7.762286116554884,4.213173754029226
41.38331,7.037504556215726,7.864148038071744,4.3079856894729724
41.424282,7.13188610104246,7.963807167587156,4.401854830351496
41.50589,7.224708667280201,8.0612361926811,4.495264280055949
41.542576,7.31783590812366,8.156374849927971,4.587144220003044
41.5828,7.411156832226295,8.24923569658383,4.677510892083157
41.626644,7.502249729287168,8.33979856335515,4.76202441399742
41.66218,7.587081565964312,8.428044825025259,4.844948322582541
41.702114,7.668487375989993,8.513923349004196,4.926191324713392
41.742832,7.750994784496665,8.597408040258406,5.0054175657913555
41.829044,7.833124458342197,8.678414001052825,5.082548268931454
41.862675,7.913005512414401,8.756926568838038,5.157325476424308
41.901966,7.988736785000773,8.832908134676737,5.227900243942815
41.9424,8.062258318943003,8.906308966488705,5.295830599813934
41.98273,8.134025107477683,8.977115331402615,5.361062714516586
42.022316,8.200413866407045,9.045313725991214,5.423252108971672
42.062702,8.265679401294339,9.110856646476444,5.482562105320764
42.14329,8.32797549403284,9.173710803952416,5.53891160323996
42.18307,8.38374443063231,9.233869578266262,5.590082435538114
42.222954,8.437215400980245,9.291306341588841,5.638014748555028
42.26274,8.489848442898577,9.346031942649171,5.6824899960657955
42.30326,8.539965341301244,9.398071438243326,5.722063992372957
42.344643,8.58924797827433,9.44738023194137,5.758173059910395
42.387104,8.630756983670278,9.49397147630424,5.790724836170674
42.46216,8.667976396761357,9.53787249171603,5.817147250590561
42.506073,8.703078007109035,9.579090558177661,5.839718642871739
42.542114,8.739868894440825,9.617647189691711,5.858512737231401
42.582592,8.777164305153157,9.65353146170735,5.872120890519775
42.622635,8.813562842992338,9.68680554621479,5.881764993026414
42.663925,8.841387385549297,9.717488387512766,5.8874413096796
42.702045,8.865531791722912,9.745614802630193,5.886014734260372
42.78598,8.89066664636888,9.771210549095409,5.8804402084552905
42.823418,8.91387439899656,9.79427842158929,5.870684586697325
42.862724,8.931282768069241,9.814787186660345,5.85602990263005
42.902966,8.94994655123414,9.83276136407719,5.837408396920904
42.941982,8.964364179924067,9.848223719986526,5.814718305382369
42.96,8.975577932892106,9.861210756668852,5.784871209389755
43.01716,8.979331137264964,9.871747759054037,5.750868275969475
43.11322,8.979813836863393,9.879872192401269,5.712827197168739
43.15192,8.980146522953794,9.885565202745111,5.670576851349799
43.192207,8.978552239480848,9.888888024653651,5.624452447970244
43.235886,8.974155500593715,9.889853057896223,5.574447833337033
43.27371,8.96934500004963,9.88849992872972,5.51788076088727
43.311977,8.963730304824919,9.884858077508081,5.457323853500025
43.352844,8.952849048373782,9.878954611698388,5.392901848422131
43.43548,8.936800979909108,9.870887038181042,5.324496815920083
43.4736,8.921176746043264,9.860589826454557,5.25264859594144
43.512157,8.903450970008167,9.848090903602497,5.177410683999764
43.5536,8.88128176650341,9.83354890535988,5.0952695950804525
43.595425,8.856085886091599,9.816852036964441,5.009835214415902
43.635574,8.83259692602679,9.797984692832998,4.9211750528513205
43.673504,8.799655029220865,9.776960275394897,4.834406839847672
43.754757,8.766620176981215,9.753732170245422,4.74497663573871
43.800785,8.734745435391051,9.72832448049968,4.652708763564502
43.83387,8.69787829320643,9.700894204702442,4.560129192523804
43.87234,8.65900774373045,9.671365924822263,4.4648068019421165
43.916157,8.614656509674456,9.639765997592827,4.367141660159833
43.953136,8.569120678633794,9.606121304622889,4.272314015941713
43.992012,8.51762755988321,9.570471200166326,4.175490142147077
44.074215,8.465573993375562,9.53284451601341,4.076932711520189
44.11208,8.411462215015275,9.493413494049065,3.978960922666063
44.153873,8.351304480223043,9.452094301865248,3.87922019016713
44.193447,8.287798515538977,9.408927823290428,3.7780877458457773
44.23278,8.225348570900602,9.363987878150793,3.6780827467174584
44.2736,8.162072554671296,9.31726595668109,3.5767879609786233
44.319622,8.098891802981957,9.268788012690772,3.4744200813866915
44.397034,8.030293870155642,9.218744994289978,3.3730935180183383
44.432873,7.962588429791588,9.167034319221532,3.2707752985032505
44.479218,7.890330300951836,9.113754237652612,3.1676833001519347
44.51785,7.8133377478683705,9.05891804123247,3.0663879802632157
44.557617,7.7380552725668315,9.002596813575488,2.964371406644147
44.633057,7.663423379931112,8.944814231771103,2.86184764889752
44.71247,7.586096590345555,8.885736266338002,2.761191380307935
44.753525,7.5085839749547265,8.825271733942667,2.6602412121555283
44.79745,7.428654060766247,8.763454667397747,2.559172226893364
44.835773,7.346546411016173,8.70041169073965,2.460610285192172
44.87188,7.26537882777618,8.636093129794787,2.3620459736701482
44.91368,7.179798242580037,8.570518711628555,2.2634376554900504
44.955624,7.095243337208344,8.503849062682118,2.166790093929348
45.03255,7.005896820743075,8.436022025900353,2.0704716183480927
45.073204,6.917900382268147,8.367054109977706,1.9747508133262153
45.112,6.826799063594321,8.296996878938353,1.8814554832446244
45.15216,6.737815097637526,8.225829651638843,1.788954991818319
45.19364,6.647067165128421,8.15360895687883,1.697406822935269
45.23302,6.558270779272599,8.080507605219815,1.608579962149097
45.274776,6.4648851533111795,8.006455810332225,1.520935896982871
45.352722,6.372119104634902,7.931523432977363,1.434730393034525
45.397102,6.279729310829842,7.855789368574443,1.3518305106826434
45.43237,6.187062018091821,7.779193684012697,1.2705387705174391
45.473465,6.092848890815992,7.701806420556104,1.1907341164492438
45.513348,5.99724213627167,7.623777993279989,1.1118981514007353
45.55424,5.904426905397459,7.545025344894636,1.0352028304958683
45.597076,5.809968457191231,7.465533345078384,0.960870748958574
45.673965,5.714696838394278,7.385435411810556,0.8883259606147891
45.71576,5.620959832750375,7.304666788978455,0.8184989091480895
45.752808,5.525596262713227,7.223244131450526,0.7515617510665731
45.792763,5.429327764268483,7.1413105542889985,0.6874163628983935
45.83683,5.329406251445878,7.058799976713615,0.6265111462821469
45.872326,5.232977796871388,6.975729195189293,0.5690179932303288
45.91507,5.137561010852481,6.892255268805707,0.5142057237829566
45.992104,5.038760679145395,6.808325744852906,0.4630221323437974
46.03501,4.941061342980997,6.723945818093553,0.41557217327065893
46.07367,4.842509232215816,6.639235744882058,0.37181012174367506
46.113068,4.746370756390778,6.554140174513636,0.3319347580679433
46.15469,4.649642047585285,6.468672067951184,0.29604012282158276
46.194305,4.54991034762149,6.382831944325191,0.2641155344545234
46.23398,4.449040110193112,6.296654391973437,0.23638832421451095
46.312374,4.35107127389299,6.210159740449415,0.21292868130269818
46.353638,4.2543895170480885,6.123321289197862,0.19349139833414866
46.394646,4.1590843369231205,6.036159995670392,0.17837183940229157
46.436985,4.060463818922509,5.948697771200224,0.16767481795493933
46.475536,3.9603944441502263,5.860958948378633,0.16144678354795783
46.516537,3.860825502687073,5.773005987634207,0.15977458232504635
46.55199,3.7594868667658203,5.684884877368349,0.1625812924096625
46.638336,3.6606036159927395,5.596733710155685,0.16993603789418163
46.67218,3.560049570576289,5.508602613809453,0.18186269207047695
46.71453,3.4609645475522877,5.420638994135479,0.19847154128556263
46.756824,3.3620939659539455,5.3327474751323996,0.21962355173965498
46.796402,3.2633642158687604,5.244936066791311,0.246609285057227
46.834988,3.166140592698935,5.157196228545577,0.27823501727722627
46.87785,3.0686645669620893,5.069672116142853,0.31444034762787376
46.955997,2.974111209096634,4.98237482803133,0.35560687816315123
46.99459,2.881872361095159,4.895373496773894,0.40136543614561687
47.033634,2.7919828776810927,4.808855752918524,0.4515387072302336
47.078327,2.7016519001178287,4.722885245261549,0.5072143511800992
47.11681,2.613777167947229,4.6374170091840625,0.5673378998000213
47.152683,2.5280922468358336,4.552558409800308,0.6317046487419853
47.193356,2.443881903908596,4.4683517970661395,0.7005452042064243
47.27524,2.361454770863451,4.384827368257874,0.7735825583156675
47.312565,2.2797386446923174,4.301981414853259,0.8507506792266084
47.35428,2.1997904796795518,4.219844677295805,0.9327800016360385
47.397503,2.122610411027774,4.13832519251392,1.018652388030202
47.432545,2.0477690614128092,4.057529725837495,1.108224578420901
47.472763,1.972460367535261,3.977501403972684,1.2020510411863108
47.513245,1.8980228329906288,3.89833021570116,1.2994385779432738
47.593296,1.8220045076221452,3.82005529353514,1.400272545881295
47.634827,1.7495525063630326,3.7427225519882623,1.50517484419052
47.67457,1.6783161630346544,3.666373706637217,1.6131166139847966
47.71486,1.6064699806346514,3.5911130062470984,1.7239037863137614
47.75693,1.5358755029960323,3.516994036744564,1.8379936056515802
47.791405,1.4651130693183088,3.4440165206640607,1.9546877829645644
47.837017,1.401179166039134,3.37227378893626,2.0737678500526338
47.95354,1.3352107044471997,3.3018317594347883,2.1957980169260627
47.992302,1.2662352319765797,3.232691525897124,2.319645446583268
48.0327,1.1982870741948797,3.1650858153581,2.445163429387146
48.072815,1.1402834455691953,3.099054810600421,2.572935256950999
48.11278,1.0821100754503261,3.0345873476934786,2.7018538818838356
48.154175,1.0240767545121867,2.9718119196416737,2.8317522102508828
48.232994,0.967115541097737,2.9107684394194338,2.9607485516526166
48.27308,0.913346070154032,2.851431410478479,3.0905161651413646
48.3126,0.8616725012651021,2.7938900682830696,3.2208840502722302
48.352707,0.8122944096524165,2.7382165285673943,3.355009689855496
48.39294,0.768825506104746,2.684395821600531,3.4894275515543507
48.43244,0.7247000084315275,2.6325510927614806,3.623910205595309
48.477642,0.6818565325952698,2.5826936313005366,3.7552327415072475
48.55309,0.6337386904718098,2.534783333847109,3.886843318404595
48.59337,0.5883888020621569,2.488930582081218,4.0180740736118175
48.632046,0.5476774726485844,2.4451556117797324,4.152225098222419
48.673687,0.513845020679091,2.4033899849690257,4.285822770782933
48.713192,0.4852699538703131,2.3637748216957775,4.41853340858084
48.752735,0.45550507070308216,2.326328524097339,4.548613001320747
48.793262,0.42303856187634864,2.291005778987724,4.677682620980796
48.87283,0.3914446049395862,2.2579135329146673,4.8058163310891775
48.91335,0.3640947411352022,2.227070424099196,4.930887091149783
48.954365,0.341571371894486,2.198430012105396,5.054574193165147
48.99193,0.3183725930676511,2.172096656656119,5.176516091175998
49.033825,0.29658437817455285,2.1480740053645997,5.29509293603926
49.07321,0.273832140720494,2.1263239360161057,5.411846620246215
49.116722,0.2556499504198549,2.1069607154269003,5.526516195313829
49.196457,0.2433163472943152,2.0900336985097927,5.637438017073047
49.23651,0.23273384131393196,2.075480561219129,5.746064232118413
49.276043,0.2208922915165028,2.063402134800604,5.852241729009573
49.317204,0.21428263292746272,2.053798462987959,5.9549490568878625
49.35322,0.21107391783944401,2.0466044671721275,6.055189318234685
49.394028,0.2125830430161855,2.0419058706108353,6.152717874375201
49.433342,0.2161762653205699,2.0397218660806513,6.246105526332261
49.512817,0.22114839701435404,2.0399708084080648,6.33674376030754
49.553577,0.22890275814898015,2.042745137913441,6.424354153278882
49.592968,0.23720194000939854,2.048094020095063,6.507691906882558
49.634056,0.241650524570053,2.0558848996931847,6.588090963510529
49.673267,0.24839058414390297,2.066218277345938,6.665341859488146
49.71245,0.260129052657041,2.0791389666386046,6.738170407854342
49.755257,0.2723431786973842,2.0945100927941134,6.8079276890183165
49.833664,0.28562986893703063,2.1124402628588776,6.8743754824033285
49.87193,0.30366085328363496,2.132983847340151,6.93591482763174
49.913464,0.31931614011052506,2.155979173450032,6.994304082468372
49.95235,0.337923803724261,2.181477204045125,7.04936382997096
49.992844,0.36414317614759706,2.2094993008369124,7.099810884274369
50.033215,0.3960523166951045,2.239908110007891,7.147178813306107
50.072594,0.4249016701013047,2.2727881714772034,7.191254189481491
50.157036,0.453258637713685,2.308192801247849,7.229686501389869
50.193317,0.48183738515760377,2.3459138259745203,7.264973188700046
50.232986,0.512662848343733,2.3860578872648572,7.296930736631915
50.273594,0.5455742741096546,2.428664491539737,7.323337858974319
50.31253,0.5814691902999256,2.4735690865225735,7.346821527909995
50.35329,0.6205580113442242,2.5208411161244255,7.3672290634061595
50.393414,0.6656674755915568,2.5704686897767277,7.382317530515783
50.47386,0.7106820490089201,2.6223519545510525,7.394587361631712
50.51361,0.7568378148892024,2.6765594513655446,7.4039048681325745
50.553352,0.8009595075426184,2.7330657888324557,7.409685739392019
50.596977,0.8460727061412828,2.79177774684546,7.412931667553036
50.63628,0.8942621751006244,2.8527223380781197,7.4136827258258915
50.67598,0.9491159489933569,2.915916544992503,7.407001415198275
50.712578,1.0064134678369299,2.9812427836176107,7.39777860793877
50.79462,1.0636899820158787,3.04876287922182,7.38596085888708
50.835487,1.1261852259713891,3.118468193849416,7.366721449104718
50.872616,1.1852251685099655,3.190214021956416,7.345411025065612
50.91553,1.2484802201321492,3.2640583109814645,7.3215462121110875
50.955677,1.3178646977121553,3.34005831897342,7.290015311442566
50.993477,1.3935591931025644,3.418007631056261,7.25618100362329
51.032753,1.4678337540156383,3.497972188944483,7.219822748168887
51.11349,1.5417638635703623,3.5799115187680544,7.176144114969282
51.157623,1.6240570778270482,3.6637172991054414,7.1306179112036485
51.23486,1.7087252771874757,3.749401445582455,7.082684825624095
51.273033,1.7915660169685235,3.8369410394844308,7.027407129891492
51.317875,1.8773098796856107,3.926144418006607,6.970064585686952
51.355026,1.9644199008638605,4.017036476950444,6.91045285569778
51.437748,2.0530282259238404,4.10956996517733,6.843798401570309
51.47703,2.137385863173272,4.203572405242775,6.775155852108137
51.517384,2.223681372013987,4.298957631322582,6.704483971173423
51.552937,2.3117574845290267,4.395755837364162,6.6267180671306765
51.593147,2.402941453771227,4.4937095789104395,6.547261349376507
51.6328,2.495139725993096,4.592833304029227,6.465980279602952
51.673054,2.5888481012458846,4.693048624474598,6.378073335752734
51.754387,2.684792880557951,4.794199624068371,6.288619787623529
51.79913,2.7809027997836546,4.8962875781976205,6.197602901865808
51.840008,2.87844138424074,4.999199410550762,6.100028337561334
51.872635,2.976009676467045,5.102747878468256,6.001270403086165
51.916218,3.076116984665118,5.206983963773379,5.901172821194747
51.953156,3.1769988223887395,5.311751300578039,5.796194810752389
51.993046,3.279261797700249,5.41690030022459,5.690349104119426
52.07666,3.383032364136921,5.5224699804945825,5.583539478792389
52.115696,3.4862593858432716,5.628419579944956,5.472370649710495
52.154385,3.5920144829741005,5.734518198196129,5.360559236827115
52.195107,3.69607812505486,5.840748976537773,5.248068389099681
52.232967,3.800474865091044,5.946978765309401,5.131660748448309
52.272545,3.90788781471027,6.053113480709064,5.015052662322016
52.313477,4.015344628773729,6.159119903753072,4.898200520487532
52.3955,4.119256709883449,6.26489700041288,4.77761632508545
52.431282,4.223057729167879,6.370361217138438,4.657022182357167
52.47476,4.326640222136465,6.475490042338692,4.536438922140796
52.513824,4.430790550410092,6.580123532108767,4.417775341452274
52.55358,4.533000531573336,6.684122656168172,4.299616582829514
52.595398,4.63441622569701,6.787463912522748,4.181922081651259
52.635292,4.735136497783633,6.890025055740331,4.066334812261757
52.71218,4.832482706565895,6.991701386154128,3.9513254234359882
52.755898,4.935862394062164,7.092520664455984,3.8369431967380714
52.795887,5.035755448281746,7.192349858829465,3.723841513071547
52.838493,5.137825285218584,7.2911079569264405,3.6118215103713305
52.873226,5.239514494419654,7.388845240649332,3.5006293574238523
52.91262,5.342956474381894,7.485439070136828,3.3919517336209655
52.959206,5.443682499541797,7.580783219056762,3.2845999429687667
53.033367,5.5415943424835294,7.674926119873579,3.178515973773424
53.075756,5.638598534680831,7.767744948898527,3.0739493033732064
53.11376,5.734428634643956,7.859124161638641,2.971088058898679
53.152626,5.83120974536085,7.949103120436722,2.8699141947187665
53.19286,5.926654779076579,8.037657497156896,2.770611796608182
53.233612,6.0204098262344,8.124618513456864,2.6755156405734954
53.272804,6.112776608500491,8.21003796855044,2.5818805927423925
53.35282,6.202839128010269,8.293893321747701,2.4899064807193594
53.39294,6.292752930911956,8.37605504714423,2.402187087039069
53.432808,6.381261443430151,8.45659260065567,2.3158866264841915
53.473385,6.467398633142508,8.535488773433746,2.2311598756433524
53.51279,6.553801585686413,8.612605449662333,2.1504561195643124
53.55644,6.645830065398188,8.68812768140991,2.071045020721878
53.59657,6.735808435119487,8.761822714825895,1.9931868870329061
53.67736,6.82073729409848,8.83343601878908,1.9194363603770959
53.712685,6.906298680204511,8.902888745281285,1.846917557270318
53.751877,6.988561336903936,8.970404240860892,1.7760410097861714
53.792233,7.0694924411899756,9.035919273140411,1.7084429897076212
53.833168,7.149281574313355,9.099484199507486,1.643205042318779
53.873543,7.231196773567734,9.160976645239444,1.5803899736297085
53.913284,7.31116339377237,9.220380213775751,1.519794555839958
53.993515,7.389106041394914,9.277644696662898,1.461558365245024
54.033146,7.460411747538543,9.33268131676882,1.405788683048918
54.074047,7.53030897808218,9.38545648342712,1.351756698361118
54.11159,7.598959830542716,9.436031206817082,1.2999614167906817
54.156033,7.661577374172829,9.484305487341073,1.2505493435518036
54.193726,7.724234676729656,9.53023899122334,1.2032529042511666
54.23295,7.782601468272192,9.573816151067296,1.1581935264590735
54.315403,7.843971374867687,9.61503608614531,1.1154569429689367
54.35296,7.900094301844289,9.65387691432106,1.0741870389556898
54.39687,7.951823112593268,9.69043552973906,1.0350547110584032
54.43236,8.003500481499657,9.72462540101391,0.9980881217243716
54.516148,8.048896726384038,9.7564322251641,0.9625779979640166
54.553734,8.093222802343044,9.785820027739675,0.9289932766709721
54.63211,8.131951852396048,9.81283681322259,0.8973446417166683
54.6726,8.169090707775604,9.837474731222557,0.8667433253579641
54.714413,8.205931881755697,9.859795813729143,0.837830286835063
54.759033,8.241539746333466,9.879746972691413,0.8106560454191905
54.798954,8.274334471514507,9.897323925636165,0.7844839262703417
54.83805,8.302565924270374,9.91259292985101,0.7597090770007948
54.873283,8.322719331833232,9.925505826757002,0.7363670872959897
54.956486,8.341697222259791,9.93606321767466,0.7134951554450657
54.995808,8.365694962538814,9.944335397049194,0.6918082626932766
55.035614,8.386522192704083,9.9501910499781,0.6712331178381791
55.07909,8.397411267016015,9.953636529432877,0.6507968816769616
55.11855,8.40705041624922,9.954760564463333,0.6312012108068155
55.15405,8.415830417080452,9.95347782055654,0.6123559820659603
55.19794,8.423174601361584,9.9497968953706,0.5960144564619834
55.279453,8.426792633047931,9.943796969349817,0.5804277485015327
55.318516,8.428127524614464,9.93541956256282,0.5655077904344689
55.356827,8.428161712778627,9.924665907203474,0.5503656523592967
55.394794,8.422697612254284,9.911618658543421,0.5356418264237762
55.43449,8.414561844617946,9.896197868346809,0.5212377909562725
55.47436,8.406161607029846,9.878429770142267,0.5096372093008544
55.51718,8.393829778437556,9.858423443158026,0.4982261859066165
55.598717,8.378608313582234,9.836102738188078,0.48714606242970604
55.647488,8.36443214669904,9.81148595801325,0.47540449764267007
55.711853,8.344995684008188,9.784686634610015,0.46363434271386605
55.754513,8.320915098116274,9.755633062982643,0.4517789903923856
55.795242,8.29265487071982,9.724347182387701,0.44157611431557375
55.839798,8.26446247857446,9.69094609719837,0.43125812510436634
55.88645,8.235169890062423,9.655374049423392,0.42060939738076547
55.992718,8.203027035032509,9.617658030623055,0.4115044783825688
56.03508,8.16226078778153,9.577907758046807,0.4021739129971388
56.109886,8.120310623427027,9.536070912711212,0.3926111187849888
56.143715,8.077845664652482,9.492177851054887,0.3845083113831419
56.18256,8.037082147124702,9.446341578533605,0.37610204673773007
56.22174,7.995906366895979,9.398512985155623,0.3673427175728932
56.262318,7.952639532323784,9.348700672099904,0.359975352794225
56.342297,7.906424645618471,9.297029100198753,0.35228944338347645
56.38138,7.863054429507201,9.243448706247413,0.344189558302365
56.423897,7.81299540728428,9.187992250774203,0.33742439592235807
56.463455,7.753829672375344,9.130787225054817,0.33018848485164554
56.50396,7.694954384924508,9.071787812062572,0.32248930540187964
56.54381,7.633403848915983,9.011018045568678,0.3160798323590747
56.58232,7.5683223598956735,8.948607482706404,0.30920835778232963
56.66378,7.498621301946566,8.884512264651484,0.30183735734826955
56.705242,7.429602337020217,8.81873339067645,0.2958825513569886
56.74573,7.359572317540228,8.751435448087985,0.28945910678161446
56.785576,7.289671053440857,8.68256437624209,0.2825351287085449
56.82364,7.216325912716089,8.612122495930615,0.2770320890338461
56.86496,7.142834966277354,8.540275592823855,0.27107102707847563
56.902603,7.06955804309943,8.466969881612432,0.26467541411429707
56.983093,6.991445795981126,8.39220618374692,0.2599343487519481
57.0222,6.913352717748901,8.316160142656251,0.25474197560128686
57.062004,6.832338337673305,8.238824035140034,0.24912935509152923
57.106403,6.746931928555482,8.16021185916944,0.24508116926629625
57.14234,6.658332345995032,8.08048971989864,0.24058091073091714
57.181988,6.57289614866052,7.999616127758739,0.23565953653293922
57.223373,6.485349513532278,7.917592107177381,0.23293786898522678
57.30285,6.397128029747243,7.834627983314343,0.22995714810899268
57.34201,6.308770419645227,7.750657811373076,0.2268148623389396
57.38537,6.219988144584285,7.665693644579689,0.2260472063878346
57.42267,6.134440423168806,7.580650719233067,0.2159967472606415
57.46205,6.048070165899493,7.494758427505017,0.2076971729349442
57.506004,5.960915814410704,7.408048789676594,0.20123243794807216
57.549984,5.87301581037375,7.320553826052299,0.19668649686469342
57.6366,5.7844085954599676,7.232305556936599,0.1941433042494403
57.672665,5.695132611340682,7.143336002633992,0.1936868146669594
57.713364,5.6052262996872155,7.053677183448958,0.1954009826819045
57.752434,5.514728102170879,6.963361119685986,0.19936976285891506
57.79389,5.4236764604630086,6.872419831649551,0.20567710976263773
57.835052,5.332109816234916,6.780885339644148,0.21440697795772617
57.953495,5.240066611157952,6.688789663974259,0.22564332200882706
57.992973,5.147585286903413,6.596164824944371,0.23947009648057982
58.03597,5.054704285142637,6.503042842858969,0.25597125593763115
58.072884,4.961462047546933,6.409455738022531,0.2752307549446276
58.113335,4.867897015787652,6.315435530739549,0.2973325480662229
58.152733,4.774047631536091,6.221014241314509,0.32236058986705657
58.19356,4.679952336463588,6.126223890051894,0.3503988349117752
58.27612,4.585649572241452,6.0310964972561845,0.38153123776503256
58.312523,4.491177780541035,5.9356640832318766,0.4158417529914681
58.352432,4.396575403033633,5.839958668283445,0.45341433515572843
58.394306,4.3018808813905824,5.744012272715385,0.49433293882246726
58.433365,4.20713265728321,5.647856916832173,0.5386815185563242
58.473446,4.112369172382836,5.551524620938288,0.5865440289219457
58.516407,4.017628868360787,5.455047405338234,0.6380044244839713
58.59547,3.9229501868883716,5.358457290336485,0.693146659807069
58.633835,3.8283715696369276,5.26178629623753,0.7520546894558713
58.673782,3.7339314582777923,5.165066443345844,0.8148124679950174
58.715958,3.6396682944822625,5.068329751965922,0.8815039499891684
58.75662,3.5456205199216617,4.971608242402253,0.9522130900029636
58.795895,3.451826576267341,4.874933934959304,1.0270238426010498
58.83539,3.358324905190611,4.778338849941584,1.1060201623480734
58.911713,3.265153948362795,4.681855007653564,1.1892860038086814
58.954304,3.1723521474552028,4.585514428399729,1.276905321547527
58.99232,3.0799579441391725,4.489349132484568,1.368962070129243
59.033234,2.9880097800860415,4.393391140212557,1.46554020411849
59.077827,2.8965460969671057,4.297672471888199,1.5667236780799005
59.112778,2.8056053364537026,4.20222514781596,1.6725964465781282
59.15555,2.715225940217157,4.107081188300343,1.7832424641778197
59.232468,2.625446349928805,4.012272613645822,1.8987456854436287
59.27238,2.536305007259944,3.917831444156888,2.0191900649401946
59.312744,2.4478403538819107,3.823789700138014,2.144659557232157
59.353928,2.3600908314660294,3.7301794018936953,2.2752381168841698
59.393066,2.273094881683624,3.637032569728421,2.4110096984608798
59.432465,2.1868909462060175,3.544381223946665,2.5520582565269327
59.472713,2.1015174667045344,3.452257384852924,2.6984677456469828
59.558018,2.0170128848504985,3.3606930727516793,2.850322120385663
59.59186,1.933415642315233,3.2697203079474053,3.007705335307626
59.634945,1.850764180770062,3.179371110744597,3.170701344977512
59.675663,1.7690969418863236,3.0896775014477442,3.3393941039599744
59.712734,1.688452367335313,3.0006715003613214,3.513867566819667
59.753048,1.6088688987883684,2.912385127789823,3.6942056881212153
59.79216,1.5303849779168133,2.8248504040377314,3.880492422429287
59.872993,1.4530390463919856,2.7380993494095285,4.072811724308521
59.913094,1.376869545885181,2.652163984209696,4.271247548323559
59.952023,1.3019149180677514,2.5670763287427283,4.475883849039052
59.993343,1.2282136046110064,2.482868403313101,4.686804581019655
60.031456,1.1558040471862698,2.3995722282253165,4.9040936988299935
60.07351,1.0847246874648657,2.317219823783836,5.127835157034736
60.113472,1.0150139671181175,2.2358432102931745,5.358112910198505
60.19374,0.9467103278173492,2.1554744080577803,5.5950109128859715
60.233845,0.8798522112338844,2.076145437382169,5.838613119661773
60.273586,0.8144780590390609,1.9978883185708023,6.089003485090552
60.314163,0.7506263129041747,1.9207350719281884,6.346265963736958
60.351746,0.6883354145005772,1.8447177177588026,6.610484510165633
60.397217,0.6276438054995785,1.7698682763671199,6.881743078941231
60.433445,0.5685899275725023,1.6962187680576422,7.160125624628404
60.516808,0.5112122223906861,1.6238012131348445,7.445716101791764
60.553123,0.4555491316254261,1.5526476319032152,7.7385984649960085
60.592224,0.4016390969480738,1.4827900446672428,8.038856668805748
60.638737,0.3495205600299391,1.4142604717314025,8.346574667785633
60.673298,0.2992319625423457,1.3470909334001826,8.661836416500336
60.71372,0.2508117461566313,1.2813134499780716,8.984725869514453
60.754234,0.20429835254410583,1.2169600417695647,9.315326981392692
60.836628,0.15973022337609305,1.15406272907913,9.653723706699653
60.87324,0.11714580032391671,1.0926535322112565,10.0
