0.28,1.3456099786311029,1.0641286928977394,0.0
0.36,1.571630568330257,1.2365005980818486,0.09717937590938482
0.44,1.7934770511311848,1.4072415220274288,0.19346826813734738
0.52,2.011177951801023,1.5763460868026475,0.28886318407415484
0.6,2.2247617951068865,1.7438089144756443,0.3833606311101131
0.76,2.434257105815871,1.909624627114587,0.4769571166354764
0.84,2.639692408695112,2.073787846787605,0.5696491480405119
0.92,2.841096228511705,2.2362931955628675,0.6614332327155256
1.0,3.0384970900327652,2.3971352955085314,0.7523058780507585
1.08,3.2319235180254084,2.5563087686927366,0.8422635914365041
1.16,3.4214040372567704,2.7138082371836414,0.931302880263042
1.28,3.6069671724939263,2.869628323049395,1.0194202519206395
1.3530612,3.7886414485040323,3.0237636483581554,1.106612213799564
1.3926632,3.966455390054163,3.1762088351780715,1.192875273290108
1.4329386,4.140437521911454,3.326958505577301,1.2782059377825392
1.4787886,4.310616368843022,3.476007281623994,1.3626007146671373
1.5168335,4.477020455615961,3.623349785386299,1.4460561113341694
1.5947467,4.639678306997428,3.7689806389323737,1.5285686351739158
1.6336069,4.798618447754478,3.912894464330367,1.6101347935766566
1.67571,4.953869402654266,4.055085883648429,1.6907510939326589
1.7145,5.105459696463908,4.195549518954726,1.7704140436322027
1.7522767,5.253417853950479,4.334279992317398,1.849120150065568
1.7954043,5.397772399881135,4.471271925804594,1.926865920623022
1.8718517,5.538551859022972,4.606519941484482,2.003647862694832
1.9120011,5.675784756143125,4.74001866142521,2.079462483671291
1.953669,5.809499616008669,4.871762707694918,2.154306290942679
1.9918325,5.93972496338674,5.001746702361774,2.22817579189925
2.0336199,6.066489323044454,5.129965267493916,2.301067493931297
2.073564,6.1898212197489055,5.256413025159514,2.372977904429075
2.1524749,6.309749178267252,5.381084597426706,2.443903530782889
2.2009192,6.426301723366566,5.503974606363651,2.5138408803829932
2.2358825,6.539507379813966,5.625077674038507,2.5827864606196687
2.2750857,6.6493946723765855,5.744388422519413,2.6507367788831813
2.3152544,6.755992125821541,5.861901473874528,2.717688342563825
2.3527513,6.8593282649159075,5.9776114501720095,2.783637659051867
2.4321332,6.959431614426841,6.091512973480007,2.8485812357375866
2.4724832,7.056330699121437,6.203600665866679,2.9125155800112514
2.513174,7.1500540437668105,6.313869149400165,2.9754371992631286
2.5525832,7.240630173130098,6.422313046148622,3.037342600883524
2.596763,7.328087611978375,6.528926978180209,3.098228292262679
2.6376956,7.412454885078775,6.6337055675630765,3.1580907807908862
2.7159429,7.4937605171984165,6.73664343636538,3.2169265738584265
2.7542305,7.572033033104392,6.837735206655252,3.274732178855566
2.7945337,7.64730095756386,6.9369755005008775,3.331504103172586
2.8399298,7.719592815343894,7.034358939970387,3.3872388541997527
2.8772461,7.78893713121161,7.129880147131931,3.441932939327359
2.9223878,7.855362429934145,7.2235337440536735,3.49558286594566
3.0242507,7.918897236278592,7.315314352803776,3.548185141444935
3.0654986,7.979570075012067,7.4052165954503675,3.5997362732154774
3.101679,8.037409470901707,7.493235094061606,3.650232768647541
3.1451435,8.092443948714587,7.57936447070566,3.6996711351314064
3.1820552,8.144702033217861,7.663599347450668,3.7480478800573533
3.2252045,8.194212249178628,7.745934346364789,3.795359510815662
3.3034415,8.241003121364,7.826364089516172,3.8416025347966127
3.3464587,8.285103174541074,7.904883198972975,3.8867734593904593
3.3821726,8.326540933476986,7.981486296803346,3.9308687919874816
3.4232485,8.365344922938851,8.056168005075435,3.9738850399779735
3.463294,8.401543667693785,8.128922945857392,4.015818710752201
3.5016654,8.435165692508882,8.199745741217383,4.0566663117004325
3.5818782,8.466239522151259,8.268631013223555,4.096424350212947
3.6221733,8.494793681388051,8.33557338394406,4.135089333680026
3.6645637,8.520856694986353,8.400567475447048,4.1726577694919476
3.701566,8.544457087713303,8.463607909800665,4.209126165038967
3.743128,8.565623384335993,8.524689309073079,4.244491027711378
3.7831075,8.58438410962152,8.583806295332439,4.278748864899459
3.8620348,8.600767788337041,8.640953490646895,4.311896183993478
3.9020972,8.61480294524965,8.696125517084596,4.343929492383703
3.9485254,8.626518105126442,8.74931699671369,4.374845297460413
3.9824998,8.635941792734574,8.800522551602343,4.404640106613901
4.022439,8.643102532841121,8.849736803818708,4.433310427234422
4.062372,8.648028850213198,8.89695437543093,4.4608527667122555
4.1439114,8.650749269617961,8.94216988850716,4.487263632437681
4.181774,8.651292315822465,8.985377965115546,4.5125395318009796
4.2232103,8.649686513593887,9.026573227324265,4.536676972192418
4.2623353,8.645960387699281,9.06575029720144,4.559672461002264
4.3041186,8.640142462962444,9.102903796846487,4.581522505654734
4.3437977,8.648106229873827,9.135017737860858,4.602512080434154
4.4230375,8.65132421508309,9.164844385743459,4.622185009907259
4.4698915,8.648750263260533,9.192399590694466,4.639858392198825
4.5112987,8.641904527084082,9.217683617533545,4.656286982448947
4.5553675,8.631257060355756,9.240712387261635,4.671502794281106
4.5928154,8.615844919302218,9.261469138082282,4.686581425042008
4.632387,8.59382140379185,9.279970100938568,4.700222170431984
4.7115717,8.568280213534846,9.296200993231786,4.712466487360284
4.7523017,8.538455168117462,9.310180485571744,4.722593351282718
4.7925453,8.505002735744153,9.32191075646266,4.731367207619722
4.83355,8.471313339203004,9.331394738806548,4.738784604829863
4.872115,8.438142284061755,9.338604910535249,4.746062489738817
4.9137144,8.402838445935869,9.343563963665588,4.751813648139341
4.9915924,8.364232157387319,9.346279158979698,4.756043915949216
5.0321894,8.323064485890841,9.346758468055334,4.758128512946328
5.0731955,8.279777340289895,9.345009552999093,4.758790276908596
5.112542,8.235728511768407,9.341039849115868,4.758074219680259
5.1533675,8.191491240807542,9.334842585131721,4.757110969861851
5.1912537,8.145723831154497,9.326460244995337,4.754565003654809
5.276106,8.096110707411215,9.31590281873819,4.750448874461193
5.3186264,8.0445762524093,9.303181172220855,4.7441024260043445
5.351728,7.991940894645389,9.28829196100788,4.736302907091965
5.392856,7.937083949527072,9.271249867393342,4.7270596263664295
5.4354053,7.882730839169472,9.252039154389996,4.717602245512976
5.471897,7.826487193591184,9.230694330703434,4.706556217739239
5.5524497,7.768618780816739,9.207234501319771,4.693939996813016
5.592057,7.70816311842497,9.181663377226391,4.680863182102783
5.6318264,7.6456981731721925,9.154001583488316,4.666100677347206
5.671353,7.581734405464561,9.124285634341494,4.649679274041575
5.7118735,7.517583966733145,9.092504489520552,4.632845867881291
5.7525616,7.454573257421715,9.058697448712419,4.614242897616787
5.8347006,7.390909929900361,9.022888499035256,4.593947620170947
5.8730297,7.3255223283145074,8.985102449842756,4.573080440093253
5.913587,7.2585936446101,8.945380033410384,4.550385021607852
5.9608994,7.190338933515394,8.903729553260206,4.525904683182449
6.0220895,7.123291229831743,8.860176418772292,4.500902590619521
6.064914,7.05615478271112,8.814763147834078,4.474037196356208
6.1446657,6.986807487799328,8.767548292914258,4.44540151502671
6.1826124,6.917933367945566,8.718558042991413,4.416131453360975
6.223409,6.849851677906375,8.66781958359039,4.384985922678294
6.2622604,6.781165075513933,8.615406379378559,4.351981168196739
6.32,6.713591766639326,8.561415924814282,4.318442844235518
6.36,6.644264665716032,8.505905642610646,4.283043619390695
6.4626956,6.574515890329833,8.448898539086034,4.245848410601012
6.5127954,6.504043521659095,8.390432836684901,4.208099541255689
6.551298,6.432379438999246,8.330529815502954,4.168524062810598
6.592621,6.360306284197903,8.269194984149744,4.127151065023619
6.6332054,6.287254217784415,8.20643431472862,4.085529133953599
6.752447,6.213224067806063,8.142286603846488,4.042272812032073
6.7975397,6.138338841376627,8.076775105516433,3.997437741535558
6.834098,6.064816967530238,8.009923717184154,3.9522577787191335
6.873026,5.9894194948394475,7.9417731636182785,3.9054522953932866
6.9122252,5.914263984028534,7.872364879811525,3.8570855349626965
6.956138,5.8373185972228585,7.801693668971682,3.8084389600491595
7.033222,5.760231568816311,7.729788408007041,3.758189748075356
7.076236,5.682516709727567,7.6566787359259125,3.7064108603090675
7.106255,5.604536379812361,7.582380006332086,3.654395169108176
7.143403,5.525607792370933,7.506910466886598,3.6008308791070913
7.196415,5.445762118869198,7.430306300614916,3.545798719099737
7.2389746,5.365169047875713,7.352558120581151,3.4906412133079514
7.312648,5.283090491205277,7.273692674818652,3.4341744843720017
7.356523,5.199428391176065,7.193770654502209,3.3764640166091144
7.39114,5.115176606707092,7.112807017387454,3.3185827039503177
7.4350624,5.031761043485518,7.030852649710908,3.25928047241576
7.4773254,4.9472369885107605,6.9479931649396836,3.1988226844932512
7.514414,4.8619922384463035,6.8643164653953015,3.1385450942773074
7.5955777,4.7761806406287395,6.779912560147411,3.076921200843605
7.63249,4.689450715898707,6.694872349211966,3.0142668486877233
7.6723228,4.602991238203969,6.609286477523635,2.951878237047131
7.712695,4.517396326279047,6.523229163175641,2.888405371625936
7.7533407,4.431373755476238,6.436773289065216,2.82393904987038
7.7921677,4.345291988175459,6.349976406918776,2.760053941466902
7.8725567,4.257457412245633,6.262976437987194,2.6955399719705446
7.9132524,4.170636136310358,6.1758291791671045,2.6303122449178518
7.9523783,4.0834073917069835,6.088623369772674,2.565727151774022
7.992968,3.9956780575153465,6.001431148240729,2.5004489900198075
8.032258,3.908183913882764,5.914615376371433,2.434736861157975
8.076203,3.821679455184758,5.828190538531933,2.3699028265907964
8.155192,3.7364737224891256,5.742297521799337,2.3047007199151004
8.195461,3.650770062259237,5.657024907314557,2.2391912216296146
8.233487,3.5663512846357643,5.5724108973991235,2.1746469263524317
8.2768135,3.4834850696272253,5.488522697236815,2.109829650815237
8.312309,3.4015880428807703,5.405424087721032,2.04484955670605
8.352653,3.3208681607861865,5.323145134667191,1.981196497494004
8.432313,3.2406877920972956,5.241714287323808,1.9177534037220194
8.472451,3.1618278396470636,5.161108802591816,1.8541752308890396
8.512346,3.08364070677258,5.081321365003177,1.7919577326799203
8.55193,3.005938853476051,5.002359943933128,1.7297196012906837
8.592366,2.9295188206516025,4.924198191382872,1.6675651857971252
8.632397,2.8540442531472614,4.846807670365315,1.6068997468008135
8.715795,2.7788970603724277,4.770254667153644,1.546748673179491
8.755516,2.704758738262403,4.6944892795658815,1.4872144557470124
8.791609,2.632277898273154,4.619523875119923,1.4296574704366405
8.832759,2.5621143264988286,4.545404955307795,1.372745443648991
8.871216,2.492668441315629,4.472165851536374,1.3165344702009452
8.913475,2.4248685153577583,4.399781535714863,1.2623322188223165
8.99183,2.35594067735675,4.328312800243218,1.2088794731189743
9.039782,2.286471533576912,4.257671907177598,1.1562632331913838
9.073066,2.220558872063462,4.1879196164368935,1.105785754935208
9.111663,2.15519058777659,4.1193470022230745,1.0560978718744298
9.153975,2.0909419323351752,4.051952631485549,1.0074780649727042
9.191129,2.026930013126778,3.985799840463075,0.9610545178021769
9.27514,1.9635844837474872,3.9209049507240565,0.9157543070651882
9.312742,1.9003600513644514,3.8573169456421317,0.8715510915213945
9.3516655,1.8354576596607792,3.795020616956429,0.8298982812845547
9.393191,1.772513596625529,3.734063469719696,0.7895086185574496
9.4342165,1.7114905173520614,3.674456804659173,0.7504412589033097
9.473247,1.6518306818313537,3.6162123944549767,0.7141753343264255
9.555375,1.5919115508293602,3.559439399345429,0.6803486620470313
9.592357,1.5343912381000386,3.504131422999203,0.6479772996339305
9.631902,1.472604802718172,3.4502955875901264,0.6183655279328101
9.671723,1.4125739493565659,3.3979696315046595,0.5901664544016116
9.711839,1.3542901505688107,3.3471917133026334,0.5635110841633514
9.755925,1.2971243274444373,3.297907843362309,0.5399863881411693
9.833706,1.2422052296856285,3.250227912385262,0.5192061755426651
9.876307,1.1909081093141094,3.204145897422092,0.499952076500596
9.911788,1.1386359085846045,3.159718368476709,0.48351531767257006
9.952218,1.0896114883226526,3.1170020072907376,0.4685777441302255
9.992468,1.0427103810241034,3.0760020181840453,0.4554548944016874
10.032511,1.00043907084755,3.036706616648772,0.4452221262511767
10.114921,0.962296917653637,2.999201169531173,0.4366036305289141
10.153166,0.9295486123874014,2.9634704084741545,0.42981932178563825
10.191654,0.8980091368777933,2.929527595508631,0.426262670161843
10.248251,0.8721218126750314,2.897401549616026,0.4245866139047816
10.311254,0.846374103720978,2.867074214382929,0.424838620278616
10.352455,0.8240060353136353,2.83851291716584,0.4284078918056649
10.432045,0.8039476109381357,2.8117822817798386,0.43520151044448185
10.474085,0.7868826682623145,2.7869131447970976,0.44404277886420873
10.515426,0.7704519552098057,2.763891831764824,0.45617544459974096
10.553983,0.7578425865357891,2.74274177655346,0.4702825887582754
10.599688,0.7485410240690574,2.723519253284607,0.4864415907010552
10.633478,0.7449621081813392,2.706171390538405,0.5063658769497659
10.712974,0.7442915684899283,2.6907750098088337,0.5296099526445537
10.756233,0.7458417673849765,2.677323749662514,0.5548962812006214
10.792583,0.7487897191290575,2.6658272183428506,0.5835951305352847
10.835597,0.7549822928719977,2.656293824445782,0.6155463856639733
10.871988,0.7630664759319638,2.648778121317613,0.6496435615539747
10.913187,0.7735784861913438,2.6432236669297238,0.6874945421882815
10.992258,0.7857729617356881,2.639654591293794,0.7286860653684977
11.033475,0.8018460159542244,2.6380896731693553,0.7718828833919946
11.074181,0.8179217546734431,2.6385465696351136,0.8184394987994799
11.114684,0.835996839695573,2.6410416998702955,0.8682698113864007
11.15264,0.8565239076020413,2.64555380985096,0.9200713332101071
11.196363,0.8797165115703854,2.652075778445657,0.975525762450084
11.276044,0.9045931238186106,2.6606318451230644,1.0302902791769326
11.313479,0.93559479461775,2.671165657270472,1.0869727841470218
11.353545,0.9698223220714008,2.6836563229633694,1.1467837060376194
11.395636,1.0071762488272964,2.698114038565016,1.2097208344015562
11.433744,1.0476890449349414,2.7144983751867153,1.2744756022508192
11.471798,1.0919588966184457,2.7327870850904326,1.3426336647258985
11.553071,1.135768931720701,2.7530858064547243,1.4099841369081065
11.591991,1.1818125584688823,2.7753656594046197,1.4790870893839267
11.631849,1.2308537923711964,2.7995988040952264,1.5512370264504896
11.671347,1.2827560805324465,2.8257734443780835,1.6263837685024292
11.711256,1.336827038059891,2.8538895618998232,1.703170818361576
11.751594,1.393383438360619,2.8838512939115764,1.7831779342259368
11.833349,1.451743564162772,2.9157079752364923,1.8621883066573068
11.877423,1.5137110571130867,2.9494240520291224,1.9427560590238997
11.911345,1.5780791154827631,2.9849650857386902,2.0264163639506196
11.952934,1.6461673827633485,3.0223579754361047,2.1128630591610307
11.994917,1.7170568803262742,3.0615447973688195,2.200687702830431
12.036936,1.7901471947489866,3.102425705518918,2.291724040394911
12.114726,1.8666156031640622,3.1450653035459237,2.38133200393677
12.154241,1.9457092641980054,3.1893676119701926,2.4721521517965206
12.19182,2.0255048367275754,3.235213388402211,2.5658537816235603
12.233361,2.1103833512573322,3.2826168299866816,2.6619468691411927
12.271681,2.1954893543751584,3.3315426413679687,2.7591089794290573
12.312384,2.279889455264099,3.3819275308147017,2.8590800409562243
12.392601,2.366071226348292,3.433837224474218,2.9573541796547107
12.431667,2.4538666950657246,3.487203951813918,3.056568481385956
12.472486,2.546531209012226,3.54193170557661,3.15800447678157
12.511878,2.640094796278633,3.598070369034496,3.2616407996214916
12.593864,2.736162003725768,3.655632860008267,3.3660594895210236
12.676451,2.8325941113654367,3.7145390466580177,3.4729165042092958
12.713876,2.9294189935244974,3.7748867516375464,3.577584992935474
12.756473,3.0266703111908173,3.8366398224593854,3.6827176718266563
12.791837,3.1261527258328705,3.899716232719205,3.7901632305485062
12.8325815,3.226898540362111,3.9641794864757265,3.8955233237354725
12.871386,3.3278134189018136,4.030008526556427,4.0011873151525705
12.953072,3.4284447330211143,4.09705891419722,4.109052275460163
12.991468,3.5298807848487748,4.165430649671569,4.214492481414434
13.036831,3.6308395726226275,4.235074447250396,4.320161911802141
13.07171,3.7331804558975543,4.305896991519032,4.427820763427754
13.112649,3.8350738438517644,4.377965222691556,4.533072465307199
13.156016,3.9377585733434346,4.451226778270613,4.638482555759401
13.233331,4.038833453932759,4.525602512324408,4.745854897120926
13.271567,4.139946038081897,4.601158631636871,4.850566737802994
13.31244,4.241514283549264,4.67781198102391,4.95527516215421
13.351721,4.343637022049784,4.755435261155389,5.0617436079703895
13.396813,4.445478942964469,4.83409146445347,5.165578882210594
13.431981,4.546488210502174,4.913756470686605,5.269307973907468
13.513667,4.648481773354838,4.994232982524786,5.374960175742751
13.55164,4.751587795311747,5.075434837454668,5.477730636289426
13.59169,4.853922500785002,5.157252185792525,5.5802804178029595
13.632779,4.956768716540502,5.239547529073824,5.684466967763416
13.671555,5.059382939627391,5.322267622260377,5.785763198984166
13.712651,5.162614192403471,5.405372660901176,5.8867420521885006
13.791391,5.26517720669749,5.488733039613527,5.989436845315221
13.834647,5.3668694210815,5.572430740276284,6.088597431800922
13.876843,5.467704252396582,5.656426286099804,6.186980258154022
13.911858,5.5669776991074835,5.740662352494862,6.286449354315886
13.954109,5.664346377138533,5.825113442096681,6.382485307072384
13.990668,5.76143609397563,5.909734500331321,6.477669823391892
14.07519,5.8582281652085415,5.994355464372858,6.573787925135024
14.112415,5.953700910731426,6.0790965918303135,6.666120877686328
14.153595,6.04799135688527,6.163910530106706,6.757416340305794
14.190894,6.139314908273563,6.248675030990033,6.849654851406734
14.231715,6.229107025036704,6.333477128188672,6.938163101046895
14.276842,6.317746144546579,6.418301476353321,7.025644097082425
14.35274,6.40504132078081,6.502995948820627,7.114081681765961
14.391761,6.490685437823548,6.587732205077351,7.198716084962058
14.431396,6.575665478314686,6.672498282676147,7.282026499931836
14.4723215,6.660368020132078,6.757143872307692,7.365953888995459
14.511661,6.745356675246952,6.841778366147995,7.446242178847542
14.552539,6.827345642987851,6.926362170224023,7.525562482206103
14.632056,6.907983978472091,7.010702149924958,7.605549494623566
14.673107,6.986867119263322,7.0948903182301235,7.681455065230444
14.711199,7.064981813315447,7.178858510973204,7.7564482741459155
14.752178,7.1408658995726135,7.262442789968141,7.832038421399815
14.791784,7.214364617925343,7.345652303341903,7.90362191873443
14.833933,7.284997516919887,7.428406971935194,7.974015048808169
14.911645,7.3537691229385915,7.510505179466239,8.043501786861738
14.953957,7.419783343352228,7.592034761810524,8.10902440306913
14.991082,7.487775123980817,7.672813753194684,8.17331144699435
15.031237,7.5531440591002355,7.752710933596419,8.238420710607521
15.072426,7.617593718463919,7.831721070921856,8.2996369247066
15.114502,7.681864025470813,7.909749935998026,8.35975401675929
15.192462,7.744644958775944,7.98658182851512,8.42079957684932
15.234482,7.806987676277523,8.062324725435252,8.477926523127971
15.275115,7.867893218477921,8.136803640737353,8.533983064114185
15.312793,7.925671681905755,8.209861882663063,8.590919149340301
15.353417,7.981011200214658,8.281533088658346,8.644079615196494
15.391884,8.034224090018311,8.351714300798404,8.696276389453333
15.475806,8.083573435029333,8.420195989739705,8.747782306955058
15.512843,8.128994450009822,8.487057864502143,8.795492124750309
15.552296,8.171842526427431,8.552210720057587,8.842284961319736
15.591958,8.212452375076566,8.615510436026307,8.890369436914538
15.633743,8.248833759334035,8.677057054790232,8.934863505483232
15.671974,8.282442540908876,8.736799100892169,8.978664554464112
15.752149,8.311815847790665,8.794613170038751,9.022047296682645
15.792078,8.33768263500466,8.850603104226051,9.062136325450274
15.833267,8.362024324057034,8.904657098706144,9.10167482122863
15.87289,8.381563778130902,8.956626223541933,9.14249564453088
15.916176,8.39838884862115,9.006591072322175,9.179916095883122
15.951433,8.41068478134164,9.054513303006317,9.216719994168534
16.033705,8.419033647754171,9.100250570401736,9.253115347860046
16.076843,8.422509203798363,9.144016853756568,9.286296896812921
16.118578,8.426328924759094,9.185730602968363,9.318999260401526
16.150488,8.427752841377893,9.22529019803017,9.352222950068528
16.194973,8.423386071741104,9.262870984947828,9.38238085075694
16.231941,8.414728224376276,9.298247696046838,9.412248014243422
16.312227,8.402257721594083,9.331295585457797,9.442023870921005
16.353304,8.387457510680003,9.362069897563128,9.468894764810077
16.392614,8.37080530840366,9.390571621912228,9.495719052881991
16.43621,8.351081230617055,9.416633371724688,9.524498808676878
16.475733,8.333335439220512,9.440427133221977,9.550361137075406
16.512049,8.31244288122975,9.461859875082292,9.576121935457987
16.593899,8.28684879347629,9.480769355080698,9.601931688979882
16.631958,8.260245039812185,9.497287746227931,9.624616265347676
16.671785,8.23337958105635,9.511299606740833,9.646817352817262
16.714283,8.20207320787255,9.522682773053628,9.670858536727188
16.752134,8.173500179464632,9.531542803419873,9.692043226574974
16.79593,8.14138651225313,9.5378646388767,9.713141503740905
16.87853,8.107789157695306,9.541527583117619,9.734215815687048
16.9118,8.072107574700022,9.542737624282887,9.751866155667315
16.952702,8.033904371003246,9.541435808660523,9.768952310321348
16.991629,7.993889247322952,9.537504673556535,9.786248875010422
17.032934,7.957428706689088,9.531021978718782,9.800928393092633
17.071991,7.918631744685975,9.521961716966763,9.8157932923027
17.157183,7.880092466453273,9.510176798382155,9.830980538179098
17.191902,7.839423537763272,9.495844474410411,9.843703856540994
17.232122,7.798083023454732,9.47886196946628,9.856758911778426
17.272276,7.753920830683615,9.459119751701827,9.870318046077957
17.312122,7.711432383833142,9.4366886761172,9.881492592734244
17.355879,7.666775061331668,9.411585613781831,9.893113719841315
17.43495,7.620671223582417,9.383708693476974,9.905305194649024
17.474434,7.573118156937328,9.353250238107055,9.915219640542158
17.514502,7.525954076952019,9.320154697386355,9.925009209301614
17.551987,7.478524902117192,9.284295061427395,9.935328222441258
17.591791,7.432364872675004,9.245915998993015,9.943409136210315
17.632088,7.384678641011909,9.20504430744358,9.952024549173936
17.718357,7.336016986337567,9.161583503983241,9.961323798245953
17.752798,7.284022542468486,9.11577638213678,9.967676122220894
17.795069,7.23321843795093,9.067538054163025,9.973890444338963
17.831844,7.182797422973716,9.016793719440054,9.980738400657835
17.872274,7.131758122169859,8.96368091630354,9.98529961576274
17.913692,7.079570693103862,8.908233476707409,9.98970118242001
17.990822,7.026553300189795,8.850344945715786,9.994614134886442
18.032116,6.974389398116656,8.7902483331797,9.996472226098426
18.072414,6.921655174020367,8.727883654724334,9.998016857761751
18.113033,6.8690503185957255,8.663182027165591,10.0
18.154953,6.818610824601606,8.596313123463691,9.99948143430556
18.193493,6.767692035083285,8.527291628255519,9.998520200434855
18.27654,6.714887980379492,8.45602477719024,9.997856919086896
18.312288,6.661894237332185,8.382663305360444,9.993820778192378
18.351995,6.608276680613438,8.307190701287876,9.991287372054174
18.43165,6.552417319152072,8.229659872756434,9.989010987147637
18.473541,6.494767281073223,8.150266281769591,9.984228426463357
18.552067,6.4360835792846265,8.069019015673478,9.978948017259382
18.591696,6.376874881163011,7.985915260446525,9.973901723924891
18.632015,6.317316625689056,7.901144780745029,9.965668413338225
18.673737,6.258249376949062,7.814614575676922,9.958960640711899
18.71279,6.200354774068965,7.726237239288671,9.952592665916146
18.75356,6.143825169377535,7.636217100704616,9.9436764201928
18.838543,6.087453076327027,7.544527473807149,9.934234178815574
18.874056,6.026648437068176,7.451039623238872,9.925012806340439
18.913395,5.965377335983901,7.356000285770897,9.912306849767042
18.953289,5.9043955394042635,7.259345412816208,9.900916342593469
18.992832,5.845297773464126,7.1610035719851854,9.889647044980466
19.03424,5.78542215235914,7.061194894096646,9.874889266164837
19.11437,5.7241464790181436,6.959796380082865,9.859293790407374
19.15533,5.662989746263912,6.856854099517976,9.843522302916899
19.197712,5.601653972580759,6.752610967190589,9.823645784443437
19.232288,5.539820347344814,6.647018048470625,9.804864500578372
19.276382,5.475857992497467,6.540132230249714,9.786198925435091
19.314352,5.414052314961763,6.432335185567619,9.76387684810481
19.3941,5.349126768281877,6.3236316426696115,9.740615071656386
19.436178,5.285106517132672,6.214064512434889,9.717052268202478
19.471468,5.222226165573521,6.103871799497347,9.689195369366967
19.512209,5.158582735487812,5.993073489916708,9.662229343796655
19.555653,5.095206977752351,5.881660835567341,9.634853895780974
19.593767,5.029662342324304,5.7699964125899825,9.604156699397429
19.675827,4.9666922474777735,5.658030887556268,9.57208791638699
19.717731,4.900612519385952,5.545765609447491,9.539328103182878
19.758009,4.831330930035737,5.433474031365611,9.502195120695907
19.7949,4.759457957433067,5.321084024022286,9.465913721220103
19.832914,4.685734335649685,5.208530492576208,9.429311886497757
19.871815,4.611351088092512,5.09615099066656,9.388255619647829
19.956356,4.5358237346246755,4.983900378509133,9.347835190261272
19.991095,4.459341365883199,4.871798475887258,9.307019165605167
20.032635,4.3838143910839085,4.760185990660854,9.261681452677577
20.072853,4.310014642141849,4.648977722062153,9.217009988565769
20.116224,4.236528793045733,4.538142123369049,9.171843429446792
20.156324,4.161140049881592,4.42803233327153,9.122148009707503
20.235153,4.087191466701081,4.318493076512485,9.073024161793757
20.27959,4.013456595571466,4.209475833140438,9.023264895779997
20.313421,3.9408857662443175,4.101348476605581,8.968880598890664
20.352901,3.8689474624208295,3.993967881210509,8.915063664010338
20.39165,3.7981225616804974,3.8873898220277057,8.86069900131471
20.435886,3.728072114899074,3.7819095133123106,8.801709011918437
20.512682,3.659038452951679,3.6774095966575238,8.74319803848721
20.551992,3.5907326314211523,3.5737946720010227,8.68413674091136
20.64,3.5234734703205786,3.471423501154079,8.620125406960566
20.688211,3.456860977747493,3.370203268824517,8.556623886776823
20.742449,3.389671044371372,3.2700891644279153,8.492430504931978
20.78147,3.3222738208622924,3.171426650902829,8.42347057294101
20.86216,3.25904370177518,3.074232816600611,8.35485074656697
20.9025,3.1937005363234374,2.9784372438985485,8.2854652243397
20.941381,3.130275749072497,2.8844219062401293,8.211058930502173
20.982464,3.0672568499946453,2.7920292287974773,8.137332084703536
21.022165,3.0046917610954607,2.7011581834159895,8.063066103984976
21.062653,2.943831193716762,2.6119988770108677,7.984212276866976
21.145058,2.8859442945005207,2.524557232993112,7.905946137885597
21.181334,2.829559162515461,2.4387345677607515,7.827141801815357
21.223032,2.7728137872804917,2.354917008231422,7.74398059154924
21.262499,2.7170110052590797,2.2729018245350123,7.661915521564138
21.30208,2.6604233480729804,2.192622623718078,7.579779793378298
21.342117,2.6053378482237086,2.114431219847657,7.493347519529761
21.421772,2.5518874079435143,2.0381532239014337,7.408023970330289
21.46221,2.5013375214918385,1.9637315519459384,7.322642244570381
21.50187,2.448830361385121,1.8915124583820828,7.233023992736408
21.542469,2.3973180351053056,1.8212384693029098,7.144663983639085
21.582579,2.3475626222828767,1.7528187117876,7.056449350546218
21.622128,2.298317360333696,1.6865826392819634,6.964268818694664
21.70187,2.239246362934937,1.6223827393428094,6.873361201918488
21.742065,2.184576728469247,1.5601258891385963,6.782603293890859
21.782312,2.131641435021268,1.5002204828161079,6.6879625407680665
21.822536,2.088183175888457,1.442373389184156,6.594960198157215
21.86153,2.0435044219511873,1.386491541662462,6.502258603651669
21.901688,2.0013220602753763,1.332884121506205,6.405917126319658
21.98146,1.9619681336718406,1.281384762404248,6.311284991835621
22.023106,1.9251027921637875,1.231945621328985,6.217182171490123
22.07215,1.887930451260074,1.1849235360598727,6.123187696560773
22.114832,1.8540360843022914,1.1401032031232738,6.031089803807471
22.156887,1.8176419217502526,1.0974224060384346,5.939611441011434
22.191256,1.7858960412522311,1.0571915036319157,5.844687223887117
22.272888,1.757518149190579,1.0192437037017894,5.751709848015651
22.315714,1.7301535619229598,0.9835161932306298,5.659542601546162
22.354332,1.7044767246550527,0.9504136832768052,5.563984264351589
22.397802,1.6809725477264175,0.919702307540185,5.470603643824383
22.434427,1.6586373342219043,0.8913488374788344,5.37821860763053
22.471762,1.6387749113771248,0.8656283051806487,5.282720470051255
22.551384,1.6214581115010294,0.8423559784097413,5.189500303497437
22.594635,1.6063824386532906,0.8214813620070136,5.097419576895202
22.636786,1.5952517519787934,0.8033269624539906,5.00587650048165
22.67346,1.5884335781584855,0.7876759509468738,4.916934113096616
22.711048,1.5844808667234629,0.774460817580219,4.829272556242921
22.756477,1.5815163485650248,0.7640172086639672,4.738729675022861
22.835403,1.577874296052371,0.7560919445046186,4.650781232368352
22.875772,1.576785797592762,0.750613366006798,4.564199767840665
22.911192,1.5771465817926278,0.7478633594756188,4.478558731783329
22.952206,1.5828184870732194,0.7475995062685458,4.39568263476187
22.995098,1.5907020656032185,0.7497480616839352,4.314282741085328
23.031248,1.604261781305117,0.7547029436275329,4.230239982565816
23.11175,1.6202342542496904,0.7622649423916135,4.1489832509068885
23.152294,1.6406267778744663,0.772319550963942,4.0693220089553215
23.197878,1.663346588804511,0.7852026185171889,3.990872330126277
23.23275,1.6881033941297607,0.8006072178532121,3.9154110840600844
23.271555,1.7107461272560114,0.818439960082626,3.841739561721989
23.312885,1.735822865706872,0.8390123225836026,3.7677161787999576
23.39536,1.7637030470159774,0.8620121433440889,3.696690722013676
23.431927,1.7940467097080908,0.8873902700327447,3.627418973504887
23.476011,1.8264900175908378,0.9154380464131157,3.5595531138147374
23.514774,1.8650313092365671,0.9459245531908678,3.4948160112473157
23.557648,1.9059204815540605,0.978720725865518,3.4319068403149884
23.590872,1.9524359350663536,1.014147857321504,3.366598264327773
23.671236,1.998881278603218,1.0518888228453025,3.3044326712089367
23.713871,2.047574861510946,1.0918575075723924,3.2441111272663914
23.754406,2.099435488414087,1.1343902490151894,3.185321294112626
23.794725,2.152934607844492,1.1792194716214106,3.1300138020941897
23.831963,2.2072672623696814,1.2262935768917969,3.076708585181179
23.875715,2.2679267267906242,1.2759016594361394,3.021263461399812
23.951597,2.330245991573531,1.3278085592917843,2.9690841708832902
23.99045,2.3956985378497944,1.3818186904952592,2.918914929897084
24.031214,2.464354724218637,1.4381932394400225,2.8705342764688653
24.071653,2.53694491680946,1.4966536542628928,2.825905806656139
24.112421,2.6124825184857507,1.5570700794095012,2.783472808685034
24.15259,2.691786201800032,1.6196870635474976,2.7427739997313685
24.231564,2.7724206621812244,1.6842777751753428,2.705514900527017
24.272388,2.855037169761506,1.750688272092009,2.6704252402809243
24.352594,2.939218477028317,1.8192203167057837,2.6371733746613835
24.39273,3.024131059494158,1.8895878086813709,2.6073664406573944
24.43291,3.112828863036916,1.961706545574168,2.5797677671009995
24.512299,3.2041886033029323,2.035853296501474,2.5538996291182605
24.552948,3.296444278381876,2.111833036090531,2.5314511536601443
24.59444,3.390536537692665,2.189566492178586,2.5111357297174353
24.63253,3.485090785080666,2.2693288411109402,2.492647497300837
24.67666,3.581948618256112,2.350841406454526,2.4775296259304267
24.712011,3.678968889451139,2.4340699853225956,2.464319236502018
24.790775,3.77672454010733,2.5192893975266353,2.45280956939634
24.83597,3.8756470217017345,2.6061710602735886,2.4446308879591836
24.873634,3.974673972629594,2.6946264519919745,2.4382695660386386
24.911608,4.072700709441944,2.7848263690763675,2.4333417039976837
24.952408,4.171815864431446,2.876484294748735,2.4319174888756914
24.991972,4.270427484467884,2.9695729239436623,2.432414069999263
25.07435,4.371859539129683,3.0643413325772406,2.43438535587033
25.11468,4.474561268971474,3.160458440212613,2.4394615434037066
25.154852,4.577609181809767,3.2577357367900266,2.4463023278713947
25.191216,4.681184462334103,3.356408901587,2.454505322543577
25.235397,4.784712487974142,3.456190940238735,2.4660326264449033
25.278042,4.8890924381535905,3.5570122938511397,2.479331552368632
25.357653,4.992900593763195,3.659067985811516,2.4939443308929867
25.393003,5.0955609805353195,3.7620645146775344,2.5115315835820606
25.436954,5.1999654321958095,3.86594962001536,2.530735726725755
25.471811,5.306041907326741,3.9708975914454037,2.5511374193106984
25.512112,5.411197224971435,4.076694142929138,2.574772027573949
25.553127,5.516999149820978,4.183242247939653,2.599848486145173
25.634586,5.6241781323973825,4.290699965106815,2.626042434153787
25.676842,5.731879024382911,4.398792157774089,2.654841686904675
25.710888,5.843364136436873,4.507480298843345,2.6848951155256944
25.752487,5.95269985463859,4.616851139026148,2.7157891384316932
25.791204,6.062583207766799,4.7266608901640925,2.749325078193478
25.837502,6.173248594433808,4.836873658005281,2.7836585297189345
25.9113,6.281581848167933,4.947696388404203,2.8184186026176254
25.952223,6.3879405234442475,5.058800211809107,2.8552156351704148
25.991339,6.493711028238844,5.1701491098204535,2.8926845319747567
26.033567,6.600472530169347,5.281969852816078,2.9303092819736696
26.075888,6.706149008506764,5.393970883316431,2.970251429761723
26.112127,6.810728221249095,5.506121482698854,3.010667168752211
26.1911,6.913405625328983,5.618636948220964,3.0511746434119713
26.232443,7.014055967256468,5.731227781099938,3.093848058537971
26.274883,7.114007176928485,5.843962877537506,3.1369783213934936
26.311565,7.212230293032836,5.956929960635288,3.180312184338698
26.353136,7.309562845515606,6.069934486602204,3.225794589631434
26.39311,7.402716264151203,6.182990238557003,3.2715459622897716
26.475302,7.49647542323156,6.296254733994409,3.3167720238255693
26.514008,7.588579084668126,6.4093727295532705,3.363585476444408
26.55261,7.679218872347519,6.52232178657627,3.410275196601486
26.596144,7.768453822912929,6.635160574133658,3.4564975529397586
26.633196,7.8548009802576395,6.74763724298531,3.5044206240871194
26.671867,7.940154124774997,6.859598327148178,3.552071849930089
26.75223,8.022627251897207,6.971184693597626,3.5991110901110788
26.792366,8.102472766127923,7.0819987872446735,3.6471402044984185
26.831627,8.1713038088812,7.191997683856534,3.6947882643165455
26.872671,8.245430723961178,7.301254447998672,3.741715859445384
26.911898,8.320703809856381,7.409480571375191,3.789903747316982
26.951717,8.394787663007616,7.516645784604948,3.8373176820924417
27.032997,8.470301072248455,7.62296522783588,3.883507155567643
27.073656,8.54261279616936,7.728034419492624,3.9307611560910147
27.111517,8.614127336806108,7.831771918770598,3.9771855731806656
27.1554,8.68687244622607,7.934197979948274,4.0223739984677165
27.191683,8.759194644273876,8.03498707462175,4.068479429509352
27.23238,8.830123515621583,8.13410264914978,4.113609727451452
27.312344,8.89928342886447,8.231689498809393,4.157318830781775
27.35209,8.968422547449457,8.32730543937049,4.2018105381490045
27.39174,9.04225362474121,8.421025170793273,4.2451959343238626
27.432888,9.112709852519037,8.513025014773556,4.2870804543799075
27.471731,9.181295277295844,8.60282972695589,4.329671897751135
27.51231,9.247895998862298,8.690465923900645,4.3710378542968416
27.592382,9.3120439001837,8.775995169761973,4.410650621389487
27.635237,9.374711631648363,8.859051169344577,4.450812876580568
27.671589,9.437499259873272,8.939638134409414,4.489645190263757
27.712025,9.496895414455551,9.017911412782372,4.526577239636083
27.751944,9.553302991404324,9.093505922163459,4.564097650228885
27.792868,9.605056543700082,9.166431205605004,4.6001119866351425
27.876083,9.65561671648025,9.236884311478033,4.6342850651359075
27.911085,9.704022554100844,9.304507426150314,4.668842668086036
27.952774,9.745627640653469,9.369291677246933,4.702008754612675
27.991177,9.786792584523003,9.43137694574643,4.7333644800353145
28.033138,9.82348584974185,9.49036729523263,4.765148026624717
28.072012,9.858185625377343,9.546273303042224,4.795326489817023
28.150919,9.88877113129914,9.599309826837962,4.823578703585221
28.200544,9.916936664516847,9.649147175715715,4.8521449788985915
28.26174,9.940603705622422,9.695782676764814,4.879132356729387
28.301907,9.960794046353874,9.739396491282951,4.904275422851821
28.343431,9.976163444052197,9.779662869713428,4.929636295615212
28.382366,9.988198994800333,9.816597937091593,4.9533056293110285
28.462143,9.997052692906754,9.85039396423158,4.9748153607625145
28.503113,10.0,9.880674792194219,4.9964922224496355
28.542358,9.999576582012876,9.907533195114256,5.016391455051271
28.58125,9.993651859094008,9.93110293900224,5.034189482803331
28.621656,9.987019640715518,9.951093931701584,5.0521717440802085
28.662434,9.976328488255932,9.967622731670396,5.068304632735542
28.74436,9.962584752571635,9.98091358669669,5.082272278859478
28.78103,9.94748678999522,9.990670091728937,5.0963742896515205
28.822676,9.937423475259472,9.996950951841471,5.108681235443544
28.861774,9.929447966206494,10.0,5.118795366639863
28.901457,9.91836543508914,9.999443142209275,5.129066291580831
28.941711,9.896890089147341,9.995488744823295,5.1374828198907325
29.021263,9.875475148426307,9.98834028212786,5.1436557660158035
29.061703,9.850215813402166,9.977699234537956,5.14998560294527
29.101728,9.82122186671526,9.963688239740643,5.154559945067708
29.142813,9.790938515784127,9.946470420997553,5.15713611461784
29.183056,9.760975398554798,9.925799621031548,5.157974334272292
29.22405,9.72836393227447,9.90178427679127,5.15692664698368
29.30164,9.695677124770794,9.874672341371774,5.15365860052986
29.345034,9.65937173696318,9.844160481980882,5.150493650744205
29.381649,9.619637611070054,9.81038185010795,5.145574602967915
29.421875,9.577120687206989,9.773542634442475,5.138576186819836
29.462622,9.530736727706676,9.733325872907445,5.131741028428482
29.501331,9.481878953408465,9.689881113367365,5.12326357305837
29.581673,9.431181050805279,9.643400536960593,5.112733059180339
29.62151,9.377899657334792,9.593623921673903,5.102486830796765
29.661722,9.324162786155481,9.540697152370836,5.0906398152502685
29.703104,9.267471389013624,9.484791464152517,5.076929171186477
29.741505,9.207759770385364,9.42571814747529,5.061781163619963
29.785856,9.145676820250372,9.36362567483925,5.044860375372852
29.862232,9.077893312142576,9.29873521947821,5.025951186812824
29.90155,9.009416387536007,9.230794085707968,5.007358436719485
29.942558,8.945118611627956,9.160031119682357,4.987254916778175
29.981073,8.88195102910383,9.086664215791567,4.965436009458581
30.022833,8.82027503149881,9.010500206054967,4.942158636934771
30.066982,8.755421656374672,8.931776510602162,4.917230100084233
30.14207,8.689204251661629,8.850780803320749,4.890403826772448
30.224295,8.620568513017053,8.767162499637198,4.86413395967458
30.263105,8.549170610788957,8.681021504964322,4.836514903348245
30.302149,8.474601930095627,8.592626471798871,4.807353699964111
30.344248,8.401285900218666,8.501704736912732,4.776960952283916
30.422136,8.32822716387071,8.408417195790474,4.745149647315759
30.463428,8.256062825662868,8.313014212659846,4.711678921060444
30.502922,8.184144356638177,8.215209328246585,4.677862025996244
30.542265,8.109798913896233,8.11518621086208,4.64297640689374
30.581474,8.034240052924877,8.013123283514657,4.606853715581927
30.62147,7.959045934474921,7.908776202076616,4.5696982378361835
30.702358,7.879746073194376,7.802306132854005,4.531355409878298
30.74186,7.799198191817768,7.693933345501963,4.491575659666726
30.78143,7.715189618439684,7.5834056012885265,4.452769166834129
30.821527,7.628739818813379,7.470893190575416,4.4130296371877415
30.861933,7.541807898297277,7.356642593354473,4.372164785232279
30.901619,7.454440287713743,7.240425523083764,4.330487232580983
30.981241,7.366601635498551,7.122461968905357,4.287723217716408
31.021976,7.276497390540122,7.002992186103649,4.243642118544079
31.065166,7.182824088487837,6.881781697470389,4.200715163663561
31.101118,7.090053295596344,6.758984011812426,4.15709701908953
31.141523,6.996854373121717,6.634970752495236,4.112866477184423
31.18319,6.90299639408072,6.509591286848096,4.068146105679231
31.26767,6.80649389921659,6.383033157798609,4.022880571228558
31.310318,6.7083869646873,6.255572441158131,3.9764041213422288
31.350807,6.614020553162247,6.1270916023236515,3.9295030865203255
31.391905,6.517658660884017,5.997778553162091,3.882083935192385
31.431986,6.421602579298759,5.867988794715401,3.8339110527366307
31.473192,6.324712879035645,5.737522163742352,3.785296251878462
31.551924,6.227067955535196,5.6065823537039305,3.7361453693783053
31.591263,6.127535686877156,5.475477797596439,3.6858014965533403
31.631784,6.025956443896522,5.34405761105768,3.635059455608238
31.670876,5.926045070961487,5.212522515066575,3.583833852567562
31.713074,5.826232282417526,5.08106119935546,3.531896854288512
31.755394,5.726522458958629,4.949561837310541,3.479477804586796
31.832195,5.626923313520983,4.8182163751806835,3.426579732354798
31.873558,5.5241164816115775,4.687206303727136,3.373002127894798
31.912766,5.421634087334283,4.5563970033527825,3.319095742257465
31.95158,5.3190442512276475,4.4259915578414075,3.264738139921466
31.994787,5.216737784606894,4.296151965811719,3.2102454214461043
32.03348,5.117108232751015,4.166824759752078,3.155807973868457
32.11173,5.018031250560883,4.038196935580655,3.1013464519599783
32.152035,4.920040759802392,3.910411838923809,3.0462111367031426
32.19211,4.820472129534335,3.7832999116506016,2.9911124746134887
32.232536,4.720357757875103,3.657206617365154,2.936016975843917
32.2733,4.620502339818674,3.532484175994927,2.8808368493390697
32.3135,4.519748627647081,3.4089940414278397,2.825849677206843
32.392193,4.419981592193935,3.286950053851802,2.7709731341314003
32.433064,4.320940001351072,3.166634176091826,2.7156022615658664
32.47703,4.223834810363621,3.047948492109739,2.6604438434402895
32.51354,4.130330658115164,2.9311163233623003,2.605370238320126
32.554165,4.036197685893945,2.8162067395494303,2.5502890355589525
32.59375,3.943981925399862,2.703171247319989,2.4954728372318264
32.672096,3.854009846295411,2.5921686047224366,2.4407859535787586
32.71176,3.7683042389954795,2.4834097984598684,2.385545033397477
32.752567,3.6829189146878134,2.3767125101873385,2.3308267529007947
32.79514,3.5985410033307352,2.2721703518852134,2.276626164448005
32.83172,3.5097919384242835,2.169789604756624,2.2228403113303026
32.87136,3.4239401497952655,2.0695089426585533,2.1697299678115467
32.95403,3.338453570956458,1.9713974998652215,2.1169369926470973
32.991264,3.252179073051186,1.87550020449912,2.0641494260699074
33.03113,3.1693311019427655,1.781678777087455,2.0122759591788086
33.071426,3.0861123647934594,1.6901173519092585,1.9611921554153748
33.112144,3.001913961556892,1.6009244972251677,1.910808379413764
33.154934,2.918247528065315,1.514004100298695,1.86140555962193
33.231163,2.835023491319845,1.4294832543690332,1.812766061621238
33.276997,2.7538674920900545,1.347462663103757,1.7642983025126397
33.311596,2.6690085032536115,1.2677928975925268,1.716906879001135
33.35237,2.5857141875033665,1.1906122134335801,1.6704153347590422
33.392097,2.5029905463093756,1.1159335696268533,1.624723907383117
33.43182,2.4213114020927895,1.043696527529704,1.5800012217702173
33.513233,2.340825245978074,0.973963165009182,1.5361926378772073
33.553024,2.262797575834773,0.9067158942623128,1.4925691247116035
33.590885,2.1819298543189594,0.8417841549238018,1.4502635012974678
33.6311,2.0957345989021987,0.779237899657416,1.4091542601977254
33.671524,2.0144447737274898,0.7190864646700472,1.3691077425658813
33.71232,1.9355305792859894,0.6612357260728717,1.3303136474703434
33.791378,1.8605558142274636,0.6057526366209193,1.2926015103870412
33.8322,1.786454248645345,0.5526973339316985,1.2553015036250514
33.877266,1.715823188092506,0.5019660377418907,1.2194146583671959
33.91094,1.6488111134698553,0.4536803942153479,1.1848558339108568
33.952656,1.58905318590214,0.40787342636123175,1.1514856432711202
33.995293,1.5258426988915998,0.3644445361747536,1.1194880309773343
34.07382,1.4643932872801246,0.32346939583660334,1.0886867543336642
34.11029,1.407992543335983,0.2849634360600885,1.0584960788775293
34.155426,1.355192203386579,0.2487851303297705,1.0298691135497007
34.19156,1.3076612488261585,0.21503185236564115,1.0026307959697234
34.232018,1.2659295698520703,0.18376255444316508,0.9766836919784062
34.273067,1.227714341659093,0.15490555843194775,0.9522477417373145
34.351994,1.1930808103736152,0.1285512854698459,0.9291827782223696
34.392387,1.1609005298656139,0.10469855546809193,0.9083996853031264
34.43284,1.1314895724064473,0.08322664727000906,0.888977051259463
34.47239,1.1076604658155873,0.06427382960898619,0.8707857657578945
34.51675,1.0770334510308062,0.04782225765353679,0.8537320795685371
34.55172,1.051140942024517,0.03371315718008073,0.8380453786827311
34.63543,1.0304023153337056,0.02209636896210626,0.8235469275983912
34.671314,1.0123936495034123,0.012985157917272356,0.8113613733380827
34.7126,0.9968358418783936,0.006226175629294172,0.8004277794766693
34.753086,0.984706851463082,0.0019123420327038813,0.7905795995141812
34.793762,0.9738060879187934,0.0,0.7817695931339399
34.83607,0.9655866587154028,0.0004209722514970668,0.7741898126392217
34.914547,0.9598166500121812,0.003295430131525866,0.7676724295354309
34.952995,0.9578604619631074,0.008637195071781397,0.7633950928374358
34.994144,0.9584165665981769,0.016293454047712846,0.7602118700178507
35.03284,0.9615598677718541,0.02633614566764202,0.7580029410091421
35.075073,0.9671527319246354,0.03871363058003864,0.7566354819854128
35.112335,0.9769948623403948,0.05336496250139501,0.7563833246752185
35.19216,0.9897833491396352,0.07038964386731747,0.7571596718343641
35.23434,1.0035728557024108,0.08984540041828344,0.7600547389158936
35.274265,1.0210670528076573,0.11157177919579847,0.76392489389839
35.313297,1.0408452289514873,0.13576226331199684,0.7686524634176128
35.353928,1.062299566388411,0.16237471857510175,0.7742445370045374
35.39392,1.0861949241798436,0.1913574215034374,0.7808028171182133
35.471,1.115169543643674,0.22270484800877746,0.7882900158845076
35.511913,1.1469372521457704,0.25651589766584665,0.7976597926651008
35.56,1.1865726197130588,0.2927033692494242,0.8079016701167766
35.6,1.2320188421131788,0.33132718930809657,0.8188990495807456
35.6425,1.279217572480942,0.3723600994915484,0.8306121510879465
35.701958,1.3305740258733738,0.4156899978793189,0.8431858995219805
35.78188,1.3853753371385569,0.46135414642675676,0.8564522888127073
35.82173,1.4447590822765901,0.5093325143527693,0.8715520111971479
35.862213,1.5092823353981826,0.5594853369506614,0.887433794995311
35.901134,1.575884496506335,0.6118820506772437,0.9039822219832601
35.94128,1.6484139504640956,0.666472089094426,0.9211165402466869
35.981976,1.7171913244253347,0.72313432912397,0.9390784600630483
36.106926,1.7902544197572448,0.7819885491159454,0.9577908112161531
36.159985,1.8652892301416628,0.84291963716214,0.978347179138683
36.194374,1.9402174608046132,0.9058529405709705,0.9996129739718176
36.234386,2.019355623009327,0.9708593221020947,1.0214792968730169
36.271202,2.102642118073827,1.0378732565606061,1.0437875416151008
36.35174,2.186223208397224,1.106809062316288,1.0666644796054614
36.39274,2.269427266198744,1.177694066895339,1.0900126610708636
36.43796,2.354797378319878,1.2504965724113448,1.1149942391256746
36.48,2.443890107654414,1.3250978946334155,1.140530139549899
36.52,2.5344137187286027,1.4015587842713988,1.1665238733629895
36.56033,2.6275950593485806,1.4798203616065408,1.192954420580276
36.631405,2.7260495203877237,1.5597859825782472,1.21998395225332
36.671993,2.827871735705806,1.6415210546958734,1.247640406640125
36.71246,2.9313349892538243,1.7249690115808318,1.2768516951050977
36.75616,3.0339405257131458,1.810082611390253,1.306622536902332
36.797684,3.1397446227434895,1.8969742910415437,1.3368504457808394
36.837246,3.2464811231384405,1.985584815122048,1.3675565333317863
36.914715,3.3550280425375822,2.075881306137704,1.3988974657281146
36.95279,3.4647631810897748,2.1678914984965454,1.4305896911421843
36.99123,3.5752059619429737,2.261564080302331,1.464064469266047
37.033115,3.6918219529140637,2.3568227787765017,1.4979297071285942
37.073643,3.8048161557350633,2.453716983165216,1.532147130137563
37.112137,3.917022099089381,2.5521207929874046,1.5667113297956967
37.191917,4.031493333037654,2.6518990689374426,1.6017515606230637
37.235424,4.1429245328523026,2.7530430901273086,1.6372620942318232
37.275814,4.257477029970913,2.855337545521524,1.6744961427270577
37.3158,4.373274222387028,2.958619433251049,1.712243367014867
37.351986,4.488196139496183,3.0629633881572986,1.7503656231472167
37.39326,4.602967351527592,3.168307687955633,1.788889800605182
37.47144,4.717849057940841,3.274486930973418,1.8279356747925932
37.512142,4.831070592765861,3.3814946931645298,1.867482371662516
37.551533,4.944953540303892,3.4892344279462657,1.9086362889590125
37.5925,5.059094188380831,3.597569390205447,1.9502683316399585
37.635044,5.17190421972513,3.7065852059514968,1.992273789529551
37.67599,5.282931086810053,3.816179230950954,2.034221751475962
37.75254,5.394586767032947,3.9262610025517213,2.0762670006762747
37.7945,5.5070263259386945,4.036885652801493,2.1183827680943716
37.832497,5.618909382225975,4.147985192010325,2.1617604165807136
37.872078,5.730666951189264,4.259439707759968,2.2052188303965594
37.91717,5.8423704482226215,4.371247182245721,2.2486082843217985
37.956818,5.95431612266319,4.483368667396116,2.2919034832917227
38.03297,6.066714151950544,4.595681100573239,2.335305563302395
38.073627,6.178802627533013,4.708222574241198,2.3786547118896326
38.11334,6.289931384772011,4.820844102906126,2.423279672185782
38.15486,6.400455732208425,4.933408041094836,2.468005343535334
38.194935,6.510209848066508,5.0459710875400186,2.5126826567065974
38.232853,6.617177983264188,5.1584704000329475,2.557239548862577
38.314056,6.723229888595924,5.270693724491447,2.601423314952019
38.35249,6.826954173415251,5.3826364231457955,2.645251048719022
38.394196,6.9316348175611004,5.494234680334999,2.689869854064809
38.432777,7.037984424863798,5.605339827558029,2.734865274417064
38.471313,7.136879577644134,5.715931284567248,2.779415842325887
38.512665,7.234845653025919,5.8259445011169495,2.8234554148459883
38.592197,7.3325179629410915,5.935163385464649,2.867193872068612
38.633614,7.428220070087678,6.043628938535364,2.9104817147372106
38.67206,7.526603211029162,6.151275755103781,2.9546057843077325
38.715984,7.62166898292122,6.257951542214495,2.9991119629055447
38.75174,7.714975337818663,6.363662224080355,3.0431874496170956
38.79257,7.804776173543794,6.468290119851865,3.0867750719710245
38.872417,7.892588618451097,6.571731853923911,3.1300939843661904
38.912277,7.979011499207698,6.673947859758198,3.173052289381037
38.952995,8.06292098804227,6.774854845075746,3.216904923195234
38.992554,8.147546296363215,6.874351673703402,3.260968118158299
39.033554,8.230760064184297,6.972403254707182,3.304648785980117
39.073322,8.31312126751996,7.068963118711855,3.347989312905157
39.151985,8.394616756825622,7.163919599972768,3.3907986617310097
39.19132,8.47370250554894,7.257259227240067,3.4331437657684947
39.232117,8.551643306537377,7.3488751783379795,3.476215363865109
39.27213,8.627755454106836,7.438754513779214,3.519552550279692
39.313293,8.700803485643076,7.526947976992425,3.5623831608801986
39.353447,8.772296797253945,7.613311687343731,3.6046901205913375
39.431667,8.843492027966429,7.6976875338452375,3.646546064387087
39.47148,8.912820721484525,7.780057510886814,3.6878435951326805
39.511772,8.980856781140997,7.86031108286706,3.7298692074995534
39.55238,9.047292539018065,7.938311709389678,3.7721200074769454
39.5919,9.110368015577846,8.0140277148009,3.8138238007068725
39.633106,9.168655367749034,8.087347054707553,3.8550113919005895
39.714306,9.224557893248186,8.158236494200548,3.895803454638473
39.751972,9.276952369381782,8.22663177070221,3.9360509723156363
39.79067,9.326057470183022,8.292422471879009,3.9770890613955148
39.83215,9.369547966525326,8.35549271859457,4.018865114351014
39.873596,9.411448788428995,8.415854347070251,4.059971004194465
39.914593,9.447447431744365,8.473494211984523,4.100376366979336
39.995052,9.481657021691136,8.528419592938606,4.140181781077964
40.03192,9.51141379271597,8.580593763495926,4.179217120797647
40.072906,9.535386940120713,8.629972592907661,4.219203739670208
40.112915,9.556992370286158,8.676627275141064,4.259665892155302
40.152252,9.572227879967562,8.720563850091244,4.299317734298597
40.19326,9.581307642219482,8.761742773275985,4.338172752243749
40.276684,9.58500758490139,8.800074612472255,4.376333321655711
40.311977,9.58747592614177,8.83553400406383,4.413721018302055
40.35265,9.588103170460085,8.86802172846869,4.451776791714963
40.39267,9.582476851320358,8.897551761568383,4.490193637533486
40.431976,9.573869286812656,8.924135116420734,4.527686178161198
40.47274,9.561042397116243,8.947721862505405,4.564310418723972
40.553352,9.544225434344416,8.968280809593937,4.6000793580513
40.591442,9.523716352769972,8.985691882887954,4.634873122154737
40.632187,9.500500916379659,8.999847178125027,4.670433323205188
40.67424,9.473245068887659,9.010866155479015,4.7063041277933255
40.7132,9.445839693158963,9.018800973781266,4.74111118535512
40.75157,9.421517691653664,9.023675314290193,4.774779416948129
40.832836,9.394752632544122,9.025467245638431,4.807502593874304
40.875477,9.364396414811166,9.02420614694495,4.839203732783314
40.913757,9.330620843690799,9.01984777205655,4.871246789007782
40.96709,9.293490071939194,9.01254086969778,4.903564856153551
41.022198,9.25391856261371,9.002300072925866,4.934740571974407
41.069855,9.210833090744767,8.989141471805144,4.964697912380148
41.152016,9.168028975379436,8.97311272231245,4.993587637544177
41.191456,9.12385792183624,8.954230644808414,5.021379567565941
41.232227,9.079092791553629,8.932440273277551,5.04994122857489
41.272564,9.031591649392215,8.907849393437248,5.078583471188195
41.312035,8.979468957410988,8.880403760602569,5.105932724605819
41.35373,8.925291663468943,8.85012171713354,5.132004514891607
41.43137,8.868311947676641,8.817025296715942,5.156861062587515
41.471725,8.806991621487661,8.78117030730183,5.180383578854898
41.513004,8.744085672466236,8.742536554413693,5.20448290826129
41.554234,8.680500392574451,8.701249523151786,5.225007269244208
41.597324,8.615919067144747,8.657352365728013,5.244099142024178
41.631935,8.546495921411333,8.61087474810209,5.261784225080219
41.711727,8.479458821364394,8.561817713938378,5.278134827599794
41.75301,8.410787544144517,8.510235403396138,5.293132054390114
41.790775,8.34457105305453,8.456064796457884,5.308564663266277
41.837814,8.27647312435702,8.399454732085772,5.319979225367969
41.871876,8.206695298853674,8.340578838731018,5.329888739322539
41.992256,8.133803249349079,8.27957548387313,5.338329756799043
42.031834,8.057869064820837,8.216610486061997,5.3452954480163575
42.07594,7.980953313876266,8.151700983821657,5.350873654447023
42.112305,7.902434970288222,8.084771394295258,5.356911941797995
42.153057,7.8215907763034185,8.016064506014251,5.358919814251988
42.19124,7.74003860079442,7.945653236923404,5.35942111748648
42.272396,7.657713136541254,7.873597805924527,5.358463136659376
42.311836,7.573978074145538,7.7999479952240325,5.356181616114082
42.35297,7.486668368404264,7.724754066926929,5.3524411628513695
42.394184,7.399158936023115,7.648019365560266,5.349135886321106
42.43249,7.311767491013589,7.569842237812175,5.341827566830964
42.472122,7.223980191935096,7.490315019230559,5.3330501072997185
42.552082,7.135105620442018,7.409446658941326,5.323028955990492
42.593098,7.045416408427476,7.3273089956094095,5.311838834798126
42.63264,6.955075376238376,7.243877456601221,5.299463940177004
42.67767,6.863939786966336,7.159183683724103,5.2876967634013745
42.71166,6.773002619694992,7.073324043914293,5.272136237690736
42.757298,6.677775510082929,6.986304688784058,5.255264439081109
42.83368,6.5782038649358086,6.898260948161237,5.23717166980347
42.873062,6.47873429177415,6.809233542901764,5.217815545107349
42.91178,6.3767518312921005,6.71936010891764,5.19729089126513
42.958122,6.274628396030687,6.628685517601409,5.17758465458987
42.991005,6.176470089870235,6.537368138873336,5.1541302663757955
43.032124,6.075876209380959,6.445496944287219,5.12942397063808
43.11345,5.97369699426106,6.353145258296044,5.10352785725357
43.1532,5.866704675726817,6.260452389266058,5.076592785650909
43.191235,5.76326923612348,6.167507275611803,5.048756913190623
43.23222,5.658919238213853,6.074317923343901,5.0218591933415135
43.27385,5.5480397741688705,5.981086385908658,4.991239357645934
43.31199,5.43833296363423,5.887879467568408,4.959707678395493
43.396618,5.326785430788109,5.794792158337865,4.927226803040805
43.431812,5.212147433948801,5.7019516942011785,4.89420820851674
43.47539,5.096365060648933,5.6094506760877625,4.860702182943389
43.51369,4.987285320924011,5.517258421905311,4.828698333804613
43.55457,4.880434868088343,5.425616709323994,4.793584077478753
43.591267,4.772471740543832,5.334624675613042,4.757898776876884
43.671516,4.665514761007105,5.244408737394049,4.721746934365725
43.711563,4.554543502464997,5.155062138531138,4.685141186154694
43.752,4.439351459989677,5.066659843650483,4.648182160908852
43.79163,4.3238367463469345,4.979122385613914,4.612681597065935
43.837593,4.211540224619653,4.892723264201925,4.574214438427178
43.872417,4.103713013465334,4.807462868321515,4.5352853180157835
43.95429,3.996340508110529,4.723352389442591,4.495963524619279
43.991024,3.888102912222127,4.6405104111958435,4.456315812827491
44.033165,3.7778799479649945,4.558949804094839,4.416316468795933
44.07391,3.6706892732617873,4.478540763657098,4.37836970744099
44.11059,3.563883561909151,4.399428021439352,4.337508404834476
44.15178,3.4567389699508264,4.321568428722133,4.2966833033300915
44.266182,3.3549305646482526,4.244963418592786,4.255964668590926
44.301884,3.2481674503726685,4.169631009338656,4.215418800198113
44.34218,3.143833503108528,4.0955736342337365,4.1751500557637895
44.382534,3.0445889072320265,4.022672540431954,4.135631650693241
44.4224,2.9439791257077386,3.951122485989674,4.093785877709549
44.46376,2.8393069468875196,3.8808729408984655,4.052279712242143
44.544746,2.7359476619210756,3.81188895027879,4.011169018931841
44.581387,2.633539499893,3.744185595547794,3.970547451218001
44.6215,2.532365247615501,3.677731097188119,3.930414528151211
44.66345,2.4321392178112595,3.6124078767856465,3.8926585578265342
44.70161,2.3354356168731707,3.548376256719894,3.8527429698374718
44.74306,2.2398933626044313,3.485594996119076,3.813196492969078
44.822372,2.1434399133866746,3.4239893269917427,3.7740682174883333
44.866238,2.0536598602401286,3.3635822603910794,3.7356846570628064
44.91566,1.9635385162148005,3.304333194583632,3.698020749404031
44.957333,1.879087990401639,3.246094548537695,3.661684670609299
44.991035,1.7936117691805569,3.1889924377568035,3.6235962821790437
45.037323,1.7095311643102458,3.1330158095145038,3.586336538636914
45.116207,1.6261616951129578,3.078233679357413,3.5500554751520075
45.15407,1.546825889026765,3.0246808992623633,3.5147672826662153
45.196495,1.4683255320105442,2.972340851264421,3.480482368630505
45.239223,1.3897728205161266,2.9210590674281267,3.447633878117341
45.274868,1.3109357155364034,2.871023032085964,3.4133257395378265
45.316395,1.233557341554317,2.8221902298080854,3.380124782224487
45.392918,1.15846326680322,2.774550906807608,3.3481189517426504
45.433117,1.083831860039795,2.7281431634531783,3.3173504177569852
45.475174,1.010075130785334,2.682990593048849,3.287965783520618
45.51332,0.9375527459807553,2.6390117029554263,3.260198960026089
45.55632,0.8690816778776146,2.5963641987673975,3.2314048391005863
45.595173,0.8012154599847565,2.555036481450269,3.203826093605511
45.67577,0.7409634715132261,2.5150350037151186,3.177856178209742
45.711407,0.6836956160824347,2.4763670761007077,3.1536391796929926
45.751907,0.627858298242296,2.439073164657979,3.1311366310816253
45.790745,0.5696260667365503,2.4030244184665683,3.110613519789766
45.835247,0.5139514328135677,2.3683508357979886,3.0892340986530935
45.87562,0.4606267295698315,2.3350456061907265,3.06932049051869
45.95148,0.4124224672389399,2.3030857610362117,3.0512556873267918
45.996906,0.36382020439789486,2.272531218295882,3.03517329392488
46.03232,0.31802285312948575,2.2433785946810536,3.0210243434489725
46.0725,0.27584538382541496,2.215535322967477,3.009021241006683
46.11322,0.24036587258502656,2.189198399915718,2.9963654576224474
46.15227,0.20543061866038917,2.1643469193028135,2.985368301504202
46.233196,0.1719263249592412,2.1410263379863217,2.976401942133182
46.27184,0.14075464107303726,2.1192193596999633,2.9695411314918707
46.31442,0.11096894523770204,2.0989749719705775,2.9648158789879506
46.352283,0.08466633868945327,2.0801736024836663,2.962337656316291
46.392136,0.06294654617212378,2.0630197542545226,2.9593388745195397
46.435818,0.0448016605198265,2.047435504757338,2.958119709061226
46.513184,0.03007311589395321,2.0334049813127795,2.9590411907961243
46.552513,0.018670815697901095,2.020944191589473,2.9621248626705947
46.59296,0.010090310180146164,2.0100364465228386,2.9673893136919607
46.63265,0.005444914623488456,2.0005761378595337,2.975024408729398
46.672943,0.0009876562757948975,1.9927644974232332,2.982209074278497
46.712326,0.0,1.986535287475955,2.991232072045961
46.790607,0.001409749529518758,1.98190144703952,3.0024430253577696
46.833103,0.0031916330999929364,1.9788755664123232,3.0158520770018065
46.875496,0.0042730408305791225,1.977437642882391,3.0313765320737414
46.914185,0.008853915831658912,1.9774637693013455,3.0492850023564335
46.95168,0.016947433858794075,1.9791541280389644,3.0666553874556564
46.990814,0.026354690189372254,1.982473712726632,3.0855673123763947
47.073708,0.036425152074538565,1.9874192898022944,3.1066102487046625
47.1112,0.05173931902288034,1.993987133486028,3.129781775515158
47.15095,0.06838150269645803,2.0021557855696757,3.1549866172357564
47.194454,0.08813867267835918,2.0118147516263623,3.1824807888226694
47.231804,0.11302771842526899,2.023207553826567,3.208970008632547
47.27303,0.13807396864197513,2.0361636971168973,3.236881790539789
47.351986,0.16593748336516437,2.0506734438780723,3.2667939118919804
47.393326,0.19909007337530304,2.066726527219039,3.298734309700135
47.43306,0.23608693315024312,2.0843293798267335,3.332548237356277
47.47391,0.27479723849018045,2.103337052562016,3.3684322210995563
47.51209,0.3145828665624649,2.1240555038722087,3.4031222841791386
47.552425,0.3581545521951431,2.14634444885871,3.439034157824786
47.63237,0.4057276885601873,2.1701770327732133,3.476775881128895
47.677437,0.45712626299961384,2.1954998915139194,3.51618385812108
47.71124,0.5125336316878939,2.222344870213667,3.5573195369409483
47.752686,0.5718732348984715,2.250662842967849,3.6003677710506548
47.835564,0.6340706322826252,2.2807837604854937,3.6415555643584248
47.91216,0.7015394971924246,2.312512975776726,3.6836415711949475
47.952057,0.7729603459739569,2.3458328640534236,3.7272649060951006
47.99087,0.8488584786270769,2.380741381344138,3.772430935977423
48.031715,0.9242475903132442,2.4172239548842342,3.818920503361813
48.073166,1.0024459825905383,2.4551649016127386,3.868674501093456
48.11167,1.0835035728169649,2.494850649051189,3.9167125469265414
48.191975,1.1687001672690787,2.5360875043575217,3.9650724042150047
48.233604,1.2551628048904204,2.5788429126560835,4.014349125754451
48.27284,1.3457000571557867,2.6231183993719123,4.064383263238732
48.316273,1.435885667806858,2.6688202942394077,4.1151132959367445
48.35293,1.526745413595638,2.7158647782209817,4.166725780844269
48.394135,1.6203280441969663,2.7645240314573027,4.215088546830317
48.491264,1.7178302728834707,2.8146430434592653,4.263367889975569
48.550354,1.8194928037298972,2.8663262371012306,4.312117846774991
48.591618,1.9243317746247521,2.919647032070956,4.36130520460215
48.636295,2.0300455782163738,2.9745982456273445,4.4108924974125925
48.674454,2.140575624309908,3.0310831636280473,4.461348786641917
48.713715,2.247772808133467,3.0893113147257285,4.508195795730206
48.793133,2.3573956903245756,3.149176826321688,4.55641485616029
48.835835,2.470050687181994,3.210699777948766,4.604794043630088
48.87554,2.58367884267079,3.2739143684906553,4.653486266378293
48.915146,2.697292797847494,3.338916328184614,4.702280121907592
48.957973,2.8111823556809408,3.4056131695313696,4.753086313377305
48.994373,2.9201674973825313,3.4744556628831735,4.799861710347632
49.07666,3.018419880374603,3.5452502815952993,4.847762904931347
49.113148,3.1176981435957107,3.6178955219103015,4.8956034094341545
49.153122,3.219085097853143,3.692268115224797,4.94336970129465
49.19582,3.320960801297935,3.7681931641399466,4.991091464059858
49.233433,3.423535786378277,3.8455044198001356,5.040728724651102
49.273205,3.52730979584421,3.9245048023222657,5.086060086576089
49.352734,3.6328947996828407,4.004886774112615,5.132334048633334
49.39421,3.7395461460743427,4.086565613229417,5.178366398166268
49.432457,3.844660404136817,4.169477181717782,5.224188215286635
49.473347,3.9544746792377787,4.2535497537122895,5.269688383140959
49.51352,4.075263308051561,4.3385658858428435,5.316788427489476
49.552814,4.196045906460393,4.424715197575988,5.359414609067399
49.634422,4.317123421240305,4.5118414517952825,5.4028194767981645
49.674194,4.438466727102045,4.599899187759376,5.445865202083127
49.712025,4.558966930107553,4.688872374277875,5.488138067772092
49.78108,4.6809690339010235,4.778742465203508,5.529538714822784
49.82374,4.804313428176214,4.869477820119733,5.571953347553739
49.86225,4.926602231324976,4.961317953613481,5.609405732056638
49.943245,5.040927274652794,5.054089650906533,5.6471570572485525
49.982258,5.161629217767968,5.147749609845327,5.6840372929240175
50.022568,5.285225455037262,5.242223291266799,5.719961236874776
50.063915,5.405216356330477,5.337499767684564,5.7550686712047305
50.102467,5.523592624984119,5.433425203215707,5.791125498340292
50.141933,5.64016974699297,5.5301481751898445,5.822029510159791
50.226166,5.754323349267928,5.627487049340182,5.853186038459396
50.263866,5.864368193711945,5.725371351585132,5.883437517211112
50.30306,5.972422438436814,5.823762319741779,5.9128013792238665
50.341915,6.084277855428692,5.922540970404825,5.941202382268325
50.382507,6.189041054028201,6.021544419373319,5.969855311181474
50.42243,6.291686687553764,6.120914206329037,5.9931022207125615
50.502518,6.39888647948328,6.220385974501668,6.016679531867529
50.54202,6.50708055043235,6.319859575649985,6.039035987144901
50.581463,6.6141842085885,6.419280748377989,6.060245968250238
50.622475,6.724302489108175,6.518559339747347,6.080148166738026
50.663925,6.834340524761304,6.6175562548197755,6.100050985467318
50.701622,6.936067382779769,6.71651577872961,6.114430826893344
50.781807,7.035081915500494,6.815077947399477,6.128737835615622
50.823795,7.13181097433912,6.913120278816438,6.141769839206381
50.86326,7.227501234549787,7.01049972322788,6.153458161432474
50.90156,7.326504689883541,7.107134376311904,6.163911704160273
50.94213,7.424929435011163,7.202891479578145,6.1743191442552225
50.986206,7.521884702058342,7.298036860127376,6.179355192254449
51.063953,7.612984835675481,7.3921200428356295,6.1844407487072255
51.10187,7.698880790351083,7.485058936106389,6.188386639063787
51.143814,7.783573511945989,7.576784955708467,6.19122724979049
51.183456,7.8673813890793465,7.667096735503021,6.1929946931704905
51.221684,7.952577871591476,7.755793520630924,6.195028830103265
51.265804,8.034786838990371,7.843079496832753,6.191645765957812
51.3435,8.115798169059905,7.928625458025527,6.188446905488692
51.384483,8.193567245779406,8.01234580946638,6.184153169940349
51.426342,8.273235613048879,8.094140520127542,6.178738484727835
51.46787,8.356429371454936,8.173972708865364,6.172221515048813
51.50544,8.43165243683552,8.25173970423046,6.165747658276156
51.542057,8.50494464847421,8.327630184445077,6.157045576660131
51.62121,8.574897288606781,8.401334345190104,6.148516226174947
51.665173,8.647260690127794,8.47278873809662,6.138963810929791
51.701897,8.718474567799463,8.541950714664795,6.128409168401084
51.74203,8.787705161165638,8.608779182968199,6.116779973211112
51.78327,8.85336011261377,8.673234592257181,6.105400556873904
51.821033,8.915291225802063,8.735539176484025,6.088810405935934
51.90097,8.97062770429397,8.79538501450763,6.072474106317275
51.94251,9.023162711509707,8.852756311853202,6.055245146855466
51.98618,9.075042798862986,8.907641384234262,6.0371936475753385
52.021557,9.123814804268017,8.959985460604944,6.018206742938227
52.062527,9.17020008312464,9.009785385336848,5.999658297293105
52.101562,9.209051182403567,9.057376172086386,5.979730797930858
52.181946,9.24480066944857,9.102599619376683,5.960345740184617
52.222393,9.278447239024594,9.145411367277072,5.94032391642859
52.263367,9.308936108032425,9.185733516723882,5.919614341066002
52.301426,9.333840587955647,9.223486807046294,5.898254207420654
52.342346,9.352921201083287,9.25862499806495,5.876236967744997
52.382885,9.368246445410715,9.291249947525609,5.8531947911840305
52.462486,9.379095566368422,9.32119200805555,5.8308228448031265
52.503147,9.38671685674816,9.348445940364424,5.8079402332132615
52.54357,9.390794719754997,9.372977401492438,5.784497269092697
52.582485,9.394628811937846,9.394738079844302,5.760532550792396
52.6217,9.394660893033418,9.413696928765953,5.736085989619733
52.66278,9.389910206247626,9.429920773576681,5.710971042889334
52.742027,9.383691499897086,9.443236432635583,5.686704115388363
52.78166,9.375294717389174,9.453634337765902,5.662060381092549
52.822292,9.351824058248367,9.461091113375124,5.637033149596464
52.86365,9.323348765184447,9.465585735096122,5.611568973937678
52.901234,9.291623842987217,9.46708232626908,5.585702566326854
52.941803,9.261114609139254,9.465692542769775,5.559242015522938
53.021954,9.227254158747895,9.461289286174086,5.533794232017929
53.061596,9.18924153063461,9.453860812834293,5.5080900429081865
53.101383,9.157021285795237,9.443415092632993,5.482120384860936
53.14159,9.123165461611984,9.429930371480118,5.455829344972746
53.18153,9.085373249694387,9.413403620174337,5.429249075238155
53.22185,9.039593555203282,9.393948428408322,5.402229954795124
53.30095,8.987904758365305,9.371405512676239,5.3763310771299215
53.342346,8.929432586623808,9.345795781886379,5.350280300439285
53.382767,8.872439104062353,9.317110644571757,5.324065493237386
53.42219,8.81221759929843,9.285375474703029,5.297627573987159
53.463985,8.758774722878993,9.25058499819607,5.270995424341278
53.502422,8.693543193365443,9.212880685047411,5.244016050160675
53.582047,8.633566212225022,9.172131013456955,5.218245067492225
53.62113,8.570830314622176,9.128385585216872,5.192406751703651
53.66219,8.507351423359276,9.081666554398952,5.166485281863049
53.741444,8.441248204244086,9.031998822144502,5.140462725275544
53.782856,8.369931677612186,8.979410040832253,5.114318992779124
53.864185,8.293609248733258,8.92405964247031,5.087896955288267
53.901733,8.217889930522658,8.865816958352077,5.062747982446753
53.94234,8.139104912931215,8.804747555110291,5.037591990570026
53.982075,8.060832027067306,8.740873432230622,5.012408685831836
54.02242,7.984864909671573,8.674235507344175,4.987175547608576
54.062977,7.912998655779491,8.6048774838169,4.961915806379098
54.14266,7.839257630317218,8.532990998958361,4.93642572454188
54.18218,7.762253763851356,8.458461436412762,4.912300039372297
54.221836,7.684893846811824,8.381353149442726,4.888212109568866
54.262768,7.606062567329516,8.301718005399643,4.864137038982642
54.30145,7.531941624376962,8.219610467256482,4.8400475931340345
54.342632,7.458828947158282,8.135087579114284,4.8159621759893865
54.421642,7.383052572576724,8.048337975920028,4.791672109654488
54.46294,7.306486527757084,7.959225519287096,4.76895917139694
54.501904,7.22696854415667,7.86789176687951,4.746324400931069
54.546043,7.146965836366323,7.774405404970306,4.723738749826252
54.58287,7.06502049103677,7.678837701830985,4.701125788090956
54.62189,6.983404501914246,7.581262486676204,4.67854463668235
54.704033,6.900560578327274,7.481901281035714,4.65578228946233
54.741642,6.818646081103099,7.380601268394152,4.634616095332532
54.78262,6.7367569164300685,7.277501178709974,4.613542564499569
54.82265,6.655706610524451,7.17269784513121,4.5924830707313955
54.863266,6.574758846160811,7.066338766452953,4.571494483569174
54.90135,6.490578053082026,6.9584917759563485,4.550496328015269
54.986862,6.407272092239326,6.849399717614663,4.529267778422349
55.02269,6.317457193095806,6.738926923264171,4.509818298013098
55.065823,6.230876362482231,6.627261498594945,4.490472214939452
55.102116,6.140638484650116,6.514501165612343,4.4711468964188965
55.142357,6.048802400706081,6.400744775897873,4.4518021472862905
55.182938,5.956123904952055,6.2861244777274115,4.432488183815427
55.277084,5.86096239236801,6.170870053387929,4.411095162274355
55.31713,5.759623625112352,6.054867504320488,4.39109174606438
55.354576,5.657641146263714,5.9382936733214935,4.371137064537839
55.39848,5.553879701939473,5.821282762863332,4.351191568723466
55.437283,5.454797304205677,5.703937114903021,4.331392726807093
55.483402,5.359528659410446,5.586424987792864,4.3116949292016695
55.584297,5.265039257795651,5.4689642321058844,4.291824489612263
55.627342,5.170080317137795,5.351476648617072,4.274019398880883
55.662544,5.070285152517521,5.234141879461539,4.256382656876646
55.702877,4.958490428202369,5.117990025957319,4.241391930765314
55.74633,4.8467676732756235,5.002273563726378,4.226525867446498
55.782112,4.735193395866144,4.88707408931527,4.211778253810451
55.863434,4.623844104157684,4.7724731993000455,4.197142876781205
55.90182,4.512796306334078,4.658552490256779,4.1826135232828205
55.943657,4.4021265105791185,4.545393558761552,4.168183980239344
55.981777,4.291911225076621,4.433078001390418,4.153848034574821
56.02162,4.182226958010398,4.321687414719458,4.139599473213299
56.062626,4.073150217564203,4.2113033953247365,4.125432083078825
56.141853,3.9647575119219107,4.102007539782316,4.111339651095444
56.185333,3.857125349267253,3.993881444668288,4.097315964187216
56.222263,3.7503302377840853,3.8870067065586964,4.083354809278174
56.26786,3.644448685656201,3.781464922029633,4.069449973292392
56.302593,3.539557201067373,3.6773376876571504,4.055595243153889
56.344414,3.4357322922014557,3.5747066000173318,4.041784405786725
56.42358,3.333050467242202,3.4736532556862305,4.028011248114946
56.46359,3.2315882343734468,3.3742592512399376,4.014269557062599
56.502384,3.131422101779003,3.276606183254498,4.000553119553744
56.54264,3.0326285776426447,3.180775648306002,3.9868557225124
56.58161,2.9352841701481847,3.086849242970513,3.9731711528626534
56.622005,2.8394653874794376,2.994908563824094,3.9594931975285244
56.7017,2.745248737820197,2.9050352074428187,3.9458156434340728
56.7418,2.6527107293542764,2.817310770402758,3.932132277503345
56.781796,2.5619278702654693,2.7318168492799852,3.9184368866603867
56.821655,2.4729766687375694,2.6486350406505634,3.9047232578292457
56.864532,2.3859336329544107,2.567846941090565,3.8909851779339673
56.90111,2.3008752710997666,2.4895341471760526,3.8772164338986115
56.981518,2.2178780913574716,2.413778255483109,3.8634108126472118
57.02276,2.137018601911298,2.3406608625877965,3.8495621011038272
57.063156,2.0583733109450604,2.270263565066188,3.8356640861924918
57.10239,1.9820187266425724,2.2026679594943466,3.821710554837265
57.141872,1.9080313571876275,2.1379556424483446,3.8076952939622055
57.184048,1.8364877107640398,2.0762082105042547,3.7936120904913344
57.263336,1.7674642955556026,2.0175072602381494,3.779454731348724
57.301945,1.701037619746109,1.961934388226082,3.765217003458408
57.342953,1.637284191519394,1.9095711910441442,3.750892693744433
57.38199,1.5762805190592304,1.8604992652683896,3.736475589130858
57.422142,1.518103110549432,1.8148002074749001,3.721959476541729
57.46144,1.4628284741738333,1.7725556142397294,3.7073381429010808
57.542084,1.4105331181161866,1.7338470821389593,3.692605375132985
57.582157,1.3612935505603267,1.698756207748653,3.677754960161462
57.623474,1.3151862796900466,1.6673645876448924,3.662780684910585
57.662563,1.27228781368914,1.6397538184037217,3.6476763363043863
57.702106,1.2326746607414416,1.6160054966012416,3.6324357012669135
57.741795,1.1964233290307238,1.596201218813506,3.6170525667222253
57.82228,1.1636103267408213,1.5804225816165869,3.6015207195943684
57.86613,1.134312162055507,1.5687511815865387,3.5858339468073765
57.901955,1.1086053431585947,1.5612686152994615,3.5699860352853086
57.94199,1.0865663782338988,1.5580564793313998,3.553970771952225
57.98213,1.0682717754652122,1.5591963702584355,3.537781943732145
58.02154,1.0537980430363492,1.5647698846566225,3.521413337549142
58.1025,1.0432216891311032,1.5748586191020517,3.504858740327236
58.142853,1.0366192219332673,1.5895441701707864,3.488111938990513
58.183323,1.0340671496266765,1.6089081344388805,3.4711667204629926
58.221313,1.0356419803951031,1.6330321084824342,3.4540168716687347
58.266506,1.0414202224223617,1.6619976888774828,3.4366561795317727
58.301323,1.0514783838922659,1.6958864722001175,3.4190784309761795
58.38683,1.0658929729886089,1.7347800550264014,3.4012774129259884
58.422215,1.0847404978951845,1.778760033932416,3.3832469123052453
58.463318,1.1080974667958272,1.8279080054942065,3.3649807160379974
58.501553,1.1360403878743095,1.8823055662878634,3.3464726110482905
58.54583,1.1686457693144663,1.94203431288945,3.3277163842601976
58.58159,1.2059901193000497,2.0071758418750294,3.3087058225977386
58.661945,1.2481499460149357,2.077811749820674,3.289434712984961
58.701824,1.2952017576428554,2.154023633302466,3.269896842345936
58.741558,1.3472220623676643,2.235893088896459,3.250085997604698
58.781185,1.4042873683731558,2.323501713178735,3.22999596568528
58.824055,1.4664741838431028,2.4169311027253473,3.2096205335117545
58.86349,1.5338590169613395,2.5162628541123873,3.188953488008168
58.941875,1.6065183759116803,2.6215785639159086,3.1679886160985538
58.982494,1.6845287688778772,2.732959828711984,3.146719704706972
59.02154,1.7679667040437852,2.850488245076677,3.1251405407574557
59.062794,1.856908689593198,2.9742454095860777,3.103244911174064
59.101875,1.9514312337098885,3.1043129188162317,3.081026602880857
59.14215,2.0516108445777115,3.240772369343229,3.0584794028018543
