279.00
288.00
278.00
278.00
279.00
279.00
279.00
279.00
279.00
278.00
287.00
278.00
279.00
279.00
272.00
279.00
279.00
278.00
279.00
279.00
279.00
279.00
278.00
269.00
279.00
278.00
279.00
278.00
287.00
284.00
277.00
283.00
268.00
280.00
280.00
279.00
279.00
281.00
280.00
280.00
279.00
275.00
282.00
294.00
320.00
316.00
377.00
367.00
397.00
415.00
450.00
428.00
437.00
444.00
442.00
410.00
375.00
373.00
357.00
270.00
301.00
371.00
384.00
376.00
366.00
325.00
302.00
340.00
365.00
326.00
353.00
406.00
392.00
358.00
357.00
415.00
424.00
403.00
370.00
362.00
384.00
384.00
369.00
355.00
369.00
372.00
383.00
357.00
351.00
336.00
361.00
367.00
365.00
383.00
381.00
379.00
413.00
393.00
377.00
337.00
338.00
374.00
352.00
374.00
368.00
357.00
360.00
364.00
305.00
329.00
370.00
365.00
302.00
331.00
361.00
377.00
349.00
324.00
325.00
387.00
402.00
428.00
446.00
383.00
390.00
394.00
437.00
532.00
577.00
558.00
481.00
480.00
499.00
505.00
459.00
427.00
493.00
522.00
504.00
485.00
502.00
517.00
533.00
513.00
510.00
512.00
509.00
503.00
510.00
518.00
493.00
502.00
526.00
528.00
510.00
507.00
506.00
488.00
458.00
424.00
432.00
457.00
419.00
333.00
349.00
375.00
339.00
384.00
304.00
349.00
338.00
264.00
328.00
370.00
393.00
379.00
369.00
355.00
335.00
315.00
310.00
298.00
286.00
284.00
282.00
278.00
282.00
280.00
276.00
278.00
277.00
275.00
271.00
271.00
275.00
275.00
273.00
272.00
273.00
270.00
271.00
272.00
279.00
272.00
271.00
269.00
260.00
270.00
270.00
268.00
270.00
271.00
270.00
272.00
269.00
258.00
268.00
267.00
265.00
268.00
279.00
271.00
269.00
266.00
256.00
264.00
268.00
270.00
272.00
272.00
271.00
271.00
271.00
259.00
271.00
267.00
270.00
269.00