51.00
46.00
50.00
51.00
46.00
79.00
51.00
50.00
46.00
60.00
32.00
49.00
49.00
50.00
50.00
50.00
64.00
51.00
50.00
46.00
46.00
50.00
50.00
47.00
47.00
50.00
48.00
44.00
46.00
47.00
50.00
50.00
50.00
32.00
49.00
46.00
50.00
46.00
46.00
28.00
51.00
50.00
46.00
46.00
50.00
64.00
50.00
50.00
57.00
46.00
50.00
82.00
47.00
50.00
52.00
47.00
48.00
85.00
46.00
50.00
50.00
50.00
32.00
52.00
50.00
54.00
46.00
50.00
58.00
47.00
50.00
46.00
46.00
50.00
50.00
47.00
49.00
51.00
46.00
46.00
50.00
52.00
50.00
46.00
54.00
32.00
46.00
46.00
46.00
46.00
50.00
32.00
53.00
50.00
50.00
49.00
46.00
58.00
51.00
50.00
47.00
50.00
50.00
60.00
47.00
46.00
50.00
50.00
50.00
63.00
50.00
54.00
50.00
51.00
50.00
87.00
47.00
46.00
46.00
46.00
32.00
55.00
50.00
46.00
50.00
50.00
50.00
53.00
50.00
46.00
50.00
50.00
50.00
51.00
50.00
50.00
46.00
50.00
50.00
47.00
46.00
47.00
46.00
40.00
79.00
47.00
46.00
50.00
49.00
34.00
49.00
49.00
47.00
50.00
46.00
58.00
51.00
46.00
47.00
46.00
55.00
64.00
47.00
50.00
50.00
52.00
50.00
63.00
51.00
50.00
50.00
54.00
50.00
83.00
46.00
46.00
48.00
50.00
32.00
51.00
46.00
46.00
46.00
46.00
47.00
53.00
50.00
50.00
50.00
50.00
50.00
51.00
50.00
50.00
50.00
46.00
63.00
46.00
50.00
46.00
50.00
40.00
85.00
47.00
46.00
46.00
50.00
32.00
53.00
50.00
50.00
50.00
46.00
60.00
47.00
49.00
47.00
54.00
50.00
70.00
51.00
50.00
50.00
46.00
50.00
71.00
50.00
47.00
50.00
47.00
48.00
83.00
46.00
46.00
46.00
46.00
50.00
52.00
46.00
49.00
50.00
49.00
47.00
47.00
46.00
50.00
51.00
47.00
50.00
50.00
46.00
54.00
50.00
40.00
85.00
47.00
46.00
50.00
50.00
32.00
52.00
50.00
47.00
46.00
46.00
64.00
47.00
50.00
50.00
46.00
51.00
59.00
50.00
50.00
50.00
46.00
50.00
63.00
50.00
49.00
46.00
47.00
46.00
83.00
50.00
50.00
46.00
46.00
51.00
54.00
50.00
47.00
50.00
50.00
46.00
53.00
50.00
46.00
46.00
46.00
50.00
46.00
50.00
46.00
46.00
46.00
82.00
46.00
50.00
50.00
54.00
48.00
85.00
47.00
47.00
54.00
46.00
32.00
49.00
50.00
54.00
50.00
50.00
56.00
51.00
46.00
54.00
46.00
50.00
64.00
47.00
50.00
46.00
50.00
50.00
63.00
50.00
51.00
50.00
54.00
32.00
58.00
49.00
54.00
50.00
50.00
54.00
54.00
54.00
54.00
53.00
54.00
54.00
55.00
54.00
53.00
54.00
54.00
90.00
62.00
58.00
58.00
62.00
56.00
95.00
66.00
66.00
66.00
66.00
46.00
67.00
66.00
70.00
70.00
70.00
87.00
67.00
70.00
70.00
76.00
70.00
103.00
74.00
73.00
70.00
75.00
88.00
74.00
74.00
74.00
74.00
74.00
107.00
74.00
78.00
78.00
78.00
78.00
78.00
74.00
78.00
78.00
76.00
110.00
75.00
78.00
74.00
74.00
93.00
79.00
78.00
79.00
78.00
80.00
115.00
78.00
82.00
82.00
82.00
94.00
84.00
81.00
82.00
83.00
87.00
104.00
83.00
86.00
86.00
86.00
87.00
122.00
87.00
86.00
86.00
86.00
90.00
87.00
90.00
86.00
86.00
88.00
95.00
95.00
90.00
91.00
94.00
76.00
95.00
98.00
95.00
94.00
94.00
110.00
98.00
97.00
98.00
98.00
96.00
102.00
98.00
98.00
99.00
98.00
115.00
99.00
98.00
98.00
102.00
102.00
103.00
101.00
106.00
106.00
109.00
106.00
106.00
110.00
124.00
111.00
114.00
114.00
114.00
151.00
118.00
118.00
117.00
132.00
118.00
118.00
124.00
121.00
155.00
126.00
127.00
126.00
112.00
129.00
125.00
126.00
129.00
130.00
130.00
133.00
134.00
116.00
139.00
139.00
138.00
142.00
175.00
142.00
141.00
145.00
145.00
151.00
149.00
153.00
152.00
191.00
161.00
161.00
164.00
152.00
166.00
164.00
165.00
169.00
195.00
173.00
175.00
176.00
164.00
180.00
183.00
184.00
188.00
215.00
195.00
192.00
196.00
192.00
201.00
199.00
203.00
202.00
211.00
216.00
215.00
218.00
219.00
223.00
224.00
222.00
223.00
216.00
228.00
230.00
234.00
243.00
261.00
241.00
246.00
250.00
252.00
257.00
258.00
264.00
261.00
286.00
268.00
271.00
279.00
278.00
322.00
295.00
293.00
300.00
305.00
309.00
315.00
319.00
324.00
359.00
326.00
335.00
342.00
343.00
356.00
359.00
368.00
376.00
413.00
385.00
394.00
400.00
406.00
422.00
456.00
465.00
474.00
520.00
491.00
494.00
501.00
506.00
518.00
519.00
532.00
547.00
565.00
606.00
614.00
623.00
623.00
630.00
620.00
623.00
623.00
627.00
620.00
618.00
610.00
595.00
625.00
583.00
578.00
571.00
564.00
558.00
544.00
526.00
508.00
515.00
445.00
440.00
414.00
401.00
389.00
371.00
367.00
335.00
305.00
389.00
396.00
364.00
335.00
420.00
388.00
354.00
342.00
326.00
335.00
331.00
328.00
327.00
367.00
327.00
320.00
315.00
302.00
313.00
301.00
300.00
301.00
335.00
304.00
300.00
268.00
160.00
159.00
74.00
66.00
42.00
46.00
70.00
115.00
238.00
308.00
303.00
305.00
305.00
312.00
311.00
307.00
313.00
311.00
307.00
309.00
344.00
307.00
307.00
308.00
296.00
306.00
304.00
305.00
308.00
343.00
304.00
305.00
305.00
304.00
311.00
308.00
304.00
304.00
306.00
309.00
304.00
307.00
304.00
311.00
316.00
319.00
324.00
352.00
327.00
334.00
350.00
405.00
402.00
356.00
294.00
271.00
308.00
403.00
469.00
511.00
537.00
589.00
565.00
585.00
620.00
625.00
627.00
623.00
623.00
621.00
619.00
605.00
584.00
562.00
545.00
528.00
498.00
450.00
429.00
441.00
394.00
378.00
361.00
332.00
351.00
304.00
293.00
282.00
291.00
253.00
246.00
242.00
234.00
255.00
220.00
215.00
199.00
194.00
195.00
183.00
179.00
176.00
165.00
166.00
160.00
161.00
161.00
165.00
156.00
154.00
149.00
165.00
145.00
141.00
141.00
138.00
167.00
134.00
133.00
129.00
112.00
126.00
126.00
125.00
121.00
150.00
118.00
117.00
114.00
112.00
117.00
110.00
109.00
110.00
106.00
107.00
102.00
102.00
102.00
104.00
98.00
99.00
98.00
94.00
105.00
90.00
86.00
83.00
83.00
64.00
82.00
74.00
74.00
74.00
70.00
81.00
67.00
66.00
67.00
65.00
62.00
77.00
63.00
62.00
58.00
58.00
62.00
59.00
59.00
58.00
57.00
59.00
40.00
54.00
59.00
58.00
58.00
58.00
42.00
58.00
61.00
62.00
58.00
62.00
74.00
68.00
62.00
62.00
62.00
62.00
77.00
63.00
58.00
62.00
62.00
62.00
79.00
62.00
58.00
58.00
58.00
54.00
91.00
55.00
58.00
54.00
58.00
36.00
62.00
54.00
54.00
54.00
54.00
34.00
53.00
53.00
50.00
46.00
50.00
54.00
52.00
50.00
50.00
50.00
50.00
47.00
50.00
50.00
50.00
46.00
50.00
51.00
50.00
54.00
50.00
52.00
32.00
54.00
50.00
50.00
50.00
49.00
32.00
53.00
50.00
50.00
53.00
50.00
66.00
51.00
50.00
54.00
50.00
50.00
64.00
51.00
49.00
50.00
50.00
50.00
67.00
51.00
53.00
50.00
50.00
50.00
82.00
47.00
50.00
50.00
46.00
40.00
83.00
51.00
50.00
50.00
46.00
47.00
58.00
50.00
55.00
54.00
50.00
50.00
49.00
50.00
50.00
50.00
50.00
61.00
50.00
51.00
50.00
46.00
50.00
79.00
50.00
47.00
50.00
46.00
46.00
83.00
50.00