0.37782106,0.17605759870080287,3.5833444814333024,0.1640233817264863
0.44630814,0.30195184370823724,3.8024315190163076,0.23186436745855463
0.47969025,0.4284769917244955,4.015528350701907,0.2972089398399066
0.5118265,0.5555952091710347,4.222701442210181,0.36009428723080356
0.5801651,0.6832686624693036,4.42401725926121,0.42055759799152675
0.6123059,0.811459518040751,4.619542267575061,0.47863606048236734
0.64557827,0.9401299423068173,4.80934293287182,0.5343668630635966
0.7116245,1.0692421016889595,4.993485720871561,0.5877871940954857
0.745664,1.1987581626086183,5.172037097294364,0.638934241938326
0.7810537,1.3286402914872588,5.345063527860298,0.6878451949523886
0.84625894,1.4588506547463131,5.512631478289448,0.734557241497945
0.8784219,1.5893514188072468,5.674807414301894,0.7791075699352861
0.911614,1.720104750091492,5.831657801617703,0.8215333686246833
1.0181433,1.8510728150205058,5.983249105956957,0.8618718259264079
1.046371,1.9822177800157366,6.129647793039735,0.9001601302007608
1.1117258,2.1135018114986335,6.27092032858611,0.9364354698079937
1.1459857,2.244887075890645,6.407133178316169,0.9707350331083977
1.1808,2.3763357396132205,6.538352807949974,1.0030960084622538
1.2471373,2.507809969087808,6.664645683207617,1.0335555842298336
1.2787701,2.6392719307358568,6.786078269809159,1.062150948771418
1.313133,2.7706837909788233,6.902717033474693,1.0889192904472884
1.379343,2.9020077162381486,7.014628439924286,1.113897797617716
1.4133683,3.033205872935281,7.121878954878025,1.137123658642992
1.4464736,3.1642404274916696,7.224535044055972,1.1586340618833777
1.5121586,3.295073546328763,7.322663173178218,1.1784661956991545
1.5458622,3.425667395868018,7.416329807964837,1.1966572484506133
1.5800755,3.555984142530876,7.505601414135904,1.2132444084980156
1.6793346,3.685985952738793,7.590544457411492,1.2282648642016525
1.7126873,3.8156349929132096,7.671225403511687,1.241755803921805
1.7795775,3.944893429475575,7.747710718156558,1.253754416018735
1.8133786,4.073723428847346,7.820066867066189,1.2642978888527332
1.8463235,4.202087157449963,7.8883603159606555,1.273423410784081
1.910951,4.329946781704884,7.952657530560026,1.2811681701730395
1.945162,4.457264468033556,8.01302497658439,1.2875693553799001
1.9802374,4.58400238285742,8.069529119753824,1.292664154764944
2.0468686,4.710122692597935,8.122236425788394,1.2964897566884426
2.0786943,4.835587563676539,8.171213360408188,1.2990833495106668
2.1131454,4.96035916251469,8.216526389333271,1.3004821215919178
2.1798382,5.084399655533836,8.258241978283738,1.3007232612924473
2.213868,5.207671209155428,8.296426592979651,1.2998439569725562
2.250099,5.330135989800904,8.331146699141094,1.2978813969925058
2.3452203,5.451756163891721,8.362468762488147,1.2948727697125775
2.3815897,5.57249389784933,8.390459248740878,1.2908552634930623
2.44746,5.6923113580951785,8.415184623619368,1.2858660666942214
2.4783707,5.811170711050715,8.436711352843696,1.2799423676763364
2.5121417,5.929034123137388,8.455105902133939,1.273121354799698
2.5789192,6.045863760776647,8.470434737210171,1.265440216424578
2.6130464,6.16162179038994,8.482764323792477,1.2569361409112472
2.6451228,6.276270378398718,8.49216112760093,1.247646316619987
2.7123973,6.389771691224427,8.498691614355602,1.2376079319110886
2.745063,6.502087895288517,8.502422249776568,1.2268581751448133
2.7790916,6.613181157012435,8.503419499583922,1.2154342346814424
2.8475251,6.723013642817633,8.501749829497728,1.203373298881257
2.8786507,6.831547519125566,8.497479705238057,1.1907125561045384
2.9117413,6.938744952357674,8.490675592525006,1.1774891947115678
3.0130696,7.044568108935407,8.481403957078632,1.1637404030626066
3.046754,7.148979155280222,8.46973126461903,1.1495033695179557
3.112721,7.25194025781355,8.455723980866258,1.1348152824378765
3.147015,7.3534135829568665,8.439448571540408,1.1197133301826505
3.180656,7.453361297131594,8.420971502361555,1.1042347011125586
3.2462912,7.551745566759198,8.400359239049772,1.088416583587882
3.2783866,7.648528558261127,8.377678247325138,1.0722961659688923
3.3121989,7.743672438058822,8.352994992907734,1.0559106366158704
3.3807788,7.8371393725737315,8.326375941517625,1.0392971838890879
3.4133887,7.928891528227313,8.297887558874903,1.0224929961488354
3.4462085,8.018891071441015,8.267596310699636,1.0055352617553945
3.511225,8.107100168636277,8.235568662711902,0.9884611690690268
3.545696,8.193480986234558,8.20187108063178,0.9713079064500131
3.5800452,8.277995690657304,8.166570030179347,0.9541126622586447
3.67908,8.36060644832596,8.12973197707468,0.9369126248551829
3.7117648,8.441275425661978,8.09142338703786,0.9197449825999189
3.7812233,8.51996478908681,8.051710725788958,0.9026469238531338
3.8151245,8.596636705021902,8.010660459048054,0.8856556369750892
3.8467553,8.671253339888697,7.968339052535225,0.8688083103260859
3.9132512,8.74377686010866,7.924812971970549,0.8521421322663755
3.94671,8.814169432131012,7.880148683087578,0.835694291186928
3.980219,8.883856530967003,7.84172666579554,0.8252168901798903
4.051869,8.953081513619964,7.802769350217813,0.8153688778786256
4.079936,9.024801854322048,7.763377378502425,0.8061677672289475
4.1125546,9.094104780754567,7.723638527360921,0.7977035705980658
4.1814704,9.162793363542,7.683475602919124,0.7896704428080205
4.2150726,9.227655779202774,7.643009221638323,0.7824484188939894
4.246636,9.290902855271485,7.602335937015224,0.7761183239161785
4.346769,9.346429355633779,7.561496489557296,0.7704296084834686
4.381863,9.399064421762105,7.52046761171215,0.7656160992095864
4.4481616,9.452422063748125,7.479435969474555,0.7617546021227213
4.4801707,9.503023124173954,7.438324956930447,0.7587835466123078
4.513391,9.547931907409815,7.397283421037955,0.7569886631595948
4.5835457,9.590873756553979,7.356388070443147,0.756104103076094
4.614215,9.632444809844037,7.315637543715493,0.7560691686001898
4.6476955,9.666299744022995,7.275040958046095,0.7569597722226681
4.714219,9.692854402520767,7.234678044209,0.7587820796331064
4.7467976,9.71723757276558,7.194535291257451,0.7614725158742206
4.7813954,9.73568100724501,7.154612885746884,0.7651041347049202
4.847191,9.747731982672168,7.114919169654446,0.7696802621757569
4.8803368,9.753771497421857,7.07537750554531,0.77520323076534
4.913215,9.751543974468353,7.035974291736543,0.7816743863911942
5.014802,9.751912952774262,6.996736890908327,0.7891584185235767
5.0471,9.747998015187518,6.957640348753277,0.7964838134059685
5.112579,9.738549728396757,6.9186910308093275,0.8059862003336351
5.14575,9.723275262151702,6.879885149562789,0.8165545392070267
5.180901,9.698731162788983,6.841209422582319,0.8279193070141561
5.246175,9.676362157126151,6.802662433103676,0.8402907848368657
5.2787685,9.641456123803216,6.76433542299398,0.8537866982424307
5.313151,9.602226241777858,6.726194531060749,0.8683822585363341
5.38048,9.562502182537445,6.688269386089025,0.8852250938573483
5.4147925,9.51837444619411,6.65057842036778,0.9030580546883766
5.446286,9.469885378655201,6.613138553608831,0.9218603243954858
5.513251,9.419746638945707,6.575923785891434,0.941610337426603
5.5460424,9.365684640051292,6.538897745963455,0.962217062721341
5.579875,9.313787138817016,6.502065568155283,0.9834690861838796
5.6795206,9.257396019608526,6.465431757507343,1.0068719948153138
5.7134724,9.198244420828331,6.429000867506511,1.0311595277338386
5.781075,9.131858248236432,6.3927353652368,1.0563661787608651
5.8147717,9.069569266776847,6.3566289375216485,1.0820624369193796
5.8470488,9.001916916804218,6.320716182853544,1.1086428922341296
5.913437,8.931559008711591,6.284949552517683,1.1360704647497781
5.946627,8.861250207732038,6.249407272673716,1.164518188580763
5.9813433,8.786446883574499,6.214094203531878,1.1936767029354953
6.046318,8.706091964362372,6.178995646666801,1.223575313392139
6.0795655,8.62175220612302,6.144158832122803,1.2540367082928465
6.1129484,8.533442634549166,6.109565807385122,1.2850940995262248
6.182026,8.449458517562284,6.075199123312146,1.3164541491371733
6.214086,8.36518723557695,6.041062534534807,1.3486472644405225
6.247487,8.276724177385667,6.007107743304506,1.3814234298717325
6.3465834,8.185702956599934,5.973379547319144,1.4146653424204834
6.3806047,8.092227230979908,5.939820193724139,1.4482602558870492
6.4476285,7.98941496505318,5.906486320610078,1.4822373266245041
6.4802337,7.8951006807213835,5.873408760966246,1.5165741782733981
6.5143123,7.797179181090294,5.840553967265114,1.5512468369081827
6.5809774,7.691449295119667,5.807987966917584,1.586276468311752
6.614011,7.587586293814874,5.775698301613672,1.6218170628497757
6.6471577,7.476578209524438,5.743720709595035,1.6575454659284974
6.712988,7.368746981283534,5.712044654601036,1.693417814255633
6.746183,7.265957504137126,5.680615609263998,1.7290639190173709
6.781686,7.162418459740109,5.649472651345332,1.7648002902066562
6.846406,7.05793966630282,5.6185825399050335,1.8006450603576223
6.88051,6.951506763212134,5.587921292047348,1.8365431254890847
6.9135027,6.841774559083626,5.557555822115428,1.872375265869034
7.016804,6.732975972346184,5.527438666485107,1.9084347268217436
7.046794,6.623636931437825,5.497533060297958,1.94322879784683
7.115243,6.516395775250322,5.467801935029961,1.9781585711805012
7.147296,6.4104602227803005,5.438238400588451,2.013307480354761
7.1815653,6.305938976525808,5.4088560781975605,2.048130697704208
7.248094,6.200516567087915,5.3795660378427845,2.082702916741415
7.2808056,6.094986493461788,5.350360731603586,2.116709113958003
7.3129683,5.990854841649791,5.321212459333332,2.15025090660882
7.380969,5.8843381146469484,5.292104439503908,2.1834115385213346
7.4145427,5.77747844586853,5.263046845530427,2.2161545256374775
7.447504,5.670208608063732,5.234046586382267,2.248369190702329
7.5133905,5.5625397994137264,5.205037590505799,2.2803390561505443
7.5464497,5.454356052756496,5.176003952311211,2.3120725067817696
7.5811124,5.3432794018944625,5.147202318794703,2.3406276797385974
7.68075,5.227243659074887,5.118455966521276,2.368870971153826
7.7136984,5.110596635469743,5.089695359436008,2.3962764486950143
7.782092,4.999628586453524,5.060768821856762,2.420439425477406
7.817166,4.886608795263986,5.03141621455462,2.443249588627706
7.848926,4.774189749179655,5.00146277515045,2.465424139242059
7.91295,4.660996688443438,4.970829192130453,2.4842346030043423
7.947633,4.550494603460761,4.939183530728163,2.5022660855402603
7.980686,4.443130799465102,4.906371492968305,2.519629488740906
8.050318,4.336493889123978,4.8723639911695855,2.532987747977761
8.080497,4.231861823487568,4.83695599072005,2.545415149283688
8.114144,4.125138352703325,4.799802980790145,2.5570267665875837
8.180182,4.024762554640129,4.761109292938839,2.5647863391008165
8.218424,3.9249993459030983,4.720755645608406,2.5716581775047453
8.247366,3.824153740299821,4.678724854655459,2.5776930300285406
8.3465,3.724774329078399,4.635277147935683,2.5778289232787284
8.380224,3.6243684964826937,4.590384600411327,2.5769958748930377
8.446943,3.525642518134362,4.543873415766127,2.5750289310720245
8.480024,3.429484471867498,4.49592228970378,2.5672917525213745
8.513325,3.334673631346665,4.446414707747612,2.5586174836713798
8.582301,3.2392228085514208,4.395780470337871,2.548698557820264
8.614597,3.1446158883158137,4.344105374159175,2.5376313007519906
8.647448,3.0520306414947154,4.291448805432118,2.5255683158635223
8.713959,2.96289948192206,4.237715044133653,2.512654696234307
8.7468405,2.8763868157033694,4.183194824128401,2.498349182233613
8.780515,2.7919991333933014,4.127962567611993,2.4830929689997103
8.857617,2.7032171376760195,4.0721310104751955,2.466686441717682
8.8847885,2.6175946105965653,4.015703217389656,2.449058610919597
8.918285,2.5317548815260333,3.9588501190771948,2.4305789182779423
9.018005,2.4460250810153754,3.9016784636013773,2.411341420640914
9.052702,2.362798698680998,3.8443623632993273,2.390879679842676
9.117147,2.2815394972423126,3.786897296860433,2.3694791457195787
9.149891,2.200564672701072,3.7296848577141484,2.3472882694291264
9.183729,2.1248307388827694,3.672686737881716,2.3240435170675675
9.256657,2.050144730205554,3.6162054040188907,2.300051083919309
9.284127,1.9763042529022692,3.5605053019724244,2.2753435221819647
9.315795,1.905511023231387,3.5055572366123013,2.2496703280284858
9.383521,1.8293325683489488,3.4514709067925695,2.2234881711538144
9.417908,1.7567131833781344,3.3984394662724675,2.1966956939247644
9.451174,1.6881491520331928,3.346275193228366,2.168972501582556
9.516835,1.620079241777413,3.295382696982709,2.1405583790500575
9.55002,1.5531698895335606,3.24573040332903,2.1116206820678514
9.583793,1.484498214985485,3.1971005004939332,2.081979056994659
9.684271,1.4194667125384046,3.149868351369787,2.051875486598174
9.716601,1.3611534682603343,3.1040153253621274,2.0212773582105705
9.784906,1.302976497549938,3.0596261257938115,1.9906932573807257
9.81809,1.2422225314851554,3.0168571008274103,1.9598065535677853
9.851091,1.1806800279792153,2.975675346752629,1.928291608279717
9.916313,1.1214004053525497,2.9360040115043615,1.8949123294406032
9.950252,1.0596484960673762,2.898074632169026,1.861482078302114
9.984529,1.0010031853229175,2.8620053450279546,1.8275390191933165
10.055192,0.9438435511392641,2.8278355975289036,1.7932263727392748
10.084183,0.8858447638859889,2.795717138488431,1.7588523865932293
10.11771,0.8313490320915942,2.765766151742656,1.7247991616335687
10.184253,0.7811975580597329,2.7377662284205884,1.6894478565903548
10.21833,0.7351231437536965,2.7120005051025857,1.6542760388799094
10.250926,0.6902711473586925,2.6883999366263263,1.6188807851872362
10.349579,0.6484842062079718,2.6669992642165457,1.5831705707747201
10.384282,0.606461065085552,2.647830486575462,1.5477043887764275
10.45611,0.5655476488661234,2.631023665070316,1.5124458906975713
10.484998,0.5209157925530867,2.6164738930507467,1.4761106262060653
10.516838,0.47997889297486634,2.6043982118627578,1.4402450890370322
10.585703,0.43847900643315774,2.5948681543923966,1.404377983741329
10.618368,0.40597562425620515,2.5878955133048653,1.3687806404178853
10.655975,0.37269238117039444,2.5834129789422318,1.3335502365108354
10.718315,0.34267102107959446,2.5816497043105704,1.298510057639242
10.751387,0.3126004571154581,2.5824773562662604,1.262519202383159
10.785592,0.28367910305764127,2.5857474319344798,1.229466528575336
10.850944,0.2584054838962913,2.591588402336268,1.1970300441425885
10.883062,0.23326603484236194,2.5998322978253836,1.165005635140791
10.916656,0.2132507446831513,2.6104557974235654,1.1336851674015789
11.017775,0.18868485499373455,2.623486025522881,1.1029487893725523
11.051616,0.16709722318390735,2.6388194500510345,1.0736974091733378
11.11788,0.1518541609313713,2.6566023956776377,1.0456068752772825
11.151686,0.13358063024121267,2.676748860631872,1.0180150251967852
11.184875,0.12257691646777243,2.6995953730193403,0.9908652897561953
11.257483,0.11225704964770705,2.72482551768206,0.9642486962587543
11.283178,0.09800830245852137,2.752348138326845,0.9382665289232395
11.317291,0.08461636790047898,2.782097100876368,0.914096307634612
11.384286,0.07056497115614281,2.8142052638530255,0.8909939434064085
11.4190645,0.05734834847750137,2.8485676289437003,0.8683722455437961
11.451021,0.044734301366880516,2.8851107777382476,0.8461207886434596
11.517066,0.03725055688669338,2.9237290919020396,0.8245595614903144
11.551109,0.028814234792099238,2.9644878944553663,0.8036590216035506
11.5839405,0.02259841789884295,3.0070001080671545,0.7844556849868205
11.683388,0.010774203275625553,3.0514601471416607,0.7657254200364464
11.717926,0.0051124466095720895,3.097641943970961,0.747208053236154
11.78418,0.0025761194164143643,3.145396799874284,0.7291926356222931
11.819167,0.0008157137977657253,3.1946604700619328,0.7117842253458186
11.851795,0.0,3.2454408147355696,0.694950408457116
11.916616,0.0006124798422644254,3.297458153184942,0.6808456074683508
11.950536,0.0004727334596275511,3.35088310747466,0.6671653748938497
11.984574,0.0015747349987425146,3.405706372665073,0.6538908186444378
12.051525,0.010441986583085745,3.4618452820376184,0.6411312774147432
12.083963,0.02271078402861851,3.51935694691704,0.6288583315081415
12.116839,0.03772086521616762,3.5782492679394093,0.6171165609572372
12.18411,0.051094081944146365,3.638416131896608,0.6059412978005281
12.218176,0.0701368724555255,3.699876529671815,0.5976407335812813
12.252528,0.09183822412345108,3.7625866462016786,0.5888154013320805
12.350415,0.1127936581914257,3.8265034529710125,0.5805905744212858
12.3851185,0.14397469177486438,3.891597029960413,0.5734742474281493
12.451919,0.17703035042092607,3.9578684395300745,0.5670195907821757
12.483954,0.2234548514381234,4.025176875706017,0.5611185219244618
12.516781,0.2694639765158682,4.09347439015628,0.5557271538344972
12.584896,0.3203025882590464,4.162694995339036,0.5496904300181611
12.618015,0.37183744115973055,4.232759995678555,0.544187158101665
12.651081,0.42773565707050853,4.303619390871616,0.5392375632473598
12.71647,0.4922317637072008,4.37534062155074,0.5348610948658435
12.749379,0.5596313233187631,4.447925205305472,0.5311498550139347
12.78477,0.6299626420104015,4.521458597696187,0.5286076487201941
12.855515,0.7020477371895445,4.595850852023832,0.5253789344345844
12.883324,0.7755079914256136,4.671071789190763,0.522629142800907
12.916034,0.8541946391544023,4.747051556527052,0.5202275013724414
13.019596,0.9343312252678295,4.823735986180208,0.5189408190497938
13.051573,1.0179932865011179,4.901075688616916,0.5180216324959236
13.116877,1.1033830201919652,4.979136921236288,0.5165083470060675
13.153085,1.1927083283741833,5.057770056490674,0.5151489992174905
13.184499,1.2861077123036702,5.1368624068788495,0.5144771887905302
13.251237,1.3826798245334322,5.216393343398989,0.5142732799476231
13.284598,1.4821692604494974,5.296232516869234,0.5147389096376301
13.317477,1.5863285274450922,5.376279567059591,0.5158643809998996
13.38439,1.6896616148332242,5.456468314938893,0.5181159303762736
13.419025,1.7974779649037504,5.536682366327503,0.5205732010279489
13.452162,1.9057071731681425,5.616891912082771,0.5234782904561329
13.516699,2.0161786614047155,5.696953348249318,0.5268155619910969
13.551415,2.1282916030314,5.776896774947411,0.5307157967883342
13.583942,2.2434515174614114,5.85657217948614,0.5350983801844954
13.683688,2.356011188667666,5.9357572715363,0.5399448817034715
13.71734,2.46943827490151,6.014391019099367,0.5452335194550456
13.784957,2.5844582178877054,6.092169951266864,0.5508672283339884
13.8188,2.7028402193581047,6.16900290923352,0.5565281701312167
13.856416,2.823031711173843,6.244696012872318,0.5625207809871241
13.916857,2.9397903559548677,6.319071559604681,0.5688180773329026
13.950403,3.058473729501562,6.392074502962093,0.575758033293655
13.9848,3.1787356784888794,6.463566550117701,0.5829885503244775
14.053403,3.3020169536799115,6.5334406589951195,0.5903395069996576
14.083751,3.425972575309424,6.60156686495576,0.5975203243770506
14.117936,3.5507549648031715,6.667685587663219,0.604926603103826
14.18483,3.67681167895881,6.731844168211486,0.6121549259522978
14.218645,3.8024550406843787,6.793865946619082,0.6217608669962313
14.256397,3.930178938403624,6.853649925671757,0.6312797205645768
14.350908,4.059037485978529,6.911119448567983,0.6404165473351051
14.385038,4.1900095973651705,6.966154361550424,0.6493326489535867
14.451409,4.320114556789239,7.018810667863668,0.6580781900022803
14.484332,4.448845946027312,7.069009780594704,0.6670322840048073
14.516554,4.57633546329425,7.116693525026314,0.6759576545591995
14.584536,4.704108148650479,7.161793617214202,0.6846708480871635
14.625075,4.836432312087393,7.20414047456461,0.69343643958844
14.6523695,4.967091991611696,7.243608404774942,0.7018382826387498
14.716285,5.095212612693457,7.280206850489763,0.7095319931868661
14.749851,5.226308826537055,7.313852568663157,0.7163457677487981
14.785698,5.355548935430002,7.344460901825194,0.7239318972708279
14.852188,5.48256457368374,7.372022830251882,0.7312670261069966
14.883815,5.609949638391522,7.396433606847334,0.7376024210600376
14.917376,5.737629846478345,7.417821957237031,0.7445632424331655
15.018765,5.868144719867165,7.436295790908651,0.7516317044677229
15.052376,5.9959508986823105,7.452032635276393,0.7579248371871377
15.118554,6.125625219619316,7.464940197899569,0.7645866476753431
15.150879,6.254445151582119,7.475279804804562,0.77077415009085
15.184329,6.3833278015309185,7.483109766665851,0.7764157918003087
15.252118,6.511099703717494,7.488555373553015,0.7832457053569297
15.284248,6.636174297757028,7.491805039506342,0.7896532636251922
15.317438,6.762656587873834,7.493275587593888,0.7952498240566046
15.385748,6.886043209338581,7.4928056037080895,0.8022066967249736
15.419303,7.004464521564631,7.490675412555907,0.8087096565270842
15.451697,7.123984325155805,7.486975321438935,0.8144411022834505
15.517368,7.2417396797611735,7.481624922023508,0.8217355451320847
15.551119,7.358776231597543,7.474719870257363,0.8288075678797046
15.5841675,7.472787190172058,7.466690938691615,0.8350220935266676
15.683988,7.5835911367019575,7.457580932270197,0.8432212024072813
15.717059,7.69154336164662,7.447571941284521,0.8514943502310071
15.785787,7.797456614076341,7.436458443991945,0.8600438468802989
15.818036,7.904575532903176,7.424334184514445,0.8686678314107722
15.855366,8.008004731758463,7.411291872578707,0.8770360480237298
15.917064,8.106694094401291,7.397402160995576,0.8864442116104829
15.950254,8.204889914447524,7.382655548857319,0.8959828947818831
15.985822,8.301956415978136,7.367143735309662,0.9055245930678287
16.05091,8.40156754481274,7.350819504961117,0.9149244895948404
16.08426,8.50327149916122,7.333748379987222,0.9243870822357477
16.118174,8.601203664701456,7.316079360180301,0.9337783742198522
16.184793,8.699735585939479,7.2976755127444255,0.9449485682588326
16.217823,8.795974828088799,7.2787399604370195,0.9558463009597509
16.25101,8.890583113566327,7.259394407141132,0.9661639392437703
16.351173,8.980188585376467,7.239474610404669,0.9760612555435287
16.384909,9.064620780008152,7.219203309211437,0.9856890025258899
16.453,9.145056392104104,7.198372938044315,0.9948772660726283
16.48475,9.227648017038684,7.176791805360276,1.0048154344253626
16.517185,9.306587880186381,7.154733140417292,1.0145509757670876
16.583948,9.382247831733917,7.132165054147073,1.0239675799609425
16.618578,9.45491439196442,7.1091015281166365,1.03294011717424
16.6523,9.522988820867804,7.08572411441015,1.0417655899661105
16.717857,9.586216801144944,7.061860923243761,1.0504023187425768
16.75033,9.647340847097903,7.037456065005935,1.0603992227338261
16.784672,9.70489775474419,7.012935603453094,1.0700101552213621
16.851667,9.75936807767531,6.988171336427302,1.079196711164331
16.884794,9.802576629024786,6.963272822515916,1.0879846468122438
16.917944,9.839492671263224,6.938292809060182,1.095784516811903
17.018467,9.872175607499148,6.913115422638932,1.1031058859251537
17.051714,9.902768376382447,6.887706324368508,1.1118460160503143
17.116627,9.92964509279424,6.862263458861505,1.1223291674510532
17.15089,9.953145752031874,6.8367142241989285,1.1323202954340803
17.18455,9.970036334840009,6.811011159660583,1.141911956113174
17.262167,9.97923193646739,6.78515380371907,1.1511968127137477
17.288837,9.994147945809152,6.759087758097887,1.160065983769659
17.321404,10.0,6.732664452642184,1.1705147207292947
17.389517,9.998290206128244,6.706126288524036,1.182553189225378
17.421135,9.993970855870597,6.679418556360122,1.1939530761303445
17.456785,9.982590683556653,6.652613675280962,1.2047491106456274
17.52101,9.964544329919631,6.625764529158847,1.2149114574761926
17.554865,9.945208997314351,6.598907363847787,1.2242904004233137
17.58886,9.923588163723949,6.571792072556463,1.235197133629556
17.688728,9.904657740278688,6.544634176604239,1.247728799591196
17.72113,9.879203645666854,6.517269363046226,1.259588665412423
17.789562,9.847278594990293,6.4896828959067605,1.2708806529125012
17.822363,9.80586408373773,6.461792290554784,1.2815706619270728
17.85705,9.759294999880122,6.433640632192562,1.291770783015904
17.921192,9.708089316368257,6.405057665948501,1.301721518442008
17.953907,9.65394014104945,6.376038259821514,1.3134680393714948
17.98711,9.597928433281835,6.346662394022556,1.323364416934044
18.05544,9.538416183291263,6.316802379056053,1.3323608041007686
18.087801,9.48169116864359,6.286594239777504,1.340981853296076
18.121426,9.41926150905217,6.256031368752329,1.3491830892572318
18.18841,9.355749633752396,6.225115069246125,1.3582059094588255
18.22112,9.287470208374772,6.193893064236507,1.364555878741182
18.255894,9.215733002116345,6.162288266162212,1.3701063708652137
18.355747,9.14219152627701,6.130282720236596,1.3752087715726433
18.388496,9.065395500970466,6.0977044129878,1.3797551208391827
18.457287,8.987369304516893,6.064680379488684,1.3839215794718398
18.495726,8.908549137182474,6.031215448257666,1.3898601605522676
18.522285,8.827256144256358,5.997393193777703,1.392505427791549
18.588373,8.741517339194527,5.963174312538664,1.3939025931459537
18.62323,8.65269402699905,5.928577633095103,1.394527392377057
18.655577,8.561325039309972,5.893539092354723,1.39478001752868
18.720654,8.47199790104518,5.858260283141341,1.3948943941970213
18.754333,8.376963476411571,5.822569887644377,1.3961515705920415
18.787407,8.280095135046052,5.786881516658209,1.3942175732310538
18.856058,8.188410661397528,5.751012212756497,1.3916954906794226
18.890553,8.095527720473948,5.714978812919874,1.3886401080370376
18.922165,7.999402099161803,5.678829524126267,1.3848479465448795
19.021805,7.904465016178986,5.642656747861991,1.3807282446761913
19.057281,7.809476548811923,5.606356683898475,1.3774803923815964
19.121641,7.715483218332976,5.570282967790963,1.3692308802970767
19.154741,7.622894677636605,5.534111849469775,1.360584344321974
19.188837,7.531740798729413,5.497755970343931,1.3516083857801027
19.256897,7.437808908285996,5.46124554974278,1.3422321339043184
19.287842,7.342761550656342,5.424569562651502,1.332658983755832
19.320452,7.245067537758063,5.387576173743968,1.3250765369682656
19.38777,7.147736765886591,5.3504162914133895,1.3169377825058222
19.4227,7.04885606119382,5.313068248826788,1.3073560582434183
19.456938,6.9510348338687376,5.275528748087326,1.2974945086877399
19.522968,6.856981632272773,5.2377962304052,1.2869537025431437
19.554775,6.760126830882032,5.199891384418767,1.275937210690024
19.588188,6.662944495152647,5.161664599086355,1.2668881139810808
19.68819,6.561985107475904,5.123225652334082,1.2571374375530797
19.720583,6.46443203443736,5.084696504779468,1.2471986900299619
19.787785,6.366085790829738,5.046003795276262,1.2371440146231243
19.82402,6.265298568082263,5.007172833454574,1.2270353911820642
19.86202,6.16457683080283,4.9681684818646685,1.2169337524582868
19.921547,6.059757630717783,4.928665547799512,1.2089573218522975
19.954224,5.954029047424309,4.888755142069962,1.2007641474492565
19.9877,5.851009148945371,4.848059007947321,1.1921401447614521
20.05522,5.749813420334114,4.806618571566734,1.183418863145271
20.0903,5.645680721572017,4.764350484614963,1.1746748575308092
20.12308,5.540140077041201,4.721298176203629,1.1660544286870784
20.189695,5.43668710951571,4.677417365499197,1.1573997871542496
20.221495,5.334017238946557,4.6327018826509025,1.1489638950163088
20.257114,5.228795404261295,4.586914517741296,1.1429495534310374
20.355934,5.1240952886553135,4.540000354170498,1.1376945751241294
20.388369,5.020220899040829,4.49200094056771,1.1326338004472565
20.456596,4.917498384898667,4.442862146119241,1.1280349402567644
20.493309,4.816102777595409,4.392558684808495,1.1240179520019207
20.521236,4.713847650796684,4.341022252375881,1.1203533961757415
20.588196,4.611769188617893,4.288322456344263,1.1169386500937197
20.621962,4.508256486463258,4.23442609337283,1.1142831638720267
20.656858,4.40381993911223,4.179355868529844,1.112225203389367
20.722101,4.301556458878048,4.123104546224315,1.1108863835299798
20.75447,4.200605582135346,4.0656321534874476,1.1103140551728703
20.788216,4.099118925766336,4.006917190731965,1.1104810209514253
20.85692,3.9975429336281505,3.94708102216474,1.1116880783696472
20.888788,3.8970860066593245,3.886176318689727,1.1136827537936058
20.92207,3.798304146677792,3.824445436857778,1.116439559023342
21.023174,3.69916847441785,3.7619195775832317,1.1201428775153799
21.056267,3.6006411690681146,3.6987174572767283,1.1247651534262628
21.122004,3.5060005685025435,3.6349678423761267,1.1300844104666614
21.154642,3.4060705719830477,3.5707166758520428,1.136682675379178
21.189491,3.3071038033812257,3.506034653318595,1.1443594143726297
21.256237,3.2116906385854946,3.4410474079070097,1.1531413171910316
21.2885,3.11781486952139,3.3759753942951995,1.1636130397066673
21.321148,3.0282659457449284,3.311100618859817,1.1751837818130493
21.388376,2.9388366022687484,3.246311861305651,1.1875542347244423
21.42273,2.8495169446046296,3.181885481055779,1.200000451687102
21.4576,2.7631482065283635,3.1180773243232216,1.2134811909707024
21.520996,2.676435917546435,3.054916491201935,1.2279340688259324
21.555008,2.5855722189628203,2.992628248955518,1.2439281717872206
21.588684,2.496784938584414,2.931252740965247,1.2611327131035628
21.689756,2.4130112963934867,2.8708013746837695,1.2792789353677216
21.720936,2.3325697020344216,2.8114130142058666,1.298507385046903
21.788923,2.2543309286630073,2.7531340560313127,1.3188829769348365
21.822304,2.172370586662819,2.696163010025959,1.3399008233898064
21.85659,2.0937498890012125,2.640661183319758,1.362026228552738
21.921652,2.01894317380991,2.5867058163178966,1.3851911390793565
21.95703,1.9401524127873162,2.5344050843412917,1.4090692557157198
21.988634,1.8669228102368232,2.483878822358542,1.4340846566584284
22.057487,1.7938328854018044,2.435266576058381,1.459926623899115
22.088755,1.718245012472595,2.3887316693838496,1.487391934442999
22.121368,1.6446590510805406,2.3443313356147013,1.5159273297258717
22.18893,1.5730148833032989,2.302167229388512,1.545161458632127
22.223051,1.5068650650438615,2.262102063795308,1.5750875886172184
22.256615,1.4407466160753746,2.224495066594397,1.606613751302571
22.354809,1.375798209657914,2.1893405223130724,1.639105925635593
22.38821,1.3118556753072932,2.1567165999499616,1.672139004406025
22.455742,1.2501302573025692,2.126658059929406,1.7058905402848796
22.488647,1.1895258490557914,2.099208690948825,1.74052667769636
22.522383,1.1290918838488035,2.074149062927988,1.7758451206069006
22.587833,1.0713390044052287,2.051762323986948,1.8117614636198545
22.622625,1.0205696841093383,2.031996467300727,1.8485014655490342
22.65681,0.9708919772511311,2.0149382570873384,1.8861795090436173
22.722101,0.9214620252628768,2.000612630112833,1.9252576340112655
22.754429,0.8739069890894301,1.9891693919196327,1.96508720883323
22.789778,0.8284077990355676,1.9803041400736119,2.006008239448242
22.859797,0.7865061179637531,1.9741452940236168,2.0482212390103305
22.895494,0.7452195512643728,1.9707365821973748,2.0912007711161866
22.922384,0.7110299743815961,1.9701031675624947,2.1350251754330434
23.022738,0.6795778844774273,1.9722615146535438,2.1795050762132226
23.056242,0.6557828371440652,1.9771723873557263,2.225155650915947
23.122986,0.634087562878597,1.984982331570072,2.2685951824339807
23.154833,0.6150094422957186,1.9954954276027574,2.3125602295536964
23.18886,0.6002074705952065,2.0086559585706243,2.357074299324379
23.255333,0.5846600499745741,2.024492237375413,2.4019589087052418
23.287718,0.5630989797859497,2.0431003770162897,2.447246327087973
23.32286,0.5509881610883459,2.0643429213650033,2.4929594171961003
23.38957,0.5344642218660184,2.088506450758004,2.534794253741913
23.423815,0.5202275921008107,2.1153159422615526,2.5769868718485625
23.455381,0.5033730034642583,2.1447684532968965,2.6199872647769262
23.521378,0.48978861970599685,2.1768804125407217,2.6632815671186707
23.556107,0.48189892360991454,2.2115702834986517,2.706841319538341
23.58858,0.47647980175037247,2.2489170389371758,2.7511787029496584
23.69073,0.4733390174881881,2.2890690337199104,2.7931107376678264
23.730566,0.4709596232038688,2.331810166294003,2.8351688637379553
23.789726,0.4746152471999566,2.3771555363859256,2.8773179668260798
23.823656,0.47592069459668557,2.4250058576082005,2.9195959648664105
23.856955,0.48311045964703453,2.4752912986273303,2.9619030570309723
23.924152,0.4919557403698141,2.5280447162420856,3.0042677199939947
23.956827,0.5004285604411929,2.5834649670158645,3.0419137270674153
23.99101,0.5139794483181137,2.641161964040878,3.079630336163577
24.05747,0.5315531905630112,2.7010400833145995,3.1173847097732117
24.090717,0.5540771656507737,2.76301090869955,3.1551438127719194
24.12342,0.5799393909881151,2.8269173501122724,3.193497673548896
24.190088,0.6091157802681125,2.8928103031954433,3.2318711590086835
24.2248,0.6429445752095257,2.960813336193601,3.265425342225577
24.257027,0.6778544169379759,3.0305751752012813,3.297840271712713
24.356897,0.7161225516182551,3.1020257302109577,3.3301070532938875
24.389753,0.7597154332448423,3.1751467158443725,3.3620500376042233
24.457954,0.8099372992516872,3.2500103945704946,3.3933739707081396
24.490993,0.8587406623337143,3.3265669627760768,3.424534965349391
24.523838,0.914937241336869,3.4048547393298536,3.450489767945999
24.591576,0.9757279279632391,3.4846973516895847,3.4747448149837523
24.624182,1.0392439886718654,3.5659830642136123,3.4983929541360483
24.65777,1.1086759178927574,3.6486650017469553,3.521615991925049
24.724665,1.1817061933567676,3.732627253361942,3.5444487359109385
24.757145,1.2536413937825304,3.8176684137093644,3.5692680360183253
24.791645,1.3278078349658635,3.904094629187641,3.588831142206178
24.858662,1.4008753680442794,3.9915132528913584,3.6062819946772353
24.890343,1.4814150380441002,4.0798314434613445,3.622829368858049
24.923239,1.565181388202157,4.169018880361347,3.638240138874405
25.024675,1.653769175087901,4.259124483777162,3.652372093369271
25.059425,1.7474801061292962,4.349948734488524,3.6674241030518875
25.12284,1.8478777978621428,4.441549506640633,3.6808326500838553
25.156855,1.94660653835823,4.533828915090661,3.692152998321841
25.189295,2.0454000290389023,4.626676022411451,3.702585754568284
25.258831,2.1472954056386877,4.720090223974296,3.712107492005679
25.290426,2.2491063273222633,4.813983881681734,3.7198214497701074
25.324575,2.3545597915586534,4.9081643365035905,3.7259291648257653
25.389872,2.459666770080243,5.002574206920468,3.727863296359691
25.426048,2.5683739964859207,5.097122649018796,3.729451645307508
25.457626,2.6787164371652037,5.191641113520763,3.7296392374016514
25.524458,2.790611015643882,5.286128156899759,3.7281981821071044
25.558554,2.904017328552019,5.3804176911593435,3.7253219933588877
25.591127,3.0177690906159262,5.474420829665745,3.721121632530935
25.698944,3.1335957371060092,5.568119217848434,3.7106861786471645
25.726448,3.2540623358563563,5.66122254171252,3.7000787110640854
25.792746,3.375488695439242,5.753579202984626,3.6888304108880696
25.826202,3.4980834284944584,5.845031137131274,3.6765926462902296
25.859825,3.621843962057336,5.935498042463431,3.6628135939738304
25.92809,3.7443065294779214,6.024680361530999,3.6474633438442705
25.964895,3.872256682693076,6.112602428610598,3.62701069300936
25.9914,4.001398653181359,6.198766045900052,3.6065035518617488
26.059679,4.129640969010724,6.283168991001598,3.58473291554818
26.09303,4.255823286400026,6.365634547774278,3.561711368971867
26.123905,4.382858906756372,6.446071036824152,3.5380007646988405
26.192957,4.510302152328526,6.524381976854346,3.5129881809852472
26.225937,4.638356369752859,6.600445282927296,3.484136245434319
26.263597,4.767526576871322,6.673945493658459,3.4564964440250345
26.357365,4.893621242248701,6.744941544060927,3.427783178250504
26.393559,5.020140549758566,6.813421860144349,3.398245190827134
26.461464,5.149025769237507,6.879278226675359,3.367726756026132
26.496716,5.273294216503512,6.942398266465819,3.3366768223696215
26.52757,5.398522619954255,7.002954216518293,3.300430948103678
26.594042,5.5213723771534,7.060733877022738,3.2636381587465806
26.627228,5.650510894436172,7.115638369713008,3.226274239699812
26.662592,5.77743418155067,7.167564776503044,3.187911213074759
26.731045,5.902625237204319,7.216536020348971,3.1496420675940486
26.760286,6.0259217338770625,7.2624310758995065,3.1108255452176796
26.793146,6.148303838417409,7.305483567729018,3.0670355404956755
26.859835,6.269289999426287,7.345488357899027,3.0232221033715896
26.893675,6.387573100744114,7.382325828182839,2.9788525876574314
26.932364,6.503694824247853,7.416097453441642,2.9341263433184634
27.028204,6.628977165146488,7.446767567152077,2.889086512918745
27.061228,6.752856430354293,7.474155986121173,2.8449984321580897
27.130333,6.875498204237675,7.4987559442559295,2.7961195090052877
27.16218,6.99654628294134,7.52036193242724,2.7467911112202636
27.19343,7.1107480329172725,7.539254915496711,2.697367457109106
27.260818,7.2233205686476945,7.555424681067068,2.647908550920725
27.294647,7.335970182673747,7.56890467007595,2.598473900564966
27.327782,7.4462574627652645,7.57960459250955,2.5503446362469213
27.393011,7.55394386686418,7.58777463373877,2.5019170279151868
27.427135,7.659045317802166,7.593267654644186,2.4535324280259525
27.461311,7.764896107375621,7.596311092231538,2.4040816345920097
27.5299,7.868778793532814,7.597026296234437,2.354294245851847
27.559734,7.973417594497424,7.595471559289779,2.3046305195605448
27.59259,8.072635923067317,7.591567499827838,2.257269028276669
27.695076,8.167920383022325,7.585440010601915,2.209250055727053
27.728237,8.259415386297311,7.57732935221545,2.161025454724133
27.79426,8.35262082796804,7.567225383978953,2.1128892702509576
27.828058,8.444809776454909,7.555264274006598,2.064694086459426
27.861944,8.535169216591356,7.5415127913097315,2.0166398906113967
27.929596,8.622098511485245,7.525963924722863,1.9700837681399264
27.958813,8.706105213083987,7.508742752646532,1.9233042965644132
27.99298,8.791109545902422,7.489974151835498,1.876798538476991
28.060825,8.879311851332929,7.46978310715378,1.8303372784216267
28.095549,8.964522905303648,7.448208983247443,1.7842392506000697
28.126314,9.048756329836042,7.425266284385453,1.738380622422939
28.199615,9.131232718428492,7.4010399523625825,1.6939486716366687
28.234299,9.209122245891008,7.375605196053477,1.6497198343056216
28.26836,9.284090000370009,7.349125629391421,1.6065962523780961
28.370796,9.357854498960101,7.321741038272279,1.5637899999593392
28.39912,9.427913237294446,7.293568582369299,1.521537628912917
28.465174,9.494675453839738,7.264700018234803,1.4799547573097385
28.501202,9.558898177228263,7.235086866873536,1.4396981707401086
28.534157,9.613938482728887,7.20463280837596,1.4000496305684236
28.598982,9.66726383051821,7.173503079845818,1.3614258658527512
28.632423,9.717310109023996,7.141716585861366,1.3234796276750154
28.665443,9.7608948825447,7.109156622559184,1.2859255054543237
28.738512,9.804761126260939,7.075992073326702,1.2493746688368426
28.766586,9.843541173924581,7.0420483478897316,1.212481204720173
28.800367,9.876563631854866,7.007298087727337,1.1762498349621757
28.865696,9.901715128428682,6.97203157998667,1.1415341582355898
28.900011,9.922732521574673,6.936131303389559,1.1079928071079341
28.934822,9.93866920936141,6.899682530898213,1.0754381907262145
29.044788,9.951288409703434,6.862814295053134,1.0439101507711668
29.078794,9.956033527571401,6.825382743513066,1.013584006556122
29.14549,9.955707215771515,6.787415892001213,0.9842200738778218
29.17963,9.952652584876683,6.748921562838664,0.9566208776518985
29.214157,9.944801598337495,6.70996624420992,0.9302566056444191
29.27924,9.932243291086793,6.670497921703148,0.9050634756368535
29.31111,9.91681302173416,6.630517193138543,0.8811507670872917
29.344894,9.897619723902105,6.59004122251649,0.8584885118229025
29.417171,9.874791905078,6.5490512169249335,0.8370813441183178
29.442766,9.844695618135786,6.507670789073479,0.8176839416179396
29.477003,9.813532086020501,6.465791515049241,0.7993066105290012
29.544565,9.780117266084787,6.423499846532913,0.7821307559662456
29.5791,9.739457915733944,6.380780854144196,0.766830443384292
29.611954,9.693317935915214,6.337700520991094,0.7527020165529232
29.711512,9.645052396707351,6.294320104731801,0.7398008372911401
29.745506,9.594503993933204,6.250903955402345,0.7284732086015897
29.812262,9.537861493570476,6.20724552825373,0.7180531481740536
29.843533,9.477587675024584,6.163377733270909,0.7088801822637536
29.877785,9.412624873177277,6.119240901595474,0.7030477534867831
29.945848,9.346084825322514,6.074957811037066,0.697757499863474
29.981014,9.277346038540804,6.030475916942327,0.6932548211170864
30.077478,9.2066284424223,5.985969883393809,0.6900479736925181
30.110994,9.134076246410746,5.941381595722668,0.6873123431498765
30.146166,9.062481175349063,5.896640082696972,0.6850725822481907
30.21647,8.989217922363789,5.851817682463106,0.6831576712940516
30.245453,8.912729213374828,5.806841185766205,0.681805989591073
30.27758,8.83166080722936,5.761780675978051,0.6806932781040836
30.379034,8.744700928107445,5.716553482942432,0.6821801056892255
30.412176,8.65709651110907,5.671263928894208,0.6843091436025399
30.477137,8.5642975250316,5.626033501877177,0.6865807905035789
30.511736,8.472746447207788,5.580757952023631,0.6917157750799089
30.545185,8.382248414284083,5.535382574533713,0.6970570366637253
30.619701,8.285082435848839,5.489992157309218,0.702441831913842
30.645641,8.18935080537436,5.4444349181711065,0.7107054487963482
30.679714,8.09442535679757,5.398815808761416,0.7193862941559425
30.748823,8.001178975711047,5.35307796259603,0.7280959852034964
30.782705,7.909569063712041,5.307175842612548,0.7370020000691491
30.81581,7.814664465059477,5.261104377299062,0.7458919627632759
30.879156,7.723813481401997,5.214742834973733,0.7545956189633405
30.912886,7.627252283049137,5.168002524354934,0.765333497627384
30.946762,7.53119934395211,5.120978660809299,0.7763557234891055
31.049866,7.432030974165103,5.0735896910349805,0.787626659314922
31.079237,7.334705656876441,5.025821937164424,0.8012951359151609
31.147688,7.235109960373679,4.9777060432278795,0.8145806833156066
31.180916,7.1374674392216475,4.929187059097096,0.8276086726243813
31.213943,7.0414671073661355,4.880128253746923,0.8468522021359381
31.279902,6.944732189694963,4.830581601121196,0.8656694316796824
31.313334,6.846500735481,4.780590362069293,0.8842604373761265
31.3457,6.748812187493635,4.730019300640874,0.9043389091929924
31.414238,6.653461449644017,4.678966606810542,0.9236138727579368
31.445932,6.556133716031283,4.627382741240763,0.9423233577968919
31.480673,6.457613468168998,4.575060658608692,0.9668783312333693
31.547955,6.362152217516529,4.522323733568108,0.9908319518733606
31.581394,6.2668745825445376,4.469067792118496,1.0138458048413526
31.61453,6.1734714715321894,4.415240500747435,1.0380113028492801
31.71229,6.07949647277977,4.360803835543255,1.0619008489612167
31.746817,5.983189673078306,4.3056597251140705,1.084754729845552
31.815184,5.886551913444199,4.249855984328372,1.1096816211417684
31.84769,5.790473135117494,4.19340897876206,1.1343733767989366
31.880264,5.691104756283869,4.1362967490493725,1.1589055475371046
31.947567,5.590083950441623,4.078329210714001,1.184076597857229
31.982525,5.4922529869798815,4.019548981114557,1.2085493413559918
32.0153,5.39382480085323,3.960060233299269,1.2278240579782727
32.082085,5.295080869704495,3.899423060112227,1.2508248243040272
32.11268,5.200822619460555,3.8379249490103504,1.2731010948955988
32.14683,5.1023987091823715,3.775565586308016,1.294470432296536
32.214558,5.004376764094515,3.712188518054238,1.3172830358078407
32.246803,4.90680964112097,3.6477892477687703,1.339628949565805
32.278755,4.808731260224264,3.58249040289447,1.356857840665238
32.381115,4.7082737435498325,3.516075810065163,1.3733355609063205
32.413574,4.611460470282479,3.4486206848490704,1.3886602624896016
32.481213,4.513133269894517,3.379938710061223,1.4026100379450175
32.511936,4.415489142332611,3.3099967021442995,1.4154353615076163
32.545837,4.317655381904677,3.238737851971163,1.4278131385855128
32.615143,4.2193280552632215,3.1662932611822163,1.4393428961320591
32.64774,4.122398578626292,3.0926377103933027,1.4513549535351715
32.680996,4.027461023774442,3.017745765481246,1.4624297188710054
32.74568,3.933156656860566,2.941703522786795,1.4725778376743563
32.78135,3.8392624524404555,2.8644819234870997,1.4820823926809128
32.815277,3.749332186338166,2.786145399116677,1.4908112195777217
32.880363,3.6604757746223724,2.7066939995067387,1.4983544334437588
32.9127,3.5712773787923857,2.6260855490274695,1.507621598236385
32.94761,3.48007904725,2.5444377205025344,1.5165019251723686
33.047207,3.38983305802135,2.461887253453586,1.5244268377915475
33.08057,3.3022729445713126,2.378541627822626,1.5317043365913114
33.147587,3.215623242311345,2.2944318835111432,1.538528610680854
33.18181,3.130044771900442,2.209729709023164,1.5445592272781619
33.21429,3.0448000898120124,2.12449461953259,1.552050494778217
33.280552,2.961367444457399,2.0390065004811264,1.55927108681118
33.31334,2.878931649347897,1.9532580204542196,1.5662881327267675
33.348644,2.797672840616061,1.8676651769507107,1.5730931757663094
33.415836,2.71688724120872,1.7823122192197869,1.5782883897992952
33.44835,2.6296650790497003,1.6971767225782746,1.583229530308733
33.48285,2.5441297573393933,1.6126216180068973,1.5893708523434102
33.548206,2.4615406110522335,1.5288350443309933,1.5955461016067796
33.58256,2.381890141916195,1.4459560204618664,1.6020839204696018
33.614975,2.3056124959581283,1.3641603198549819,1.6085583127977805
33.719894,2.224116485015593,1.2836133271760808,1.6144740554187318
33.750336,2.1502550791832675,1.2044876480100586,1.6200176546855463
33.818665,2.0793627996654536,1.1268080028499645,1.627860074833599
33.852478,2.0100558852917323,1.0507620424179032,1.6360655440319043
33.883724,1.9366259716688579,0.9764834530248554,1.6444069018179959
33.94996,1.8625928051508196,0.9042539619566456,1.653627155745588
33.98369,1.7927117686042562,0.8341038645353737,1.6617687700272967
34.01975,1.7232605283810138,0.7663108417027296,1.67037078350625
34.08394,1.6581872527314492,0.7008413158034889,1.6816864004065213
34.116875,1.596080706331154,0.6377967623365259,1.6938931708135603
34.151875,1.5334160304975384,0.5772785519454388,1.7071506700004413
34.222805,1.4727010120672832,0.5193206412800151,1.720955413408443
34.25313,1.404676922987068,0.4639834889735706,1.7342593207054198
34.285686,1.3422902763405562,0.4117213199236039,1.745599179950224
34.3861,1.278098165795947,0.3622108719905996,1.7599161192466346
34.42019,1.2180169848536384,0.3155924350914406,1.7756850479516928
34.48375,1.165026289370552,0.27186459249666173,1.7922642342708803
34.515434,1.1145851568088323,0.23107492583062633,1.8096343342226526
34.551235,1.0681511784016744,0.1933226501910219,1.8286756761471568
34.617287,1.0243505288165566,0.1589312588991713,1.8457333851903583
34.651546,0.9805287900479467,0.12769503607032362,1.8636210720428936
34.685352,0.9424041852750912,0.09977217521353623,1.8821921220102522
34.750282,0.9077697800426783,0.07519859110892313,1.9013637741521916
34.785763,0.8730661877130067,0.05399021442603238,1.9211992544471002
34.817963,0.8416968270052952,0.03610829055732844,1.9427170832180012
34.886795,0.8116320742111716,0.021865734554542833,1.9599910562446652
34.917057,0.7876573947021099,0.011161410883012717,1.9783982855416893
34.950882,0.7671861072007228,0.003951510766305092,1.9978155492936505
35.05545,0.7492312579113586,0.00020936383818718975,2.017760409804421
35.084297,0.7326825405022909,0.0,2.0382354390567445
35.14956,0.7219222191795064,0.0032227691533818124,2.0609885647375505
35.186268,0.7120513161547056,0.010230208339139641,2.0813740643474903
35.21955,0.7040240460641337,0.020921268100204525,2.102645577611923
35.28443,0.6959800533901889,0.035277825292525655,2.124269956779403
35.31718,0.6846347865574567,0.053266709585995824,2.1461898236533488
35.35128,0.6790311369483498,0.07492128554181936,2.1684202052281067
35.420326,0.673427892519167,0.10017283936768227,2.191653578691376
35.4502,0.6664747465090307,0.12909530314465267,2.213281293776965
35.48391,0.6651456025400002,0.1616428092963524,2.2357940002116545
35.549946,0.6659225114514012,0.1977022783127505,2.258426496827075
35.584595,0.6698270460617062,0.2372342604279821,2.281374407547435
35.61861,0.6780070513820821,0.2800916507531868,2.304584474318307
35.717453,0.6889139749367627,0.32617847093277436,2.3282690366009717
35.75106,0.7023493878531825,0.37551063069961366,2.3503672917731206
35.81724,0.7200219698180527,0.42813450822054716,2.3728181305782954
35.849964,0.7414016424659268,0.4840109611555625,2.395955526552625
35.884468,0.7661263212078361,0.5430733196845197,2.4194237043256774
35.95055,0.789689607020899,0.6052866311025601,2.4438557291624057
35.98543,0.813669423905008,0.6707946195270014,2.4685724574959274
36.018585,0.841983006935095,0.7394168761018006,2.4958451528921257
36.08692,0.875285443539888,0.8112014211505184,2.524163354020823
36.116566,0.916972016035321,0.8858083886849195,2.5524723317105216
36.14938,0.9593290775971682,0.963350568917768,2.580953820765245
36.219692,1.005009481250554,1.0437946256184192,2.6098160125152963
36.25215,1.0525480111329049,1.1268338048679643,2.6394680794410004
36.28287,1.104276509216806,1.2126979542024237,2.6691621748320484
36.38579,1.1590915205538155,1.3013047681505399,2.6997345284006613
36.41782,1.2185425445765088,1.3926829381303092,2.730671204126139
36.488,1.2754473286057182,1.4866987614010045,2.761804672467229
36.51674,1.341703698978624,1.5833602533585156,2.7932689742149504
36.551987,1.412341995961969,1.6827108209298827,2.824501359614985
36.618256,1.4842654697516129,1.7846208258652714,2.8546798815298735
36.65076,1.5568384791631864,1.889013103792977,2.8852521648533656
36.686104,1.6294803762536931,1.9958907486388668,2.9156278930649338
36.749992,1.7041831683823208,2.105107809375757,2.9461785413311854
36.78394,1.779460379674548,2.2165463494895956,2.9770180200514877
36.818954,1.861322480303396,2.330197920163611,3.0073605510900947
36.88601,1.947800465846452,2.4458745671997755,3.0379316239849703
36.917126,2.0364163351929863,2.563456405138169,3.068308876251103
36.94991,2.124305250228944,2.682500759256818,3.0990126069828845
37.056877,2.2170712937812316,2.803095295443805,3.130404703938996
37.08395,2.3139150790425442,2.9251504202115495,3.1617630198851936
37.150017,2.412534225403038,3.0486065620323104,3.188259191001399
37.186485,2.5117616845669155,3.1732158149256655,3.214835430958093
37.21685,2.6097168718620956,3.298753612158768,3.2414662577938196
37.284702,2.712336135448324,3.4250687473616397,3.267483921342871
37.315956,2.8177780782536814,3.5519343306078244,3.293320528098704
37.34983,2.9251790559233504,3.6792194793914446,3.3191601508182678
37.41977,3.030613603345118,3.8067527533853163,3.345113347008043
37.451756,3.136507727690053,3.93439678922678,3.3709418958671185
37.484665,3.2436921988217318,4.061984629993928,3.3966179731980928
37.5501,3.3563488509068655,4.189376336177869,3.421471496704945
37.584175,3.46684980527397,4.316402178587347,3.4459322504859324
37.61827,3.580948294712544,4.442830745408581,3.4707318130836926
37.7168,3.6960804469297415,4.5686191038355,3.4904144795362444
37.7503,3.811886611563117,4.693556249262582,3.5087435317579843
37.818993,3.926884103288695,4.817434571003863,3.5269417006161814
37.854202,4.042715127724358,4.940120331610811,3.5440200389563863
37.884094,4.159263916701449,5.061451384394352,3.5607032807947547
37.950035,4.2771895476950785,5.181309237181095,3.5771011355834066
37.98476,4.390900100619678,5.299640054164539,3.5931300071739285
38.01914,4.507151807965247,5.416189310504035,3.6093925270487492
38.0832,4.621749279843061,5.530978653076656,3.6253805223783258
38.11691,4.737682746057216,5.643949281170132,3.640566816905346
38.150055,4.852904774062127,5.754887300574929,3.6553128562360624
38.21728,4.969219356120414,5.863668340661717,3.669585018458951
38.25206,5.084092371978322,5.97038608963753,3.6784829348566745
38.283707,5.200141860224335,6.074858980272224,3.6874269772019614
38.38534,5.314867669327499,6.177021451709605,3.6956585220565614
38.419758,5.429422894869908,6.276767683950028,3.6972748084936575
38.483967,5.54492742752812,6.374057894206936,3.698661631754891
38.51726,5.661229475382765,6.468812007448621,3.6991249685989214
38.549892,5.776960904752208,6.56111835217645,3.6954138452759024
38.61913,5.891147511851236,6.6508286491659,3.6910035328444386
38.65193,6.007508874926124,6.737856908947022,3.6858779626196445
38.684525,6.12186072964372,6.822337199651298,3.6738418771888983
38.750504,6.238092732983426,6.903954561393356,3.660805974831211
38.786404,6.351869552823316,6.98276851264715,3.647509491279164
38.817585,6.459497606965919,7.058814388540464,3.6315336866453407
38.88398,6.57035695070848,7.1318444927433875,3.6141009955955083
38.91583,6.679875338464412,7.2018411342739235,3.5952902605588073
38.9514,6.78804044896107,7.2688164253360625,3.5749206585674034
39.05134,6.894508919200329,7.332702977298852,3.5532658965772823
39.08516,7.000614948632029,7.393478381061019,3.53030217900057
39.150642,7.106549839611951,7.451353331635284,3.504301109142849
39.18579,7.20686508250695,7.506211869523354,3.4766012330901885
39.223625,7.306205854978441,7.557979304157893,3.4495800084455195
39.287334,7.404736910509037,7.607042361369479,3.417140504266038
39.318398,7.499378302749802,7.653070144676685,3.383510352552239
39.35212,7.592933163441651,7.696127431285214,3.3491409844139266
39.420135,7.683786159794881,7.736417832013053,3.309378700275461
39.45964,7.774581399269005,7.773808330406983,3.2684970329401555
39.48632,7.86284543518934,7.808258155166963,3.2289850695964297
39.553158,7.950573643206596,7.839947501978966,3.1887524117892703
39.586006,8.036560587424406,7.868795157833828,3.1478491847439174
39.62069,8.122306993647756,7.895158131322479,3.1063430685895956
39.720753,8.205221444635605,7.919007994841759,3.0639700542356882
39.752625,8.283704213697359,7.940370574144955,3.021042279754639
39.821625,8.35956080370726,7.959371935098979,2.9778428576726146
39.854267,8.43717034324732,7.975891577276863,2.9342595010468964
39.886772,8.514042280435403,7.990138793148574,2.890537055640524
39.952965,8.587486052771828,8.002234028028594,2.846782634869999
39.98519,8.6626352516208,8.012095640872634,2.802690512144551
40.019203,8.730886504759496,8.019866972675121,2.758504588008146
40.08797,8.800712489690994,8.025768485399212,2.7142844546889227
40.1188,8.872447763163484,8.029737188787085,2.669895986547753
40.152775,8.939364214532304,8.031898181029181,2.6254515390280417
40.221725,9.00621799240148,8.03214701905418,2.5829278453730042
40.25447,9.068356669454019,8.030678918151317,2.539923215238237
40.285194,9.127465391186336,8.027680677796445,2.496842290366581
40.386658,9.177877951433517,8.023055683761186,2.4550352355867195
40.420937,9.225980154381794,8.017018290029986,2.4131683809346858
40.487267,9.26912511473067,8.009651070283399,2.3713482591216604
40.519318,9.310895188194193,8.001092182769815,2.3304989453096807
40.553326,9.3451758069024,7.991214556349102,2.289484159878506
40.621933,9.374332692974718,7.98013980760293,2.2506144095708915
40.654934,9.408924381992223,7.967950229429314,2.2135406284032393
40.686943,9.436896734110682,7.954672031437054,2.176330512314903
40.752098,9.457810281257524,7.940355360186098,2.138565095672742
40.79081,9.47472748933832,7.924978671964176,2.101595032076013
40.8202,9.484232996960987,7.908519218961629,2.0644154203285634
40.886955,9.492397265494924,7.891071875663454,2.0289805155027043
40.918896,9.494817321793201,7.872588696546392,1.9953447706214156
40.95366,9.490113269440345,7.853246108510478,1.961520416349517
41.05445,9.485191369228872,7.833064985730799,1.9269595680089326
41.088924,9.477672749816461,7.812156908674411,1.8933145968618021
41.153164,9.467525883528577,7.7904200180093,1.8591027466405734
41.186474,9.44882992356149,7.767954932950867,1.8265053350698113
41.220543,9.42902606984776,7.744680369135215,1.79468226270018
41.28612,9.40212716816505,7.720573463353807,1.7623703127024846
41.32011,9.371158836510842,7.6957997000282,1.7293953821882113
41.35255,9.338583920451825,7.670360616734732,1.6947338047658531
41.42244,9.302937352431357,7.644259804880944,1.6599862215139023
41.455555,9.266962788521052,7.617583148517286,1.6273712054773704
41.49115,9.224059954984938,7.590135032695158,1.5949381517232935
41.554386,9.182288498570967,7.562069451940788,1.5625389823680507
41.588634,9.137414865475394,7.533493384814829,1.5300421320840174
41.62286,9.08685826558403,7.504420108082576,1.497844931610695
41.722366,9.033581005986566,7.474887839493537,1.4659479620871458
41.75391,8.975920663898268,7.444943023520991,1.4324254256098619
41.8232,8.915384970522608,7.414423202235329,1.4005985339667222
41.856293,8.854348762264543,7.38336310401041,1.3688580818872826
41.88919,8.786615507613794,7.3518746154854835,1.3376309204198604
41.954662,8.714542779045285,7.319880282301677,1.3069114360740242
41.988735,8.643996865649882,7.287377152123013,1.2764442381077803
42.02298,8.568198406571977,7.2544865450226945,1.2439916808245073
42.09149,8.493728267047663,7.22103251649666,1.2146088594030873
42.121513,8.416426063384531,7.187108322508513,1.1856360390098695
42.155342,8.338315827091284,7.15270992020767,1.1592604567784162
42.22267,8.25818000743832,7.117861573781433,1.1333445098976513
42.25566,8.173939411880895,7.082646218573308,1.1077857957183561
42.287796,8.088629719322396,7.047223360253907,1.0814318983526352
42.38738,8.002993331991904,7.011340834266826,1.0568554837158848
42.422318,7.916765459228121,6.9750409117809475,1.0323256112664194
42.48901,7.830587446517927,6.938284167705246,1.0100293484978324
42.521057,7.746731265960185,6.901184513949246,0.9881678097906922
42.55546,7.660142493273288,6.863702641809699,0.9665277683597521
42.622627,7.573061102010543,6.825975120874467,0.9460965343187375
42.657948,7.491395866581336,6.787906672955215,0.9270839078519972
42.692726,7.405310166440104,6.749562974057414,0.9081509234316144
42.75488,7.318478923257978,6.711035552133243,0.8907098079648675
42.78872,7.233182041208041,6.672277555668697,0.8735133779854636
42.823994,7.147633255439462,6.633399601295963,0.8569721900908923
42.88823,7.0591568168296845,6.594491487653659,0.8418174920817514
42.92006,6.968952274864177,6.555496472154045,0.8282235549775219
42.955105,6.879058767427492,6.516396542990785,0.8151464491691409
43.055214,6.78537709481459,6.477218050399081,0.8012632476476077
43.087326,6.69195161893014,6.437930902519397,0.7882608633982978
43.155384,6.603492123885521,6.398607463437909,0.7759514585069858
43.188484,6.513526413757996,6.358716521614368,0.763270493929732
43.221714,6.423582738026591,6.318736844026531,0.7506034551831384
43.290287,6.332485019634159,6.278611647522194,0.7383005356128186
43.325005,6.237780521988569,6.2384146672877545,0.7269902541359695
43.35746,6.1434689896472205,6.198107143841798,0.7168215829288141
43.427097,6.046005274235022,6.157631657632964,0.7077949108300068
43.457253,5.9491800190682715,6.117112344850111,0.6984482434109627
43.49269,5.852807322299225,6.076398962435162,0.6905677509513181
43.55807,5.75479315774543,6.035495386344899,0.6833291136424315
43.590073,5.654258402560159,5.994219536789366,0.6769760939679764
43.625256,5.558137399499647,5.952507473082048,0.6718224283654995
43.726036,5.456100788045393,5.91038305627172,0.6678403517872896
43.756874,5.353808914268123,5.867553084804525,0.6650829649232155
43.825523,5.253157600036689,5.823939351939194,0.6661494288069009
43.8599,5.15271934841523,5.7795694342126405,0.6682509177448748
43.893738,5.055572389939804,5.734240800128317,0.6714921586596448
43.95773,4.958958038114047,5.687950601627445,0.6757742335600633
43.99324,4.863581950762588,5.640674622746674,0.6809871280429891
44.025555,4.7629068932837795,5.592320362402681,0.6873846761225101
44.093628,4.663523303633146,5.542837491153661,0.6946671663679653
44.125458,4.564158700556048,5.492121046199686,0.7034030304043137
44.15929,4.465932256933145,5.44032946449647,0.7126995895876453
44.226795,4.367205491468051,5.387308358169149,0.722394167351115
44.260006,4.265887778857178,5.332955218828918,0.7328157656990716
44.297726,4.164880200583165,5.277221742253745,0.7457763456225207
44.391396,4.065832015060561,5.220116382018255,0.7596502464351873
44.424465,3.969076836192084,5.161751366153908,0.774435903502456
44.493538,3.871050412750577,5.102080181858078,0.7898178716595868
44.528046,3.770370515023659,5.041167222348595,0.8060380933475626
44.558876,3.6700311518047624,4.979052557952851,0.8230252193972292
44.626553,3.569844302918624,4.915799152595546,0.8401646411388056
44.659058,3.469713646712044,4.851483178979966,0.8576177645441158
44.69476,3.3734519157863656,4.786113644468672,0.8754048027127026
44.759754,3.277903725474392,4.719733197067706,0.8938093758726259
44.790676,3.1867562478333706,4.652429113915717,0.9126921540460122
44.825138,3.0956538417578625,4.5843235543501795,0.9316739946235929
44.894547,3.0002781051892584,4.515407671972865,0.9534202101480684
44.926804,2.9041969834365235,4.445845508593204,0.9778029105878077
44.95851,2.8096687370619424,4.37577482615424,1.0025393707639154
45.05996,2.719559320309382,4.305285034515149,1.0281770043347873
45.093708,2.6289063249481024,4.23450014038822,1.0540970484945738
45.158627,2.5389217752441042,4.163525038418135,1.0801469563960961
45.19151,2.4534982185881624,4.092364143942957,1.1063183598535473
45.226738,2.3686965060276446,4.021287541491199,1.1321682373082753
45.294773,2.2843987147540936,3.9503277731050477,1.1578554262074783
45.327145,2.200089287439455,3.8795658897837173,1.1833531004585736
45.358376,2.1181470651300573,3.809099489786016,1.208495293648129
45.432632,2.039063716060417,3.739187782576528,1.233242878057761
45.462997,1.9656164741842872,3.669652984833823,1.260069385157342
45.497925,1.8913160207415105,3.6006418716263595,1.2862805386201202
45.560787,1.8195881875217745,3.532223567194067,1.3126496083872397
45.595673,1.7500055017062304,3.464549823321905,1.3414991463773425
45.629135,1.6811450297626713,3.397729168616625,1.3697827808642626
45.732033,1.6133148627100833,3.3318186723229863,1.3981514476913242
45.762997,1.5478984953542319,3.2668819352963063,1.4265018790409913
45.83028,1.484778382900836,3.2029626253879457,1.4545946146679503
45.865154,1.4240007939838148,3.1402132131317306,1.482338634380436
45.898266,1.366532367707421,3.0785648046631717,1.5126244734949963
45.961876,1.306140419762111,3.0183367570872783,1.5427827573510637
45.994877,1.2477821020675808,2.9594971926897475,1.5722385613336365
46.029877,1.1951305952160118,2.9021571987067776,1.5981350846534785
46.098194,1.139584612163576,2.84651482380507,1.623967699797478
46.132816,1.0815391256299272,2.7927859555045957,1.6502193671872276
46.163666,1.0256536875979498,2.7408726267148498,1.6767479745435991
46.229263,0.9694665633453267,2.6909047173976934,1.7033266188413265
46.263294,0.9179527634828858,2.642970558168777,1.7294512854693609
46.298782,0.8671928294000683,2.597028448339265,1.7538289516859593
46.394913,0.8207409332267115,2.553220141943573,1.77861680687987
46.429028,0.7774331931726424,2.5115985670936323,1.8036810549751845
46.49654,0.7337081639744439,2.472122255289215,1.830429388641197
46.53399,0.6953818905296686,2.435006127040098,1.8576617458502822
46.5632,0.6596256085500249,2.4002476517151115,1.884631164253125
46.63142,0.6261558397950744,2.367846816737332,1.9135819581996354
46.69917,0.590178298926972,2.3379164519225992,1.942638625330378
46.726467,0.5580554917727525,2.3104833319968634,1.9718193837109033
46.792324,0.5293222249928904,2.2855324877635224,2.0011524602162454
46.827152,0.5048606566191866,2.263194892909664,2.030676218845699
46.859905,0.4809595058869152,2.2433244670799874,2.060695382252438
46.926914,0.46141465368226575,2.2261173127142553,2.0910552670946245
46.95802,0.4451746411207696,2.21167620006203,2.1213251274816587
46.99293,0.4325541574991404,2.1997936505043327,2.1513220579087853
47.096508,0.4215278595980811,2.1908118065920585,2.181212426430625
47.125214,0.40866986988917664,2.1845636145576517,2.2108883897855476
47.191795,0.40343779734212476,2.181000370230698,2.240233881776825
47.226677,0.3963286637308483,2.180360542994301,2.268453082197415
47.261295,0.3926347291578289,2.1825615529768614,2.2964715439119336
47.33414,0.3887376590247187,2.187431885750815,2.3246547535537876
47.36135,0.3779669818667696,2.1951354021709544,2.352955478821015
47.394558,0.3713410461812923,2.2056652653142157,2.380987206079998
47.462112,0.3655670729398395,2.2193426674456105,2.4047349495419996
47.50048,0.36073272691774605,2.2358878184983624,2.428587742774641
47.5288,0.35473713409302216,2.2553144802544356,2.4521775352017987
47.594837,0.352835032619672,2.277789189051152,2.472992353181309
47.62992,0.35254379283299125,2.3031474837198926,2.493338094485605
47.662197,0.35647446970955976,2.331412000840131,2.5130472777549513
47.769135,0.359398016130773,2.362598586450219,2.530029524969328
47.80433,0.3661514111923867,2.396691364622122,2.5463987312956635
47.86936,0.37619239244417546,2.4336719009551633,2.561033628934284
47.903812,0.3801524027422102,2.4737125701225557,2.5709693410067676
47.936825,0.3868843812655331,2.5166082185280803,2.5797994348243054
48.004063,0.40124548700119794,2.562297352561524,2.588561049313965
48.03598,0.4173411120564807,2.6109024082716723,2.5943500456279174
48.070778,0.4366533966105968,2.6623206984423464,2.5993551124699446
48.137386,0.4595386419713645,2.7164537953330785,2.6024647654945876
48.172546,0.4822452864146331,2.7735181906539745,2.601045134480063
48.20257,0.5096754260743814,2.8332170370696037,2.5985912996159506
48.26999,0.5448410656643259,2.8954922312752664,2.595997042048288
48.304993,0.5799646417747519,2.960320235552471,2.590434927761034
48.337605,0.6192465763702413,3.0276140501464464,2.5839593362040807
48.435795,0.6583000104763906,3.09731997011522,2.5760851022155316
48.47099,0.6993168758767317,3.169410794469037,2.564756254206034
48.539055,0.7435788136111576,3.2439302324075174,2.5528040194487143
48.57012,0.7889888241473219,3.3207305256714346,2.539630760683477
48.613697,0.8367531185056588,3.399747500378978,2.5280021034247198
48.6737,0.8882423107837345,3.4810102490657777,2.5151051452161868
48.70769,0.9423718586451333,3.5643786475398267,2.5000493940473905
48.742813,1.000191243320487,3.649924948947158,2.486386807148363
48.807636,1.0589465182909898,3.7375897462482013,2.4720980277626534
48.84048,1.116321070995885,3.8271475076621946,2.4564266088818836
48.87327,1.1763021272984429,3.918561697250458,2.4397711370827193
48.941875,1.2400456374874402,4.011862936190012,2.4218890272022495
48.975006,1.30693101889242,4.106879466359234,2.4037862808007864
49.007378,1.3775811427478277,4.203595262159238,2.3846108095822016
49.107594,1.4495859756278642,4.302006385982379,2.364897269431617
49.141872,1.5248954616961523,4.401873675476322,2.3438141504494436
49.206863,1.6039694189628333,4.503306219704123,2.321621910193813
49.240402,1.6807989785424684,4.606146240646258,2.2987831893063655
49.273182,1.759974526106636,4.710212112935484,2.2763939804598827
49.341705,1.8418289157047405,4.8154806794388545,2.2529399329096815
49.37438,1.9225712211945947,4.921871465361128,2.22856801165276
49.407715,2.004390314549358,5.029318165513471,2.1986307149757685
49.47539,2.0864954156593343,5.137967394578041,2.167884418309021
49.50798,2.174211680207438,5.247455686263863,2.136411615918368
49.540604,2.261561754806217,5.357699874682891,2.1011264547219715
49.60705,2.3516306359768433,5.46865765676918,2.0649332101749724
49.639194,2.4436976450236996,5.580291679864657,2.0283671337347355
49.674088,2.5360358447148372,5.692728520236745,1.9875542423504728
49.782646,2.6263712123327463,5.80558940717732,1.9479090107180843
49.810963,2.7168770441322065,5.918970441262222,1.9080413045932116
49.875603,2.808184063725256,6.032736798610757,1.8649782575770537
49.909058,2.895768441742449,6.146793819433157,1.8213170476605645
49.943584,2.987024016210336,6.260978029501516,1.7771900026740575
50.012875,3.0786523684628584,6.3751017564772,1.730400965341082
50.043415,3.1713485384031825,6.48898359076803,1.6854263564129952
50.07559,3.26594323034502,6.602616971792594,1.6397988240683459
50.143547,3.361979954959079,6.715816514395601,1.591531289649956
50.178944,3.457730036882203,6.828549904576199,1.5427664992524077
50.21098,3.553472126063434,6.9407003830220235,1.4939890770563704
50.276043,3.6502364190157937,7.052047668269615,1.4474055778584223
50.309937,3.7457709904732686,7.16246852120577,1.4005519278521446
50.344036,3.84090647908296,7.271837241157152,1.3535026712508806
50.4437,3.935710665877024,7.380241548055217,1.3091458727647323
50.477608,4.030133825815133,7.48722840792327,1.264791253404605
50.545795,4.124236780224667,7.592676051771794,1.2207906577094245
50.578392,4.222060765556484,7.696536589829545,1.1769537972846964
50.612534,4.3178524427532485,7.798559535815088,1.1350102699842974
50.678574,4.4148188219817674,7.898792109875101,1.0929085013421342
50.71168,4.513852911605876,7.997087398986058,1.0528701674223562
50.74511,4.6092851439342875,8.093289767860284,1.0129858137331342
50.81298,4.706772655269777,8.187255813813833,0.9738631352815852
50.844646,4.8045937476701726,8.279041326211413,0.9350808385633782
50.876377,4.90168049710678,8.368641725293415,0.8974018537157324
50.94474,4.997591230572579,8.455773922512002,0.8598677820126637
50.978436,5.091486182317644,8.54058577693188,0.8224925940326036
51.012173,5.183526080583394,8.62310766024343,0.7840959057582
51.109924,5.27662769359994,8.703155795521393,0.7460143009287613
51.146126,5.369353632076723,8.780849349706948,0.7082975140578546
51.21415,5.45888331360913,8.856113110852917,0.6720240441756644
51.244415,5.546411865401012,8.928824233636496,0.6360745706386624
51.276844,5.634924471473114,8.998954865630624,0.600898001080825
51.345146,5.72054964799247,9.066548995327517,0.5661805762555149
51.382385,5.8049128440612865,9.131634207232796,0.5313498599675772
51.411674,5.8905115111922095,9.194151146519483,0.49674761637383
51.478172,5.975385600230128,9.254148241117152,0.4615555020231688
51.510635,6.057670883644179,9.311787290080664,0.4267381781020031
51.546623,6.141178120969952,9.367072759448021,0.39466820281813486
51.61323,6.218039093942863,9.420052324852819,0.36343148126029023
51.64556,6.294429651670002,9.470720222820628,0.3329179619277094
51.678116,6.3687305811690935,9.519102963275305,0.30365833072661275
51.778534,6.444253450426723,9.565181900334338,0.27509896076633894
51.81236,6.5214392122393585,9.608943044281533,0.24741805808525585
51.875732,6.598622629805234,9.650460346307622,0.2212052003853152
51.909977,6.674267099182331,9.689630529753028,0.19663546988138894
51.94421,6.7466243585325145,9.726503132347736,0.1735886338461573
52.01783,6.817324163607122,9.761048116476388,0.15147535376543253
52.04393,6.884057658322006,9.793307949591615,0.13053082067030242
52.07624,6.950217903461232,9.823180517047462,0.11037504463680343
52.14615,7.016184927311367,9.850754853043552,0.09370351544132655
52.179825,7.084059660494357,9.87604558961488,0.07654105632203109
52.21232,7.148936694900549,9.899030201998075,0.060228585983918635
52.279236,7.2111532920091825,9.919599026011364,0.04629973005724875
52.310966,7.273749119459855,9.937859207323841,0.03299115905767564
52.345478,7.3308504518368025,9.953735565269803,0.020328212745767255
52.44439,7.387849108696426,9.967294192088893,0.016833683434522944
52.47747,7.440602613210229,9.978485165333174,0.012962584216254706
52.545914,7.489406774556631,9.987266751211234,0.008713369637382938
52.580246,7.536062307043522,9.993775239338452,0.00535496258124136
52.6121,7.579848176542819,9.99805211979448,0.002852632592309028
52.677868,7.621182066409558,10.0,0.0011022861421833491
52.71249,7.656269549973575,9.999741117504549,0.00019149050424210776
52.74458,7.689411589496278,9.997280156193138,0.0
52.8136,7.719265925216916,9.992642566672668,0.00012654138104220563
52.84793,7.743178287691497,9.985790841377343,0.0005626051024047158
52.878674,7.76192135520027,9.976717731997956,0.0015225402903450483
52.945118,7.778068644415303,9.965449689445952,0.002669242830145855
52.978176,7.791430034460045,9.951971545006636,0.0055344842244640065
53.01397,7.798570015049654,9.936353628954697,0.00877821433673185
53.110092,7.800559851713587,9.91857699651325,0.012352687794852315
53.146385,7.798494256187901,9.898707680433853,0.01598960101856141
53.21799,7.793757842606297,9.876626531092784,0.019832425218995368
53.24435,7.787864287610636,9.852429346663826,0.02390489861462852
53.278316,7.7765637306416115,9.826071298683077,0.0313959124996687
53.345203,7.761712455777152,9.797575922667317,0.039236500198549566
53.3789,7.747231239597379,9.766869673126061,0.04709345644102583
53.41303,7.7313010950902665,9.734044357392511,0.05488937386038161
53.47731,7.712864917743034,9.699091712593095,0.06254535858195112
53.512024,7.689611591270405,9.662014751611009,0.07027947591906165
53.54644,7.663960139781271,9.622847787808487,0.08003387322074883
53.612793,7.633812058402978,9.58158380096095,0.0896027021140245
53.644386,7.60007081269691,9.538269087595234,0.09890761799037322
53.678474,7.565528921793671,9.492865691206015,0.10851105611082386
53.780136,7.528477045287236,9.445397839340542,0.1177369644030447
53.816486,7.487777732890342,9.395913246766991,0.12687172838022243
53.878822,7.445432210882883,9.344407791718583,0.13608247334543827
53.91167,7.404090583090604,9.290919450132208,0.14505059613131072
53.9461,7.358940828542234,9.235499265051908,0.15366419732454767
54.012955,7.308011959071973,9.178198889203708,0.16194956441929176
54.045166,7.254882094711024,9.119026910308923,0.1697914039927461
54.07928,7.201082205646481,9.058037268172162,0.17691862645858544
54.1477,7.144199824935051,8.995180788434444,0.18352694136480782
54.17913,7.086100984211242,8.930455778822024,0.18955416406187237
54.213657,7.027623585601945,8.864021972455072,0.1950297734627989
54.277493,6.965613849444702,8.795759007637917,0.1998465542508827
54.309902,6.902558426977039,8.725792250470501,0.2039622804710261
54.345303,6.835401407352486,8.654161733291218,0.20734012046872766
54.447304,6.766868056283018,8.580814085145647,0.21097046140906375
54.478073,6.695631725637856,8.505826334484425,0.21377518281653096
54.546883,6.62136063478476,8.429304227872919,0.21549192726538002
54.57985,6.55197990894568,8.351282884228912,0.2160507944893751
54.61276,6.482935399835816,8.271803349151982,0.21560166670484932
54.678295,6.408723887215325,8.190742907536112,0.21629109556576753
54.71254,6.3342275692217,8.10830065223206,0.21598930491652382
54.746544,6.2613793687540396,8.02445716788933,0.21471103482753526
54.816013,6.191245293733507,7.939222203432306,0.21373787112913498
54.84774,6.119128338303784,7.852688476787771,0.21195345659371223
54.878532,6.0449841368976225,7.764855350795781,0.20940949672256662
54.945774,5.968735253634204,7.675740702432358,0.2072011614584139
54.97896,5.895682681776403,7.58540503423023,0.2043655758972106
55.016293,5.822668519399539,7.493868558099599,0.2008286185167966
55.112392,5.7494446991501125,7.401061315273732,0.19883944372075543
55.146664,5.677827738170579,7.307099365227876,0.19673844669643056
55.212402,5.603336043883575,7.212054011595596,0.19389762168938035
55.246357,5.531887751247364,7.115870403070316,0.19175875288643526
55.27741,5.459079469174276,7.018679825311566,0.18937965916759933
55.3453,5.385132077057664,6.920552866708588,0.1867070041011722
55.381474,5.31172422887445,6.8213755039677695,0.18567188071647714
55.41303,5.237076414561111,6.721313245652311,0.18471027429250086
55.4774,5.155789088932942,6.620437351535575,0.1834236208743584
55.512028,5.074906270969872,6.518727910523146,0.18320378211585683
55.547237,4.9905702222962445,6.416310967602945,0.18320093401119156
55.6135,4.912415175688799,6.313210391264802,0.183091868017202
55.643875,4.831273755087424,6.20947159747139,0.18462321835810963
55.67858,4.750521580593875,6.105087626446156,0.18639155609080035
55.779896,4.6712863253621055,6.000136008832485,0.1889178699512631
55.813625,4.592422138483187,5.8947062247872575,0.19059125686201023
55.879707,4.512952879806218,5.7887835689092855,0.19296235865391026
55.91197,4.433628588820879,5.68246821423927,0.19580674097673723
55.944153,4.352930989925909,5.575704314744683,0.19778635407764517
56.01706,4.270280170988275,5.468527419904778,0.1998809928304606
56.046806,4.1897437157220265,5.361081076399195,0.20266999660693932
56.07831,4.109372665886374,5.2534164400970385,0.2057205054661133
56.147007,4.01626715207915,5.144906168296979,0.20259413457983916
56.179935,3.923196708548818,5.03650378587538,0.20102916654832698
56.212955,3.8302199705732236,4.928262768644753,0.20110995327703096
56.279354,3.73739557345594,4.820236592429893,0.20292084670186633
56.311802,3.644782152500541,4.712478733055618,0.2065461987587087
56.346634,3.5524383430105835,4.605042666346738,0.21207036138346336
56.446793,3.460422780289659,4.497981868128056,0.2195776865120257
56.478394,3.3687940996413324,4.391349814224387,0.22915252608028125
56.545425,3.2776109363691774,4.285199980460542,0.2408792320241254
56.581955,3.186931925776768,4.179585842661321,0.25484215627945356
56.61272,3.0968157031676693,4.07456087665154,0.2711256507821611
56.679333,3.0073209038454642,3.970178558256009,0.2898140674681434
56.71348,2.9185061631137175,3.866492363299531,0.3109917582732861
56.74749,2.8304301162760117,3.7635557676069236,0.3347430751334944
56.81361,2.7431513986359035,3.6614222470029905,0.3611523699846439
56.846523,2.6567286454969756,3.560145277312543,0.3903039947626498
56.88051,2.571220492162802,3.459778334360388,0.4222823014033878
56.946507,2.4866855739369558,3.36037489397134,0.4571716418427729
56.979748,2.4031825261230026,3.2619884319702024,0.49505636801668096
57.01466,2.3207699840245164,3.1646724241817874,0.5360208318610071
57.113136,2.2395065829450793,3.068480346430907,0.5801493853116471
57.14651,2.1594509581882573,2.973465674542361,0.6275263803044959
57.21408,2.080661745057615,2.8796818843409713,0.6782361687754493
57.24742,2.003197578856735,2.787182451651534,0.7323631026604025
57.280624,1.9271170948891911,2.6960208522988713,0.7899915338952509
57.346844,1.852478928458557,2.6062505621077854,0.8512058144158703
57.37911,1.77934171486839,2.5179250569030853,0.9160902961581756
57.41407,1.7077640894222805,2.4310978125095812,0.9847293310580525
57.47957,1.637804687423794,2.345822304752084,1.0572072710513964
57.513676,1.569522144176496,2.262152009455401,1.1336084680740928
57.547382,1.5029750949839769,2.180140402444343,1.2140172740620467
57.61581,1.4382221751497852,2.099840959543717,1.298518040951154
57.645596,1.3753220199775205,2.021307156578332,1.3871951206772999
57.678036,1.3143332647707393,1.9445924693730028,1.48013286517637
57.78025,1.2553145448330159,1.8697503737525327,1.5774156263842796
57.816917,1.1983244954679235,1.7968343455417337,1.679127756236904
57.878487,1.143421751979028,1.7258978605654152,1.7853536066701388
57.91198,1.09066494966992,1.6569943946483832,1.8961775296198993
57.947243,1.040112723844156,1.5901774236154493,2.011683877022051
58.013504,0.9918237098053106,1.5255004232914233,2.1319570008124993
58.04649,0.9458565428569656,1.463016869501117,2.2570812529271493
58.07861,0.9022698583026865,1.4027802380693335,2.3871409853018775
58.14558,0.8611222914460386,1.3448440048208878,2.522220549872578
58.1845,0.8224724775906126,1.2892616455805894,2.6624042985751566
58.21653,0.7863790520399739,1.236086636173241,2.807776583345499
58.282066,0.7529006500976796,1.185372452423658,2.9584217561195008
58.31587,0.7220959070673287,1.137172570156643,3.114424168833057
58.34781,0.6940234582524782,1.091540465197012,3.275868173422063
58.449528,0.668741938956702,1.0485296133695732,3.4428381218224047
58.482075,0.6463099844835654,1.0081934904991332,3.615418365969987
58.54884,0.6267862301366589,0.970585572410504,3.793693257800695
58.58253,0.6102293112195398,0.9357593349284916,3.9777471492504253
58.61651,0.5966978630357903,0.9037682538779084,4.167664392255072
58.6828,0.5862505208889757,0.8746658050835632,4.363529338750522
58.714314,0.5789459200826782,0.8485054643702622,4.56542634067269
58.74911,0.574842695920455,0.8253407075628205,4.77343974995744
58.81963,0.5739994837058882,0.8052250104860413,4.98765391854069
58.850536,0.5764749187425598,0.7882118489647367,5.208153198358323
58.882515,0.5823276363340273,0.7743546988237157,5.435021941346227
58.948868,0.5916162717838725,0.7637070358877874,5.668344499440314
58.98305,0.6043994603956527,0.756322335981761,5.908205224576463
59.018696,0.6207358374729668,0.7522540749304486,6.154688468690567
59.11643,0.6406840383193635,0.7515557285586563,6.407878583718533
59.149353,0.6643026982384249,0.7542807726911931,6.6678599215962455
59.2177,0.6916504525337248,0.7604826831528683,6.93471683425959
59.24941,0.7227859365088373,0.7702149357684968,7.208533673644482
59.283325,0.7577677854673275,0.7835310063628759,7.489394791686796
59.350258,0.7966546347127778,0.8004843707608265,7.777384540322429
59.383327,0.8395051195487535,0.8211285047871518,8.072587271487286
59.417774,0.8863778752788285,0.845516884266661,8.375087337117252
59.480896,0.9373315372065683,0.8737029850241692,8.684969089148213
59.516075,0.9924247406355634,0.9057402828844794,9.002316879516084
59.548058,1.0517161208693708,0.9416822536724008,9.327215060156739
59.616375,1.115264313211573,0.9815823732127483,9.659747983006087
59.64,1.1831279529657432,1.0254941173303254,10.0
