0.30725804,476.6673
0.31466895,476.0766
0.33343065,477.21484
0.34851956,477.21484
0.3641421,476.54114
0.38349882,476.54114
0.39878854,476.54114
0.4163476,476.3476
0.4349969,476.3476
0.45447424,476.01105
0.46886685,476.01105
0.4866173,476.68365
0.5029527,476.68365
0.5177279,476.68365
0.53870904,476.25348
0.5518879,476.25348
0.57031846,476.24072
0.58584857,476.24072
0.6021732,476.24072
0.6218066,476.31342
0.63485974,476.31342
0.6564634,476.63257
0.66920733,476.63257
0.685977,475.5603
0.70175767,475.5603
0.7176675,475.5603
0.73633707,475.21405
0.7510411,475.21405
0.7697826,476.4959
0.7847324,476.4959
0.8026445,476.4959
0.8195629,476.78528
0.83421975,476.78528
0.85144496,475.3786
0.8674855,475.3786
0.8851581,476.21423
0.90348977,476.21423
0.91725314,476.21423
0.9361385,477.91663
0.95191103,477.91663
0.9693972,478.07727
0.9846277,478.07727
1.0005567,478.07727
1.0194429,477.1007
1.0354748,477.1007
1.0515621,477.06592
1.0676079,477.06592
1.0855381,476.17706
1.1022651,476.17706
1.1181539,476.17706
1.136518,475.88617
1.1516968,475.88617
1.1695826,476.54443
1.1853056,476.54443
1.2015835,476.54443
1.2192688,476.28326
1.2346556,476.28326
1.2567649,475.5609
1.2678918,475.5609
1.284449,475.5609
1.3021102,475.3219
1.3178451,475.3219
1.3367302,477.1521
1.3521206,477.1521
1.3699976,477.15656
1.3854573,477.15656
1.4020531,477.15656
1.4195638,476.40283
1.434878,476.40283
1.4566997,476.61615
1.4676116,476.61615
1.4858106,478.13672
1.5028261,478.13672
1.5177114,478.13672
1.5368712,477.6681
1.5505266,477.6681
1.5743792,477.37457
1.5837531,477.37457
1.6005203,477.37457
1.6188,476.43597
1.6341974,476.43597
1.6537466,476.36456
1.6679342,476.36456
1.6841719,475.99365
1.7049068,475.99365
1.7185826,475.99365
1.7388914,475.8966
1.7524207,475.8966
1.7698557,476.01532
1.7863128,476.01532
1.8022608,476.01532
1.8206768,476.1294
1.8336813,476.1294
1.8512679,476.50995
1.8682089,476.50995
1.8845358,476.60577
1.90243,476.60577
1.9172935,476.60577
1.9362113,476.526
1.9521505,476.526
1.9736326,477.44348
1.9848863,477.44348
2.0019479,477.44348
2.0167992,477.44348
2.0368962,476.79584
2.0540526,476.31915
2.0679367,476.31915
2.0844882,475.90234
2.1024597,475.90234
2.1177053,475.90234
2.1373568,475.41705
2.1516767,475.41705
2.168674,476.76282
2.1859322,476.76282
2.2015455,476.76282
2.2202263,475.87134
2.2350981,475.87134
2.253864,476.2013
2.2689805,476.2013
2.2850032,476.41156
2.303185,476.41156
2.3174129,476.41156
2.3371112,476.5312
2.3511052,476.5312
2.3713496,477.976
2.3851843,477.976
2.400387,477.976
2.4206023,477.83673
2.4342747,477.83673
2.4564905,477.66034
2.469301,477.66034
2.4863071,478.39008
2.505317,478.39008
2.517885,478.39008
2.5364313,479.33264
2.5514739,479.33264
2.570134,478.224
2.5841439,478.224
2.6019104,478.224
2.6191788,477.57703
2.6342804,477.57703
2.6531646,480.3086
2.6683402,480.3086
2.6845124,478.88776
2.705049,478.88776
2.717235,478.88776
2.7355819,479.99646
2.7520978,479.99646
2.7690806,480.22754
2.7845864,480.22754
2.8009691,480.22754
2.8195472,481.42688
2.8352365,481.42688
2.8530142,484.20825
2.869293,484.20825
2.8851514,484.5905
2.902858,484.5905
2.9173114,484.5905
2.9365406,485.94043
2.9513764,485.94043
2.968711,486.58203
2.9844134,486.58203
3.0013626,486.58203
3.0201273,487.90295
3.0341327,487.90295
3.052419,487.16418
3.0677826,487.16418
3.0854735,486.62518
3.1014407,486.62518
3.1171322,486.62518
3.1346633,488.38214
3.1508868,488.38214
3.1717083,490.23425
3.1846998,490.23425
3.2012494,490.23425
3.2186704,491.7793
3.2357473,491.7793
3.2510023,493.28656
3.2674565,493.28656
3.2850356,493.97913
3.3023665,493.97913
3.317049,493.97913
3.338023,496.3396
3.3512654,496.3396
3.370169,496.45947
3.3845189,496.45947
3.4016244,496.45947
3.4192877,497.04828
3.4330857,497.04828
3.4529748,497.9663
3.4679308,497.9663
3.4851944,499.92987
3.5026429,499.92987
3.518092,499.92987
3.5353389,500.45618
3.5511246,500.45618
3.5714202,501.45813
3.58327,501.45813
3.6019301,501.45813
3.6196065,502.64996
3.6354475,502.64996
3.6532958,502.83618
3.6684544,502.83618
3.6847641,504.2348
3.7030954,504.2348
3.7180896,504.2348
3.7362452,505.1941
3.7513309,505.1941
3.7725644,507.64862
3.785224,507.64862
3.801531,507.64862
3.8191001,509.37775
3.8341584,509.37775
3.8526814,510.75977
3.8678625,510.75977
3.8842661,511.94153
3.9026332,511.94153
3.933438,512.95483
3.9459224,512.95483
3.9595666,512.95483
3.9765112,514.35156
3.9907289,514.35156
4.0099487,514.70734
4.027892,514.70734
4.042763,514.70734
4.059747,514.36285
4.0740657,514.36285
4.0944204,515.30475
4.10774,515.30475
4.124686,514.701
4.1425285,514.701
4.157295,514.701
4.1776037,517.4671
4.192872,517.4671
4.213069,518.1885
4.2250013,518.1885
4.241583,518.1885
4.2592263,520.3389
4.274076,520.3389
4.2922506,522.5535
4.3077846,522.5535
4.327346,523.82294
4.342795,523.82294
4.359006,523.82294
4.3770204,524.1988
4.391369,524.1988
4.4098406,525.3988
4.4245725,525.3988
4.442143,525.3988
4.459338,525.9831
4.4760237,525.9831
4.4931026,527.8984
4.508959,527.8984
4.5249085,527.30853
4.5433345,527.30853
4.5576897,527.30853
4.580097,528.69543
4.591406,528.69543
4.608592,529.1526
4.6239986,529.1526
4.644454,531.1192
4.658359,531.1192
4.6740704,531.1192
4.6962557,530.70905
4.708593,530.70905
4.725444,531.96735
4.743096,531.96735
4.7584863,531.96735
4.775752,533.2119
4.791872,533.2119
4.808012,533.53864
4.8254004,533.53864
4.841301,533.53864
4.8600235,533.43317
4.873682,533.43317
4.891611,533.60876
4.9088545,533.60876
4.924109,534.0426
4.9425015,534.0426
4.9581127,534.0426
4.977807,534.7637
4.9917507,534.7637
5.013116,534.19684
5.0246224,534.19684
5.0426793,534.19684
5.0583906,534.5683
5.074758,534.5683
5.092747,535.09784
5.108187,535.09784
5.126729,535.49194
5.1417384,535.49194
5.158093,535.49194
5.178126,536.81714
5.1910863,536.81714
5.212304,537.4145
5.2248006,537.4145
5.242234,537.4145
5.2595415,538.3526
5.27384,538.3526
5.292636,538.2421
5.309178,538.2421
5.325689,538.6987
5.342465,538.6987
5.3578916,538.6987
5.3747907,538.2767
5.3919773,538.2767
5.4087086,537.9092
5.4236913,537.9092
5.4426146,537.9092
5.461119,539.56165
5.4740324,539.56165
5.4930854,539.69324
5.5079126,539.69324
5.5238643,540.11865
5.5429792,540.11865
5.557743,540.11865
5.575993,539.6132
5.5915265,539.6132
5.609457,539.8554
5.623888,539.8554
5.640188,539.8554
5.6585827,539.0927
5.6741824,539.0927
5.6943955,537.9981
5.707533,537.9981
5.7241616,537.8795
5.743074,537.8795
5.756997,537.8795
5.776355,538.16376
5.7925982,538.16376
5.811202,537.58167
5.825826,537.58167
5.8410892,537.58167
5.8585224,536.9493
5.8763103,536.9493
5.892057,536.6802
5.9067397,536.6802
5.927743,536.0359
5.942902,536.0359
5.9588137,536.0359
5.9763412,535.5356
5.9918113,535.5356
6.0096474,535.0065
6.0246015,535.0065
6.040923,535.0065
6.059385,533.67413
6.074715,533.67413
6.092625,534.197
6.10778,534.197
6.124868,533.93024
6.1423907,533.93024
6.157931,533.93024
6.175451,534.5396
6.1908746,534.5396
6.20768,535.5015
6.223955,535.5015
6.2410154,535.5015
6.2593093,535.5017
6.2758093,535.5017
6.292429,534.7542
6.30838,534.7542
6.325001,534.6283
6.342099,534.6283
6.3585825,534.6283
6.37564,533.35645
6.3915133,533.35645
6.4134073,533.92786
6.4244847,533.92786
6.441414,533.92786
6.4586687,533.76843
6.475198,533.76843
6.4937744,534.1676
6.5093884,534.1676
6.5275946,534.1676
6.5456977,532.0848
6.558362,532.0848
6.577505,532.13086
6.5912027,532.13086
6.6103277,531.54333
6.62582,531.54333
6.640449,531.54333
6.658686,531.9652
6.674752,531.9652
6.6944013,532.73315
6.7087784,532.73315
6.725376,532.80914
6.742707,532.80914
6.7591114,532.80914
6.7761483,531.77454
6.792696,531.77454
6.810522,532.5803
6.824186,532.5803
6.8419943,532.5803
6.858761,531.47284
6.8747764,531.47284
6.89169,531.0665
6.9078526,531.0665
6.925052,530.7258
6.942308,530.7258
6.957591,530.7258
6.977089,530.77985
6.9914536,530.77985
7.0094748,530.955
7.025299,530.955
7.0403523,530.955
7.059228,530.8415
7.074404,530.8415
7.0925646,530.8415
7.11499,530.8415
7.129104,530.20294
7.1430655,530.00757
7.1586275,530.00757
7.1795816,530.45355
7.193586,530.45355
7.2122645,529.36194
7.226065,529.36194
7.242215,529.36194
7.2586565,528.7382
7.2752104,528.7382
7.293611,529.15375
7.3076773,529.15375
7.326728,529.25287
7.3429203,529.25287
7.358533,529.25287
7.3759375,529.1085
7.391654,529.1085
7.4108877,527.9652
7.424371,527.9652
7.440365,527.9652
7.459729,527.24976
7.474237,527.24976
7.4937468,527.6957
7.5093317,527.6957
7.5271616,527.7043
7.5428233,527.7043
7.559096,527.7043
7.576707,527.7144
7.592324,527.7144
7.6089106,527.6224
7.625699,527.6224
7.642156,527.6224
7.660395,527.1691
7.674853,527.1691
7.6945515,526.9567
7.7081904,526.9567
7.724124,525.8098
7.742461,525.8098
7.7576427,525.8098
7.777023,526.42804
7.7917833,526.42804
7.809364,525.72205
7.8278146,525.72205
7.843928,525.72205
7.8625617,525.571
7.8744946,525.571
7.8924747,525.14874
7.908223,525.14874
7.9252634,525.06226
7.941852,525.06226
7.958457,525.06226
7.9762545,524.2212
7.9917483,524.2212
8.01249,525.094
8.0240755,525.094
8.041561,525.094
8.059409,524.1978
8.074384,524.1978
8.093219,524.1796
8.108805,524.1796
8.128236,523.9029
8.142165,523.9029
8.158515,523.9029
8.17631,525.87714
8.192715,525.87714
8.213685,524.8713
8.226607,524.8713
8.243262,524.8713
8.25979,525.05865
8.275799,525.05865
8.292726,524.85443
8.30932,524.85443
8.325949,525.197
8.342336,525.197
8.35747,525.197
8.377605,524.628
8.392498,524.628
8.409394,524.77747
8.424383,524.77747
8.441301,524.77747
8.459819,524.5321
8.474311,524.5321
8.491836,525.61096
8.508895,525.61096
8.524897,525.3106
8.543285,525.3106
8.558607,525.3106
8.577726,526.11304
8.591305,526.11304
8.608375,526.1739
8.6256895,526.1739
8.641994,526.1739
8.660107,526.1905
8.674352,526.1905
8.693145,525.967
8.707898,525.967
8.724971,525.2441
8.742638,525.2441
8.758174,525.2441
8.775811,524.06635
8.791089,524.06635
8.813599,523.53015
8.824982,523.53015
8.841038,523.53015
8.86001,521.86993
8.874468,521.86993
8.893954,520.86865
8.908474,520.86865
8.925712,519.00934
8.942495,519.00934
8.958426,519.00934
8.9751,517.77423
8.991503,517.77423
9.009335,515.70825
9.0242815,515.70825
9.041777,515.70825
9.05941,513.6889
9.074939,513.6889
9.093642,511.49384
9.107891,511.49384
9.123989,510.20197
9.141476,510.20197
9.15949,510.20197
9.176475,509.95416
9.192043,509.95416
9.21029,508.16034
9.225518,508.16034
9.242193,508.16034
9.259199,507.55023
9.2741585,507.55023
9.296425,507.41406
9.308516,507.41406
9.324191,506.42816
9.341771,506.42816
9.358172,506.42816
9.3763485,505.12042
9.390919,505.12042
9.409252,505.08624
9.425014,505.08624
9.448099,505.08624
9.463989,504.0489
9.475045,504.0489
9.493229,504.88965
9.507906,504.88965
9.523783,503.5373
9.541992,503.5373
9.557704,503.5373
9.578413,503.22217
9.590962,503.22217
9.608708,502.49567
9.62516,502.49567
9.641904,502.49567
9.660532,501.52075
9.674133,501.52075
9.695063,500.2389
9.708661,500.2389
9.725454,499.6855
9.742649,499.6855
9.757858,499.6855
9.779825,498.03082
9.790954,498.03082
9.809838,498.01758
9.824952,498.01758
9.841813,498.01758
9.859696,496.51123
9.876407,496.51123
9.892712,495.83368
9.908559,495.83368
9.92469,495.06622
9.942175,495.06622
9.959013,495.06622
9.974928,495.58032
9.992156,495.58032
10.009123,493.54742
10.025238,493.54742
10.043677,491.60846
10.059788,491.60846
10.075447,491.60846
10.092592,491.68665
10.109119,491.68665
10.125925,490.56433
10.143801,490.56433
10.158239,490.56433
10.177043,493.0965
10.191935,493.0965
10.208806,491.0011
10.224844,491.0011
10.242109,491.0011
10.259585,489.62335
10.27514,489.62335
10.292966,490.4525
10.308171,490.4525
10.326454,489.66345
10.343613,489.66345
10.358715,489.66345
10.377966,488.85028
10.392755,488.85028
10.409603,487.99683
10.425427,487.99683
10.441553,487.99683
10.463381,488.12115
10.47631,488.12115
10.493149,488.8694
10.50888,488.8694
10.52514,487.00555
10.544249,487.00555
10.559186,487.00555
10.577312,486.8446
10.592697,486.8446
10.612386,486.0365
10.626384,486.0365
10.64186,486.0365
10.661229,485.57104
10.675576,485.57104
10.692314,484.54865
10.7098875,484.54865
10.725982,484.74426
10.743441,484.74426
10.758434,484.74426
10.777539,484.224
10.792239,484.224
10.810088,484.09607
10.825245,484.09607
10.840994,484.09607
10.8597765,483.60022
10.876093,483.60022
10.893802,483.17188
10.90976,483.17188
10.926458,481.81995
10.941868,481.81995
10.95753,481.81995
10.977725,481.63684
10.991248,481.63684
11.01294,481.9461
11.0245905,481.9461
11.042316,481.9461
11.059309,480.07275
11.076453,480.07275
11.093941,478.66913
11.109391,478.66913
11.125084,479.11536
11.142922,479.11536
11.158114,479.11536
11.176789,479.29517
11.192995,479.29517
11.210957,478.17633
11.225942,478.17633
11.243778,478.48022
11.264179,478.48022
11.276167,478.48022
11.295605,478.17926
11.310204,478.17926
11.328118,479.09216
11.343878,479.09216
11.359453,479.09216
11.375904,478.3454
11.3909645,478.3454
11.410506,477.70496
11.425967,477.70496
11.442323,477.70496
11.460176,477.55267
11.47501,477.55267
11.494608,479.37982
11.509985,479.37982
11.526049,478.71985
11.541649,478.71985
11.557756,478.71985
11.576999,477.7359
11.591998,477.7359
11.613543,477.55408
11.624873,477.55408
11.641637,477.55408
11.661168,476.80884
11.675682,476.80884
11.697842,476.55005
11.712523,476.55005
11.72639,474.9215
11.744714,474.9215
11.7597,474.9215
11.777829,474.91486
11.79313,474.91486
11.81357,475.90338
11.8255205,475.90338
11.842767,475.90338
11.860646,475.69568
11.876368,475.69568
11.893484,475.46582
11.909473,475.46582
11.927251,476.01538
11.943258,476.01538
11.959036,476.01538
11.97713,476.55438
11.991992,476.55438
12.009769,476.44452
12.024761,476.44452
12.040815,476.44452
12.061558,474.3761
12.074758,474.3761
12.094599,473.5293
12.108571,473.5293
12.125919,474.39703
12.142721,474.39703
12.159296,474.39703
12.176755,475.87024
12.192996,475.87024
12.213054,475.32465
12.225724,475.32465
12.242722,475.32465
12.260928,474.94916
12.275674,474.94916
12.293102,475.74896
12.309527,475.74896
12.326574,477.1942
12.342818,477.1942
12.359664,477.1942
12.376431,475.5838
12.392066,475.5838
12.412296,475.0547
12.424979,475.0547
12.441923,475.0547
12.459941,477.0503
12.476033,477.0503
12.494332,477.3601
12.509695,477.3601
12.527551,476.44385
12.543065,476.44385
12.558284,476.44385
12.576259,477.17987
12.591114,477.17987
12.608994,476.0332
12.625182,476.0332
12.642326,476.0332
12.660081,476.74982
12.673924,476.74982
12.696619,475.5099
12.707863,475.5099
12.726125,476.25177
12.742992,476.25177
12.757965,476.25177
12.777054,476.32208
12.791805,476.32208
12.809908,476.62976
12.824893,476.62976
12.841761,476.62976
12.8593025,477.24304
12.875409,477.24304
12.89344,476.74664
12.909178,476.74664
12.925418,475.84692
12.942975,475.84692
12.959287,475.84692
12.9765415,476.68048
12.992888,476.68048
13.0110655,476.22888
13.024811,476.22888
13.041601,476.22888
13.058624,474.60394
13.07566,474.60394
13.093014,473.67993
13.107394,473.67993
13.124764,474.7271
13.14252,474.7271
13.157529,474.7271
13.178104,475.51532
13.191926,475.51532
13.214608,474.5246
13.225919,474.5246
13.242619,474.5246
13.259792,474.29572
13.274841,474.29572
13.292409,475.64612
13.307886,475.64612
13.326223,475.7218
13.342338,475.7218
13.35828,475.7218
13.377108,474.02893
13.391941,474.02893
13.414863,476.38495
13.425539,476.38495
13.441635,476.38495
13.460128,475.7168
13.474792,475.7168
13.493927,475.81592
13.508371,475.81592
13.524896,475.75958
13.543042,475.75958
13.559273,475.75958
13.576292,475.88947
13.591658,475.88947
13.609397,475.69128
13.625592,475.69128
13.641341,475.69128
13.660199,475.82153
13.674226,475.82153
13.694265,475.98517
13.7095785,475.98517
13.726606,474.50726
13.742566,474.50726
13.757671,474.50726
13.780811,474.85315
13.792606,474.85315
13.808728,474.03455
13.824712,474.03455
13.842698,474.03455
13.859488,475.2249
13.874763,475.2249
13.893757,476.64197
13.909053,476.64197
13.925494,475.9903
13.942837,475.9903
13.958939,475.9903
13.976532,477.2943
13.9919405,477.2943
14.008795,475.89874
14.026097,475.89874
14.043652,474.5835
14.058921,474.5835
14.074565,474.5835
14.094154,474.69165
14.10852,474.69165
14.12537,474.0473
14.142753,474.0473
14.158306,474.0473
14.176191,476.30286
14.191487,476.30286
14.210537,475.15656
14.225342,475.15656
14.24251,475.15656
14.260172,476.08514
14.275218,476.08514
14.293636,475.96576
14.3095665,475.96576
14.326464,476.41077
14.344044,476.41077
14.360501,476.41077
14.379473,475.62646
14.391611,475.62646
14.409001,476.23267
14.424858,476.23267
14.441005,476.23267
14.460268,475.4527
14.475254,475.4527
14.494418,475.83868
14.509514,475.83868
14.527135,475.92883
14.542873,475.92883
14.558436,475.92883
14.577123,476.36743
14.591782,476.36743
14.6093445,475.88055
14.625928,475.88055
14.642334,475.88055
14.659164,475.69354
14.674545,475.69354
14.695337,475.05328
14.707811,475.05328
14.740417,475.75812
14.752511,475.75812
14.766978,475.3423
14.783934,475.3423
14.799775,475.3423
14.818754,476.2835
14.832941,476.2835
14.853725,476.2141
14.867084,476.2141
14.882382,476.2141
14.899465,476.69116
14.916943,476.69116
14.933912,476.49805
14.947855,476.49805
14.96701,477.5481
14.983729,477.5481
14.9983835,477.5481
15.017691,477.4054
15.033143,477.4054
15.049859,476.7552
15.063767,476.7552
15.081865,476.7552
15.101084,475.59387
15.1160345,475.59387
15.133054,476.8581
15.148611,476.8581
15.165269,478.7799
15.183491,478.7799
15.200916,478.7799
15.218043,478.6499
15.231518,478.6499
15.250907,478.49878
15.264834,478.49878
15.281761,478.49878
15.301092,479.24127
15.3142,479.24127
15.333864,484.37866
15.348895,484.37866
15.367795,485.1803
15.38388,485.1803
15.398601,485.1803
15.41788,484.53644
15.431641,484.53644
15.45063,486.25336
15.46654,486.25336
15.4987755,488.46002
15.512512,488.46002
15.523768,488.07196
15.540062,488.07196
15.557272,488.07196
15.573917,489.06836
15.589457,489.06836
15.607585,490.2749
15.623304,490.2749
15.639942,490.2749
15.658167,491.04553
15.672714,491.04553
15.690866,491.53827
15.705648,491.53827
15.7234125,492.44067
15.740515,492.44067
15.756622,492.44067
15.774256,494.0866
15.790551,494.0866
15.806579,495.61554
15.824113,495.61554
15.839461,495.61554
15.856985,496.50867
15.87342,496.50867
15.891365,498.21606
15.908069,498.21606
15.922543,498.21606
15.940956,499.3833
15.954911,499.3833
15.976711,500.27863
15.989562,500.27863
16.009123,501.88165
16.024096,501.88165
16.03993,501.88165
16.058104,501.5063
16.072987,501.5063
16.089697,503.56122
16.107199,503.56122
16.124153,504.02246
16.139614,504.02246
16.155617,504.02246
16.173824,506.71246
16.19003,506.71246
16.206331,507.61493
16.22393,507.61493
16.23977,507.61493
16.257072,509.20923
16.273046,509.20923
16.295837,510.0442
16.3079,510.0442
16.32246,510.0442
16.34145,511.15167
16.357412,511.15167
16.376266,511.9391
16.389957,511.9391
16.406694,513.5451
16.425009,513.5451
16.44087,513.5451
16.458164,514.113
16.473564,514.113
16.491104,516.2289
16.506592,516.2289
16.523586,517.49994
16.540575,517.49994
16.556366,517.49994
16.574942,518.9469
16.590347,518.9469
16.605562,519.7943
16.624622,519.7943
16.638264,519.7943
16.65784,521.2152
16.67257,521.2152
16.69177,520.91833
16.70672,520.91833
16.724182,523.2079
16.741102,523.2079
16.757607,523.2079
16.775812,525.5552
16.78908,525.5552
16.808598,527.1999
16.82269,527.1999
16.839502,527.1999
16.858124,527.1026
16.872856,527.1026
16.893831,527.9636
16.905788,527.9636
16.923786,528.8089
16.939533,528.8089
16.955639,528.8089
16.976158,530.5375
16.990007,530.5375
17.006353,530.87787
17.022583,530.87787
17.039206,530.87787
17.056847,531.64624
17.072727,531.64624
17.09079,531.40955
17.10599,531.40955
17.12359,532.66534
17.141264,532.66534
17.15706,532.66534
17.17546,534.2895
17.190039,534.2895
17.206219,534.58606
17.223557,534.58606
17.239277,534.58606
17.258642,536.6085
17.27163,536.6085
17.291176,538.2732
17.30844,538.2732
17.3243,539.5868
17.3405,539.5868
17.356665,539.5868
17.37467,540.7297
17.388903,540.7297
17.407442,542.3534
17.422314,542.3534
17.44033,542.3534
17.457352,543.7837
17.473408,543.7837
17.491621,544.84076
17.506062,544.84076
17.524376,546.32153
17.53987,546.32153
17.556778,546.32153
17.57478,545.9442
17.589602,545.9442
17.607573,545.8489
17.623798,545.8489
17.640028,545.8489
17.65762,545.5365
17.6733,545.5365
17.691542,545.3194
17.70519,545.3194
17.7224,545.3194
17.741428,544.8006
17.75626,544.8006
17.774147,544.6537
17.791252,544.6537
17.807333,544.023
17.823696,544.023
17.83968,544.023
17.857021,543.85376
17.873426,543.85376
17.894073,543.0032
17.906998,543.0032
17.92417,543.1863
17.941286,543.1863
17.954996,543.1863
17.974169,542.82477
17.989872,542.82477
18.0067,541.41656
18.02372,541.41656
18.039171,541.41656
18.058025,539.93524
18.071976,539.93524
18.090778,539.69904
18.10733,539.69904
18.125036,539.69904
18.143246,539.8207
18.159039,539.8207
18.17621,540.6903
18.190262,540.6903
18.208445,540.12805
18.223,540.12805
18.238983,540.12805
18.25799,540.3949
18.271946,540.3949
18.29244,539.4757
18.308622,539.4757
18.323757,539.63983
18.339699,539.63983
18.35677,539.63983
18.377663,539.215
18.389315,539.215
18.407328,539.29675
18.423199,539.29675
18.440264,539.29675
18.462011,538.7941
18.472366,538.7941
18.491043,538.5783
18.507227,538.5783
18.522385,538.5783
18.541157,538.77423
18.557083,538.77423
18.574884,538.22504
18.589296,538.22504
18.608315,537.8055
18.623041,537.8055
18.63976,537.8055
18.657028,537.62665
18.671661,537.62665
18.69182,538.12756
18.705578,538.12756
18.723305,537.6772
18.741642,537.6772
18.755968,537.6772
18.774153,536.94025
18.790075,536.94025
18.807688,536.90375
18.823671,536.90375
18.838835,536.90375
18.857634,536.13806
18.873983,536.13806
18.890985,536.6106
18.907656,536.6106
18.924286,536.00305
18.940535,536.00305
18.95579,536.00305
18.97609,535.8009
18.98967,535.8009
19.0061,535.976
19.022324,535.976
19.04069,535.976
19.059437,534.79395
19.073715,534.79395
19.090717,534.4427
19.107174,534.4427
19.122643,534.4427
19.139824,534.07043
19.15693,534.07043
19.174583,535.5882
19.189539,535.5882
19.209826,534.8138
19.223883,534.8138
19.239277,534.8138
19.257341,534.5747
19.27323,534.5747
19.290298,534.5962
19.306244,534.5962
19.330618,534.5962
19.34026,535.1799
19.35644,535.1799
19.374422,534.3154
19.388483,534.3154
19.407452,533.4111
19.42269,533.4111
19.439188,533.4111
19.457527,533.01953
19.47307,533.01953
19.492926,532.79376
19.50731,532.79376
19.522318,532.79376
19.540146,532.26807
19.556984,532.26807
19.574434,532.38257
19.590199,532.38257
19.60787,532.211
19.62352,532.211
19.640081,532.211
19.658167,533.7243
19.672787,533.7243
19.690874,532.7271
19.70561,532.7271
19.723465,532.0465
19.741644,532.0465
19.755793,532.0465
19.774523,532.1728
19.789988,532.1728
19.811455,531.56714
19.823488,531.56714
19.840395,531.56714
19.857147,531.3869
19.872265,531.3869
19.890396,531.19525
19.906918,531.19525
19.92435,531.97455
19.941223,531.97455
19.957111,531.97455
19.975317,531.2104
19.989515,531.2104
20.006536,530.4296
20.024326,530.4296
20.038713,530.4296
20.057808,529.2754
20.072628,529.2754
20.090376,530.329
20.106928,530.329
20.12404,530.2391
20.139698,530.2391
20.15564,530.2391
20.17463,531.63446
20.189644,531.63446
20.207335,531.23364
20.223284,531.23364
20.239723,531.23364
20.25737,530.9087
20.27299,530.9087
20.290697,530.23816
20.306028,530.23816
20.32246,530.23816
20.339897,530.57367
20.355976,530.57367
20.375174,529.77124
20.3903,529.77124
20.408274,529.5883
20.423803,529.5883
20.439686,529.5883
20.458027,529.7436
20.4728,529.7436
20.491028,529.8788
20.50607,529.8788
20.521973,529.8788
20.541285,529.8219
20.557634,529.8219
20.574417,529.746
20.590378,529.746
20.607687,529.79846
20.624699,529.79846
20.640633,529.79846
20.658003,529.783
20.673283,529.783
20.694063,529.0079
20.706215,529.0079
20.72221,529.0079
20.741121,529.1635
20.7564,529.1635
20.7738,528.1925
20.789774,528.1925
20.807947,527.7756
20.821997,527.7756
20.840137,527.7756
20.857828,526.74097
20.873281,526.74097
20.891525,526.0358
20.907251,526.0358
20.922695,526.0358
20.941511,524.891
20.955645,524.891
20.974506,524.2935
20.990135,524.2935
21.008347,522.85236
21.023144,522.85236
21.039259,522.85236
21.057327,521.6831
21.07306,521.6831
21.091173,520.2428
21.107346,520.2428
21.121979,520.2428
21.141026,519.2618
21.157389,519.2618
21.174837,520.4052
21.18924,520.4052
21.210981,519.9743
21.22332,519.9743
21.239286,519.9743
21.256592,517.78394
21.273565,517.78394
21.289488,516.47784
21.306488,516.47784
21.322735,516.47784
21.340874,515.5988
21.356075,515.5988
21.37365,513.6889
21.389614,513.6889
21.407661,513.04816
21.423683,513.04816
21.439444,513.04816
21.458529,511.18622
21.473412,511.18622
21.49187,511.61285
21.506567,511.61285
21.523659,511.12042
21.541458,511.12042
21.556112,511.12042
21.575462,510.33136
21.589197,510.33136
21.607927,509.10388
21.624197,509.10388
21.639017,509.10388
21.657764,508.4179
21.67338,508.4179
21.692177,507.48938
21.707754,507.48938
21.727528,506.2823
21.741453,506.2823
21.757338,506.2823
21.776428,505.5777
21.789347,505.5777
21.812574,505.0766
21.824139,505.0766
21.840076,505.0766
21.85797,505.0979
21.874245,505.0979
21.890709,504.01587
21.906504,504.01587
21.923506,503.66943
21.941069,503.66943
21.957258,503.66943
21.975956,502.8391
21.989042,502.8391
22.007933,502.12933
22.023882,502.12933
22.040281,502.12933
22.057209,500.2379
22.072521,500.2379
22.093967,500.0877
22.105509,500.0877
22.123928,500.03473
22.140627,500.03473
22.15638,500.03473
22.177439,501.85773
22.188566,501.85773
22.208225,501.23212
22.222273,501.23212
22.240482,501.23212
22.259243,501.33948
22.272148,501.33948
22.291433,500.88293
22.306072,500.88293
22.323765,500.73053
22.34129,500.73053
22.355175,500.73053
22.37496,498.70044
22.389074,498.70044
22.407671,497.78064
22.42283,497.78064
22.441977,497.78064
22.458324,497.62592
22.472551,497.62592
22.491453,497.39032
22.50646,497.39032
22.522148,497.39032
22.540503,497.62152
22.556784,497.62152
22.575556,497.0678
22.590439,497.0678
22.607857,495.95844
22.623621,495.95844
22.640816,495.95844
22.658228,495.19202
22.67324,495.19202
22.691368,492.56116
22.70534,492.56116
22.722504,492.56116
22.74138,491.5315
22.7555,491.5315
22.776762,490.92407
22.789764,490.92407
22.811893,490.2198
22.822899,490.2198
22.840635,490.2198
22.857727,487.92657
22.87261,487.92657
22.891872,487.6076
22.906004,487.6076
22.92436,487.0393
22.941614,487.0393
22.95677,487.0393
22.975414,485.84906
22.990421,485.84906
23.008425,485.26306
23.023401,485.26306
23.040564,485.26306
23.058279,483.77142
23.073795,483.77142
23.093243,482.29254
23.106544,482.29254
23.12422,480.71063
23.139887,480.71063
23.1571,480.71063
23.175797,482.09778
23.188953,482.09778
23.21316,480.2375
23.224157,480.2375
23.239208,480.2375
23.258358,480.44025
23.274076,480.44025
23.290073,480.04333
23.30607,480.04333
23.32434,479.34717
23.341217,479.34717
23.35738,479.34717
23.375195,479.49658
23.397356,479.49658
23.412659,478.74426
23.4239,478.74426
23.440933,478.74426
23.45697,478.932
23.472853,478.932
23.492117,480.03296
23.506699,480.03296
23.523624,479.36017
23.54163,479.36017
23.55721,479.36017
23.576029,478.53888
23.588844,478.53888
23.60632,478.76538
23.624765,478.76538
23.640434,478.76538
23.658691,477.2475
23.67367,477.2475
23.694601,477.53632
23.707127,477.53632
23.723608,476.4713
23.741926,476.4713
23.756754,476.4713
23.774511,477.39716
23.791723,477.39716
23.809807,477.76074
23.824165,477.76074
23.839563,477.76074
23.858612,477.12463
23.873184,477.12463
23.891344,476.69562
23.907135,476.69562
23.923885,477.3968
23.940247,477.3968
23.956131,477.3968
23.974659,477.84766
23.99207,477.84766
24.008215,477.38837
24.022034,477.38837
24.039219,477.38837
24.05815,476.06073
24.074087,476.06073
24.09446,476.10254
24.107042,476.10254
24.123913,476.46722
24.141544,476.46722
24.157892,476.46722
24.174526,479.52203
24.190477,479.52203
24.20684,478.5055
24.224163,478.5055
24.239223,478.5055
24.258524,479.9546
24.273472,479.9546
24.292828,479.16895
24.308403,479.16895
24.323933,479.79242
24.341774,479.79242
24.3571,479.79242
24.377201,477.53925
24.389936,477.53925
24.408075,477.74097
24.423061,477.74097
24.440117,477.74097
24.458214,477.56335
24.472942,477.56335
24.49443,479.17743
24.506083,479.17743
24.523382,479.17743
24.541042,478.36847
24.557138,478.36847
24.573832,478.05707
24.590382,478.05707
24.608812,477.34515
24.623053,477.34515
24.6397,477.34515
24.660135,478.0111
24.672625,478.0111
24.691574,476.9621
24.70718,476.9621
24.7237,476.8877
24.741331,476.8877
24.757364,476.8877
24.775074,476.88403
24.790854,476.88403
24.8069,477.38232
24.825243,477.38232
24.839388,477.38232
24.858143,477.95563
24.8732,477.95563
24.891794,477.50616
24.907772,477.50616
24.924246,478.64447
24.940556,478.64447
24.957405,478.64447
24.97842,478.6668
24.98976,478.6668
25.009161,476.85083
25.023643,476.85083
25.040218,476.85083
25.058708,474.5406
25.074533,474.5406
25.091152,473.9884
25.106426,473.9884
25.123653,474.63507
25.140745,474.63507
25.156242,474.63507
25.175404,476.66534
25.189579,476.66534
25.209326,475.44006
25.224085,475.44006
25.240076,475.44006
25.257828,475.69324
25.273067,475.69324
25.291914,475.05878
25.306961,475.05878
25.32418,475.52478
25.340672,475.52478
25.35712,475.52478
25.3752,474.56476
25.391224,474.56476
25.413282,477.0735
25.42303,477.0735
25.440104,477.0735
25.458023,476.50928
25.474007,476.50928
25.491407,478.45
25.50762,478.45
25.52508,477.26117
25.54152,477.26117
25.557337,477.26117
25.578611,476.27344
25.595232,476.27344
25.611149,476.89697
25.624098,476.89697
25.64086,476.89697
25.657549,476.0755
25.673738,476.0755
25.69176,476.48682
25.707943,476.48682
25.72378,475.99268
25.741417,475.99268
25.756927,475.99268
25.77501,476.03613
25.79093,476.03613
25.80726,475.88416
25.825468,475.88416
25.839737,475.88416
25.856869,475.31372
25.87353,475.31372
25.891636,477.45966
25.906393,477.45966
25.92368,476.50586
25.9412,476.50586
25.9574,476.50586
25.97576,477.10223
25.991299,477.10223
26.012218,476.41675
26.023241,476.41675
26.040157,476.41675
26.059658,473.67487
26.073872,473.67487
26.092022,474.60315
26.10744,474.60315
26.123705,473.99634
26.141947,473.99634
26.156767,473.99634
26.174713,478.4657
26.191029,478.4657
26.208052,475.812
26.223528,475.812
26.23992,475.812
26.258713,477.2834
26.272528,477.2834
26.29068,476.59778
26.307447,476.59778
26.323889,476.03418
26.342436,476.03418
26.357828,476.03418
26.377499,477.16193
26.38977,477.16193
26.408295,477.2434
26.422602,477.2434
26.440447,477.2434
26.458662,476.56445
26.473112,476.56445
26.495123,478.31158
26.507172,478.31158
26.5245,477.40802
26.542322,477.40802
26.558447,477.40802
26.575365,477.9021
26.588963,477.9021
26.60788,477.05762
26.623417,477.05762
26.639023,477.05762
26.65938,478.39117
26.673105,478.39117
26.691471,478.42975
26.708504,478.42975
26.724379,479.13983
26.742228,479.13983
26.75754,479.13983
26.779402,479.42645
26.791069,479.42645
26.808855,480.5274
26.823055,480.5274
26.840963,480.5274
26.859009,482.33215
26.872793,482.33215
26.8912,482.37415
26.906994,482.37415
26.924044,483.41132
26.94094,483.41132
26.957424,483.41132
26.97489,484.58832
26.99129,484.58832
27.009153,484.7553
27.024595,484.7553
27.041008,484.7553
27.059217,484.2718
27.073786,484.2718
27.092491,484.9422
27.106936,484.9422
27.124245,485.75873
27.14097,485.75873
27.155727,485.75873
27.17461,488.36786
27.189905,488.36786
27.211834,487.6424
27.222843,487.6424
27.241232,487.6424
27.258352,488.05328
27.272943,488.05328
27.292809,490.01324
27.306095,490.01324
27.324184,491.78033
27.339725,491.78033
27.35611,491.78033
27.375444,493.15497
27.390175,493.15497
27.406357,492.4795
27.425226,492.4795
27.439295,492.4795
27.45913,493.42725
27.474949,493.42725
27.495308,494.9533
27.506655,494.9533
27.52303,494.9533
27.541748,495.0191
27.557634,495.0191
27.574875,495.3656
27.590878,495.3656
27.607422,496.27747
27.624638,496.27747
27.640526,496.27747
27.658466,498.6615
27.673271,498.6615
27.691322,499.03503
27.706757,499.03503
27.72336,499.03503
27.741201,499.9442
27.756464,499.9442
27.77393,501.69092
27.789429,501.69092
27.808538,501.78394
27.823387,501.78394
27.840061,501.78394
27.857199,502.73907
27.873161,502.73907
27.890427,503.4159
27.907429,503.4159
27.923862,504.63733
27.941473,504.63733
27.957186,504.63733
27.9751,505.9057
27.989819,505.9057
28.008068,506.49762
28.022882,506.49762
28.041473,506.49762
28.058533,506.6211
28.072783,506.6211
28.094055,507.0067
28.106728,507.0067
28.124418,507.1554
28.140663,507.1554
28.156742,507.1554
28.174797,508.34497
28.190693,508.34497
28.212715,509.23108
28.224592,509.23108
28.240837,509.23108
28.258646,511.31805
28.27314,511.31805
28.292305,511.29626
28.307682,511.29626
28.323595,512.43805
28.340765,512.43805
28.357038,512.43805
28.378431,512.37964
28.389975,512.37964
28.408386,513.822
28.422989,513.822
28.440992,513.822
28.45911,514.9715
28.473936,514.9715
28.491991,517.5754
28.507729,517.5754
28.52349,518.5918
28.540834,518.5918
28.556728,518.5918
28.574553,519.34515
28.589859,519.34515
28.612026,519.939
28.623144,519.939
28.64081,519.939
28.65852,521.015
28.673693,521.015
28.691647,521.5097
28.707586,521.5097
28.722755,521.5097
28.741716,521.8521
28.755783,521.8521
28.775389,522.5501
28.790499,522.5501
28.806889,523.1486
28.824049,523.1486
28.840689,523.1486
28.858173,522.9766
28.873749,522.9766
28.892168,523.9693
28.907999,523.9693
28.924387,524.64453
28.94202,524.64453
28.956633,524.64453
28.97458,525.0086
28.990404,525.0086
29.007954,524.6229
29.02308,524.6229
29.040974,524.6229
29.057507,524.3723
29.073574,524.3723
29.09301,524.9064
29.108698,524.9064
29.123713,526.5627
29.142141,526.5627
29.156761,526.5627
29.174707,528.53937
29.189941,528.53937
29.209589,529.69336
29.223627,529.69336
29.239922,529.69336
29.257309,531.11273
29.27382,531.11273
29.29167,532.17773
29.30712,532.17773
29.323849,531.0686
29.341087,531.0686
29.357222,531.0686
29.374342,531.56134
29.390598,531.56134
29.409002,532.3458
29.424112,532.3458
29.44102,532.3458
29.459295,533.22784
29.4743,533.22784
29.491205,534.23004
29.5065,534.23004
29.524652,535.256
29.540316,535.256
29.556398,535.256
29.57478,534.2685
29.590733,534.2685
29.607363,535.1553
29.624445,535.1553
29.64036,535.1553
29.658133,534.5983
29.673185,534.5983
29.69614,534.0212
29.707567,534.0212
29.723577,535.00525
29.740953,535.00525
29.756199,535.00525
29.776615,534.9343
29.791523,534.9343
29.808973,534.49133
29.824377,534.49133
29.83892,534.49133
29.85894,533.8467
29.87379,533.8467
29.891075,532.64813
29.906607,532.64813
29.924593,532.86957
29.942114,532.86957
29.956514,532.86957
29.97561,533.0103
29.990515,533.0103
30.008934,533.9755
30.023252,533.9755
30.040922,533.9755
30.058239,532.9812
30.074099,532.9812
30.093878,532.58936
30.107283,532.58936
30.124256,532.62384
30.14291,532.62384
30.157188,532.62384
30.175312,532.90027
30.188961,532.90027
30.210058,531.66895
30.223139,531.66895
30.239374,531.66895
30.25769,531.62476
30.273045,531.62476
30.295229,531.84174
30.305992,531.84174
30.323463,532.3778
30.340857,532.3778
30.357317,532.3778
30.37447,530.7421
30.390484,530.7421
30.4063,531.0745
30.423752,531.0745
30.440207,531.0745
30.45922,530.31635
30.473127,530.31635
30.491863,530.6705
30.506975,530.6705
30.524078,528.92456
30.542006,528.92456
30.556559,528.92456
30.575361,528.7394
30.589874,528.7394
30.612118,529.26935
30.624315,529.26935
30.640541,529.26935
30.659372,529.5792
30.672934,529.5792
30.691948,529.8569
30.707094,529.8569
30.724401,529.6855
30.740616,529.6855
30.757072,529.6855
30.774508,529.155
30.789734,529.155
30.80783,528.61786
30.823174,528.61786
30.840342,528.61786
30.857182,528.71014
30.873379,528.71014
30.89103,529.17957
30.90673,529.17957
30.924326,529.157
30.939964,529.157
30.95752,529.157
30.975264,529.1745
30.990051,529.1745
31.011667,528.5858
31.024208,528.5858
31.039215,528.5858
31.059164,528.8079
31.07299,528.8079
31.091152,527.5297
31.106127,527.5297
31.123657,528.0081
31.142044,528.0081
31.157856,528.0081
31.174965,529.0606
31.191051,529.0606
31.207752,528.5362
31.222622,528.5362
31.239986,528.5362
31.257967,528.60846
31.27306,528.60846
31.29308,529.3588
31.30689,529.3588
31.324398,528.9298
31.341228,528.9298
31.356482,528.9298
31.37752,528.50665
31.389284,528.50665
31.412518,528.0124
31.423368,528.0124
31.440866,528.0124
31.458387,527.6913
31.472649,527.6913
31.494709,528.255
31.50744,528.255
31.524036,527.80725
31.541227,527.80725
31.556564,527.80725
31.575434,528.0357
31.59054,528.0357
31.608429,527.7797
31.623943,527.7797
31.641941,527.7797
31.658518,527.269
31.673025,527.269
31.692766,527.18475
31.707186,527.18475
31.724663,526.5806
31.74278,526.5806
31.757517,526.5806
31.775917,525.95233
31.791025,525.95233
31.812233,525.775
31.824514,525.775
31.840511,525.775
31.858477,525.4918
31.87336,525.4918
31.892405,525.64996
31.907295,525.64996
31.923584,526.09235
31.941078,526.09235
31.958195,526.09235
31.974506,525.6032
31.990414,525.6032
32.00671,526.2756
32.024994,526.2756
32.041252,526.2756
32.057274,524.6939
32.073105,524.6939
32.09226,524.4301
32.10708,524.4301
32.124054,525.02264
32.142395,525.02264
32.15626,525.02264
32.1749,526.0449
32.190666,526.0449
32.208763,525.8919
32.223633,525.8919
32.240704,525.8919
32.25835,525.6373
32.274475,525.6373
32.290833,525.1668
32.306774,525.1668
32.32353,525.57526
32.34142,525.57526
32.357803,525.57526
32.37453,524.28534
32.389374,524.28534
32.40846,523.8485
32.423557,523.8485
32.439358,523.8485
32.459114,522.2934
32.474487,522.2934
32.502098,522.61035
32.51335,522.61035
32.530212,522.61035
32.54475,520.91034
32.56108,520.91034
32.57741,519.94116
32.59349,519.94116
32.61056,520.07056
32.626446,520.07056
32.64355,519.578
32.660316,519.578
32.675827,519.578
32.693233,518.438
32.70834,518.438
32.728313,516.96515
32.744343,516.96515
32.759567,516.96515
32.77675,516.47784
32.792747,516.47784
32.81491,515.6331
32.82674,515.6331
32.84442,513.7486
32.861187,513.7486
32.875797,513.7486
32.893578,513.5156
32.909695,513.5156
32.92755,512.8686
32.94374,512.8686
32.959023,512.8686
32.978535,512.50256
32.992786,512.50256
33.010986,512.1663
33.02575,512.1663
33.04355,510.8789
33.06121,510.8789
33.075287,510.8789
33.09356,509.09894
33.108925,509.09894
33.12798,508.3125
33.143463,508.3125
33.157932,508.3125
33.177235,510.89612
33.19202,510.89612
33.209846,508.40222
33.225834,508.40222
33.24373,507.76398
33.260925,507.76398
33.27578,507.76398
33.293858,507.86664
33.310062,507.86664
33.325455,508.4359
33.343826,508.4359
33.35938,508.4359
33.377117,507.39105
33.392838,507.39105
33.410835,506.31213
33.426323,506.31213
33.443977,505.95996
33.46046,505.95996
33.47529,505.95996
33.496048,506.1718
33.51026,506.1718
33.52633,504.75708
33.544537,504.75708
33.559517,504.75708
33.578487,504.9665
33.592754,504.9665
33.610615,504.31818
33.62563,504.31818
33.64367,504.50745
33.66055,504.50745
33.67561,504.50745
33.69366,504.77368
33.708855,504.77368
33.72635,503.84296
33.74357,503.84296
33.759357,503.84296
33.77742,503.16858
33.793736,503.16858
33.814037,503.2126
33.826298,503.2126
33.842678,503.2126
33.859676,502.18164
33.87571,502.18164
33.89408,501.46765
33.909798,501.46765
33.928658,500.9557
33.942787,500.9557
33.959843,500.9557
33.976723,501.48022
33.99173,501.48022
34.010616,500.67267
34.02605,500.67267
34.04255,500.67267
34.059696,498.70728
34.075512,498.70728
34.09389,497.8285
34.109787,497.8285
34.126,496.8427
34.144463,496.8427
34.15941,496.8427
34.17778,498.9796
34.19244,498.9796
34.211834,498.17133
34.22657,498.17133
34.243782,498.3167
34.261543,498.3167
34.276207,498.3167
34.293148,497.378
34.309044,497.378
34.328274,497.5841
34.342316,497.5841
34.36047,497.5841
34.377426,495.10797
34.392845,495.10797
34.411957,493.1667
34.427437,493.1667
34.44339,494.67053
34.460724,494.67053
34.475437,494.67053
34.494175,495.0346
34.5098,495.0346
34.528683,494.28015
34.54177,494.28015
34.560127,494.28015
34.577885,493.0805
34.59214,493.0805
34.614933,493.10736
34.626007,493.10736
34.64388,493.07623
34.660778,493.07623
34.675655,493.07623
34.69381,491.0224
34.70876,491.0224
34.726227,491.31036
34.7435,491.31036
34.75996,491.31036
34.777496,489.94086
34.79299,489.94086
34.810844,490.15143
34.826,490.15143
34.84196,490.15143
34.861824,487.74323
34.87563,487.74323
34.89399,487.451
34.909996,487.451
34.93012,486.94104
34.94468,486.94104
34.95943,486.94104
34.978413,487.1311
34.993717,487.1311
35.01091,486.27643
35.025764,486.27643
35.043915,483.4574
35.060658,483.4574
35.07663,483.4574
35.095642,483.91583
35.109917,483.91583
35.126225,482.44006
35.144135,482.44006
35.15908,482.44006
35.17781,484.36462
35.192524,484.36462
35.209675,482.63098
35.22611,482.63098
35.244946,480.86322
35.26222,480.86322
35.275467,480.86322
35.294632,480.88892
35.309227,480.88892
35.3262,479.80084
35.34386,479.80084
35.358994,479.80084
35.37802,478.25378
35.392975,478.25378
35.411026,477.6577
35.426807,477.6577
35.44441,477.75122
35.46122,477.75122
35.475883,477.75122
35.494465,478.45782
35.510975,478.45782
35.529243,477.6933
35.54292,477.6933
35.55906,477.6933
35.578827,477.6093
35.593487,477.6093
35.60932,475.6621
35.626648,475.6621
35.642803,475.6621
35.66089,477.5412
35.675957,477.5412
35.69393,476.1341
35.70991,476.1341
35.729343,475.5489
35.74271,475.5489
35.759007,475.5489
35.77846,475.52936
35.79257,475.52936
35.80931,476.11823
35.825745,476.11823
35.84399,475.56567
35.860287,475.56567
35.876236,475.56567
35.894375,475.59778
35.909126,475.59778
35.926517,475.28546
35.944767,475.28546
35.958984,475.28546
35.978878,475.85626
35.99324,475.85626
36.01046,475.77075
36.026245,475.77075
36.042545,475.77075
36.060028,473.86414
36.0774,473.86414
36.09511,473.2486
36.110096,473.2486
36.12744,473.8399
36.14328,473.8399
36.16018,473.8399
36.177948,475.53625
36.193283,475.53625
36.215366,474.41266
36.225655,474.41266
36.24481,474.1903
36.259697,474.1903
36.27571,474.1903
36.2927,474.172
36.31085,474.172
36.326355,474.16168
36.344807,474.16168
36.36069,474.16168
36.379234,473.90393
36.392345,473.90393
36.409527,473.47437
36.426373,473.47437
36.443573,473.41333
36.459915,473.41333
36.47718,473.41333
36.497955,475.4237
36.51086,475.4237
36.52803,475.12988
36.54293,475.12988
36.56076,475.12988
36.578335,473.92487
36.593224,473.92487
36.61048,473.30774
36.626118,473.30774
36.64342,474.1505
36.661247,474.1505
36.675053,474.1505
36.694675,473.13293
36.71027,473.13293
36.727905,473.2898
36.745224,473.2898
36.76171,473.2898
36.779972,473.1455
36.793617,473.1455
36.811485,474.21454
36.82623,474.21454
36.843616,472.141
36.86116,472.141
36.875996,472.141
36.89503,472.53064
36.910046,472.53064
36.932186,475.0545
36.943882,475.0545
36.95992,475.0545
36.979393,475.66132
36.99282,475.66132
37.01088,474.46484
37.025852,474.46484
37.045315,471.29492
37.06116,471.29492
37.07591,471.29492
37.092953,471.68744
37.109455,471.68744
37.128197,472.162
37.143288,472.162
37.160774,472.162
37.17685,474.34155
37.191948,474.34155
37.21031,473.2373
37.22657,473.2373
37.24495,473.28717
37.2606,473.28717
37.27524,473.28717
37.293716,473.5479
37.30953,473.5479
37.325386,474.42358
37.34325,474.42358
37.36076,474.42358
37.378304,474.97046
37.393154,474.97046
37.412094,473.19843
37.42597,473.19843
37.444378,472.82196
37.46042,472.82196
37.47706,472.82196
37.493645,475.1601
37.510674,475.1601
37.52578,474.2943
37.54446,474.2943
37.56027,474.2943
37.579006,474.7375
37.591812,474.7375
37.616016,473.9104
37.62586,473.9104
37.643234,473.9104
37.66173,474.1828
37.675827,474.1828
37.695877,473.65344
37.710537,473.65344
37.725544,473.1905
37.744347,473.1905
37.759514,473.1905
37.776558,473.20782
37.793224,473.20782
37.81135,473.5561
37.826088,473.5561
37.8436,473.5561
37.860302,472.88733
37.87754,472.88733
37.895157,473.06342
37.910435,473.06342
37.929825,473.8003
37.94509,473.8003
37.960037,473.8003
37.97958,474.25696
37.993042,474.25696
38.01166,473.89386
38.0264,473.89386
38.043163,473.89386
38.06215,470.1551
38.07537,470.1551
38.09595,471.20215
38.109974,471.20215
38.12649,470.23242
38.143456,470.23242
38.158993,470.23242
38.177814,473.76294
38.193584,473.76294
38.213966,472.14758
38.226177,472.14758
38.242496,472.14758
38.260796,472.393
38.276237,472.393
38.293518,471.32343
38.309353,471.32343
38.326683,472.0116
38.34491,472.0116
38.358986,472.0116
38.378616,473.36963
38.393173,473.36963
38.412376,473.70105
38.42676,473.70105
38.443428,474.3943
38.461906,474.3943
38.475822,474.3943
38.496555,475.53857
38.508755,475.53857
38.528343,474.64404
38.543743,474.64404
38.559673,474.64404
38.579212,474.56635
38.593456,474.56635
38.611168,474.2249
38.630634,474.2249
38.64614,474.2249
38.661316,474.39825
38.677696,474.39825
38.694508,474.3141
38.71059,474.3141
38.731224,474.45184
38.743496,474.45184
38.760513,474.45184
38.777287,474.41986
38.793747,474.41986
38.811687,474.3553
38.827236,474.3553
38.843555,474.48962
38.860847,474.48962
38.876583,474.48962
38.89598,476.13098
38.911198,476.13098
38.929283,475.2934
38.94394,475.2934
38.959404,475.2934
38.978096,475.3291
38.993034,475.3291
39.0118,476.16876
39.025677,476.16876
39.043667,474.75427
39.06114,474.75427
39.07595,474.75427
39.097656,475.97565
39.109097,475.97565
39.126286,476.1513
39.142815,476.1513
39.159767,476.1513
39.176914,479.58075
39.19262,479.58075
39.210556,478.57935
39.226093,478.57935
39.24189,478.57935
39.25985,478.43237
39.27617,478.43237
39.294758,479.42908
39.309364,479.42908
39.328033,480.07764
39.34316,480.07764
39.360058,480.07764
39.37831,481.1477
39.392204,481.1477
39.41068,482.08118
39.426456,482.08118
39.444065,483.11774
39.46054,483.11774
39.476643,483.11774
39.495758,484.33417
39.509453,484.33417
39.53175,483.98993
39.54205,483.98993
39.560425,483.98993
39.578102,486.21252
39.593163,486.21252
39.611584,486.20044
39.625935,486.20044
39.643482,486.6302
39.660698,486.6302
39.676804,486.6302
39.695034,487.32227
39.708748,487.32227
39.72914,488.1219
39.743465,488.1219
39.759903,488.1219
39.77784,489.37292
39.792923,489.37292
39.81395,491.24384
39.826466,491.24384
39.843983,492.07373
39.859318,492.07373
39.876495,492.07373
39.896976,492.86755
39.908436,492.86755
39.928024,494.0326
39.943142,494.0326
39.95967,494.0326
39.977776,495.1626
39.992825,495.1626
40.014984,495.38342
40.026733,495.38342
40.04376,494.5929
40.060814,494.5929
40.076553,494.5929
40.093746,496.47827
40.109486,496.47827
40.12597,496.61176
40.143486,496.61176
40.160576,496.61176
40.17922,499.02667
40.192226,499.02667
40.211388,498.71753
40.226353,498.71753
40.242546,498.71753
40.260525,499.8598
40.276157,499.8598
40.297684,502.46436
40.30904,502.46436
40.32642,503.70282
40.34315,503.70282
40.359394,503.70282
40.376926,505.18732
40.39334,505.18732
40.412582,506.77716
40.425552,506.77716
40.444214,506.2621
40.460484,506.2621
40.47621,506.2621
40.49441,507.752
40.51033,507.752
40.526012,508.35956
40.5443,508.35956
40.55974,508.35956
40.5775,509.52606
40.59248,509.52606
40.61539,510.74054
40.62671,510.74054
40.642906,510.74054
40.661526,512.3164
40.6762,512.3164
40.69531,512.3071
40.709785,512.3071
40.726753,513.0202
40.744324,513.0202
40.759583,513.0202
40.777454,513.6971
40.79278,513.6971
40.810577,515.30853
40.825607,515.30853
40.84258,515.30853
40.86127,515.5635
40.876858,515.5635
40.894115,516.27905
40.910004,516.27905
40.92611,517.29736
40.944378,517.29736
40.959293,517.29736
40.977222,518.8782
40.99302,518.8782
41.01006,519.2406
41.026855,519.2406
41.042564,519.2406
41.060467,519.7867
41.07692,519.7867
41.093227,520.5298
41.11018,520.5298
41.127384,521.6868
41.14327,521.6868
41.159737,521.6868
41.178352,523.75195
41.19393,523.75195
41.210636,524.4882
41.226086,524.4882
41.24387,525.3933
41.260803,525.3933
41.277184,525.3933
41.294193,526.1651
41.309406,526.1651
41.327972,527.3294
41.342014,527.3294
41.358814,527.3294
41.37847,528.2371
41.391922,528.2371
41.412407,526.7352
41.42604,526.7352
41.44387,528.0488
41.46432,528.0488
41.476105,528.0488
41.493893,529.2687
41.50916,529.2687
41.531483,529.2508
41.541653,529.2508
41.559807,529.2508
41.57666,529.54407
41.59283,529.54407
41.613552,529.92303
41.627056,529.92303
41.64323,529.8404
41.66198,529.8404
41.676174,529.8404
41.69581,529.35846
41.71062,529.35846
41.7288,528.1158
41.74272,528.1158
41.76074,528.1158
41.778614,528.7862
41.79319,528.7862
41.810352,528.62726
41.826336,528.62726
41.84268,528.62726
41.86107,527.70996
41.877182,527.70996
41.894558,528.3826
41.91009,528.3826
41.92734,527.9347
41.94344,527.9347
41.960243,527.9347
41.977016,527.4618
41.993744,527.4618
42.01211,528.1294
42.02575,528.1294
42.043724,527.616
42.060932,527.616
42.07732,527.616
42.094025,527.2974
42.110207,527.2974
42.127335,527.1435
42.14307,527.1435
42.15971,527.1435
42.178104,528.0722
42.199444,528.0722
42.21276,528.50037
42.226074,528.50037
42.244083,528.4389
42.260178,528.4389
42.27652,528.4389
42.2944,527.6752
42.310383,527.6752
42.325512,527.5745
42.343456,527.5745
42.359413,527.5745
42.377163,527.2279
42.392494,527.2279
42.411507,526.90814
42.426537,526.90814
42.442783,526.90814
42.460968,527.6053
42.47671,527.6053
42.494774,528.5689
42.509727,528.5689
42.52604,528.00446
42.543316,528.00446
42.55991,528.00446
42.57745,527.8074
42.593624,527.8074
42.614685,526.9623
42.626778,526.9623
42.643536,527.24774
42.661926,527.24774
42.67531,527.24774
42.69546,527.162
42.710476,527.162
42.726593,527.7931
42.743965,527.7931
42.759678,527.7931
42.776104,526.6637
42.79357,526.6637
42.81035,527.0507
42.82637,527.0507
42.842964,527.0507
42.86032,525.42834
42.87554,525.42834
42.896095,526.22894
42.909374,526.22894
42.92719,525.9848
42.943367,525.9848
42.95978,525.9848
42.97936,526.53564
42.993565,526.53564
43.014374,525.6161
43.027386,525.6161
43.04341,525.41705
43.06379,525.41705
43.07951,525.41705
43.094315,524.07983
43.11009,524.07983
43.12783,523.8457
43.142853,523.8457
43.160786,523.8457
43.177635,526.07764
43.193558,526.07764
43.211105,525.22174
43.22647,525.22174
43.244225,525.2965
43.260406,525.2965
43.276543,525.2965
43.29396,524.7824
43.310116,524.7824
43.325928,525.13916
43.3443,525.13916
43.36067,525.13916
43.37643,524.81726
43.392933,524.81726
43.411945,523.1844
43.425907,523.1844
43.445343,522.78546
43.46083,522.78546
43.47599,522.78546
43.49479,524.4614
43.508892,524.4614
43.527733,524.15
43.54271,524.15
43.5598,524.15
43.578922,523.4408
43.593014,523.4408
43.61025,523.3961
43.62695,523.3961
43.642353,523.3961
43.660217,524.17145
43.67731,524.17145
43.694286,523.79395
43.71022,523.79395
43.72796,523.81104
43.74402,523.81104
43.759014,523.81104
43.77838,523.9257
43.79333,523.9257
43.81413,522.6981
43.826004,522.6981
43.84423,522.8505
43.860622,522.8505
43.875664,522.8505
43.895638,522.31323
43.90976,522.31323
43.928963,522.13226
43.94437,522.13226
43.96061,522.13226
43.97903,522.37
43.993233,522.37
44.014324,522.29236
44.026505,522.29236
44.04363,521.31287
44.06055,521.31287
44.07557,521.31287
44.094925,520.8516
44.110397,520.8516
44.12675,519.6003
44.145226,519.6003
44.16001,519.6003
44.179703,519.3378
44.192635,519.3378
44.210835,518.5715
44.227528,518.5715
44.2438,517.772
44.26063,517.772
44.27596,517.772
44.299255,516.3927
44.310562,516.3927
44.328705,515.64124
44.343624,515.64124
44.359947,515.64124
44.376804,514.76385
44.39252,514.76385
44.411716,514.51245
44.425495,514.51245
44.444324,512.8408
44.461037,512.8408
44.477028,512.8408
44.49422,512.59015
44.510693,512.59015
44.52613,510.9546
44.544483,510.9546
44.560955,510.9546
44.57854,510.6009
44.592693,510.6009
44.611248,511.1126
44.627804,511.1126
44.643272,510.3086
44.66129,510.3086
44.67767,510.3086
44.693626,510.2215
44.709255,510.2215
44.728096,508.8615
44.74352,508.8615
44.760597,508.8615
44.77862,508.1845
44.792942,508.1845
44.81072,507.12604
44.826916,507.12604
44.844604,506.6181
44.861427,506.6181
44.87707,506.6181
44.895504,505.94525
44.91012,505.94525
44.933025,505.70172
44.942513,505.70172
44.95975,505.70172
44.97934,504.87732
44.993572,504.87732
45.010895,503.7495
45.02567,503.7495
45.04434,502.8152
45.06104,502.8152
45.07762,502.8152
45.09509,501.42468
45.109447,501.42468
45.127895,501.37354
45.145035,501.37354
45.162247,501.37354
45.179466,503.01025
45.194317,503.01025
45.216038,501.3031
45.22987,501.3031
45.255283,499.70984
45.265816,499.70984
45.281452,499.70984
45.29729,499.83527
45.31316,499.83527
45.331615,500.20886
45.347153,500.20886
45.36403,499.83966
45.38087,499.83966
45.399624,499.83966
45.417027,498.35907
45.43009,498.35907
45.448063,497.7909
45.463688,497.7909
45.480217,497.7909
45.498417,499.325
45.512806,499.325
45.531097,498.2494
45.54702,498.2494
45.562954,498.2494
45.58087,496.4654
45.596596,496.4654
45.614513,496.625
45.630272,496.625
45.647194,496.27875
45.664585,496.27875
45.680256,496.27875
45.698578,495.28534
45.71304,495.28534
45.73259,495.01636
45.747307,495.01636
45.764694,493.91937
45.78122,493.91937
45.79743,493.91937
45.81513,493.64807
45.830402,493.64807
45.84945,492.19708
45.866295,492.19708
45.88495,490.96826
45.900417,490.96826
45.912674,490.96826
45.932785,491.2854
45.94699,491.2854
45.963383,491.2854
45.981728,491.73022
45.995953,491.73022
46.01513,490.7669
46.028355,490.7669
46.049183,488.21588
46.06302,488.21588
46.080517,488.21588
46.098892,488.3379
46.11308,488.3379
46.13156,490.15692
46.1473,490.15692
46.162743,490.15692
46.181675,490.57898
46.19672,490.57898
46.214073,488.94543
46.229897,488.94543
46.248367,488.11755
46.26283,488.11755
46.27987,488.11755
46.29804,487.24915
46.31243,487.24915
46.3347,487.948
46.34656,487.948
46.36385,487.948
46.380417,486.64252
46.395706,486.64252
46.414593,485.05914
46.431,485.05914
46.448467,484.8905
46.46281,484.8905
46.479797,484.8905
46.498005,485.664
46.53561,485.29047
46.55094,485.29047
46.565533,484.27576
46.579582,484.27576
46.594482,484.27576
46.61216,483.69714
46.627583,483.69714
46.644733,482.73865
46.66276,482.73865
46.678486,482.73865
46.69705,482.07007
46.711777,482.07007
46.72986,481.25513
46.7436,481.25513
46.761425,481.25513
46.77937,480.96027
46.794777,480.96027
46.811813,480.55933
46.841095,480.55933
46.85951,480.77087
46.867805,480.77087
46.884647,480.1692
46.90063,480.1692
46.918495,480.1692
46.93462,478.79315
46.950417,478.79315
46.97019,478.2608
46.983635,478.2608
47.000904,478.2608
47.018677,479.03778
47.03403,479.03778
47.053017,477.03296
47.070236,477.03296
47.08341,477.03296
47.10425,476.00848
47.11873,476.00848
47.137596,476.3576
47.14969,476.3576
47.169106,478.37592
47.18412,478.37592
47.2006,478.37592
47.218357,476.80005
47.234207,476.80005
47.25216,474.89203
47.2675,474.89203
47.285603,474.9054
47.300926,474.9054
47.317585,474.9054
47.33476,474.22607
47.35696,474.22607
47.37294,474.2046
47.383656,474.2046
47.399384,474.2046
47.41773,473.5575
47.43354,473.5575
47.45223,472.9867
47.467194,472.9867
47.483383,476.50482
47.500896,476.50482
47.517746,476.50482
47.53566,475.90106
47.549583,475.90106
47.568687,475.41327
47.58495,475.41327
47.601147,475.41327
47.619175,475.41473
47.634556,475.41473
47.65463,475.04193
47.66751,475.04193
47.684628,474.8847
47.702442,474.8847
47.71653,474.8847
47.73521,473.1576
47.75138,473.1576
47.771336,472.48474
47.784695,472.48474
47.800358,472.48474
47.81902,473.24982
47.83486,473.24982
47.85244,472.84607
47.867397,472.84607
47.885914,472.84607
47.901356,474.21478
47.918076,474.21478
47.93466,474.287
47.95024,474.287
47.972874,475.58685
47.983624,475.58685
48.00086,475.58685
48.018993,474.51678
48.033066,474.51678
48.053112,472.64734
48.067436,472.64734
48.084785,472.72345
48.10204,472.72345
48.118168,472.72345
48.136627,472.9143
48.149895,472.9143
48.16963,475.11316
48.184555,475.11316
48.200413,475.11316
48.219254,474.3313
48.23402,474.3313
48.252125,475.39783
48.26783,475.39783
48.284805,475.604
48.301407,475.604
48.317886,475.604
48.335403,474.18402
48.350643,474.18402
48.368626,473.02832
48.385044,473.02832
48.40092,473.02832
48.418526,473.83057
48.434,473.83057
48.45224,473.8794
48.467,473.8794
48.484062,474.7088
48.502724,474.7088
48.516697,474.7088
48.535988,474.76965
48.551792,474.76965
48.568684,473.9378
48.583694,473.9378
48.600063,473.9378
48.61873,474.83624
48.633953,474.83624
48.653202,474.64178
48.667397,474.64178
48.68719,474.9917
48.70233,474.9917
48.717175,474.9917
48.73605,475.01697
48.75104,475.01697
48.772327,473.64014
48.78549,473.64014
48.8,473.64014
48.819546,474.33832
48.833557,474.33832
48.852318,473.82275
48.86657,473.82275
48.88499,473.83478
48.902416,473.83478
48.91741,473.83478
48.935966,474.8568
48.952072,474.8568
48.969166,474.70776
48.98374,474.70776
48.999783,474.70776
49.019142,474.22345
49.033566,474.22345
49.051098,471.73914
49.067757,471.73914
49.085884,471.66333
49.10217,471.66333
49.118042,471.66333
49.13795,472.28436
49.150623,472.28436
49.16736,474.12378
49.18521,474.12378
49.199593,474.12378
49.21821,471.9546
49.23444,471.9546
49.25353,472.6156
49.267235,472.6156
49.284737,473.12872
49.30192,473.12872
49.317883,473.12872
49.33525,473.66388
49.351456,473.66388
49.368446,473.46655
49.38474,473.46655
49.399445,473.46655
49.419277,474.0771
49.433598,474.0771
49.451534,474.89264
49.46757,474.89264
49.4841,474.77576
49.500828,474.77576
49.517223,474.77576
49.536343,474.57666
49.55085,474.57666
49.56789,473.0594
49.58525,473.0594
49.601124,473.0594
49.61894,474.00977
49.634487,474.00977
49.652782,473.43097
49.667953,473.43097
49.684322,473.8507
49.702187,473.8507
49.71754,473.8507
49.73567,473.45264
49.749363,473.45264
49.76784,473.59552
49.785072,473.59552
49.801685,473.59552
49.81967,472.72955
49.834785,472.72955
49.856087,472.71808
49.868088,472.71808
49.885727,474.133
49.90244,474.133
49.918034,474.133
49.93626,474.29944
49.95065,474.29944
49.97274,475.75397
49.98405,475.75397
50.000355,475.75397
50.01952,474.59485
50.034794,474.59485
50.0539,471.87708
50.068245,471.87708
50.085117,472.83264
50.102325,472.83264
50.117065,472.83264
50.136528,473.52924
50.15015,473.52924
50.16847,475.52118
50.185078,475.52118
50.200462,475.52118
50.220024,473.6577
50.23353,473.6577
50.252243,474.8457
50.267418,474.8457
50.28401,475.7433
50.301697,475.7433
50.318157,475.7433
50.33573,476.9792
50.351135,476.9792
50.36886,476.93158
50.384323,476.93158
50.400757,476.93158
50.418602,477.3921
50.434193,477.3921
50.452957,478.86218
50.46738,478.86218
50.484367,479.95544
50.50192,479.95544
50.51704,479.95544
50.536045,480.97583
50.550102,480.97583
50.56868,482.04114
50.583977,482.04114
50.60042,482.04114
50.622375,482.88428
50.634026,482.88428
50.654755,484.36536
50.66712,484.36536
50.684494,484.29163
50.702618,484.29163
50.71682,484.29163
50.735855,485.0304
50.749588,485.0304
50.768166,484.71002
50.78392,484.71002
50.80224,484.71002
50.81785,486.2467
50.83421,486.2467
50.852642,487.35443
50.867317,487.35443
50.88327,487.35443
50.900803,487.7248
50.917164,487.7248
50.936756,487.16974
50.949886,487.16974
50.972332,488.58777
50.984333,488.58777
51.00109,488.58777
51.019238,489.52087
51.034588,489.52087
51.051144,489.2282
51.06927,489.2282
51.08608,489.3015
51.102734,489.3015
51.11851,489.3015
51.136395,490.40576
51.149734,490.40576
51.169155,493.44092
51.18431,493.44092
51.201393,493.44092
51.219833,492.23456
51.23389,492.23456
51.25265,494.77954
51.268173,494.77954
51.283592,495.47235
51.302746,495.47235
51.318134,495.47235
51.336273,497.75677
51.351143,497.75677
51.368587,499.75287
51.383972,499.75287
51.401722,499.75287
51.419792,497.9851
51.43425,497.9851
51.452034,499.31927
51.467342,499.31927
51.483414,501.04022
51.503284,501.04022
51.51842,501.04022
51.537544,501.68958
51.55144,501.68958
51.571133,502.31134
51.583305,502.31134
51.601746,502.31134
51.619625,502.92786
51.634396,502.92786
51.652077,504.69055
51.667377,504.69055
51.68418,505.17676
51.702457,505.17676
51.719208,505.17676
51.735973,505.27777
51.751465,505.27777
51.768814,507.26404
51.78265,507.26404
51.801353,507.26404
51.81857,508.55463
51.834137,508.55463
51.853725,509.5066
51.86826,509.5066
51.885555,510.11383
51.90183,510.11383
51.917435,510.11383
51.936737,511.39636
51.949482,511.39636
51.9683,511.71826
51.984447,511.71826
52.00097,511.71826
52.01939,512.2023
52.034847,512.2023
52.05192,512.4449
52.06728,512.4449
52.08543,514.79205
52.10225,514.79205
52.117508,514.79205
52.13733,516.06934
52.150692,516.06934
52.16906,517.7847
52.18376,517.7847
52.20044,517.7847
52.219032,518.6168
52.233303,518.6168
52.2557,519.6511
52.267666,519.6511
52.284416,522.4816
52.301865,522.4816
52.317623,522.4816
52.335342,523.27875
52.351875,523.27875
52.36896,524.8068
52.385117,524.8068
52.40063,524.8068
52.418324,526.1348
52.434757,526.1348
52.45193,527.7925
52.467327,527.7925
52.484207,529.009
52.50075,529.009
52.517944,529.009
52.53646,528.18536
52.552288,528.18536
52.56787,529.15985
52.5839,529.15985
52.6009,529.15985
52.619175,529.4004
52.633167,529.4004
52.6509,530.6619
52.66786,530.6619
52.687912,530.88684
52.702564,530.88684
52.716427,530.88684
52.734146,532.3782
52.751457,532.3782
52.768353,533.9607
52.784748,533.9607
52.800434,533.9607
52.81898,535.17773
52.83419,535.17773
52.855843,535.21967
52.868362,535.21967
52.88567,536.88293
52.901783,536.88293
52.917236,536.88293
52.93474,536.99396
52.949574,536.99396
52.968533,537.62775
52.984497,537.62775
53.00117,537.62775
53.01992,537.35815
53.032406,537.35815
53.055088,537.996
53.06916,537.996
53.084366,538.7999
53.102715,538.7999
53.1189,538.7999
53.135803,540.3278
53.15004,540.3278
53.16826,541.956
53.18366,541.956
53.200623,541.956
53.219105,543.0736
53.233746,543.0736
53.25552,543.9351
53.268307,543.9351
53.28434,543.9351
53.302334,544.4205
53.317204,544.4205
53.335148,544.06116
53.350433,544.06116
53.372242,544.0485
53.38525,544.0485
53.401005,544.0485
53.41918,542.76154
53.43315,542.76154
53.454845,543.6536
53.467537,543.6536
53.484642,543.9069
53.501377,543.9069
53.51701,543.9069
53.535645,543.5221
53.549973,543.5221
53.571968,542.4911
53.584286,542.4911
53.60129,542.4911
53.61839,542.88354
53.634087,542.88354
53.6525,542.39484
53.66906,542.39484
53.685005,542.72955
53.70147,542.72955
53.71762,542.72955
53.735367,542.4369
53.750614,542.4369
53.76774,541.6633
53.78498,541.6633
53.80083,541.6633
53.81892,541.4479
53.83395,541.4479
53.853344,541.70386
53.868134,541.70386
53.884464,541.0043
53.902752,541.0043
53.917355,541.0043
53.93558,541.0922
53.95169,541.0922
53.968258,540.9106
53.983532,540.9106
54.00154,540.9106
54.01865,540.9411
54.03414,540.9411
54.052578,540.4211
54.06704,540.4211
54.08497,540.5665
54.10161,540.5665
54.118107,540.5665
54.13659,540.25824
54.15045,540.25824
54.171562,540.8738
54.184444,540.8738
54.201344,540.8738
54.21856,540.75464
54.233696,540.75464
54.252224,541.37427
54.26735,541.37427
54.283897,540.771
54.30335,540.771
54.317623,540.771
54.33473,540.9407
54.35112,540.9407
54.36845,540.255
54.38432,540.255
54.400852,540.255
54.42058,540.1928
54.434673,540.1928
54.450073,540.1928
54.46929,538.8777
54.48383,539.26416
54.502018,539.26416
54.517582,539.26416
54.536423,539.5169
54.550343,539.5169
54.56809,539.4008
54.584644,539.4008
54.60193,539.4008
54.61831,539.439
54.633453,539.439
54.65365,540.62695
54.667286,540.62695
54.684666,539.4278
54.702812,539.4278
54.71744,539.4278
54.7362,538.6283
54.75126,538.6283
54.77234,539.24097
54.7842,539.24097
54.801426,539.24097
54.81798,539.3773
54.833794,539.3773
54.85474,538.5
54.86623,538.5
54.884518,538.3629
54.902203,538.3629
54.9178,538.3629
54.935753,537.6216
54.949207,537.6216
54.969753,538.1391
54.983353,538.1391
55.001965,538.1391
55.01925,537.9478
55.034767,537.9478
55.051598,537.1596
55.066856,537.1596
55.084167,536.67706
55.102398,536.67706
55.116333,536.67706
55.13623,535.89685
55.150284,535.89685
55.17149,537.02783
55.185017,537.02783
55.200424,537.02783
55.218933,536.2743
55.233356,536.2743
55.25338,536.36536
55.26774,536.36536
55.28348,536.34595
55.302765,536.34595
55.317833,536.34595
55.334698,535.9396
55.35078,535.9396
55.36871,535.48676
55.384995,535.48676
55.40139,535.48676
55.4186,534.56366
55.434814,534.56366
55.453773,534.0227
55.467552,534.0227
55.48429,535.2313
55.50131,535.2313
55.518013,535.2313
55.53637,534.95636
55.55182,534.95636
55.56808,534.09656
55.584785,534.09656
55.60132,534.09656
55.620407,533.03296
55.634117,533.03296
55.65562,532.39026
55.66672,532.39026
55.685078,531.7414
55.701534,531.7414
55.717537,531.7414
55.736145,530.93823
55.75003,530.93823
55.76829,530.0833
55.782986,530.0833
55.801273,530.0833
55.8189,529.7906
55.832844,529.7906
55.85224,528.4708
55.868176,528.4708
55.885242,527.5304
55.90318,527.5304
55.91675,527.5304
55.93583,526.8545
55.949238,526.8545
55.967197,525.67236
55.985558,525.67236
55.999428,525.67236
56.01994,524.873
56.03353,524.873
56.0522,524.0649
56.06842,524.0649
56.085167,522.4616
56.10224,522.4616
56.117424,522.4616
56.137024,522.35095
56.1512,522.35095
56.16812,523.1227
56.18437,523.1227
56.20036,523.1227
56.21951,521.77686
56.23363,521.77686
56.25095,521.77686
56.26921,520.41626
56.284035,520.8299
56.303185,520.8299
56.317154,520.8299
56.3376,520.2936
56.35109,520.2936
56.36992,518.2087
56.38577,518.2087
56.400467,518.2087
56.42064,517.9865
56.434902,517.9865
56.45179,517.8495
56.467754,517.8495
56.485348,517.8616
56.502884,517.8616
56.518494,517.8616
56.53545,515.88605
56.55236,515.88605
56.569794,514.8847
56.584423,514.8847
56.60234,514.8847
56.62045,514.84924
56.63397,514.84924
56.650734,514.85016
56.67808,514.85016
56.689095,514.0608
56.708908,514.0608
56.723217,514.0608
56.740704,513.2765
56.75429,513.2765
56.772873,512.8983
56.787014,512.8983
56.803486,512.3206
56.82095,512.3206
56.837296,512.3206
56.854225,511.63794
56.869205,511.63794
56.888023,510.6632
56.902065,510.6632
56.919514,510.6632
56.93803,508.80304
56.95336,508.80304
56.97529,508.86676
56.985924,508.86676
57.002373,508.86676
57.02059,508.6745
57.036522,508.6745
57.053413,507.39014
57.069393,507.39014
57.09161,506.11346
57.102623,506.11346
57.120235,506.11346
57.14043,505.55627
57.153988,505.55627
57.171185,506.05658
57.18631,506.05658
57.20414,506.1187
57.220497,506.1187
57.23584,506.1187
57.255123,504.12238
57.269028,504.12238
57.28622,503.03772
57.303295,503.03772
57.32019,503.03772
57.33767,504.01727
57.352863,504.01727
57.37111,502.80768
57.38612,502.80768
57.402428,502.80768
57.421825,501.19098
57.435974,501.19098
57.453274,500.72223
57.46963,500.72223
57.486492,500.95667
57.504192,500.95667
57.518856,500.95667
57.537422,499.68677
57.55225,499.68677
57.570564,500.53046
57.58715,500.53046
57.601906,500.53046
57.621895,499.28174
57.63701,499.28174
57.655205,498.84863
57.669548,498.84863
57.688965,498.40027
57.703796,498.40027
57.71924,498.40027
57.739437,496.84375
57.753704,496.84375
57.770348,497.10883
57.7873,497.10883
57.803535,494.862
57.81991,494.862
57.836132,494.862
57.85426,493.48712
57.86956,493.48712
57.891792,493.8861
57.90333,493.8861
57.921383,493.8861
57.93785,493.0647
57.953304,493.0647
57.97058,492.8913
57.98635,492.8913
58.00296,492.8913
58.020714,492.4887
58.036533,492.4887
58.057392,490.1917
58.07122,490.1917
58.09203,490.0053
58.104313,490.0053
58.11974,490.0053
58.137833,488.57446
58.153355,488.57446
58.171963,490.07697
58.18711,490.07697
58.204987,489.15228
58.22033,489.15228
58.23678,489.15228
58.2569,489.06445
58.26951,489.06445
58.287186,487.78546
58.30483,487.78546
58.320442,487.78546
58.33819,486.5058
58.352684,486.5058
58.370415,484.45093
58.3862,484.45093
58.40521,483.85492
58.421608,483.85492
58.436897,483.85492
58.454857,484.02362
58.469784,484.02362
58.48707,483.7248
58.507893,483.7248
58.527073,483.68292
58.539806,483.68292
58.55359,483.68292
58.57113,482.43964
58.58709,482.43964
58.60262,482.43964
58.622326,480.51617
58.636253,480.51617
58.654987,481.00055
58.67033,481.00055
58.68937,478.37445
58.703945,478.37445
58.71933,478.37445
58.738483,477.92908
58.752308,477.92908
58.771942,477.17706
58.786125,477.17706
58.802517,477.17706
58.82112,477.65027
58.836823,477.65027
58.854973,475.41956
58.870445,475.41956
58.886543,475.82825
58.903793,475.82825
58.91924,475.82825
58.93806,475.1513
58.959232,475.1513
58.970253,475.1513
58.987892,475.4491
59.004524,476.68665
59.02067,476.68665
59.03583,476.68665
59.055424,474.80353
59.06963,474.80353
59.087894,473.20276
59.104176,473.20276
59.120686,473.20276
59.13837,473.59747
59.15241,473.59747
59.17157,475.97644
59.187584,475.97644
59.20297,475.97644
59.2207,473.48712
59.236668,473.48712
59.25492,475.79547
59.270393,475.79547
59.29274,475.8333
59.30391,475.8333
59.32057,475.8333
59.33845,475.5515
59.35268,475.5515
59.371613,474.8427
59.386475,474.8427
59.404736,474.8626
59.421215,474.8626
59.43718,474.8626
59.45349,473.58807
59.47,473.58807
59.48668,476.09235
59.50487,476.09235
59.51989,476.09235
59.537342,474.98157
59.552414,474.98157
59.571594,474.75427
59.586468,474.75427
59.60254,474.75427
59.62227,474.0503
59.637245,474.0503
59.65597,474.41437
59.67135,474.41437
59.68937,474.00507
59.70485,474.00507
59.71967,474.00507
59.73817,473.25452
59.752678,473.25452
59.770325,474.39746
59.787174,474.39746
59.802624,474.39746
59.820663,475.66846
59.83567,475.66846
59.854103,476.51636
59.869865,476.51636
59.886913,478.65173
59.903645,478.65173
59.919983,478.65173
59.937153,480.37024
59.95298,480.37024
59.971096,482.609
59.987076,482.609
60.0,482.609
60.0,482.609
