0.2817468,182.52051
0.28846532,182.52051
0.30677703,183.28845
0.3251524,183.5332
0.3400394,183.5332
0.35551405,183.5332
0.37389597,182.35492
0.38870755,182.35492
0.41513276,181.01996
0.4373214,181.01996
0.45520696,183.03027
0.4688666,183.03027
0.48635876,186.17963
0.5043462,186.17963
0.51971644,186.17963
0.53820896,186.82019
0.55250627,186.82019
0.5697784,186.95557
0.5857678,186.95557
0.60275847,186.95557
0.62136775,187.0044
0.6358955,187.0044
0.6543301,191.66211
0.6693472,191.66211
0.6907861,192.53967
0.7037494,192.53967
0.720448,192.53967
0.7376894,193.9173
0.75482935,193.9173
0.7725438,194.54877
0.78642887,194.54877
0.803827,194.92334
0.82192296,194.92334
0.83529305,194.92334
0.8549461,194.72247
0.8706696,194.72247
0.8867988,196.27667
0.9042046,196.27667
0.9198353,196.27667
0.9366889,196.20258
0.9535923,196.20258
0.9756567,198.78961
0.9901542,198.78961
1.0022237,198.78961
1.0218905,200.02557
1.037805,200.02557
1.0554425,200.59558
1.0705613,200.59558
1.0896208,201.38776
1.1031071,201.38776
1.1200922,201.38776
1.1386075,202.49957
1.1544602,202.49957
1.1712801,203.36975
1.1859555,203.36975
1.2026075,203.36975
1.2210449,205.87561
1.2366714,205.87561
1.2546666,206.77905
1.2694924,206.77905
1.2884787,210.69617
1.304,210.69617
1.3191438,210.69617
1.3390359,211.53021
1.3607281,211.53021
1.3765558,211.41443
1.3858483,211.41443
1.4036942,215.45593
1.4213908,215.45593
1.4363853,215.45593
1.4585651,214.2425
1.4702227,214.2425
1.4924825,217.09662
1.503279,217.09662
1.5188307,217.09662
1.5382075,215.41705
1.5532525,215.41705
1.5711682,220.67719
1.5866933,220.67719
1.604125,218.8576
1.6208308,218.8576
1.6357718,218.8576
1.6571741,220.88837
1.6713904,220.88837
1.6885478,220.6662
1.7045208,220.6662
1.7196541,220.6662
1.7391603,223.47797
1.7535489,223.47797
1.7718196,226.48077
1.7859313,226.48077
1.8039529,227.94983
1.8209528,227.94983
1.837131,227.94983
1.8551168,226.24237
1.8702404,226.24237
1.8863802,228.28497
1.9051082,228.28497
1.919907,228.28497
1.9368525,226.93103
1.953093,226.93103
1.9712275,228.21063
1.9859962,228.21063
2.003177,228.21063
2.0200012,229.67072
2.0384676,229.67072
2.0558205,228.73633
2.0697682,228.73633
2.0870602,227.82178
2.104391,227.82178
2.1203768,227.82178
2.1376588,231.2746
2.1523395,231.2746
2.1714358,232.10645
2.186802,232.10645
2.2038493,234.08691
2.2208529,234.08691
2.2367833,234.08691
2.2536988,231.82745
2.2698855,231.82745
2.2888389,232.72205
2.3037257,232.72205
2.3205745,232.72205
2.3421824,231.20544
2.3534908,231.20544
2.3709712,234.17511
2.3857977,234.17511
2.4042368,231.18329
2.4213061,231.18329
2.4367497,231.18329
2.4547303,236.95142
2.4767807,236.95142
2.4892159,236.20514
2.5024524,236.20514
2.520626,236.20514
2.5386145,238.28802
2.5542824,238.28802
2.5750313,236.0188
2.5851822,236.0188
2.6025345,236.0188
2.6213527,239.86945
2.635117,239.86945
2.6543107,238.0976
2.6691494,238.0976
2.688243,240.80957
2.7031503,240.80957
2.7195692,240.80957
2.7383337,241.76636
2.7526896,241.76636
2.7696776,241.4552
2.787181,241.4552
2.8026798,241.4552
2.8196054,239.57983
2.8364542,239.57983
2.8556318,240.83832
2.869218,240.83832
2.8871748,237.81323
2.9042244,237.81323
2.920395,237.81323
2.9372742,240.40564
2.953327,240.40564
2.9713047,238.82886
2.9863365,238.82886
3.0024517,238.82886
3.0208964,241.0531
3.0370018,241.0531
3.0555825,238.78241
3.0708644,238.78241
3.0878599,239.38043
3.1015751,239.38043
3.1194737,239.38043
3.1419742,238.45135
3.1536658,238.45135
3.1725724,243.8891
3.1873407,243.8891
3.2043755,239.6405
3.2204587,239.6405
3.23564,239.6405
3.2547693,240.25635
3.270423,240.25635
3.2862487,238.80652
3.3039331,238.80652
3.3189182,238.80652
3.3380857,247.03961
3.3537412,247.03961
3.3751125,244.43622
3.38624,244.43622
3.4037163,245.47675
3.421236,245.47675
3.4359584,245.47675
3.4560766,248.20264
3.470679,248.20264
3.4898403,252.45996
3.5040913,252.45996
3.519259,252.45996
3.539556,253.76581
3.5528195,253.76581
3.5755522,257.7954
3.58619,257.7954
3.6045115,264.18842
3.6217275,264.18842
3.6375706,264.18842
3.6550426,269.18652
3.6704416,269.18652
3.6912045,274.41815
3.7043922,274.41815
3.7193155,274.41815
3.737291,274.41486
3.7532735,274.41486
3.770139,274.93823
3.7864552,274.93823
3.8046224,275.15033
3.821725,275.15033
3.8368983,275.15033
3.8531952,276.7774
3.8696866,276.7774
3.8877425,277.36523
3.904538,277.36523
3.9199104,277.36523
3.9376693,279.66095
3.9531963,279.66095
3.971249,279.4666
3.9862783,279.4666
4.004187,280.93622
4.0197406,280.93622
4.036881,280.93622
4.054375,280.5066
4.0689335,280.5066
4.086628,281.0047
4.104121,281.0047
4.1190386,281.0047
4.1380725,281.01086
4.1528497,281.01086
4.1712236,281.17596
4.1868377,281.17596
4.2043643,281.21362
4.22004,281.21362
4.236327,281.21362
4.2551265,281.27893
4.269718,281.27893
4.2861977,281.92792
4.3046565,281.92792
4.3213677,281.92792
4.339181,282.701
4.352949,282.701
4.3754168,282.1989
4.3869877,282.1989
4.402926,282.1989
4.4211473,282.67535
4.4417176,282.67535
4.4558983,282.41003
4.4697213,282.41003
4.49128,282.19354
4.503527,282.19354
4.5188394,282.19354
4.5391426,280.99243
4.5523276,280.99243
4.5705056,279.55585
4.58848,279.55585
4.6026926,279.55585
4.621038,278.88098
4.6373243,278.88098
4.6545634,276.01056
4.6701946,276.01056
4.6875644,275.51935
4.702757,275.51935
4.72058,275.51935
4.738636,275.50226
4.7536173,275.50226
4.7740455,275.26538
4.7863107,275.26538
4.804487,274.42676
4.81999,274.42676
4.837517,274.42676
4.8554506,273.5866
4.8700733,273.5866
4.888515,273.02576
4.9049273,273.02576
4.9203415,273.02576
4.9385977,273.00836
4.9543543,273.00836
4.9724216,273.34033
4.9861026,273.34033
5.005473,273.13776
5.021658,273.13776
5.036864,273.13776
5.056827,271.78192
5.0699215,271.78192
5.0870047,271.36945
5.103585,271.36945
5.119953,271.36945
5.1414304,270.8227
5.1531367,270.8227
5.1709213,270.57782
5.185958,270.57782
5.204165,266.91132
5.220549,266.91132
5.2380667,266.91132
5.2540226,265.7785
5.26977,265.7785
5.287032,262.039
5.303598,262.039
5.320706,262.039
5.338728,261.01868
5.352712,261.01868
5.3722534,249.91882
5.38833,249.91882
5.403556,248.84106
5.420576,248.84106
5.4367213,248.84106
5.45576,245.0315
5.4703703,245.0315
5.488859,244.99493
5.503594,244.99493
5.524479,244.99493
5.5387955,240.17224
5.5523806,240.17224
5.571986,242.7846
5.587541,242.7846
5.6031485,242.7846
5.621572,240.18579
5.6362286,240.18579
5.657579,239.79407
5.6704655,239.79407
5.690388,235.95367
5.7040296,235.95367
5.7191267,235.95367
5.7384577,235.38477
5.752146,235.38477
5.77147,231.71466
5.787274,231.71466
5.803883,233.50092
5.8212037,233.50092
5.8361034,233.50092
5.8545628,229.36041
5.8700495,229.36041
5.890712,231.74829
5.9039054,231.74829
5.920082,231.74829
5.938536,229.73022
5.9533925,229.73022
5.9703083,231.98785
5.986256,231.98785
6.0035744,229.18079
6.0213065,229.18079
6.0357456,229.18079
6.0546093,230.00061
6.0694003,230.00061
6.0858927,223.00665
6.103122,223.00665
6.119461,223.00665
6.1365933,223.69653
6.1528726,223.69653
6.17146,226.33069
6.18553,226.33069
6.2035336,220.93896
6.220237,220.93896
6.236433,220.93896
6.254247,219.47528
6.270436,219.47528
6.2868195,220.08136
6.3032293,220.08136
6.319918,220.08136
6.3377852,222.42773
6.3539867,222.42773
6.371104,220.58276
6.385761,220.58276
6.4052415,219.21716
6.421432,219.21716
6.4369445,219.21716
6.4565825,220.27753
6.4697695,220.27753
6.4861555,220.47162
6.5042706,220.47162
6.519952,220.47162
6.538522,223.91425
6.552937,223.91425
6.5697756,236.02942
6.5860205,236.02942
6.603702,236.77063
6.6220207,236.77063
6.6375957,236.77063
6.6546116,239.5542
6.6689014,239.5542
6.6888304,241.54163
6.704098,241.54163
6.7200117,241.54163
6.7404003,236.86578
6.75375,236.86578
6.7722154,238.66205
6.7875237,238.66205
6.803031,238.66205
6.819341,230.30652
6.8363504,230.30652
6.8542986,232.79419
6.8702235,232.79419
6.887599,218.2334
6.9032454,218.2334
6.919849,218.2334
6.937579,217.93646
6.953241,217.93646
6.9709926,209.88916
6.9862285,209.88916
7.0044713,211.75977
7.0223646,211.75977
7.036463,211.75977
7.055954,203.0802
7.0694313,203.0802
7.0861654,203.0802
7.1034594,203.0802
7.123536,202.88776
7.142244,199.45569
7.154043,199.45569
7.170447,201.00134
7.186239,201.00134
7.203893,196.29382
7.220106,196.29382
7.237395,196.29382
7.2541957,198.36389
7.2691345,198.36389
7.2863436,194.59528
7.3039308,194.59528
7.3199625,194.59528
7.338721,196.0149
7.354075,196.0149
7.37479,191.64551
7.3876987,191.64551
7.403991,192.59088
7.4208164,192.59088
7.43696,192.59088
7.4551086,190.18591
7.4699016,190.18591
7.4878807,194.22394
7.503567,194.22394
7.5205374,194.22394
7.5373974,190.86865
7.552496,190.86865
7.5717607,189.71722
7.5853333,189.71722
7.602894,189.71722
7.6215425,188.24438
7.6358523,188.24438
7.656856,188.45483
7.669535,188.45483
7.685839,185.60052
7.704929,185.60052
7.7194304,185.60052
7.736589,187.67621
7.7532163,187.67621
7.7707443,183.28705
7.7873864,183.28705
7.8039923,185.53967
7.8215747,185.53967
7.8357577,185.53967
7.854903,182.25159
7.8705063,182.25159
7.8866568,184.1784
7.904595,184.1784
7.919721,184.1784
7.9377604,181.79028
7.9526258,181.79028
7.9718065,182.27649
7.987465,182.27649
8.003385,182.77429
8.021511,182.77429
8.036078,182.77429
8.056527,178.78284
8.069861,178.78284
8.086133,175.51941
8.104838,175.51941
8.119721,175.51941
8.138171,176.64355
8.156672,176.64355
8.172631,176.64355
8.190574,175.73969
8.203866,176.38763
8.220175,176.38763
8.236575,176.38763
8.254256,172.50482
8.269585,172.50482
8.287893,174.38141
8.304163,174.38141
8.318879,174.38141
8.337934,175.09692
8.353898,175.09692
8.37085,175.28448
8.386444,175.28448
8.4035845,173.6557
8.421033,173.6557
8.436222,173.6557
8.457197,172.89917
8.469552,172.89917
8.486564,174.84229
8.504035,174.84229
8.521047,174.84229
8.539923,174.67938
8.554818,174.67938
8.572733,174.76306
8.587973,174.76306
8.604824,176.43933
8.621309,176.43933
8.636492,176.43933
8.653129,177.36359
8.669136,177.36359
8.690093,176.98102
8.704405,176.98102
8.719568,176.98102
8.739125,177.42206
8.754145,177.42206
8.77169,179.0932
8.7875805,179.0932
8.804707,178.42657
8.820825,178.42657
8.836011,178.42657
8.855732,178.03857
8.870745,178.03857
8.888898,177.12366
8.904008,177.12366
8.919293,177.12366
8.938546,178.11792
8.953058,178.11792
8.971602,173.20367
8.986285,173.20367
9.004272,173.77032
9.020193,173.77032
9.037671,173.77032
9.054349,169.25916
9.069627,169.25916
9.088928,168.27002
9.1033325,168.27002
9.120457,168.27002
9.13894,166.65631
9.154171,166.65631
9.170667,170.96143
9.186559,170.96143
9.203165,170.96143
9.221406,167.10162
9.237537,167.10162
9.254147,167.45117
9.269745,167.45117
9.288004,164.30658
9.303364,164.30658
9.319675,164.30658
9.338385,167.05615
9.353849,167.05615
9.375141,163.13867
9.387311,163.13867
9.404375,164.8963
9.420959,164.8963
9.437309,164.8963
9.455063,163.67352
9.469155,163.67352
9.488351,165.27167
9.50301,165.27167
9.521303,165.27167
9.539076,162.29907
9.55449,162.29907
9.571184,162.74689
9.586121,162.74689
9.610388,165.97375
9.621886,165.97375
9.635637,165.97375
9.657134,166.86224
9.670219,166.86224
9.687497,168.74097
9.703613,168.74097
9.721158,168.74097
9.738569,171.6474
9.754844,171.6474
9.771574,171.75037
9.788078,171.75037
9.807834,173.57013
9.820936,173.57013
9.836263,173.57013
9.85589,172.9917
9.870053,172.9917
9.88745,173.47461
9.902522,173.47461
9.919179,173.47461
9.938613,174.33545
9.953845,174.33545
9.974336,175.52686
9.986323,175.52686
10.004205,174.36206
10.020984,174.36206
10.036723,174.36206
10.055406,174.10278
10.070242,174.10278
10.088234,171.58234
10.105037,171.58234
10.120207,171.58234
10.138176,173.14233
10.153411,173.14233
10.171006,174.84235
10.186254,174.84235
10.203723,174.00378
10.220321,174.00378
10.2365,174.00378
10.254684,171.81683
10.269771,171.81683
10.286816,173.59497
10.3054695,173.59497
10.31981,173.59497
10.338962,172.17615
10.352865,172.17615
10.372098,172.11774
10.386984,172.11774
10.404136,169.02301
10.420736,169.02301
10.438759,169.02301
10.458569,169.12292
10.469975,169.12292
10.491432,167.9035
10.503319,167.9035
10.523531,168.08063
10.539525,168.08063
10.55379,168.08063
10.57139,164.66132
10.587438,164.66132
10.603088,164.66132
10.621634,164.83997
10.637092,164.83997
10.655418,163.52667
10.671363,163.52667
10.688597,165.26556
10.703346,165.26556
10.719551,165.26556
10.74139,161.19159
10.753478,161.19159
10.775581,162.35571
10.786967,162.35571
10.803924,161.23083
10.821866,161.23083
10.837349,161.23083
10.85898,162.08734
10.872031,162.08734
10.888087,160.01965
10.9039545,160.01965
10.919888,160.01965
10.937053,160.96716
10.953422,160.96716
10.971625,160.14917
10.987193,160.14917
11.004407,161.21478
11.0213175,161.21478
11.037306,161.21478
11.056129,157.44519
11.071197,157.44519
11.088329,160.01361
11.104176,160.01361
11.121344,160.01361
11.138545,156.56366
11.154188,156.56366
11.174208,162.14685
11.186114,162.14685
11.203888,158.7597
11.221715,158.7597
11.237648,158.7597
11.25501,160.82599
11.271069,160.82599
11.288435,159.67163
11.304959,159.67163
11.321245,159.67163
11.338783,163.0747
11.354725,163.0747
11.37341,161.99835
11.387072,161.99835
11.403506,161.87708
11.420827,161.87708
11.437429,161.87708
11.45446,160.78894
11.469474,160.78894
11.491192,161.36963
11.504378,161.36963
11.520644,161.36963
11.5377865,160.27313
11.552322,160.27313
11.571346,161.73584
11.586545,161.73584
11.6043625,162.23114
11.621007,162.23114
11.636367,162.23114
11.655302,163.36859
11.670275,163.36859
11.687585,160.42285
11.703523,160.42285
11.719942,160.42285
11.738434,165.89923
11.753145,165.89923
11.771339,163.8089
11.787131,163.8089
11.804931,166.86475
11.822149,166.86475
11.837493,166.86475
11.854867,167.156
11.870418,167.156
11.891234,165.94391
11.903721,165.94391
11.919417,165.94391
11.938819,166.83289
11.954042,166.83289
11.970784,168.76678
11.987529,168.76678
12.002459,168.76678
12.021359,170.1145
12.036076,170.1145
12.0565815,169.56396
12.069351,169.56396
12.088314,170.06384
12.103441,170.06384
12.12023,170.06384
12.138391,173.3515
12.154402,173.3515
12.171968,175.49963
12.187029,175.49963
12.20348,177.0216
12.221001,177.0216
12.237867,177.0216
12.255678,178.05927
12.270992,178.05927
12.289422,179.60516
12.304008,179.60516
12.320812,179.60516
12.337839,182.20715
12.353103,182.20715
12.371826,182.03607
12.386154,182.03607
12.403532,182.79266
12.421804,182.79266
12.437326,182.79266
12.455067,186.67413
12.470574,186.67413
12.4925785,189.43158
12.504887,189.43158
12.520554,189.43158
12.53824,190.98132
12.554535,190.98132
12.575257,192.19183
12.586762,192.19183
12.603694,193.5523
12.621506,193.5523
12.636744,193.5523
12.654678,195.61365
12.669396,195.61365
12.691884,195.59747
12.703461,195.59747
12.719609,195.59747
12.738642,196.00793
12.75243,196.00793
12.771664,197.34662
12.787489,197.34662
12.804318,197.23859
12.820236,197.23859
12.836289,197.23859
12.857233,197.63586
12.870117,197.63586
12.886736,198.38141
12.904898,198.38141
12.920152,198.38141
12.938476,199.69135
12.95372,199.69135
12.972568,201.43274
12.986585,201.43274
13.004381,203.77032
13.020801,203.77032
13.037598,203.77032
13.055693,201.44879
13.0695505,201.44879
13.088755,201.94598
13.103579,201.94598
13.119483,201.94598
13.138599,203.05743
13.1540575,203.05743
13.173242,207.89435
13.186369,207.89435
13.203719,208.47278
13.220264,208.47278
13.236351,208.47278
13.254317,211.20709
13.270483,211.20709
13.286992,211.2196
13.304159,211.2196
13.33324,212.46906
13.348255,212.46906
13.357285,212.46906
13.375393,212.49603
13.391167,212.49603
13.40843,214.8949
13.423238,214.8949
13.439857,214.8949
13.45892,217.50336
13.474403,217.50336
13.492036,220.93866
13.506983,220.93866
13.524838,221.66028
13.5422,221.66028
13.558626,221.66028
13.576199,223.26831
13.591457,223.26831
13.610201,224.16797
13.624613,224.16797
13.641133,224.16797
13.659424,227.78064
13.673278,227.78064
13.692739,226.47522
13.707289,226.47522
13.724179,230.65271
13.741107,230.65271
13.75798,230.65271
13.776415,231.5592
13.792413,231.5592
13.809075,233.12842
13.824138,233.12842
13.840456,233.12842
13.858914,232.36835
13.873952,232.36835
13.8922,236.47192
13.906806,236.47192
13.92401,235.97528
13.9408,235.97528
13.957429,235.97528
13.975734,238.43231
13.990051,238.43231
14.008669,240.15271
14.024576,240.15271
14.040842,240.15271
14.057373,240.6712
14.074636,240.6712
14.09249,238.82996
14.107804,238.82996
14.124435,240.15594
14.14143,240.15594
14.157364,240.15594
14.175916,242.91956
14.19064,242.91956
14.211775,243.91113
14.223985,243.91113
14.2409525,243.91113
14.2581625,244.85107
14.274253,244.85107
14.29211,245.70526
14.306872,245.70526
14.324562,243.97046
14.342587,243.97046
14.35695,243.97046
14.375379,245.92462
14.390905,245.92462
14.4092655,246.07361
14.424521,246.07361
14.440651,246.07361
14.458967,249.31549
14.474118,249.31549
14.492515,249.4458
14.507554,249.4458
14.524766,250.64539
14.543263,250.64539
14.556406,250.64539
14.577217,248.43317
14.590728,248.43317
14.608835,251.12012
14.624575,251.12012
14.6413555,251.12012
14.658167,249.35278
14.674463,249.35278
14.692232,249.95245
14.70726,249.95245
14.723451,252.83063
14.7416115,252.83063
14.75685,252.83063
14.776894,252.67438
14.790777,252.67438
14.808578,250.68726
14.82373,250.68726
14.8408165,250.68726
14.858581,250.61206
14.874252,250.61206
14.892896,249.25482
14.908004,249.25482
14.92454,252.93317
14.942416,252.93317
14.957486,252.93317
14.975458,248.78845
14.991718,248.78845
15.012736,250.45001
15.026176,250.45001
15.040731,250.45001
15.05902,246.05737
15.074275,246.05737
15.094088,245.9826
15.107526,245.9826
15.124149,243.52692
15.1414175,243.52692
15.157451,243.52692
15.178497,248.87036
15.190969,248.87036
15.212994,247.7044
15.223922,247.7044
15.24072,247.7044
15.257777,247.67133
15.2738495,247.67133
15.291847,246.28711
15.307825,246.28711
15.324064,249.22864
15.3424015,249.22864
15.357597,249.22864
15.375266,245.26788
15.390526,245.26788
15.40903,246.94019
15.423779,246.94019
15.440638,246.94019
15.459884,247.59827
15.474733,247.59827
15.492065,250.3424
15.5066185,250.3424
15.524811,247.16254
15.541469,247.16254
15.558717,247.16254
15.575576,248.87152
15.590468,248.87152
15.608698,247.3529
15.624791,247.3529
15.641313,247.3529
15.660146,250.13763
15.675296,250.13763
15.692855,247.73737
15.707305,247.73737
15.723412,248.00006
15.74157,248.00006
15.757814,248.00006
15.775749,247.0351
15.792017,247.0351
15.810145,247.70392
15.823925,247.70392
15.842318,247.70392
15.858116,246.55566
15.874287,246.55566
15.893312,246.24219
15.90826,246.24219
15.9275875,246.64172
15.941162,246.64172
15.959014,246.64172
15.977535,248.56897
15.994507,248.56897
16.012707,247.11566
16.025469,247.11566
16.041899,247.11566
16.058786,246.40918
16.074705,246.40918
16.092703,242.4469
16.106554,242.4469
16.123894,243.93762
16.141354,243.93762
16.157484,243.93762
16.17586,248.16779
16.190407,248.16779
16.208893,246.42615
16.223671,246.42615
16.239426,246.42615
16.258812,244.91705
16.274298,244.91705
16.296225,246.47284
16.308485,246.47284
16.324265,245.67657
16.342226,245.67657
16.356483,245.67657
16.37628,245.63483
16.39132,245.63483
16.407898,241.77594
16.425703,241.77594
16.44092,241.77594
16.46279,244.55133
16.473976,244.55133
16.491375,244.08374
16.508978,244.08374
16.524733,248.24744
16.542404,248.24744
16.556887,248.24744
16.576029,244.15393
16.590906,244.15393
16.608963,247.17468
16.624977,247.17468
16.64177,247.17468
16.659739,247.74805
16.673847,247.74805
16.691898,247.45135
16.70719,247.45135
16.724169,245.73236
16.742153,245.73236
16.758936,245.73236
16.775927,247.03986
16.792274,247.03986
16.81001,245.98492
16.823856,245.98492
16.84167,245.98492
16.85856,247.88843
16.874792,247.88843
16.893234,243.47333
16.907625,243.47333
16.924198,246.93225
16.941284,246.93225
16.958685,246.93225
16.975708,245.00458
16.990557,245.00458
17.010237,247.22876
17.025259,247.22876
17.041782,247.22876
17.059246,241.15137
17.07454,241.15137
17.092245,244.8501
17.109434,244.8501
17.126266,242.51782
17.14325,242.51782
17.157745,242.51782
17.175695,245.35315
17.192324,245.35315
17.209143,240.93488
17.225708,240.93488
17.240719,240.93488
17.259888,241.33246
17.27366,241.33246
17.29165,242.22778
17.307362,242.22778
17.323961,244.53381
17.342472,244.53381
17.357286,244.53381
17.374243,242.29755
17.390745,242.29755
17.408344,244.00122
17.423462,244.00122
17.457626,244.29578
17.469734,244.29578
17.481857,244.29578
17.499947,246.81842
17.515106,246.81842
17.533087,245.23865
17.548462,245.23865
17.564419,246.88403
17.582325,246.88403
17.598808,246.88403
17.616524,246.23828
17.632046,246.23828
17.649494,246.45923
17.665142,246.45923
17.681606,246.45923
17.698578,242.94995
17.716393,242.94995
17.732279,243.72467
17.747574,243.72467
17.765135,241.52777
17.78247,241.52777
17.798,241.52777
17.817474,242.0003
17.832062,242.0003
17.85362,238.57715
17.865368,238.57715
17.883461,239.16016
17.899658,239.16016
17.915054,239.16016
17.93565,238.0827
17.948296,238.0827
17.967026,238.06055
17.983461,238.06055
17.998238,238.06055
18.017296,235.38788
18.032133,235.38788
18.04966,235.64417
18.064669,235.64417
18.083658,225.12842
18.099594,225.12842
18.115149,225.12842
18.137138,225.05084
18.150099,225.05084
18.169756,227.10162
18.183165,227.10162
18.198181,227.10162
18.217514,223.91217
18.230782,223.91217
18.249222,220.64111
18.26505,220.64111
18.281328,220.64111
18.300652,222.48938
18.315584,222.48938
18.334461,218.37091
18.34982,218.37091
18.366587,218.31445
18.383154,218.31445
18.39941,218.31445
18.417658,214.74127
18.432037,214.74127
18.450459,214.52203
18.46563,214.52203
18.482162,214.52203
18.500141,213.32819
18.516546,213.32819
18.534246,215.48706
18.550953,215.48706
18.568668,213.4281
18.585852,213.4281
18.598898,213.4281
18.617825,212.9743
18.631067,212.9743
18.650063,209.84888
18.665169,209.84888
18.682312,209.84888
18.700897,207.80133
18.715511,207.80133
18.73273,205.12225
18.748003,205.12225
18.765484,204.01215
18.783222,204.01215
18.798273,204.01215
18.816898,201.53009
18.833117,201.53009
18.850306,200.8711
18.865547,200.8711
18.88224,200.8711
18.900612,195.77032
18.915443,195.77032
18.933468,197.0556
18.948692,197.0556
18.966797,192.315
18.98318,192.315
18.998392,192.315
19.016296,195.63202
19.03188,195.63202
19.048851,190.38751
19.065619,190.38751
19.082235,190.38751
19.099775,188.78375
19.114653,188.78375
19.133411,189.88611
19.148354,189.88611
19.167953,192.51227
19.183313,192.51227
19.197592,192.51227
19.217813,187.42767
19.232859,187.42767
19.249878,186.28668
19.26502,186.28668
19.282433,186.28668
19.300291,185.25659
19.314909,185.25659
19.334867,186.16461
19.349209,186.16461
19.366598,183.34589
19.38399,183.34589
19.399202,183.34589
19.417032,186.46533
19.432236,186.46533
19.450342,184.66937
19.464426,184.66937
19.482477,184.66937
19.500597,185.46423
19.529705,185.37195
19.541939,185.37195
19.554047,185.37195
19.572737,183.87408
19.588287,183.87408
19.604277,186.00061
19.622103,186.00061
19.63736,186.00061
19.655783,186.43127
19.671448,186.43127
19.689014,182.82098
19.703838,182.82098
19.721113,182.82098
19.738602,184.27228
19.754623,184.27228
19.772226,181.698
19.789192,181.698
19.805326,181.85791
19.822645,181.85791
19.839209,181.85791
19.85578,180.99341
19.872013,180.99341
19.888756,180.59998
19.904932,180.59998
19.921013,180.59998
19.93928,179.69159
19.963104,179.69159
19.975618,182.21527
19.987946,182.21527
20.004097,182.84918
20.022236,182.84918
20.037613,182.84918
20.055643,180.396
20.070614,180.396
20.088467,179.195
20.103794,179.195
20.122015,179.195
20.139675,178.55841
20.15428,178.55841
20.171614,180.6399
20.18792,180.6399
20.204428,180.59528
20.221668,180.59528
20.237621,180.59528
20.25462,177.268
20.271482,177.268
20.289553,177.03992
20.303686,177.03992
20.322159,177.03992
20.339687,177.00946
20.353931,177.00946
20.372574,178.3125
20.387938,178.3125
20.404408,176.01782
20.421852,176.01782
20.438173,176.01782
20.456022,177.15808
20.471268,177.15808
20.493269,177.68866
20.505318,177.68866
20.52159,177.68866
20.539843,177.53558
20.55385,177.53558
20.572544,175.17395
20.58787,175.17395
20.604797,175.08453
20.622498,175.08453
20.637836,175.08453
20.655128,174.30597
20.670631,174.30597
20.689331,175.56134
20.705507,175.56134
20.721334,175.56134
20.738829,173.10028
20.754099,173.10028
20.772821,174.34528
20.788004,174.34528
20.804205,171.66193
20.8234,171.66193
20.839544,171.66193
20.855986,173.9494
20.870739,173.9494
20.88923,174.23145
20.904705,174.23145
20.921038,174.23145
20.939934,174.93353
20.953878,174.93353
20.973137,174.10101
20.987915,174.10101
21.00478,175.86145
21.021936,175.86145
21.037916,175.86145
21.055109,173.50555
21.070942,173.50555
21.088072,173.25037
21.104298,173.25037
21.121164,173.25037
21.139305,172.25848
21.15492,172.25848
21.173218,176.56952
21.187103,176.56952
21.205503,170.7713
21.221975,170.7713
21.236883,170.7713
21.2559,173.29736
21.271027,173.29736
21.290142,171.5036
21.303814,171.5036
21.321579,171.5036
21.339281,174.49261
21.35471,174.49261
21.372717,170.19232
21.387947,170.19232
21.405012,172.17792
21.421278,172.17792
21.438482,172.17792
21.455662,172.83624
21.471584,172.83624
21.489382,173.6828
21.50437,173.6828
21.522617,173.6828
21.539822,172.55878
21.55362,172.55878
21.572372,173.54547
21.587189,173.54547
21.604576,173.57294
21.621368,173.57294
21.637209,173.57294
21.65607,174.58856
21.671566,174.58856
21.692446,173.51685
21.70541,173.51685
21.720518,173.51685
21.73965,175.23529
21.755142,175.23529
21.776114,173.8678
21.788074,173.8678
21.804678,173.84998
21.822748,173.84998
21.837366,173.84998
21.858599,173.72748
21.871635,173.72748
21.889906,174.44098
21.905416,174.44098
21.92073,174.44098
21.939833,176.43024
21.954515,176.43024
21.97305,176.4635
21.987747,176.4635
22.005157,176.2514
22.02237,176.2514
22.037832,176.2514
22.054749,177.00977
22.072197,177.00977
22.091232,171.85388
22.103977,171.85388
22.121744,171.85388
22.139692,173.33801
22.15406,173.33801
22.174084,175.82684
22.18724,175.82684
22.204659,176.14435
22.221529,176.14435
22.237974,176.14435
22.255518,172.65247
22.27166,172.65247
22.290377,175.45789
22.30442,175.45789
22.320147,175.45789
22.339275,176.10132
22.35467,176.10132
22.372301,177.71283
22.389053,177.71283
22.404362,175.7583
22.421127,175.7583
22.437855,175.7583
22.456274,176.06921
22.470383,176.06921
22.489166,176.19098
22.504187,176.19098
22.52117,176.19098
22.53979,175.99402
22.554953,175.99402
22.57304,175.03516
22.586948,175.03516
22.60835,176.0794
22.621805,176.0794
22.639212,176.0794
22.65847,176.19244
22.672472,176.19244
22.693275,178.47955
22.703972,178.47955
22.721497,178.47955
22.742851,177.7489
22.756456,177.7489
22.774315,179.09247
22.788568,179.09247
22.805824,180.08136
22.822336,180.08136
22.838623,180.08136
22.855854,180.85254
22.87154,180.85254
22.888494,181.7569
22.90476,181.7569
22.92112,181.7569
22.939713,182.15466
22.972052,180.828
22.986465,180.828
22.998697,180.828
23.015675,182.59991
23.03111,182.59991
23.047264,178.54913
23.065817,178.54913
23.079395,178.54913
23.098818,180.448
23.113422,180.448
23.132015,177.85559
23.145359,177.85559
23.1636,181.0039
23.180944,181.0039
23.196926,181.0039
23.215204,176.71112
23.229473,176.71112
23.249556,178.33752
23.26368,178.33752
23.280539,178.33752
23.297913,177.21613
23.313963,177.21613
23.33049,180.30493
23.346727,180.30493
23.36289,180.30493
23.380785,180.19373
23.396091,180.19373
23.415693,178.98901
23.431995,178.98901
23.448187,178.46515
23.464958,178.46515
23.48135,178.46515
23.498295,181.75043
23.51522,181.75043
23.533554,178.6737
23.549265,178.6737
23.56474,180.64575
23.581844,180.64575
23.596312,180.64575
23.616089,180.58197
23.63114,180.58197
23.651512,183.33484
23.66247,183.33484
23.680115,183.33484
23.699768,182.85864
23.713419,182.85864
23.732304,187.13586
23.748253,187.13586
23.765066,185.61139
23.781153,185.61139
23.796108,185.61139
23.814487,189.41699
23.83047,189.41699
23.848774,193.2254
23.864178,193.2254
23.880003,193.2254
23.898287,193.8493
23.91355,193.8493
23.932138,194.04443
23.947031,194.04443
23.964956,196.65399
23.981197,196.65399
23.99723,196.65399
24.016266,197.25323
24.029566,197.25323
24.051546,196.54663
24.06348,196.54663
24.08012,196.54663
24.098143,195.3352
24.11377,195.3352
24.135372,197.02606
24.1469,197.02606
24.164852,198.3664
24.180862,198.3664
24.195618,198.3664
24.216185,199.88843
24.229927,199.88843
24.247425,200.94348
24.262863,200.94348
24.280855,200.94348
24.298891,202.54456
24.314508,202.54456
24.331474,205.79346
24.346653,205.79346
24.374357,208.51929
24.385342,208.51929
24.398151,208.51929
24.416811,209.76154
24.431885,209.76154
24.451605,212.38574
24.46474,212.38574
24.481644,212.38574
24.500975,215.35626
24.515667,215.35626
24.53321,219.14429
24.548325,219.14429
24.564926,222.70471
24.581964,222.70471
24.598434,222.70471
24.615799,224.64679
24.631464,224.64679
24.651937,229.46075
24.664637,229.46075
24.683428,229.46075
24.701536,232.86261
24.716463,232.86261
24.73424,233.83765
24.749046,233.83765
24.76605,236.62433
24.783241,236.62433
24.798105,236.62433
24.815706,234.2124
24.83196,234.2124
24.853233,234.74127
24.866095,234.74127
24.881165,234.74127
24.899551,235.7912
24.915348,235.7912
24.934109,239.7442
24.94874,239.7442
24.96623,242.28455
24.98352,242.28455
24.99816,242.28455
25.015995,248.2638
25.031914,248.2638
25.05058,247.27118
25.063885,247.27118
25.082361,247.27118
25.09954,252.14923
25.13435,253.92377
25.151247,253.92377
25.159998,253.92377
25.176273,255.00275
25.192451,255.00275
25.210407,250.07257
25.225807,250.07257
25.24238,250.07257
25.258945,253.03186
25.275293,253.03186
25.295383,258.6255
25.308445,258.6255
25.32562,258.4223
25.342634,258.4223
25.358528,258.4223
25.375374,253.09735
25.392456,253.09735
25.40951,254.61469
25.424349,254.61469
25.441483,254.61469
25.461388,254.15277
25.475065,254.15277
25.497303,259.528
25.509184,259.528
25.525885,255.46399
25.543425,255.46399
25.558521,255.46399
25.577595,259.503
25.592426,259.503
25.60996,256.73486
25.625883,256.73486
25.642448,256.73486
25.660328,260.04968
25.675406,260.04968
25.693525,258.89966
25.708485,258.89966
25.727505,261.16296
25.742495,261.16296
25.759352,261.16296
25.77657,261.02942
25.792307,261.02942
25.809916,263.93274
25.825266,263.93274
25.843393,261.22034
25.860146,261.22034
25.875494,261.22034
25.894127,263.99664
25.909521,263.99664
25.926214,264.8802
25.942923,264.8802
25.958904,264.8802
25.977478,267.3888
25.992085,267.3888
26.00998,266.35437
26.026285,266.35437
26.042475,266.35437
26.060333,268.4483
26.075977,268.4483
26.094412,264.6678
26.108799,264.6678
26.126003,269.8905
26.14357,269.8905
26.16003,269.8905
26.178993,267.57416
26.192808,267.57416
26.210855,267.19373
26.22484,267.19373
26.242027,267.19373
26.259516,268.67963
26.274757,268.67963
26.293638,271.66357
26.309505,271.66357
26.32592,270.28815
26.34414,270.28815
26.358416,270.28815
26.377476,271.9165
26.39281,271.9165
26.41059,272.1388
26.424688,272.1388
26.442678,272.1388
26.4611,273.58636
26.474977,273.58636
26.494385,278.09283
26.509611,278.09283
26.529142,280.11865
26.54323,280.11865
26.55877,280.11865
26.576529,277.35132
26.59158,277.35132
26.61148,279.69086
26.62513,279.69086
26.642483,279.69086
26.660791,279.36908
26.675959,279.36908
26.69701,280.4754
26.709,280.4754
26.728363,278.72913
26.74142,278.72913
26.758308,278.72913
26.777042,278.09503
26.792831,278.09503
26.81061,278.06018
26.825464,278.06018
26.841291,278.06018
26.861403,279.33844
26.875956,279.33844
26.89586,278.36115
26.908407,278.36115
26.929838,278.45734
26.942513,278.45734
26.958765,278.45734
26.978714,278.4297
26.99252,278.4297
27.00975,280.16846
27.024895,280.16846
27.043468,277.12805
27.060892,277.12805
27.075247,277.12805
27.094006,277.472
27.108334,277.472
27.12513,275.56805
27.144304,275.56805
27.159756,275.56805
27.176807,280.7301
27.19224,280.7301
27.209063,278.15735
27.227304,278.15735
27.242346,278.15735
27.260065,278.67853
27.275229,278.67853
27.294153,278.3084
27.30841,278.3084
27.32575,280.47614
27.343996,280.47614
27.357935,280.47614
27.376743,278.41467
27.392046,278.41467
27.409908,277.49878
27.424768,277.49878
27.4425,277.49878
27.459877,277.68103
27.476156,277.68103
27.497906,279.11987
27.507833,279.11987
27.526478,275.64447
27.543667,275.64447
27.559055,275.64447
27.577047,276.0224
27.59247,276.0224
27.60923,273.83344
27.626137,273.83344
27.641342,273.83344
27.659424,277.06873
27.676327,277.06873
27.693258,275.7599
27.708767,275.7599
27.735802,275.32574
27.746778,275.32574
27.760172,275.32574
27.778383,273.94806
27.792952,273.94806
27.811087,274.373
27.826889,274.373
27.844095,272.8034
27.860586,272.8034
27.875725,272.8034
27.89522,274.42596
27.90894,274.42596
27.92817,275.10492
27.943085,275.10492
27.959166,275.10492
27.977417,274.88867
27.99389,274.88867
28.011156,273.68408
28.026476,273.68408
28.04349,273.0481
28.060904,273.0481
28.076708,273.0481
28.094986,273.14844
28.10855,273.14844
28.125917,270.71185
28.142757,270.71185
28.158865,270.71185
28.178242,273.65515
28.193087,273.65515
28.211092,272.35034
28.225605,272.35034
28.244549,269.80182
28.259573,269.80182
28.275581,269.80182
28.298248,269.65582
28.310608,269.65582
28.32635,271.5174
28.34466,271.5174
28.372904,272.68268
28.384216,272.68268
28.397131,272.68268
28.415771,269.26892
28.42963,269.26892
28.448507,270.19537
28.46381,270.19537
28.480236,270.19537
28.498327,270.8515
28.512938,270.8515
28.53292,272.49292
28.547358,272.49292
28.564495,269.48987
28.579865,269.48987
28.598352,269.48987
28.614674,271.3994
28.6299,271.3994
28.648682,270.9605
28.662462,270.9605
28.680616,270.9605
28.698458,271.331
28.712976,271.331
28.735756,268.99298
28.746994,268.99298
28.764824,270.029
28.780802,270.029
28.797155,270.029
28.814306,270.9143
28.83005,270.9143
28.853018,272.31372
28.863918,272.31372
28.880386,272.31372
28.897781,269.79688
28.91445,269.79688
28.931969,269.87463
28.947035,269.87463
28.96438,268.83142
28.981152,268.83142
28.996246,268.83142
29.016443,268.99054
29.029177,268.99054
29.047903,265.66406
29.063501,265.66406
29.079447,265.66406
29.098486,267.0484
29.113415,267.0484
29.131044,266.03284
29.145967,266.03284
29.164244,273.17273
29.180397,273.17273
29.197226,273.17273
29.21654,267.15265
29.230175,267.15265
29.251709,266.03973
29.263176,266.03973
29.280249,266.03973
29.298723,264.47333
29.313322,264.47333
29.33397,269.01794
29.347439,269.01794
29.365591,264.8133
29.38131,264.8133
29.396454,264.8133
29.416199,269.23425
29.429867,269.23425
29.448503,266.9303
29.463444,266.9303
29.480858,266.9303
29.49972,269.42096
29.514158,269.42096
29.5322,266.284
29.546967,266.284
29.563492,267.48798
29.5801,267.48798
29.596422,267.48798
29.615547,267.7896
29.629475,267.7896
29.647602,266.87854
29.662739,266.87854
29.681032,266.87854
29.699396,263.4759
29.714119,263.4759
29.731787,264.01355
29.747704,264.01355
29.76304,264.01355
29.782097,259.48053
29.797136,259.48053
29.815487,260.85406
29.829617,260.85406
29.852581,257.1872
29.86378,257.1872
29.8795,257.1872
29.898056,257.08136
29.9144,257.08136
29.932339,254.0669
29.946207,254.0669
29.964977,254.74323
29.982101,254.74323
29.998075,254.74323
30.01604,250.9032
30.030117,250.9032
30.048382,252.81384
30.063759,252.81384
30.079826,252.81384
30.097607,243.90344
30.112972,243.90344
30.13153,241.909
30.14811,241.909
30.163916,244.98346
30.182516,244.98346
30.1968,244.98346
30.216402,240.27692
30.229448,240.27692
30.248768,238.29028
30.263992,238.29028
30.280575,238.29028
30.29914,237.18536
30.313946,237.18536
30.332878,234.86212
30.34673,234.86212
30.362473,234.86212
30.380817,231.74835
30.404293,231.74835
30.417492,229.02832
30.430925,229.02832
30.449303,230.50732
30.464767,230.50732
30.480581,230.50732
30.498623,227.91455
30.512903,227.91455
30.531487,229.71692
30.546873,229.71692
30.564116,226.07367
30.580452,226.07367
30.59707,226.07367
30.617373,223.87042
30.629953,223.87042
30.647955,221.07318
30.664766,221.07318
30.680769,221.07318
30.69746,219.8114
30.71307,219.8114
30.731394,215.70184
30.746607,215.70184
30.765026,216.59424
30.78056,216.59424
30.798061,216.59424
30.816578,213.06787
30.831135,213.06787
30.852556,212.18225
30.863432,212.18225
30.88291,212.18225
30.901217,207.65802
30.914652,207.65802
30.933983,209.19391
30.946539,209.19391
30.966318,205.28235
30.981142,205.28235
30.996468,205.28235
31.01646,206.12079
31.030512,206.12079
31.049236,198.98755
31.064432,198.98755
31.08078,198.98755
31.099392,199.0719
31.114145,199.0719
31.131025,194.93341
31.147303,194.93341
31.164623,197.61926
31.181269,197.61926
31.196178,197.61926
31.216007,193.40088
31.231647,193.40088
31.248398,195.69348
31.263536,195.69348
31.280874,195.69348
31.29848,193.17065
31.314503,193.17065
31.331287,194.83777
31.347137,194.83777
31.36344,192.0097
31.380884,192.0097
31.396751,192.0097
31.41682,191.6521
31.430944,191.6521
31.448814,191.08325
31.464098,191.08325
31.481905,191.08325
31.496836,192.79492
31.5143,192.79492
31.533342,193.38733
31.554598,193.38733
31.568186,192.10571
31.581726,192.10571
31.597927,192.10571
31.614729,191.5799
31.631023,191.5799
31.64738,189.85999
31.664516,189.85999
31.68078,189.85999
31.699083,190.38177
31.713684,190.38177
31.731522,191.6156
31.747374,191.6156
31.764341,190.7768
31.781841,190.7768
31.796959,190.7768
31.814554,191.64978
31.830894,191.64978
31.848822,190.2547
31.863401,190.2547
31.881731,190.2547
31.897089,189.86713
31.9148,189.86713
31.93195,189.48383
31.947144,189.48383
31.962894,189.48383
31.980375,189.97064
31.996317,189.97064
32.01582,190.33295
32.030754,190.33295
32.049553,187.50818
32.063686,187.50818
32.082043,187.50818
32.098747,186.63177
32.11407,186.63177
32.130722,187.29852
32.148296,187.29852
32.164223,189.75421
32.181263,189.75421
32.196873,189.75421
32.215893,189.34735
32.231834,189.34735
32.24845,186.42084
32.2638,186.42084
32.2808,186.42084
32.297615,187.23444
32.314228,187.23444
32.331924,187.52808
32.34786,187.52808
32.36468,186.51068
32.380875,186.51068
32.397102,186.51068
32.415455,183.80322
32.43113,183.80322
32.44852,185.80334
32.463467,185.80334
32.481297,185.80334
32.499165,185.39954
32.514122,185.39954
32.533157,184.79071
32.54699,184.79071
32.56329,183.13739
32.580734,183.13739
32.598045,183.13739
32.61636,183.84924
32.63222,183.84924
32.648647,182.74182
32.664703,182.74182
32.680935,182.74182
32.698917,184.36969
32.71316,184.36969
32.734333,182.98236
32.748257,182.98236
32.764355,183.56299
32.780952,183.56299
32.79656,183.56299
32.81697,183.51361
32.83173,183.51361
32.848797,185.14734
32.864243,185.14734
32.880444,185.14734
32.897675,182.61646
32.913177,182.61646
32.934273,183.71295
32.947067,183.71295
32.964363,184.42572
32.98058,184.42572
32.997124,184.42572
33.016273,185.2992
33.03068,185.2992
33.048317,181.49017
33.06417,181.49017
33.080654,181.49017
33.098904,183.89008
33.113503,183.89008
33.13617,179.89172
33.148544,179.89172
33.16453,184.75543
33.181446,184.75543
33.19731,184.75543
33.21506,181.93707
33.229927,181.93707
33.24938,183.55841
33.26397,183.55841
33.28214,183.55841
33.299377,183.61511
33.315166,183.61511
33.333218,184.36603
33.348263,184.36603
33.363625,185.05731
33.380558,185.05731
33.396515,185.05731
33.41597,184.58838
33.42954,184.58838
33.449997,182.86499
33.46434,182.86499
33.480396,182.86499
33.497894,183.41943
33.514828,183.41943
33.532383,182.15259
33.547928,182.15259
33.56759,182.63531
33.58236,182.63531
33.598354,182.63531
33.616238,182.7873
33.631912,182.7873
33.648304,185.143
33.663223,185.143
33.68096,185.143
33.699345,181.52008
33.714516,181.52008
33.73129,182.52997
33.747036,182.52997
33.764923,182.1947
33.782906,182.1947
33.797863,182.1947
33.815525,183.97229
33.829468,183.97229
33.852463,182.33429
33.863583,182.33429
33.887863,184.76483
33.900467,184.76483
33.913456,184.76483
33.932484,184.5091
33.946846,184.5091
33.964863,184.82635
33.981537,184.82635
33.99762,184.82635
34.01746,184.95105
34.03049,184.95105
34.049595,182.39673
34.063873,182.39673
34.082176,182.39673
34.09926,181.64996
34.1135,181.64996
34.131443,181.81488
34.1469,181.81488
34.164654,183.57849
34.183517,183.57849
34.196827,183.57849
34.215855,184.88385
34.231243,184.88385
34.250248,180.46082
34.264023,180.46082
34.28116,180.46082
34.29964,183.03735
34.3142,183.03735
34.333477,183.50238
34.347126,183.50238
34.363758,184.02527
34.38227,184.02527
34.397625,184.02527
34.41761,183.82538
34.43057,183.82538
34.448578,183.39117
34.464912,183.39117
34.480793,183.39117
34.499233,184.58173
34.513546,184.58173
34.531258,185.35693
34.547443,185.35693
34.564884,183.94269
34.58248,183.94269
34.596302,183.94269
34.615227,185.69348
34.62934,185.69348
34.64822,186.20868
34.66434,186.20868
34.68123,186.20868
34.698917,188.09015
34.714127,188.09015
34.735275,188.65918
34.747723,188.65918
34.76461,189.41132
34.781178,189.41132
34.798016,189.41132
34.815796,188.72559
34.831352,188.72559
34.85244,191.0368
34.864155,191.0368
34.881187,191.0368
34.898567,190.25946
34.91286,190.25946
34.93271,190.67212
34.94683,190.67212
34.96482,189.05396
34.981735,189.05396
34.99768,189.05396
35.017254,190.66211
35.030052,190.66211
35.052517,186.38354
35.063423,186.38354
35.08101,186.38354
35.09955,186.62799
35.11366,186.62799
35.13169,187.54169
35.14844,187.54169
35.164185,190.9928
35.181805,190.9928
35.197495,190.9928
35.215515,188.25183
35.231503,188.25183
35.24772,188.50269
35.264034,188.50269
35.279903,188.50269
35.299656,187.69025
35.314774,187.69025
35.33347,188.84314
35.34877,188.84314
35.36643,187.70789
35.38158,187.70789
35.397377,187.70789
35.416077,187.18683
35.430645,187.18683
35.44864,186.6101
35.464924,186.6101
35.48124,186.6101
35.498016,187.51703
35.513138,187.51703
35.53298,185.93616
35.547146,185.93616
35.564777,185.72308
35.581367,185.72308
35.597847,185.72308
35.61574,184.05981
35.630997,184.05981
35.64773,185.5003
35.664066,185.5003
35.681637,185.5003
35.699554,184.92102
35.71373,184.92102
35.731476,185.83728
35.747665,185.83728
35.76523,186.0268
35.78179,186.0268
35.79798,186.0268
35.815464,187.37976
35.829693,187.37976
35.849762,185.39612
35.86337,185.39612
35.88129,185.39612
35.899715,185.90814
35.914253,185.90814
35.932774,185.33539
35.947758,185.33539
35.964542,186.73706
35.982063,186.73706
35.998028,186.73706
36.0,186.73706
