0.27751565,189.88763
0.28717145,189.88763
0.302753,191.35852
0.32038027,191.35852
0.33629525,190.16913
0.3522722,190.16913
0.36924702,190.32782
0.3852169,190.32782
0.4107264,190.32782
0.42173982,192.47308
0.43636936,192.47308
0.45411673,190.36328
0.4703792,190.36328
0.48813853,194.33582
0.5040023,194.33582
0.51990503,194.33582
0.53780764,196.43555
0.5519002,196.43555
0.570868,197.69946
0.5858039,197.69946
0.602942,197.69946
0.62117803,197.6062
0.63688844,197.6062
0.6547976,197.74567
0.66918147,197.74567
0.6859665,199.11682
0.7037005,199.11682
0.720983,199.11682
0.738009,198.95093
0.75296026,198.95093
0.7748642,201.38953
0.78702253,201.38953
0.8043375,205.02637
0.82116663,205.02637
0.83683246,205.02637
0.8546463,201.77252
0.8693399,201.77252
0.8859432,204.63275
0.90419114,204.63275
0.9194095,204.63275
0.9378969,203.53723
0.9522597,203.53723
0.97038764,203.2453
0.986395,203.2453
1.003764,206.91699
1.0209075,206.91699
1.0361017,206.91699
1.0552243,207.40515
1.0689268,207.40515
1.0916107,205.62848
1.1031797,205.62848
1.119391,205.62848
1.1382716,206.16779
1.152719,206.16779
1.1713632,207.21051
1.1871948,207.21051
1.2040684,207.67584
1.221539,207.67584
1.2360406,207.67584
1.2545851,209.53809
1.27035,209.53809
1.2864293,210.25922
1.3040367,210.25922
1.319884,210.25922
1.3383632,211.13373
1.3537681,211.13373
1.3712987,210.16498
1.3875072,210.16498
1.4028928,210.16498
1.4204726,212.47339
1.4367175,212.47339
1.454922,215.79114
1.4709058,215.79114
1.4875784,216.9627
1.5043026,216.9627
1.5195224,216.9627
1.5369824,217.94232
1.5535648,217.94232
1.571182,216.41968
1.5864449,216.41968
1.6043159,221.4433
1.6201532,221.4433
1.6363543,221.4433
1.6548386,219.96045
1.6696047,219.96045
1.6897254,220.50787
1.7014542,220.50787
1.7192073,220.50787
1.7379451,222.0144
1.753227,222.0144
1.7714747,221.49866
1.7856032,221.49866
1.8048825,221.49866
1.8224812,222.13232
1.8364148,222.13232
1.854533,221.8692
1.8700546,221.8692
1.8889549,224.60767
1.9039423,224.60767
1.9202747,224.60767
1.9377925,226.0979
1.9520622,226.0979
1.9703652,228.41504
1.9860395,228.41504
2.003722,228.41504
2.020087,228.72705
2.038204,228.72705
2.0571523,225.19397
2.0697577,225.19397
2.088351,227.50256
2.1028292,227.50256
2.1207979,227.50256
2.1380193,226.06128
2.153696,226.06128
2.171869,226.85681
2.1865141,226.85681
2.204309,229.12848
2.2211533,229.12848
2.236184,229.12848
2.2530742,225.93347
2.2700877,225.93347
2.2887166,227.6286
2.303371,227.6286
2.3200011,227.6286
2.3381667,227.5528
2.3542676,227.5528
2.3707495,230.3966
2.387093,230.3966
2.4041452,230.64246
2.4207723,230.64246
2.4373035,230.64246
2.4544976,230.63214
2.4706023,230.63214
2.4885168,230.67535
2.5038152,230.67535
2.521216,230.67535
2.540746,228.60675
2.553714,228.60675
2.571114,229.18842
2.5872803,229.18842
2.6040957,230.9187
2.62183,230.9187
2.6372643,230.9187
2.6580923,229.86621
2.6708968,229.86621
2.6882932,229.11554
2.7025754,229.11554
2.718817,229.11554
2.73764,231.38934
2.7535474,231.38934
2.7703238,231.24371
2.7869697,231.24371
2.8053,231.44781
2.8215938,231.44781
2.8363686,231.44781
2.854073,231.13007
2.8696156,231.13007
2.8885767,231.92993
2.9036822,231.92993
2.9200962,231.92993
2.9376438,229.4552
2.952983,229.4552
2.9708624,230.54028
2.987918,230.54028
3.0017164,230.54028
3.0215304,231.26404
3.0358334,231.26404
3.0548594,231.62384
3.0704293,231.62384
3.0863369,231.62524
3.1039214,231.62524
3.1194863,231.62524
3.1379113,232.60913
3.1536925,232.60913
3.1744604,234.15173
3.1871169,234.15173
3.2040534,236.73914
3.2213664,236.73914
3.2362826,236.73914
3.2558234,234.73926
3.2704477,234.73926
3.2893136,236.22754
3.3033414,236.22754
3.3215656,236.22754
3.3381538,234.79504
3.3519654,234.79504
3.3707802,234.0617
3.3862836,234.0617
3.4043767,231.08197
3.4206324,231.08197
3.4367557,231.08197
3.4546938,230.86237
3.4704103,230.86237
3.487896,228.65308
3.502808,228.65308
3.5196757,228.65308
3.5383983,228.75403
3.5541143,228.75403
3.5719001,226.50525
3.5866256,226.50525
3.602602,226.50525
3.6210353,227.51044
3.637092,227.51044
3.6577482,226.2898
3.6695886,226.2898
3.6884599,226.65784
3.7027638,226.65784
3.7208438,226.65784
3.7385097,228.02295
3.7536488,228.02295
3.7710197,227.67822
3.7906475,227.67822
3.804686,226.02008
3.8220203,226.02008
3.836033,226.02008
3.855845,226.18872
3.8688884,226.18872
3.8885665,225.53949
3.9017081,225.53949
3.9186747,225.53949
3.9380865,225.8529
3.9529915,225.8529
3.9718678,226.27081
3.9868462,226.27081
4.0027447,226.27081
4.021352,225.80847
4.0365057,225.80847
4.054417,223.20972
4.0703964,223.20972
4.0897408,223.49463
4.1029253,223.49463
4.1196356,223.49463
4.1383634,223.49524
4.153941,223.49524
4.17191,223.51147
4.1867757,223.51147
4.2039986,224.50537
4.221434,224.50537
4.236805,224.50537
4.2550025,224.3883
4.2712574,224.3883
4.2873325,224.388
4.3065114,224.388
4.320311,224.388
4.3375173,224.70703
4.354099,224.70703
4.375162,224.02155
4.3873334,224.02155
4.404272,223.86261
4.421275,223.86261
4.4372463,223.86261
4.458747,221.05048
4.470826,221.05048
4.4887795,220.28522
4.5027604,220.28522
4.5208025,220.28522
4.537518,222.8493
4.5523105,222.8493
4.5739813,222.19568
4.585783,222.19568
4.6019697,222.19568
4.6206346,223.26099
4.635889,223.26099
4.6535482,222.21057
4.6684904,222.21057
4.6883264,223.18713
4.7027507,223.18713
4.7185087,223.18713
4.738068,224.58148
4.7536325,224.58148
4.7700233,220.7638
4.7862926,220.7638
4.8036623,221.36578
4.821542,221.36578
4.8375964,221.36578
4.8551707,218.50897
4.869377,218.50897
4.8915873,218.9397
4.901739,218.9397
4.9197197,218.9397
4.9391975,221.55646
4.9529977,221.55646
4.9710436,221.07379
4.98779,221.07379
5.003891,220.83563
5.021159,220.83563
5.036,220.83563
5.05443,221.71558
5.0691886,221.71558
5.086212,221.02692
5.1047773,221.02692
5.1194706,221.02692
5.1367884,220.97437
5.15338,220.97437
5.1715956,222.30621
5.186346,222.30621
5.204794,222.68079
5.2212157,222.68079
5.2356734,222.68079
5.254557,222.15338
5.270224,222.15338
5.2865353,222.1684
5.305117,222.1684
5.319258,222.1684
5.3372326,222.23438
5.353223,222.23438
5.3711333,222.69165
5.386485,222.69165
5.4041634,219.87811
5.4207916,219.87811
5.436946,219.87811
5.454207,219.87225
5.4714503,219.87225
5.4863605,220.9654
5.504794,220.9654
5.5190115,220.9654
5.538168,220.22607
5.5529914,220.22607
5.571112,218.92737
5.587077,218.92737
5.6022887,218.92737
5.62149,219.77197
5.636981,219.77197
5.6575947,219.81677
5.671102,219.81677
5.6892924,221.8164
5.703497,221.8164
5.7185545,221.8164
5.7394743,216.73505
5.7525177,216.73505
5.770457,218.61017
5.7856245,218.61017
5.803544,215.89844
5.819776,215.89844
5.8368926,215.89844
5.854005,220.27112
5.8698654,220.27112
5.8909545,216.24146
5.90293,216.24146
5.9203243,216.24146
5.9379086,216.11328
5.953945,216.11328
5.975151,214.604
5.986632,214.604
6.0065217,214.604
6.0241494,214.38562
6.0378447,214.38562
6.0574036,212.45166
6.0685678,212.45166
6.086927,212.7074
6.1040053,212.7074
6.1197133,212.7074
6.1380396,212.67432
6.152935,212.67432
6.1709876,212.6466
6.1876516,212.6466
6.2039986,212.78821
6.221222,212.78821
6.2367077,212.78821
6.2546253,211.60986
6.2694235,211.60986
6.2875447,211.88403
6.303791,211.88403
6.3197474,211.88403
6.338981,212.6065
6.3533926,212.6065
6.3718433,210.25671
6.3873405,210.25671
6.404456,207.65558
6.4223237,207.65558
6.4368725,207.65558
6.454774,209.4076
6.469776,209.4076
6.4868526,208.35712
6.50573,208.35712
6.520401,208.35712
6.5379763,207.57758
6.5536857,207.57758
6.5712857,206.83093
6.5870004,206.83093
6.6037326,203.76196
6.6216054,203.76196
6.637998,203.76196
6.654503,202.55786
6.6695313,202.55786
6.6877913,203.177
6.7030854,203.177
6.7203116,203.177
6.736761,201.64685
6.7533603,201.64685
6.772001,199.63696
6.788092,199.63696
6.804608,199.15973
6.8212404,199.15973
6.8368573,199.15973
6.8539248,197.448
6.869706,197.448
6.886255,199.43677
6.903527,199.43677
6.92126,199.43677
6.937586,197.38977
6.952798,197.38977
6.969721,198.91907
6.986541,198.91907
7.004784,199.0509
7.020627,199.0509
7.036932,199.0509
7.0558224,199.50256
7.0694923,199.50256
7.0920453,199.50256
7.1028237,199.50256
7.12,192.17493
7.1379385,195.53925
7.1532116,195.53925
7.170021,197.56293
7.1871676,197.56293
7.2021565,197.56293
7.221208,195.79266
7.2367945,195.79266
7.2555075,191.78229
7.2703986,191.78229
7.2920065,194.23157
7.302524,194.23157
7.319566,194.23157
7.33832,192.18329
7.3532147,192.18329
7.375034,190.9779
7.386119,190.9779
7.403625,190.6347
7.421264,190.6347
7.4380956,190.6347
7.4582224,191.0564
7.4702673,191.0564
7.4881506,192.2973
7.503565,192.2973
7.51989,192.2973
7.538929,193.47028
7.5537133,193.47028
7.57048,194.24316
7.58612,194.24316
7.603754,190.42828
7.6202745,190.42828
7.636729,190.42828
7.6549606,190.74103
7.6692214,190.74103
7.6900625,192.43848
7.7026834,192.43848
7.7190695,192.43848
7.7381787,190.7586
7.7525945,190.7586
7.7716513,190.28961
7.786327,190.28961
7.8043957,191.35394
7.819966,191.35394
7.836968,191.35394
7.8553133,186.56787
7.8699293,186.56787
7.8887396,187.87701
7.902657,187.87701
7.920411,187.87701
7.938987,185.83936
7.953146,185.83936
7.9714108,185.02301
7.9875507,185.02301
8.004301,184.11853
8.020823,184.11853
8.036612,184.11853
8.055443,182.5022
8.069173,182.5022
8.085611,181.18555
8.104878,181.18555
8.118981,181.18555
8.137827,181.55164
8.152961,181.55164
8.170186,181.88055
8.186016,181.88055
8.202047,181.88055
8.222161,181.83966
8.236605,181.83966
8.255412,184.35034
8.269559,184.35034
8.287188,177.00891
8.303586,177.00891
8.320771,177.00891
8.337771,177.24884
8.353871,177.24884
8.371295,180.22296
8.387533,180.22296
8.403116,180.22296
8.420283,180.06372
8.437191,180.06372
8.454887,178.12689
8.470695,178.12689
8.488167,179.98285
8.503274,179.98285
8.520687,179.98285
8.53827,177.09998
8.553386,177.09998
8.57086,176.53668
8.586873,176.53668
8.60349,180.65631
8.6234455,180.65631
8.638157,180.65631
8.655091,180.9956
8.671714,180.9956
8.689995,178.36957
8.702762,178.36957
8.719814,178.36957
8.738854,177.99036
8.754191,177.99036
8.770722,177.60663
8.78832,177.60663
8.804273,177.56055
8.8214035,177.56055
8.837998,177.56055
8.8534,177.28607
8.869244,177.28607
8.889318,176.38263
8.904432,176.38263
8.9205885,176.38263
8.937448,175.39142
8.952487,175.39142
8.970924,175.39227
8.985661,175.39227
9.00266,175.39227
9.021355,177.16711
9.036718,177.16711
9.05528,177.5509
9.069969,177.5509
9.087811,177.6684
9.103345,177.6684
9.120598,177.6684
9.137627,178.3017
9.152525,178.3017
9.171474,173.71991
9.186678,173.71991
9.204423,175.31989
9.221336,175.31989
9.237479,175.31989
9.254324,175.17615
9.269517,175.17615
9.286378,172.96515
9.305038,172.96515
9.319925,172.96515
9.338185,172.24652
9.351897,172.24652
9.370628,171.20605
9.387847,171.20605
9.403611,173.3664
9.421519,173.3664
9.43587,173.3664
9.4539175,172.96985
9.47012,172.96985
9.488876,172.97906
9.503674,172.97906
9.519064,172.97906
9.538432,173.32648
9.553015,173.32648
9.570622,176.41486
9.586737,176.41486
9.6034565,175.76562
9.6219425,175.76562
9.636622,175.76562
9.655564,172.7547
9.671024,172.7547
9.687946,173.51251
9.703425,173.51251
9.720446,173.51251
9.73888,173.06812
9.753856,173.06812
9.774083,172.6803
9.787678,172.6803
9.804783,174.0722
9.821246,174.0722
9.837515,174.0722
9.854364,172.27026
9.870161,172.27026
9.888167,171.1726
9.903776,171.1726
9.919245,171.1726
9.93794,172.19128
9.95348,172.19128
9.971121,174.94427
9.986187,174.94427
10.00406,175.37866
10.021491,175.37866
10.036317,175.37866
10.056501,173.7273
10.071693,173.7273
10.086403,175.24463
10.103783,175.24463
10.119951,175.24463
10.138065,175.10626
10.153263,175.10626
10.171216,172.41095
10.186946,172.41095
10.204008,173.22693
10.221022,173.22693
10.235797,173.22693
10.255171,171.61157
10.270855,171.61157
10.286968,171.43213
10.303434,171.43213
10.320594,171.43213
10.337163,172.50983
10.353554,172.50983
10.375544,172.19672
10.386763,172.19672
10.403403,171.18561
10.420974,171.18561
10.436713,171.18561
10.458467,169.66187
10.47028,169.66187
10.490844,170.17975
10.503188,170.17975
10.520412,170.17975
10.537733,170.26373
10.552743,170.26373
10.572257,170.81592
10.587189,170.81592
10.603075,170.81592
10.621098,170.16248
10.637865,170.16248
10.656939,170.1601
10.669398,170.1601
10.689696,170.72144
10.70508,170.72144
10.719615,170.72144
10.738609,172.64209
10.753606,172.64209
10.775099,169.35822
10.789497,169.35822
10.804221,169.90936
10.82292,169.90936
10.836091,169.90936
10.856105,171.15582
10.8708105,171.15582
10.8868,171.87433
10.903705,171.87433
10.919772,171.87433
10.9381275,170.49701
10.953172,170.49701
10.972601,170.04694
10.986779,170.04694
11.004173,167.59998
11.021502,167.59998
11.038149,167.59998
11.056063,170.64606
11.070036,170.64606
11.088944,169.76068
11.103382,169.76068
11.120683,169.76068
11.141256,170.02191
11.154847,170.02191
11.174434,171.5722
11.188361,171.5722
11.204641,170.1847
11.221072,170.1847
11.237356,170.1847
11.255423,170.21332
11.271363,170.21332
11.291338,171.13635
11.30394,171.13635
11.31989,171.13635
11.338144,173.15515
11.353711,173.15515
11.371644,172.2179
11.386714,172.2179
11.404201,172.70319
11.420304,172.70319
11.437566,172.70319
11.454406,173.49603
11.469449,173.49603
11.490494,174.992
11.503506,174.992
11.519494,174.992
11.537534,174.51874
11.553377,174.51874
11.571705,176.53119
11.586327,176.53119
11.605631,176.16669
11.621578,176.16669
11.6372,176.16669
11.654391,174.20813
11.670523,174.20813
11.6885195,174.04059
11.704184,174.04059
11.72021,174.04059
11.739071,174.45813
11.754015,174.45813
11.772389,174.61438
11.787681,174.61438
11.804956,173.6903
11.821628,173.6903
11.836898,173.6903
11.854818,177.05316
11.871083,177.05316
11.888884,174.61139
11.904922,174.61139
11.920986,174.61139
11.938591,176.1029
11.95315,176.1029
11.971769,179.53961
11.986307,179.53961
12.003649,182.12158
12.021002,182.12158
12.036299,182.12158
12.055813,182.12158
12.071941,182.05914
12.088996,182.01807
12.103884,182.01807
12.120931,182.01807
12.137629,178.74365
12.152883,178.74365
12.175455,182.34674
12.186248,182.34674
12.202612,182.34674
12.220195,184.08905
12.236499,184.08905
12.257692,185.7586
12.271076,185.7586
12.289337,183.65454
12.303823,183.65454
12.320159,183.65454
12.339157,182.34814
12.352685,182.34814
12.371966,186.62878
12.386214,186.62878
12.404167,189.59546
12.422422,189.59546
12.435696,189.59546
12.457046,187.55365
12.470346,187.55365
12.492259,189.0321
12.502939,189.0321
12.519833,189.0321
12.538935,188.72168
12.553652,188.72168
12.570414,190.0
12.58664,190.0
12.604976,195.4826
12.621269,195.4826
12.637401,195.4826
12.654165,194.84149
12.66964,194.84149
12.687227,197.16144
12.702395,197.16144
12.719438,197.16144
12.737674,195.7865
12.753388,195.7865
12.770268,195.14508
12.7873125,195.14508
12.8023405,195.14508
12.821059,197.25848
12.837766,197.25848
12.855292,199.49908
12.868944,199.49908
12.88788,200.61841
12.902928,200.61841
12.9200735,200.61841
12.937777,200.27307
12.953836,200.27307
12.969952,202.48694
12.985915,202.48694
13.003732,201.36133
13.021405,201.36133
13.037851,201.36133
13.05527,204.86395
13.069827,204.86395
13.088156,205.84131
13.103903,205.84131
13.142958,205.99854
13.153545,205.99854
13.169002,207.09955
13.1838255,207.09955
13.201507,207.09955
13.218242,209.74469
13.234536,209.74469
13.252444,212.35211
13.267755,212.35211
13.283781,212.43622
13.302538,212.43622
13.317806,212.43622
13.336785,212.46399
13.350812,212.46399
13.367883,215.89972
13.3844185,215.89972
13.399778,215.89972
13.418554,216.10773
13.434724,216.10773
13.45122,214.58063
13.467494,214.58063
13.483817,216.42584
13.502017,216.42584
13.517608,216.42584
13.535688,217.28162
13.550786,217.28162
13.569652,217.94781
13.584182,217.94781
13.601148,217.94781
13.6199255,218.2254
13.6352,218.2254
13.653083,217.7414
13.668501,217.7414
13.68478,218.20953
13.704876,218.20953
13.717096,218.20953
13.735629,219.2865
13.751759,219.2865
13.769212,220.55731
13.78423,220.55731
13.801467,220.55731
13.819189,220.69067
13.834725,220.69067
13.850913,221.95276
13.866549,221.95276
13.884255,225.72656
13.900852,225.72656
13.917654,225.72656
13.936064,225.59644
13.950814,225.59644
13.968721,225.12701
13.983801,225.12701
13.9998665,225.12701
14.0196085,224.97571
14.035083,224.97571
14.055222,221.12354
14.066645,221.12354
14.083652,221.12354
14.101445,221.71027
14.116405,221.71027
14.135396,220.21143
14.15058,220.21143
14.168577,222.47241
14.183344,222.47241
14.201509,222.47241
14.219796,221.10486
14.235868,221.10486
14.2523575,221.6037
14.266313,221.6037
14.284922,226.11414
14.302144,226.11414
14.316801,226.11414
14.334021,226.3457
14.351895,226.3457
14.3681755,223.1767
14.385676,223.1767
14.400188,223.1767
14.418867,222.82117
14.433625,222.82117
14.452316,222.75623
14.468652,222.75623
14.4832115,222.75623
14.502115,223.48639
14.51734,223.48639
14.536059,227.1977
14.551326,227.1977
14.569006,226.4159
14.584489,226.4159
14.599794,226.4159
14.619613,225.0246
14.633944,225.0246
14.654686,225.30402
14.668447,225.30402
14.684519,224.87689
14.70196,224.87689
14.716963,224.87689
14.735246,225.02368
14.751757,225.02368
14.7726345,223.94574
14.783546,223.94574
14.800957,223.94574
14.819266,223.6532
14.834482,223.6532
14.853818,223.67169
14.868631,223.67169
14.88432,225.17053
14.901214,225.17053
14.917457,225.17053
14.935948,223.47131
14.951317,223.47131
14.96869,224.4115
14.985447,224.4115
15.000961,224.4115
15.019926,221.59216
15.033428,221.59216
15.051795,221.77118
15.067686,221.77118
15.086127,222.68323
15.101224,222.68323
15.117174,222.68323
15.135566,221.71149
15.149981,221.71149
15.169022,223.86292
15.184071,223.86292
15.201476,223.86292
15.218213,224.0716
15.233431,224.0716
15.255626,224.29767
15.267375,224.29767
15.285896,222.75531
15.302252,222.75531
15.317481,222.75531
15.335395,224.198
15.350705,224.198
15.368383,225.08154
15.384485,225.08154
15.401331,225.08154
15.419252,220.58618
15.43412,220.58618
15.45203,221.30273
15.46654,221.30273
15.4844885,219.5462
15.502271,219.5462
15.516123,219.5462
15.53564,219.25409
15.551392,219.25409
15.568299,220.34222
15.583698,220.34222
15.599823,220.34222
15.620087,220.60065
15.634204,220.60065
15.651983,220.92871
15.667543,220.92871
15.68442,220.92871
15.7018795,221.05676
15.717016,221.05676
15.736384,219.85895
15.75068,219.85895
15.772784,220.18903
15.783821,220.18903
15.800454,220.18903
15.81915,219.61456
15.835235,219.61456
15.851863,220.341
15.866811,220.341
15.8841095,217.92761
15.901344,217.92761
15.917741,217.92761
15.93598,217.8435
15.950643,217.8435
15.968245,216.96759
15.984603,216.96759
16.00195,216.96759
16.018713,218.3587
16.034101,218.3587
16.052736,218.62982
16.06779,218.62982
16.084436,218.44781
16.101652,218.44781
16.116608,218.44781
16.135647,218.22772
16.150692,218.22772
16.172451,219.6612
16.184017,219.6612
16.200348,219.6612
16.219252,216.5711
16.233335,216.5711
16.25212,216.90717
16.26728,216.90717
16.284487,217.86798
16.302217,217.86798
16.31678,217.86798
16.335087,217.54852
16.351732,217.54852
16.369608,217.00842
16.387997,217.00842
16.401361,217.00842
16.419718,216.53699
16.434618,216.53699
16.452396,217.66998
16.46662,217.66998
16.487913,217.92664
16.501616,217.92664
16.51714,217.92664
16.535006,217.16766
16.550768,217.16766
16.57191,217.21912
16.584988,217.21912
16.60023,217.21912
16.618866,216.85211
16.635155,216.85211
16.652845,215.9433
16.667534,215.9433
16.700094,213.5365
16.708311,213.5365
16.723658,215.5138
16.741295,215.5138
16.756481,215.5138
16.778996,213.87836
16.791552,213.87836
16.811676,212.0
16.824562,212.0
16.8413,212.0
16.857853,208.70972
16.874388,208.70972
16.891098,211.28644
16.908474,211.28644
16.924896,211.24005
16.941954,211.24005
16.957247,211.24005
16.975498,211.00647
16.99075,211.00647
17.007778,213.1051
17.024862,213.1051
17.041271,213.1051
17.060139,213.76245
17.07378,213.76245
17.09167,210.69794
17.106478,210.69794
17.124754,212.08734
17.14225,212.08734
17.157011,212.08734
17.17578,212.15057
17.189734,212.15057
17.20678,212.51733
17.224329,212.51733
17.241465,212.51733
17.25887,212.42542
17.274876,212.42542
17.295502,212.41583
17.3072,212.41583
17.323704,212.08948
17.341036,212.08948
17.357023,212.08948
17.376318,212.59058
17.390335,212.59058
17.407928,209.53522
17.423668,209.53522
17.440977,209.53522
17.459032,208.49207
17.47416,208.49207
17.491203,208.37012
17.507277,208.37012
17.523785,207.81818
17.541723,207.81818
17.559446,207.81818
17.575811,209.51672
17.591581,209.51672
17.60832,209.59326
17.624409,209.59326
17.641201,209.59326
17.657944,211.95032
17.672974,211.95032
17.691446,211.16058
17.706465,211.16058
17.72388,208.94385
17.742044,208.94385
17.756456,208.94385
17.77586,208.71075
17.791548,208.71075
17.808165,208.76208
17.823265,208.76208
17.842102,208.76208
17.858559,207.08344
17.875092,207.08344
17.891104,207.73206
17.908049,207.73206
17.924545,208.61322
17.942421,208.61322
17.957636,208.61322
17.974909,207.15765
17.990362,207.15765
18.008266,208.95508
18.024343,208.95508
18.040825,208.95508
18.05805,208.57355
18.073805,208.57355
18.090853,206.83606
18.106548,206.83606
18.124678,207.51282
18.141022,207.51282
18.156532,207.51282
18.174944,207.09534
18.190401,207.09534
18.208773,202.82886
18.22331,202.82886
18.2414,202.82886
18.257574,205.98041
18.273146,205.98041
18.292221,203.31952
18.307337,203.31952
18.324274,202.23785
18.340885,202.23785
18.358088,202.23785
18.374641,204.45142
18.391224,204.45142
18.409464,199.22162
18.422508,199.22162
18.441933,199.22162
18.458593,200.33759
18.473886,200.33759
18.494225,201.65656
18.507612,201.65656
18.525072,199.94739
18.54184,199.94739
18.559021,199.94739
18.575678,201.64233
18.590649,201.64233
18.608156,202.10419
18.622875,202.10419
18.641945,202.10419
18.657623,200.5373
18.674534,200.5373
18.693144,201.51678
18.706161,201.51678
18.723953,198.54474
18.741285,198.54474
18.756163,198.54474
18.775366,196.19495
18.791145,196.19495
18.811459,194.30994
18.825043,194.30994
18.841164,194.30994
18.859653,196.84918
18.873945,196.84918
18.894188,197.81525
18.907856,197.81525
18.923313,197.81525
18.94164,195.48627
18.957247,195.48627
18.976782,195.44135
18.991308,195.44135
19.008259,195.59149
19.02466,195.59149
19.040836,195.59149
19.05986,196.28339
19.073029,196.28339
19.091196,195.40161
19.106049,195.40161
19.123579,194.94037
19.142776,194.94037
19.158165,194.94037
19.175518,194.37396
19.191492,194.37396
19.211958,194.05652
19.223444,194.05652
19.239632,194.05652
19.259453,191.94019
19.274572,191.94019
19.292542,192.55725
19.309263,192.55725
19.324175,188.76721
19.342144,188.76721
19.356583,188.76721
19.374876,188.74695
19.390173,188.74695
19.406675,189.242
19.423906,189.242
19.439945,189.242
19.458113,188.46655
19.473928,188.46655
19.495157,191.02155
19.50817,191.02155
19.52283,191.02155
19.541775,190.70703
19.557854,190.70703
19.575071,189.92987
19.590189,189.92987
19.61128,191.86664
19.624834,191.86664
19.64004,191.86664
19.657858,190.26941
19.673082,190.26941
19.690992,191.22137
19.706854,191.22137
19.723083,191.22137
19.740828,190.26471
19.756142,190.26471
19.776224,187.0788
19.791235,187.0788
19.80883,187.9397
19.825521,187.9397
19.84048,187.9397
19.857286,188.95984
19.873096,188.95984
19.891222,188.28601
19.90833,188.28601
19.924347,189.67657
19.942616,189.67657
19.956352,189.67657
19.975521,188.22363
19.990097,188.22363
20.008331,188.64551
20.023438,188.64551
20.040384,188.64551
20.059858,186.03009
20.073381,186.03009
20.091503,186.19092
20.106848,186.19092
20.124388,185.16406
20.142206,185.16406
20.156134,185.16406
20.175154,187.68353
20.190294,187.68353
20.20921,182.59186
20.22342,182.59186
20.242237,182.59186
20.258158,183.8053
20.273333,183.8053
20.292072,180.2829
20.30804,180.2829
20.323553,180.20886
20.341389,180.20886
20.357868,180.20886
20.376125,179.3377
20.391066,179.3377
20.408478,179.49872
20.424622,179.49872
20.440958,179.49872
20.45956,178.26343
20.473965,178.26343
20.490574,178.17017
20.507294,178.17017
20.524675,178.35138
20.541897,178.35138
20.55827,178.35138
20.575912,177.9043
20.590084,177.9043
20.611847,177.73456
20.623558,177.73456
20.639914,177.73456
20.659449,179.41241
20.67355,179.41241
20.691647,178.61023
20.707666,178.61023
20.7243,179.21783
20.741596,179.21783
20.757858,179.21783
20.774902,175.89526
20.790848,175.89526
20.808336,176.29285
20.825665,176.29285
20.84053,176.29285
20.858196,174.80426
20.873568,174.80426
20.891705,176.70917
20.906403,176.70917
20.929012,176.70917
20.94291,177.3634
20.956783,177.3634
20.975752,177.54474
20.99088,177.54474
21.009449,176.46094
21.02355,176.46094
21.040745,176.46094
21.057314,177.92255
21.074076,177.92255
21.091528,178.63159
21.106808,178.63159
21.12489,178.58752
21.14226,178.58752
21.156693,178.58752
21.175695,176.61774
21.190552,176.61774
21.208796,177.74878
21.223282,177.74878
21.240608,177.74878
21.258007,177.35681
21.274405,177.35681
21.290806,176.40967
21.306673,176.40967
21.324554,180.86792
21.341244,180.86792
21.356361,180.86792
21.375462,180.69543
21.390364,180.69543
21.409618,180.54858
21.424196,180.54858
21.440516,180.54858
21.458334,175.93011
21.473484,175.93011
21.495409,176.07068
21.508093,176.07068
21.52366,176.0
21.54207,176.0
21.557787,176.0
21.57539,176.58295
21.591288,176.58295
21.610044,176.52814
21.625214,176.52814
21.641588,176.52814
21.657324,177.41296
21.674465,177.41296
21.692427,176.20868
21.707722,176.20868
21.726286,173.91223
21.741755,173.91223
21.758024,173.91223
21.775135,174.52222
21.790915,174.52222
21.811293,174.4372
21.823862,174.4372
21.841164,174.4372
21.858269,173.90027
21.874142,173.90027
21.89295,174.1463
21.909378,174.1463
21.924456,174.69507
21.94199,174.69507
21.957811,174.69507
21.976124,172.74933
21.990631,172.74933
22.011703,174.27448
22.024311,174.27448
22.040762,174.27448
22.058868,174.12756
22.074596,174.12756
22.092054,174.36804
22.107704,174.36804
22.123943,171.85529
22.14186,171.85529
22.15732,171.85529
22.17576,171.2486
22.191639,171.2486
22.211987,172.88153
22.223408,172.88153
22.241373,172.88153
22.259048,175.67584
22.274612,175.67584
22.295738,174.7143
22.307255,174.7143
22.323662,174.3075
22.34193,174.3075
22.35761,174.3075
22.375496,175.8255
22.391401,175.8255
22.408192,174.87433
22.423365,174.87433
22.44059,174.87433
22.46007,173.96997
22.474052,173.96997
22.491127,175.3476
22.508121,175.3476
22.523716,174.51532
22.541443,174.51532
22.557003,174.51532
22.57541,174.73639
22.590181,174.73639
22.60962,174.92664
22.624825,174.92664
22.641153,174.92664
22.658121,176.15717
22.675346,176.15717
22.693384,173.85828
22.707218,173.85828
22.723736,174.156
22.741835,174.156
22.758192,174.156
22.775167,173.07397
22.791956,173.07397
22.80847,171.60663
22.8242,171.60663
22.84159,171.60663
22.859482,172.93506
22.873808,172.93506
22.893652,173.71576
22.907694,173.71576
22.924755,175.41162
22.942093,175.41162
22.957407,175.41162
22.977278,174.36572
22.991259,174.36572
23.00845,175.90887
23.023247,175.90887
23.041096,175.90887
23.06073,176.42426
23.073774,176.42426
23.091059,173.33252
23.108362,173.33252
23.12524,174.44086
23.14188,174.44086
23.156893,174.44086
23.175482,176.57831
23.191017,176.57831
23.208166,175.04736
23.223265,175.04736
23.241312,175.04736
23.257998,173.69513
23.273375,173.69513
23.292255,175.00708
23.307539,175.00708
23.324778,175.70844
23.340988,175.70844
23.357342,175.70844
23.37651,176.7641
23.391268,176.7641
23.408224,174.77142
23.423481,174.77142
23.442009,174.77142
23.459862,173.87982
23.474659,173.87982
23.492353,174.40051
23.508257,174.40051
23.523645,174.82959
23.542206,174.82959
23.557718,174.82959
23.577988,175.03021
23.590227,175.03021
23.609701,175.4773
23.625046,175.4773
23.641762,175.4773
23.65896,174.12848
23.674252,174.12848
23.694145,175.12018
23.708181,175.12018
23.724302,177.62146
23.74179,177.62146
23.757486,177.62146
23.779274,180.84973
23.79084,180.84973
23.812159,176.96185
23.825323,176.96185
23.840675,176.96185
23.859144,178.0
23.873835,178.0
23.891022,177.48877
23.908031,177.48877
23.924192,180.34674
23.942177,180.34674
23.957579,180.34674
23.977928,180.72961
23.990181,180.72961
24.006596,181.88263
24.025808,181.88263
24.040869,181.88263
24.059462,184.62585
24.072842,184.62585
24.091866,180.70746
24.108227,180.70746
24.123724,182.8825
24.14286,182.8825
24.158957,182.8825
24.176113,185.56274
24.19054,185.56274
24.212523,187.01215
24.225065,187.01215
24.240786,187.01215
24.258766,186.1903
24.274767,186.1903
24.291409,186.46252
24.306309,186.46252
24.32386,188.34729
24.342052,188.34729
24.358368,188.34729
24.374298,188.99579
24.391401,188.99579
24.410215,189.2608
24.42355,189.2608
24.440327,189.2608
24.458996,188.63922
24.474463,188.63922
24.49226,188.13806
24.507608,188.13806
24.524712,192.08282
24.54078,192.08282
24.557903,192.08282
24.575453,192.14203
24.591522,192.14203
24.612469,193.0924
24.62517,193.0924
24.640303,193.0924
24.659073,194.26013
24.673256,194.26013
24.694948,194.80865
24.707054,194.80865
24.723816,193.6106
24.74176,193.6106
24.757156,193.6106
24.775156,196.2622
24.791195,196.2622
24.807861,196.7287
24.823727,196.7287
24.84139,196.7287
24.85856,198.66608
24.874382,198.66608
24.893408,198.23724
24.90765,198.23724
24.925322,198.82098
24.942915,198.82098
24.95846,198.82098
24.97493,197.88367
24.99072,197.88367
25.008934,198.7627
25.024002,198.7627
25.040117,198.7627
25.058954,197.0257
25.073805,197.0257
25.091814,200.75653
25.107689,200.75653
25.12393,202.17255
25.141018,202.17255
25.158533,202.17255
25.176294,202.13672
25.190336,202.13672
25.208614,202.16028
25.224798,202.16028
25.240866,202.16028
25.258715,203.15588
25.273762,203.15588
25.291243,206.51654
25.306799,206.51654
25.324484,207.63959
25.341887,207.63959
25.35831,207.63959
25.375336,206.6128
25.391245,206.6128
25.412514,208.7309
25.42305,208.7309
25.440342,208.7309
25.45937,209.24628
25.47545,209.24628
25.492153,210.30255
25.507206,210.30255
25.524776,211.69897
25.54266,211.69897
25.557476,211.69897
25.574696,211.22894
25.589771,211.22894
25.609104,213.28217
25.623365,213.28217
25.641148,213.28217
25.658886,213.44312
25.675611,213.44312
25.692335,212.75769
25.707535,212.75769
25.724447,214.42706
25.741745,214.42706
25.757498,214.42706
25.775066,212.30084
25.79154,212.30084
25.808302,214.99615
25.824713,214.99615
25.842066,214.99615
25.858616,217.01233
25.874094,217.01233
25.891582,218.82324
25.907759,218.82324
25.924849,220.78082
25.942724,220.78082
25.958414,220.78082
25.976429,220.97351
25.99125,220.97351
26.008213,222.64673
26.024433,222.64673
26.04153,222.64673
26.059277,223.26813
26.075478,223.26813
26.093147,222.77716
26.107025,222.77716
26.12355,222.85883
26.14195,222.85883
26.157501,222.85883
26.175957,224.01917
26.190493,224.01917
26.208967,223.52075
26.2255,223.52075
26.240274,223.52075
26.25808,224.69897
26.27458,224.69897
26.293932,223.9898
26.308147,223.9898
26.325237,225.12756
26.341898,225.12756
26.35814,225.12756
26.375994,224.46368
26.39018,224.46368
26.409376,224.37744
26.424124,224.37744
26.440123,224.37744
26.460308,222.52747
26.474367,222.52747
26.49207,225.03687
26.507101,225.03687
26.523563,227.66473
26.54108,227.66473
26.558294,227.66473
26.57407,225.2857
26.591099,225.2857
26.609034,225.80145
26.625244,225.80145
26.641354,225.80145
26.658108,225.79523
26.674381,225.79523
26.692194,225.35266
26.70751,225.35266
26.724533,225.85889
26.741903,225.85889
26.758583,225.85889
26.77814,225.81116
26.792152,225.81116
26.810562,226.4859
26.825901,226.4859
26.840517,226.4859
26.860619,228.07251
26.87503,228.07251
26.894264,227.16425
26.9089,227.16425
26.925861,227.888
26.943077,227.888
26.958881,227.888
26.978996,227.50757
26.991474,227.50757
27.009205,228.77838
27.024345,228.77838
27.041195,228.77838
27.059942,227.77386
27.074608,227.77386
27.095217,227.72498
27.10648,227.72498
27.123636,227.83105
27.141563,227.83105
27.158796,227.83105
27.176094,228.47601
27.191645,228.47601
27.2103,227.42596
27.226395,227.42596
27.248867,228.0877
27.262943,228.0877
27.27971,228.0877
27.29681,228.14423
27.31296,228.14423
27.333643,228.15515
27.345327,228.15515
27.386106,226.1502
27.400837,226.1502
27.416382,226.97699
27.43212,226.97699
27.449629,227.45044
27.465317,227.45044
27.480549,227.45044
27.49984,227.60767
27.515783,227.60767
27.535894,226.4184
27.547182,226.4184
27.564548,226.03369
27.581898,226.03369
27.59773,226.03369
27.616365,226.32501
27.631624,226.32501
27.649757,226.89502
27.665096,226.89502
27.681637,226.89502
27.698936,227.66992
27.715652,227.66992
27.73586,226.72388
27.747719,226.72388
27.76631,226.62592
27.78221,226.62592
27.7981,226.62592
27.817266,223.82373
27.830832,223.82373
27.849083,225.65076
27.866583,225.65076
27.881779,225.65076
27.898304,224.72046
27.914501,224.72046
27.936598,225.29517
27.94911,225.29517
27.967545,225.92108
27.982784,225.92108
27.9984,225.92108
28.017248,225.35632
28.031626,225.35632
28.051517,224.17633
28.0647,224.17633
28.081787,224.17633
28.099474,224.2132
28.113966,224.2132
28.132513,222.63031
28.14843,222.63031
28.16497,223.7193
28.182919,223.7193
28.198017,223.7193
28.21545,223.19269
28.231407,223.19269
28.250309,223.09479
28.26466,223.09479
28.28256,223.09479
28.300589,222.74951
28.31481,222.74951
28.333979,223.65332
28.349785,223.65332
28.364912,224.36328
28.383326,224.36328
28.399015,224.36328
28.418558,225.37048
28.433252,225.37048
28.449696,224.59344
28.46622,224.59344
28.483837,224.2312
28.500105,224.2312
28.515701,224.2312
28.532997,223.49622
28.549143,223.49622
28.565744,223.7154
28.582539,223.7154
28.5978,223.7154
28.618858,223.81946
28.631342,223.81946
28.651396,222.88391
28.666164,222.88391
28.682743,222.88391
28.700169,223.79901
28.716318,223.79901
28.733675,222.74304
28.74936,222.74304
28.766312,223.23053
28.782314,223.23053
28.798077,223.23053
28.815924,223.71863
28.831896,223.71863
28.850454,222.64734
28.864773,222.64734
28.884186,223.48218
28.899044,223.48218
28.914743,223.48218
28.935394,220.45209
28.94905,220.45209
28.966423,220.08844
28.98326,220.08844
28.998672,220.08844
29.017496,220.19958
29.031073,220.19958
29.047834,221.0448
29.06668,221.0448
29.103546,221.34576
29.11964,221.34576
29.132341,221.1258
29.147509,221.1258
29.162735,221.1258
29.180923,220.84436
29.196562,220.84436
29.212505,221.3794
29.229488,221.3794
29.245224,219.15399
29.264256,219.15399
29.279676,219.15399
29.296522,220.06439
29.313473,220.06439
29.331333,219.6283
29.346188,219.6283
29.36342,220.68903
29.380749,220.68903
29.395973,220.68903
29.41398,218.85565
29.429266,218.85565
29.447239,220.53174
29.463156,220.53174
29.48028,220.53174
29.497395,221.2284
29.5121,221.2284
29.533457,221.38739
29.545961,221.38739
29.564165,218.4068
29.580837,218.4068
29.59713,218.4068
29.617949,218.57013
29.629276,218.57013
29.646566,218.3631
29.663403,218.3631
29.679403,218.3631
29.698004,220.00342
29.713333,220.00342
29.731464,216.33813
29.745588,216.33813
29.76292,216.33813
29.78121,217.28552
29.795706,217.28552
29.814411,216.51697
29.83132,216.51697
29.850542,214.79321
29.863533,214.79321
29.880438,214.79321
29.899124,212.6803
29.912682,212.6803
29.932339,213.43665
29.94704,213.43665
29.963818,212.68066
29.981194,212.68066
29.99637,212.68066
30.01414,213.07532
30.030191,213.07532
30.047348,212.7959
30.06371,212.7959
30.079262,212.7959
30.096636,212.17804
30.11185,212.17804
30.13058,211.45117
30.14599,211.45117
30.163614,214.09564
30.18238,214.09564
30.197008,214.09564
30.214592,210.70068
30.231613,210.70068
30.24817,210.50342
30.262102,210.50342
30.281008,210.50342
30.297499,209.67853
30.313189,209.67853
30.332096,210.18591
30.346128,210.18591
30.362532,210.18591
30.381815,206.2445
30.398148,206.2445
30.413698,206.41351
30.430414,206.41351
30.449415,206.73352
30.464666,206.73352
30.47914,206.73352
30.498308,207.52942
30.512629,207.52942
30.531797,207.25897
30.546474,207.25897
30.562252,207.25897
30.581797,206.88458
30.596378,206.88458
30.614918,206.69281
30.62945,206.69281
30.646267,206.69281
30.66391,207.80768
30.6795,207.80768
30.698832,204.39557
30.713026,204.39557
30.730274,205.49512
30.746964,205.49512
30.762268,205.49512
30.779469,203.88196
30.797205,203.88196
30.815462,204.74255
30.828844,204.74255
30.845776,203.0185
30.86372,203.0185
30.879513,203.0185
30.896776,201.11218
30.912209,201.11218
30.931454,199.92334
30.946426,199.92334
30.962336,199.92334
30.980703,199.92102
30.996346,199.92102
31.013891,199.92102
31.031902,200.83185
31.048708,201.60242
31.062716,201.60242
31.07956,201.60242
31.09755,199.49823
31.112608,199.49823
31.130379,199.0498
31.146261,199.0498
31.163454,198.26556
31.179832,198.26556
31.195065,198.26556
31.214293,198.70435
31.22953,198.70435
31.24561,196.83746
31.26335,196.83746
31.27976,196.83746
31.2985,199.01581
31.312757,199.01581
31.33314,196.43634
31.346054,196.43634
31.3637,198.20221
31.380302,198.20221
31.395544,198.20221
31.413738,196.23029
31.430185,196.23029
31.445915,194.38953
31.464998,194.38953
31.479382,194.38953
31.496967,194.60114
31.513296,194.60114
31.53167,196.41461
31.54712,196.41461
31.564768,193.76733
31.581066,193.76733
31.596766,193.76733
31.61355,195.9032
31.630476,195.9032
31.648533,194.67041
31.662558,194.67041
31.679756,194.67041
31.696968,195.98688
31.712397,195.98688
31.729855,195.4126
31.74536,195.4126
31.763323,195.4126
31.781656,194.9245
31.796804,194.9245
31.815666,192.50775
31.830914,192.50775
31.84854,193.15778
31.865309,193.15778
31.880306,193.15778
31.899628,193.5315
31.912941,193.5315
31.931856,194.1128
31.946316,194.1128
31.964542,192.33868
31.982796,192.33868
31.996264,192.33868
32.016205,189.39471
32.03136,189.39471
32.049595,189.1972
32.064754,189.1972
32.080627,189.1972
32.10073,189.71716
32.11437,189.71716
32.13166,189.93494
32.146465,189.93494
32.16413,189.25812
32.18096,189.25812
32.196312,189.25812
32.216393,189.70361
32.23008,189.70361
32.24594,189.0108
32.266182,189.0108
32.27997,189.0108
32.300053,189.97882
32.31394,189.97882
32.332695,189.42181
32.34866,189.42181
32.364178,185.99133
32.3808,185.99133
32.395668,185.99133
32.413822,187.82513
32.43034,187.82513
32.451202,187.83655
32.462532,187.83655
32.481533,187.83655
32.50113,188.20709
32.5133,188.20709
32.533573,186.38953
32.547474,186.38953
32.56471,187.55945
32.580803,187.55945
32.59646,187.55945
32.61699,185.70825
32.629868,185.70825
32.64757,186.07129
32.666603,186.07129
32.69403,186.07129
32.705826,187.63806
32.72,187.63806
32.73974,184.29907
32.754925,184.29907
32.77263,184.59778
32.790035,184.59778
32.8,184.59778
32.82225,184.41852
32.83879,184.41852
32.855576,183.64758
32.87383,183.64758
32.88,183.64758
32.906845,185.82196
32.918987,185.82196
32.93661,185.58838
32.95235,185.58838
32.970516,185.39569
32.986145,185.39569
33.004936,183.72766
33.020935,183.72766
33.035664,183.72766
33.05389,183.87073
33.069386,183.87073
33.08653,182.62134
33.103775,182.62134
33.11878,182.62134
33.137306,184.4737
33.15231,184.4737
33.17322,181.21997
33.186195,181.21997
33.203762,182.11621
33.222054,182.11621
33.23632,182.11621
33.255085,179.55994
33.2707,179.55994
33.288666,178.75159
33.305653,178.75159
33.319656,178.75159
33.338463,179.52997
33.35203,179.52997
33.371098,179.76147
33.385277,179.76147
33.405403,182.37091
33.422604,182.37091
33.438564,182.37091
33.455097,181.29999
33.46927,181.29999
33.486523,181.6604
33.505363,181.6604
33.52105,181.6604
33.53941,182.1369
33.552868,182.1369
33.572266,179.39954
33.586113,179.39954
33.60256,179.39954
33.622475,181.15314
33.637657,181.15314
33.65691,180.06525
33.67279,180.06525
33.68999,181.10278
33.70274,181.10278
33.719707,181.10278
33.73857,176.56433
33.752388,176.56433
33.771797,176.54248
33.78609,176.54248
33.80198,176.54248
33.820442,176.83246
33.836895,176.83246
33.855423,177.12091
33.87227,177.12091
33.887997,176.74445
33.90302,176.74445
33.920605,176.74445
33.936405,177.27875
33.95329,177.27875
33.97133,178.78833
33.985508,178.78833
34.00425,177.78363
34.020226,177.78363
34.03576,177.78363
34.053818,178.5841
34.069298,178.5841
34.085423,178.95001
34.103226,178.95001
34.120186,178.95001
34.13835,178.60193
34.15129,178.60193
34.172382,177.90521
34.196033,177.90521
34.205044,179.37201
34.2213,179.37201
34.23717,179.37201
34.256695,179.80096
34.27265,179.80096
34.290035,180.9975
34.305916,180.9975
34.320435,180.9975
34.337612,181.01959
34.354797,181.01959
34.37226,179.99005
34.38755,179.99005
34.40463,180.32635
34.42202,180.32635
34.43695,180.32635
34.454548,180.75879
34.47058,180.75879
34.49191,181.03442
34.50509,181.03442
34.52094,181.03442
34.541225,177.98743
34.553566,177.98743
34.572098,177.65985
34.586742,177.65985
34.60421,177.43066
34.621178,177.43066
34.635223,177.43066
34.654293,177.7157
34.6701,177.7157
34.685318,177.96716
34.70308,177.96716
34.74386,178.17633
34.76,178.17633
34.78102,177.89398
34.79711,177.89398
34.81092,178.20001
34.826813,178.20001
34.843243,176.65411
34.861668,176.65411
34.878513,176.65411
34.895676,176.51294
34.9123,176.51294
34.930706,176.16418
34.945038,176.16418
34.960594,176.16418
34.97956,176.16583
34.994595,176.16583
35.01468,176.37433
35.028244,176.37433
35.044235,177.80762
35.06174,177.80762
35.078087,177.80762
35.09475,178.29218
35.11221,178.29218
35.130013,175.81604
35.147495,175.81604
35.162518,175.81604
35.180634,178.76819
35.195942,178.76819
35.21515,180.68774
35.227673,180.68774
35.247303,178.47272
35.26305,178.47272
35.27889,178.47272
35.29685,178.64978
35.31023,178.64978
35.33245,179.92163
35.344364,179.92163
35.360226,179.92163
35.37936,178.96985
35.395985,178.96985
35.412582,178.47687
35.427185,178.47687
35.444145,180.87958
35.46143,180.87958
35.476955,180.87958
35.498383,180.08807
35.51293,180.08807
35.532246,180.57513
35.546772,180.57513
35.561035,180.57513
35.580177,181.26294
35.594456,181.26294
35.614403,182.8703
35.627594,182.8703
35.644726,183.88574
35.662247,183.88574
35.677128,183.88574
35.69449,182.49536
35.710854,182.49536
35.729675,184.28998
35.74437,184.28998
35.761375,184.28998
35.781265,182.67627
35.794445,182.67627
35.813408,183.44342
35.82804,183.44342
35.84647,184.90967
35.86496,184.90967
35.878254,184.90967
35.898254,184.26453
35.91148,184.26453
35.92819,186.20844
35.946503,186.20844
35.965096,185.47168
35.98104,185.47168
35.99459,185.47168
36.011765,184.25446
36.028538,184.25446
36.04608,185.92554
36.06155,185.92554
36.076065,185.92554
36.09454,185.92792
36.111065,185.92792
36.128395,189.10889
36.143734,189.10889
36.16078,189.10889
36.178566,188.59186
36.195312,188.59186
36.214428,191.96814
36.228523,191.96814
36.24496,190.99597
36.26141,190.99597
36.278557,190.99597
36.29421,194.00208
36.310623,194.00208
36.3317,191.95709
36.34352,191.95709
36.36097,191.95709
36.37967,194.67322
36.394394,194.67322
36.410793,192.58899
36.42864,192.58899
36.44511,193.78857
36.461647,193.78857
36.478798,193.78857
36.49512,195.69397
36.510292,195.69397
36.528618,196.1109
36.543617,196.1109
36.56103,196.1109
36.578785,196.46594
36.59352,196.46594
36.61349,196.93805
36.6272,196.93805
36.64382,196.93805
36.662666,196.43042
36.67792,196.43042
36.69742,198.61462
36.710373,198.61462
36.728344,199.08801
36.743492,199.08801
36.76151,199.08801
36.7797,202.76318
36.794594,202.76318
36.81345,202.81726
36.827885,202.81726
36.84498,203.37854
36.864986,203.37854
36.87922,203.37854
36.898952,202.27771
36.913555,202.27771
36.93167,205.66614
36.945385,205.66614
36.962727,205.66614
36.980637,206.2226
36.995438,206.2226
37.013367,203.50409
37.028164,203.50409
37.046833,204.94818
37.064934,204.94818
37.077473,204.94818
37.095108,203.78625
37.11136,203.78625
37.127598,205.12354
37.144714,205.12354
37.161625,205.12354
37.1783,206.51508
37.19404,206.51508
37.212063,204.61853
37.227196,204.61853
37.243717,207.52246
37.26194,207.52246
37.276928,207.52246
37.294346,207.42755
37.30936,207.42755
37.32785,208.25836
37.343758,208.25836
37.35931,208.25836
37.379562,208.30658
37.39482,208.30658
37.411266,208.82416
37.428085,208.82416
37.44668,208.14325
37.462257,208.14325
37.478268,208.14325
37.495506,210.89362
37.51025,210.89362
37.529385,212.35968
37.544033,212.35968
37.561745,212.35968
37.57907,213.5545
37.593567,213.5545
37.61115,213.2326
37.627785,213.2326
37.644997,214.5517
37.6614,214.5517
37.676296,214.5517
37.69679,214.97107
37.711422,214.97107
37.728836,214.18884
37.74433,214.18884
37.760323,214.18884
37.779648,214.96283
37.7979,214.96283
37.81307,214.77277
37.827324,214.77277
37.844166,215.41064
37.862186,215.41064
37.87627,215.41064
37.896,216.6836
37.909405,216.6836
37.932102,215.39587
37.94466,215.39587
37.961063,215.39587
37.980797,217.7497
37.99478,217.7497
38.014397,218.23065
38.028767,218.23065
38.044743,218.20917
38.062088,218.20917
38.07659,218.20917
38.09593,216.8664
38.109646,216.8664
38.12853,217.53424
38.145203,217.53424
38.160103,217.53424
38.1802,219.2862
38.19383,219.2862
38.21545,217.82141
38.227077,217.82141
38.24375,220.51233
38.261967,220.51233
38.277267,220.51233
38.29384,220.36151
38.310993,220.36151
38.328964,220.29364
38.343327,220.29364
38.361073,220.29364
38.379368,219.28784
38.394356,219.28784
38.412716,219.948
38.426727,219.948
38.44468,219.43219
38.461376,219.43219
38.478313,219.43219
38.49359,219.24683
38.509686,219.24683
38.52867,220.65942
38.5432,220.65942
38.560345,220.65942
38.57871,220.7309
38.593616,220.7309
38.61273,220.62921
38.62871,220.62921
38.645184,220.35223
38.66201,220.35223
38.676125,220.35223
38.697475,221.87726
38.711163,221.87726
38.73146,222.58722
38.743664,222.58722
38.760784,222.58722
38.780376,222.60876
38.79351,222.60876
38.813984,222.8642
38.82742,222.8642
38.844376,220.93164
38.86194,220.93164
38.87713,220.93164
38.894966,219.95868
38.91083,219.95868
38.92877,220.7041
38.94286,220.7041
38.960533,220.7041
38.977455,219.9328
38.992317,219.9328
39.011795,218.45526
39.026237,218.45526
39.0442,218.60901
39.060425,218.60901
39.077377,218.60901
39.09533,217.52869
39.110924,217.52869
39.131622,219.56396
39.144657,219.56396
39.159492,219.56396
39.177856,218.38379
39.19506,218.38379
39.214947,219.04773
39.22828,219.04773
39.24431,219.5
39.262012,219.5
39.276863,219.5
39.29657,220.21045
39.309223,220.21045
39.327835,219.39606
39.34439,219.39606
39.35949,219.39606
39.380466,217.90417
39.395058,217.90417
39.412403,217.77448
39.4275,217.77448
39.445213,217.84216
39.462185,217.84216
39.47767,217.84216
39.495247,219.22076
39.509953,219.22076
39.528557,218.83191
39.545,218.83191
39.56014,218.83191
39.578,218.38702
39.593174,218.38702
39.613167,218.6947
39.62727,218.6947
39.644722,220.32861
39.662815,220.32861
39.67668,220.32861
39.69597,218.77368
39.70965,218.77368
39.72909,221.60687
39.74575,221.60687
39.760612,221.60687
39.779472,222.11597
39.794563,222.11597
39.812153,221.53723
39.827553,221.53723
39.84476,222.10852
39.861168,222.10852
39.876408,222.10852
39.894882,222.01251
39.91135,222.01251
39.927,221.75336
39.9446,221.75336
39.96025,221.75336
39.979805,219.98193
39.99315,219.98193
40.010452,219.39111
40.027702,219.39111
40.04355,219.50055
40.0621,219.50055
40.077477,219.50055
40.095966,219.5932
40.11079,219.5932
40.128624,218.89801
40.144043,218.89801
40.15974,218.89801
40.17982,217.45605
40.194363,217.45605
40.21302,218.52063
40.228504,218.52063
40.242447,218.52063
40.260845,219.92279
40.277927,219.92279
40.2955,218.97815
40.30904,218.97815
40.332333,219.25775
40.344707,219.25775
40.359917,219.25775
40.37848,220.2503
40.394962,220.2503
40.41483,219.85107
40.42741,219.85107
40.445194,217.3725
40.46114,217.3725
40.477596,217.3725
40.49831,218.45648
40.510212,218.45648
40.53207,218.72534
40.544785,218.72534
40.561466,218.72534
40.57744,218.0755
40.59484,218.0755
40.61186,218.76099
40.62812,218.76099
40.644215,218.85309
40.65997,218.85309
40.676067,218.85309
40.696316,216.79633
40.710133,216.79633
40.728497,216.94647
40.743084,216.94647
40.760284,216.94647
40.77987,215.85077
40.793587,215.85077
40.8125,216.0094
40.827694,216.0094
40.84371,217.27527
40.861633,217.27527
40.87762,217.27527
40.8955,217.61926
40.91003,217.61926
40.9302,216.24152
40.94973,216.24152
40.95983,216.24152
40.97927,216.4552
40.992706,216.4552
41.011856,218.92902
41.02733,218.92902
41.044693,218.73859
41.06168,218.73859
41.07639,218.73859
41.09525,218.88348
41.110344,218.88348
41.12656,218.92273
41.14529,218.92273
41.16116,218.92273
41.177685,218.96808
41.193436,218.96808
41.210873,218.82318
41.226067,218.82318
41.243877,218.49634
41.26147,218.49634
41.278004,218.49634
41.293915,217.84436
41.31119,217.84436
41.327473,216.36664
41.34286,216.36664
41.360172,216.36664
41.382046,214.85791
41.39305,214.85791
41.41521,215.48279
41.428173,215.48279
41.446033,214.28845
41.461945,214.28845
41.47568,214.28845
41.495815,213.86188
41.50997,213.86188
41.529667,213.97931
41.542908,213.97931
41.56164,213.97931
41.579243,215.04651
41.593822,215.04651
41.611835,214.27551
41.629204,214.27551
41.64597,214.14325
41.66076,214.14325
41.677017,214.14325
41.695347,213.89484
41.710278,213.89484
41.727257,214.9986
41.743958,214.9986
41.760994,214.9986
41.778168,211.98212
41.794144,211.98212
41.81208,214.1206
41.826767,214.1206
41.84384,213.75073
41.860527,213.75073
41.877266,213.75073
41.8955,210.35938
41.91033,210.35938
41.927444,209.26324
41.94577,209.26324
41.961205,209.26324
41.979965,208.2901
41.994926,208.2901
42.013397,208.92603
42.02652,208.92603
42.0451,208.71814
42.061424,208.71814
42.07717,208.71814
42.097656,207.11902
42.11297,207.11902
42.131176,206.76678
42.143818,206.76678
42.160313,206.76678
42.179943,206.52966
42.19397,206.52966
42.21185,205.07727
42.227024,205.07727
42.243587,204.86536
42.260487,204.86536
42.276737,204.86536
42.29583,204.73138
42.31102,204.73138
42.329163,201.54773
42.34357,201.54773
42.36202,201.54773
42.379353,204.73773
42.393944,204.73773
42.413555,205.98206
42.427345,205.98206
42.44665,201.50842
42.464954,201.50842
42.477654,201.50842
42.49599,205.62079
42.51005,205.62079
42.528656,205.39258
42.544445,205.39258
42.560093,205.39258
42.57824,204.16779
42.594406,204.16779
42.610947,201.66443
42.62742,201.66443
42.64445,204.34058
42.661472,204.34058
42.676537,204.34058
42.694645,199.23297
42.709694,199.23297
42.72964,200.34644
42.743782,200.34644
42.76082,200.34644
42.779133,198.86438
42.793724,198.86438
42.812195,195.75366
42.826588,195.75366
42.845848,198.08728
42.861378,198.08728
42.876614,198.08728
42.896915,195.65308
42.91015,195.65308
42.92824,194.18518
42.943195,194.18518
42.96067,194.18518
42.9786,195.91785
42.993042,195.91785
43.012558,193.93085
43.027378,193.93085
43.044506,193.83575
43.06213,193.83575
43.07645,193.83575
43.09617,194.03082
43.109043,194.03082
43.12875,195.04431
43.144196,195.04431
43.15895,195.04431
43.178833,194.6095
43.19271,194.6095
43.212475,194.5982
43.22685,194.5982
43.246452,192.53687
43.261284,192.53687
43.27666,192.53687
43.295353,193.09369
43.310894,193.09369
43.33156,194.6095
43.343334,194.6095
43.360516,194.6095
43.378582,192.89331
43.393528,192.89331
43.411945,194.42407
43.43038,194.42407
43.44487,192.93738
43.465668,192.93738
43.477497,192.93738
43.496677,191.09589
43.510193,191.09589
43.530388,190.34546
43.543232,190.34546
43.561382,190.34546
43.578316,190.55774
43.593216,190.55774
43.612938,189.9726
43.62812,189.9726
43.645077,190.57349
43.660927,190.57349
43.678493,190.57349
43.694927,189.55164
43.710648,189.55164
43.728863,189.08722
43.742584,189.08722
43.760464,189.08722
43.77861,188.90515
43.79462,188.90515
43.812107,190.38336
43.826473,190.38336
43.84484,190.4397
43.862206,190.4397
43.87751,190.4397
43.895622,188.47198
43.909,188.47198
43.927902,189.29596
43.94292,189.29596
43.960335,189.29596
43.978943,187.7381
43.994114,187.7381
44.0109,188.03162
44.0273,188.03162
44.043297,186.92755
44.06213,186.92755
44.078094,186.92755
44.094208,188.18866
44.11158,188.18866
44.12936,186.86365
44.14391,186.86365
44.160072,186.86365
44.17816,187.0694
44.19382,187.0694
44.215164,186.13678
44.22888,186.13678
44.24354,186.72443
44.262177,186.72443
44.27608,186.72443
44.295914,182.32062
44.31019,182.32062
44.3324,182.66962
44.344566,182.66962
44.3601,182.66962
44.37927,184.80182
44.39256,184.80182
44.412254,185.16522
44.42749,185.16522
44.44676,182.81506
44.462036,182.81506
44.479,182.81506
44.494244,183.00226
44.510345,183.00226
44.528065,182.60284
44.543903,182.60284
44.56137,182.60284
44.57826,182.36407
44.593292,182.36407
44.610786,182.45923
44.62797,182.45923
44.644367,182.72705
44.661438,182.72705
44.678234,182.72705
44.697422,183.10492
44.70999,183.10492
44.728054,181.34863
44.742764,181.34863
44.75996,181.34863
44.77878,178.28778
44.79462,178.28778
44.81237,178.32202
44.82681,178.32202
44.843025,179.84381
44.862484,179.84381
44.876633,179.84381
44.894253,181.69977
44.911083,181.69977
44.928677,178.0202
44.942574,178.0202
44.96062,178.0202
44.978634,179.12097
44.99317,179.12097
45.01208,178.27429
45.028564,178.27429
45.047264,178.75
45.062893,178.75
45.07701,178.75
45.09772,177.65485
45.112545,177.65485
45.131405,178.92291
45.144463,178.92291
45.160675,178.92291
45.180016,179.78674
45.19383,179.78674
45.212574,179.78809
45.226933,179.78809
45.244896,180.62762
45.26203,180.62762
45.278397,180.62762
45.2986,181.82458
45.31069,181.82458
45.329006,177.14429
45.344692,177.14429
45.361637,177.14429
45.378998,177.88196
45.39493,177.88196
45.41335,177.42255
45.429794,177.42255
45.445263,178.6792
45.4646,178.6792
45.479073,178.6792
45.49575,180.4524
45.510834,180.4524
45.530777,180.35461
45.54733,180.35461
45.56133,180.35461
45.582954,180.3753
45.59709,180.3753
45.61275,180.47632
45.62845,180.47632
45.643944,179.79797
45.66142,179.79797
45.67799,179.79797
45.697403,179.8775
45.711067,179.8775
45.728725,176.18628
45.74388,176.18628
45.760715,176.18628
45.781216,176.03217
45.79526,176.03217
45.81293,176.24219
45.827972,176.24219
45.844788,176.1789
45.865353,176.1789
45.878048,176.1789
45.895947,176.92249
45.911026,176.92249
45.93058,176.31866
45.944214,176.31866
45.96191,176.31866
45.98092,176.0221
45.99381,176.0221
46.01186,176.14563
46.027756,176.14563
46.045532,175.38226
46.062588,175.38226
46.078125,175.38226
46.094574,175.67108
46.11115,175.67108
46.131947,175.98071
46.1439,175.98071
46.162205,175.98071
46.179157,177.22638
46.1944,177.22638
46.211704,176.52502
46.22931,176.52502
46.245983,176.80396
46.26252,176.80396
46.279278,176.80396
46.29548,178.17877
46.311626,178.17877
46.329193,178.27344
46.344734,178.27344
46.360943,178.27344
46.37924,177.48077
46.39591,177.48077
46.41318,178.79376
46.429882,178.79376
46.44673,177.26447
46.46186,177.26447
46.477554,177.26447
46.496044,177.23737
46.511955,177.23737
46.529152,177.12976
46.543728,177.12976
46.56218,177.12976
46.580128,178.24939
46.59477,178.24939
46.612015,177.50867
46.627728,177.50867
46.644703,177.01923
46.660812,177.01923
46.676025,177.01923
46.695927,177.12079
46.71109,177.12079
46.7304,177.11835
46.742985,177.11835
46.759857,177.11835
46.779007,176.14105
46.79434,176.14105
46.814754,176.93909
46.82737,176.93909
46.843296,178.78918
46.86074,178.78918
46.87694,178.78918
46.89663,178.32458
46.911007,178.32458
46.92921,177.66077
46.944725,177.66077
46.96188,177.66077
46.979706,177.9505
46.99488,177.9505
47.011375,177.4627
47.026676,177.4627
47.043568,178.43475
47.062786,178.43475
47.076923,178.43475
47.094303,176.36945
47.110317,176.36945
47.12826,178.71259
47.144356,178.71259
47.16043,178.71259
47.178207,178.74268
47.194096,178.74268
47.21554,179.76294
47.226078,179.76294
47.24544,179.07959
47.262337,179.07959
47.277,179.07959
47.294743,179.86487
47.311398,179.86487
47.32793,178.59802
47.343914,178.59802
47.36084,178.59802
47.37892,176.60248
47.394115,176.60248
47.411797,176.15735
47.427902,176.15735
47.445293,176.2926
47.461792,176.2926
47.478138,176.2926
47.498726,176.62115
47.51376,176.62115
47.52967,176.16235
47.54429,176.16235
47.5602,176.16235
47.579388,177.75201
47.593018,177.75201
47.611275,176.84576
47.627754,176.84576
47.64434,175.89337
47.66161,175.89337
47.677605,175.89337
47.694614,177.20697
47.710632,177.20697
47.729256,179.16492
47.74267,179.16492
47.760254,179.16492
47.778263,178.20538
47.7935,178.20538
47.81399,180.82666
47.828182,180.82666
47.84345,181.76117
47.8614,181.76117
47.87744,181.76117
47.89752,177.00275
47.910507,177.00275
47.92795,178.68964
47.9435,178.68964
47.961277,178.68964
47.97933,181.60919
47.99337,181.60919
48.012245,179.568
48.026363,179.568
48.044426,183.25061
48.06294,183.25061
48.080738,183.25061
48.098824,181.94812
48.112293,181.94812
48.130157,182.23541
48.14449,182.23541
48.161884,182.23541
48.179173,184.37323
48.19377,184.37323
48.212605,189.4624
48.2279,189.4624
48.244934,186.49097
48.261147,186.49097
48.2766,186.49097
48.29575,189.68488
48.310627,189.68488
48.33262,189.77911
48.344234,189.77911
48.36075,189.77911
48.379356,190.43689
48.393246,190.43689
48.412388,193.90741
48.429596,193.90741
48.445213,192.63092
48.461998,192.63092
48.478962,192.63092
48.496536,193.45001
48.51128,193.45001
48.529354,191.45471
48.543884,191.45471
48.559986,191.45471
48.57901,194.98834
48.594444,194.98834
48.6132,195.45898
48.627525,195.45898
48.646698,197.54199
48.661293,197.54199
48.679123,197.54199
48.696102,201.25598
48.711308,201.25598
48.727654,202.04462
48.743713,202.04462
48.760036,202.04462
48.779224,201.69806
48.796013,201.69806
48.81283,203.97882
48.828144,203.97882
48.843155,204.8778
48.86188,204.8778
48.87702,204.8778
48.897186,204.5404
48.911354,204.5404
48.93062,206.01575
48.942783,206.01575
48.96107,206.01575
48.97718,205.1958
48.993793,205.1958
49.012062,206.29858
49.02707,206.29858
49.047073,206.29858
49.063175,206.30713
49.078007,206.30713
49.096066,207.08905
49.109608,207.08905
49.12829,206.07837
49.144833,206.07837
49.16059,206.07837
49.17881,209.82318
49.194645,209.82318
49.210835,209.60828
49.227077,209.60828
49.243988,208.50354
49.26156,208.50354
49.27684,208.50354
49.295,207.18463
49.31122,207.18463
49.32882,208.99402
49.342686,208.99402
49.36074,208.99402
49.378822,210.01398
49.395107,210.01398
49.41224,209.17957
49.42926,209.17957
49.444748,210.24927
49.46166,210.24927
49.47637,210.24927
49.496662,210.48718
49.512207,210.48718
49.528336,209.77716
49.54394,209.77716
49.561424,209.77716
49.579414,212.88544
49.595577,212.88544
49.61628,213.86676
49.627613,213.86676
49.643784,213.2262
49.66137,213.2262
49.677784,213.2262
49.695087,212.62787
49.710518,212.62787
49.728664,214.56915
49.74348,214.56915
49.761494,214.56915
49.77912,215.45789
49.794327,215.45789
49.813374,215.36145
49.828438,215.36145
49.843647,215.3299
49.862133,215.3299
49.877167,215.3299
49.894474,215.71198
49.91041,215.71198
49.929707,214.96973
49.94305,214.96973
49.961132,214.96973
49.97968,215.52173
49.994797,215.52173
50.01335,216.3009
50.027473,216.3009
50.044453,215.32214
50.060513,215.32214
50.07718,215.32214
50.095295,215.05573
50.1107,215.05573
50.128162,212.36877
50.143475,212.36877
50.159954,212.36877
50.17863,212.24536
50.19433,212.24536
50.2125,213.2727
50.22788,213.2727
50.243496,213.26422
50.26255,213.26422
50.27677,213.26422
50.29517,214.14722
50.310555,214.14722
50.327225,215.2381
50.344383,215.2381
50.360264,215.2381
50.381584,213.62134
50.394688,213.62134
50.41133,213.45178
50.427277,213.45178
50.44422,215.07153
50.46192,215.07153
50.476337,215.07153
50.49658,215.9336
50.51085,215.9336
50.532566,213.6618
50.542797,213.6618
50.56242,213.6618
50.578033,214.72906
50.59378,214.72906
50.61566,215.03497
50.627636,215.03497
50.644375,214.77167
50.661484,214.77167
50.676674,214.77167
50.695995,215.77588
50.71052,215.77588
50.727898,216.10046
50.743195,216.10046
50.759987,216.10046
50.779415,216.05688
50.79495,216.05688
50.812256,216.55475
50.82755,216.55475
50.843616,217.79803
50.861816,217.79803
50.877293,217.79803
50.89466,217.42737
50.910557,217.42737
50.92811,215.3266
50.944565,215.3266
50.959576,215.3266
50.978367,215.90106
50.99428,215.90106
51.01224,214.58984
51.02798,214.58984
51.044125,215.36469
51.06162,215.36469
51.07675,215.36469
51.096462,214.78632
51.111237,214.78632
51.128284,215.39343
51.14345,215.39343
51.161896,215.39343
51.177074,216.03424
51.19326,216.03424
51.215267,216.95428
51.228783,216.95428
51.2444,216.5805
51.26202,216.5805
51.27756,216.5805
51.29489,216.21454
51.311245,216.21454
51.330658,215.75867
51.344097,215.75867
51.3611,215.75867
51.378716,215.97565
51.394806,215.97565
51.412212,215.85712
51.427673,215.85712
51.44609,215.86945
51.46164,215.86945
51.47807,215.86945
51.495796,214.6576
51.510532,214.6576
51.527645,214.9784
51.543987,214.9784
51.559574,214.9784
51.579735,214.75525
51.59468,214.75525
51.611748,214.71826
51.62797,214.71826
51.64551,215.05731
51.66068,215.05731
51.677994,215.05731
51.695763,215.70947
51.710846,215.70947
51.72895,215.60986
51.744507,215.60986
51.76103,215.60986
51.779762,216.30292
51.795307,216.30292
51.813812,216.13037
51.828133,216.13037
51.84519,215.74823
51.861404,215.74823
51.878498,215.74823
51.897007,213.55829
51.910465,213.55829
51.92999,214.62872
51.943443,214.62872
51.96035,214.62872
51.97761,213.90833
51.996605,213.90833
52.011173,215.58832
52.027805,215.58832
52.044228,215.2174
52.062458,215.2174
52.078373,215.2174
52.09566,217.40479
52.110996,217.40479
52.128,214.83655
52.145317,214.83655
52.16018,214.83655
52.18049,216.04883
52.19427,216.04883
52.211884,216.52722
52.228764,216.52722
52.243816,215.18555
52.26128,215.18555
52.277203,215.18555
52.295544,216.3263
52.30979,216.3263
52.328655,214.7326
52.34361,214.7326
52.360832,214.7326
52.38016,214.84204
52.39429,214.84204
52.41259,213.6825
52.4275,213.6825
52.44539,214.30054
52.462723,214.30054
52.477642,214.30054
52.495396,214.64111
52.511543,214.64111
52.52953,213.99487
52.544556,213.99487
52.560917,213.99487
52.57953,213.85675
52.594864,213.85675
52.611225,214.1701
52.62857,214.1701
52.64575,214.05334
52.660984,214.05334
52.676556,214.05334
52.695724,213.15253
52.711018,213.15253
52.730694,212.9961
52.745102,212.9961
52.76201,212.9961
52.77956,212.10828
52.797173,212.10828
52.81539,211.43427
52.828835,211.43427
52.843967,212.60883
52.862835,212.60883
52.877064,212.60883
52.89636,212.5
52.9109,212.5
52.92896,212.97797
52.943935,212.97797
52.96063,212.97797
52.979443,212.35712
52.993652,212.35712
53.011448,212.17181
53.02649,212.17181
53.044605,212.94696
53.061424,212.94696
53.07819,212.94696
53.094337,211.78821
53.110332,211.78821
53.129303,213.57306
53.144554,213.57306
53.16129,213.57306
53.179596,213.8573
53.19527,213.8573
53.212044,213.74933
53.22747,213.74933
53.245564,213.0614
53.261703,213.0614
53.278133,213.0614
53.297756,213.419
53.309856,213.419
53.3282,212.05481
53.34377,212.05481
53.360973,212.05481
53.378857,210.17908
53.395096,210.17908
53.41222,209.04462
53.428032,209.04462
53.445282,207.67767
53.462994,207.67767
53.47838,207.67767
53.49472,209.58728
53.51046,209.58728
53.527637,208.80951
53.543655,208.80951
53.56227,208.80951
53.579826,208.00293
53.59476,208.00293
53.612774,208.27808
53.62798,208.27808
53.64673,208.33044
53.662388,208.33044
53.67837,208.33044
53.696495,207.92755
53.71085,207.92755
53.729088,208.57141
53.74524,208.57141
53.759323,208.57141
53.780148,208.05328
53.795425,208.05328
53.812714,207.7359
53.82748,207.7359
53.84373,207.91498
53.86241,207.91498
53.87802,207.91498
53.8946,205.61731
53.91087,205.61731
53.927036,205.83557
53.945107,205.83557
53.960777,205.83557
53.979706,205.23419
53.995026,205.23419
54.0119,205.77313
54.026978,205.77313
54.04428,203.99066
54.063213,203.99066
54.07764,203.99066
54.094376,205.27032
54.109505,205.27032
54.12928,202.81494
54.14376,202.81494
54.161926,202.81494
54.180527,205.66827
54.195217,205.66827
54.214966,202.30951
54.228027,202.30951
54.243744,204.12921
54.26231,204.12921
54.27876,204.12921
54.295517,200.7138
54.311485,200.7138
54.328312,200.00183
54.34429,200.00183
54.36111,200.00183
54.38058,201.544
54.39499,201.544
54.41153,200.51874
54.430996,200.51874
54.446438,198.11511
54.46286,198.11511
54.47796,198.11511
54.49615,196.25702
54.510372,196.25702
54.52936,198.93707
54.544064,198.93707
54.559555,198.93707
54.579445,198.5373
54.594563,198.5373
54.61616,195.80719
54.628487,195.80719
54.643566,197.0357
54.66269,197.0357
54.67731,197.0357
54.69582,195.42358
54.71128,195.42358
54.729515,195.10461
54.745,195.10461
54.762543,195.10461
54.779236,191.84857
54.794346,191.84857
54.812584,190.58093
54.82745,190.58093
54.846,193.54626
54.86165,193.54626
54.87782,193.54626
54.89618,193.65588
54.910652,193.65588
54.929928,190.70209
54.943386,190.70209
54.96127,190.70209
54.977497,192.61987
54.99479,192.61987
55.01259,191.26337
55.02837,191.26337
55.04532,190.28046
55.061024,190.28046
55.078312,190.28046
55.09717,188.89984
55.110996,188.89984
55.12943,190.25
55.142982,190.25
55.160854,190.25
55.1777,189.1322
55.193798,189.1322
55.212925,189.719
55.226852,189.719
55.243946,188.35315
55.26123,188.35315
55.27661,188.35315
55.295395,188.04791
55.310608,188.04791
55.330368,186.98492
55.344524,186.98492
55.35964,186.98492
55.381058,186.80963
55.39656,186.80963
55.412228,186.83398
55.42936,186.83398
55.44608,186.14117
55.462284,186.14117
55.477455,186.14117
55.49588,186.81049
55.512234,186.81049
55.528564,183.44775
55.54319,183.44775
55.561543,183.44775
55.5794,182.54279
55.594814,182.54279
55.611946,182.11865
55.62717,182.11865
55.644844,182.36908
55.661148,182.36908
55.677395,182.36908
55.695915,182.53564
55.711296,182.53564
55.7305,180.8197
55.74365,180.8197
55.76146,180.8197
55.77995,180.69281
55.79416,180.69281
55.811195,179.6875
55.828613,179.6875
55.844143,179.04639
55.8621,179.04639
55.877583,179.04639
55.895145,177.86432
55.91105,177.86432
55.934708,180.32104
55.945595,180.32104
55.962017,180.32104
55.978577,179.67236
55.995956,179.67236
56.012535,179.72235
56.027527,179.72235
56.046024,179.25726
56.062958,179.25726
56.078545,179.25726
56.09805,178.35907
56.111233,178.35907
56.12868,181.479
56.144657,181.479
56.161484,181.479
56.17938,179.7425
56.19467,179.7425
56.21219,176.8565
56.22636,176.8565
56.25948,178.01434
56.271362,178.01434
56.287098,176.40002
56.303055,176.40002
56.317722,176.40002
56.334667,176.32837
56.350163,176.32837
56.37113,177.31152
56.38487,177.31152
56.40139,177.31152
56.417522,176.78412
56.434387,176.78412
56.453583,174.40808
56.468105,174.40808
56.483974,172.9776
56.50208,172.9776
56.517857,172.9776
56.534943,174.76129
56.55131,174.76129
56.567577,173.88043
56.584126,173.88043
56.60179,173.88043
56.61881,175.57874
56.634377,175.57874
56.654213,175.4851
56.66787,175.4851
56.682884,175.4851
56.702515,172.85077
56.716816,172.85077
56.734463,172.91595
56.74991,172.91595
56.769623,172.30804
56.786053,172.30804
56.800507,172.30804
56.818115,173.86365
56.834126,173.86365
56.853783,171.17523
56.86748,171.17523
56.88429,169.46558
56.901432,169.46558
56.917423,169.46558
56.93477,171.17358
56.950233,171.17358
56.96958,168.09161
56.98493,168.09161
57.002625,168.09161
57.0183,167.79852
57.034595,167.79852
57.053925,166.18927
57.06656,166.18927
57.08427,165.48291
57.101444,165.48291
57.11718,165.48291
57.13566,165.99738
57.149357,165.99738
57.168888,163.73297
57.18446,163.73297
57.199745,163.73297
57.219044,164.737
57.23345,164.737
57.254307,168.90741
57.267376,168.90741
57.28501,159.28406
57.302322,159.28406
57.31783,159.28406
57.33595,162.77808
57.351048,162.77808
57.369534,163.3139
57.383728,163.3139
57.39995,163.3139
57.420094,156.8153
57.434258,156.8153
57.452793,160.37805
57.468277,160.37805
57.484283,157.29053
57.50048,157.29053
57.51684,157.29053
57.53586,156.383
57.550972,156.383
57.568977,159.26392
57.58527,159.26392
57.60087,159.26392
57.619038,161.56635
57.63456,161.56635
57.65119,160.28491
57.666656,160.28491
57.683876,160.1355
57.701283,160.1355
57.71705,160.1355
57.73447,156.9939
57.750458,156.9939
57.768078,156.9632
57.786987,156.9632
57.80081,156.9632
57.818516,156.08752
57.849216,156.5888
57.86165,156.5888
57.87612,156.5888
57.895767,158.27417
57.907265,158.27417
57.92391,158.39545
57.9414,158.39545
57.9568,158.39545
57.97544,157.53925
57.990578,157.53925
58.00793,156.20532
58.024582,156.20532
58.040974,156.20532
58.05886,158.94098
58.074535,158.94098
58.092617,158.87347
58.10678,158.87347
58.125076,156.49677
58.141468,156.49677
58.157207,156.49677
58.176155,156.97437
58.190784,156.97437
58.21121,155.66669
58.223713,155.66669
58.240543,155.66669
58.258377,156.78021
58.274616,156.78021
58.291557,155.46484
58.30766,155.46484
58.325333,155.69348
58.34229,155.69348
58.357372,155.69348
58.375847,156.85046
58.390514,156.85046
58.408325,157.18518
58.424404,157.18518
58.441383,157.18518
58.459747,155.15405
58.474197,155.15405
58.492615,158.88416
58.507507,158.88416
58.52411,154.74011
58.541656,154.74011
58.55715,154.74011
58.57583,155.31189
58.59105,155.31189
58.610126,154.40607
58.625824,154.40607
58.64084,154.40607
58.65913,152.99036
58.67412,152.99036
58.692696,158.93567
58.70784,158.93567
58.72378,158.3706
58.74204,158.3706
58.757484,158.3706
58.775833,157.63855
58.791576,157.63855
58.808887,158.28351
58.824127,158.28351
58.84069,158.28351
58.8589,156.89343
58.873123,156.89343
58.892204,156.2243
58.90682,156.2243
58.925396,158.27155
58.941372,158.27155
58.955837,158.27155
58.975914,157.12659
58.99057,157.12659
59.00902,157.73291
59.024445,157.73291
59.040882,157.73291
59.057224,157.27417
59.072838,157.27417
59.09179,155.19305
59.108646,155.19305
59.124275,156.44904
59.14203,156.44904
59.158566,156.44904
59.17579,158.69232
59.19084,158.69232
59.209007,157.4143
59.224594,157.4143
59.240166,157.4143
59.25836,155.4679
59.27351,155.4679
59.29122,154.48285
59.30804,154.48285
59.324116,155.65527
59.34186,155.65527
59.358044,155.65527
59.376247,155.99689
59.390755,155.99689
59.408703,160.27765
59.42392,160.27765
59.44077,160.27765
59.459763,158.33136
59.47566,158.33136
59.49186,159.12103
59.507767,159.12103
59.523376,160.15363
59.542587,160.15363
59.556484,160.15363
59.57759,162.10028
59.589153,162.10028
59.608368,158.1261
59.62328,158.1261
59.640083,158.1261
59.659256,156.96002
59.67398,156.96002
59.692097,160.89502
59.707485,160.89502
59.724106,158.10126
59.741756,158.10126
59.757755,158.10126
59.775043,157.58856
59.79117,157.58856
59.80964,160.6261
59.822742,160.6261
59.84078,160.6261
59.858006,159.93585
59.873928,159.93585
59.891663,159.6991
59.90615,159.6991
59.924175,162.44214
59.945045,162.44214
59.96019,162.44214
59.975224,164.19135
59.991257,164.19135
60.0,164.19135
