0.2699716,81.344666
0.28705028,83.12549
0.2973264,83.12549
0.31490844,84.24304
0.3309955,84.5
0.34729385,84.5
0.3646711,85.532776
0.37957463,85.532776
0.39661252,85.532776
0.42119795,85.76654
0.43329594,85.76654
0.44715405,86.40912
0.4658938,86.40912
0.48099557,86.40912
0.49811828,88.05054
0.514397,88.05054
0.53115535,92.04529
0.5473534,92.04529
0.56265503,92.04529
0.583094,91.56128
0.59632915,91.56128
0.6150855,91.97107
0.62890893,91.97107
0.64733636,93.55951
0.664861,93.55951
0.6786489,93.55951
0.6989924,96.5918
0.71136117,96.5918
0.72937727,96.5918
0.75118023,97.56482
0.7638014,96.53296
0.7800258,96.53296
0.794678,96.53296
0.81363827,99.6236
0.82959336,99.6236
0.84687644,100.59119
0.86336,100.59119
0.879442,100.59119
0.8975906,101.4433
0.9126526,101.4433
0.93695915,102.67383
0.94656944,102.67383
0.96166736,102.67383
0.9808168,104.72455
0.99531776,104.72455
1.0176705,105.95923
1.0293001,105.95923
1.0451015,106.50867
1.0634761,106.50867
1.0795625,106.50867
1.099012,107.647644
1.1113739,107.647644
1.1299934,111.02582
1.1460836,111.02582
1.1641421,111.36151
1.1807215,111.36151
1.1967477,111.36151
1.2145348,114.57428
1.2291871,114.57428
1.2451123,117.5376
1.2639096,117.5376
1.2788953,117.5376
1.2970277,120.2215
1.3130138,120.2215
1.3292644,122.97406
1.3453981,122.97406
1.3622369,122.97406
1.3795652,126.691895
1.3961649,126.691895
1.4132369,126.21802
1.4307091,126.21802
1.445597,127.16168
1.4639101,127.16168
1.4789811,127.16168
1.4972851,127.270996
1.5125723,127.270996
1.5290849,127.37244
1.5453031,127.37244
1.5620602,127.37244
1.5800676,128.31647
1.5957966,128.31647
1.613555,127.9469
1.6297051,127.9469
1.6468699,129.07861
1.6626099,129.07861
1.6792161,129.07861
1.6974537,129.42279
1.7125791,129.42279
1.730271,131.99841
1.7457249,131.99841
1.7640647,130.3645
1.7809403,130.3645
1.7961953,130.3645
1.8144634,130.04211
1.8299187,130.04211
1.8479025,132.03125
1.8637366,132.03125
1.8793617,132.03125
1.8972316,131.27472
1.9281652,131.40741
1.9411857,131.40741
1.9518449,131.40741
1.9700059,131.81818
1.9856291,131.81818
2.0028267,131.81818
2.0208077,129.35852
2.0363283,129.35852
2.05436,131.64154
2.0694087,131.64154
2.0882168,132.3338
2.1033366,132.3338
2.1209855,132.3338
2.1372385,132.43573
2.153187,132.43573
2.1706595,133.77716
2.1862223,133.77716
2.2045243,134.65015
2.221703,134.65015
2.2453506,134.65015
2.2583303,133.83734
2.2715375,133.83734
2.2934892,133.87622
2.3054,133.87622
2.3202577,133.87622
2.3392181,135.31842
2.3545241,135.31842
2.3737469,135.82935
2.3872616,135.82935
2.404876,135.79822
2.4211576,135.79822
2.4375367,135.79822
2.4564562,136.63684
2.47038,136.63684
2.4889438,137.38971
2.503059,137.38971
2.521235,137.38971
2.540555,137.9278
2.5539963,137.9278
2.5742292,136.50732
2.5872242,136.50732
2.6038587,137.19098
2.6215663,137.19098
2.6365905,137.19098
2.6550055,137.68073
2.6698442,137.68073
2.686905,137.96619
2.704791,137.96619
2.7201746,137.96619
2.738174,138.61847
2.7527373,138.61847
2.7708504,138.3576
2.787549,138.3576
2.8054242,138.28375
2.8216639,138.28375
2.835803,138.28375
2.8571727,136.83356
2.8713148,136.83356
2.8924122,136.79791
2.9034219,136.79791
2.919526,136.79791
2.9395833,136.37488
2.953502,136.37488
2.9715075,138.41669
2.9869976,138.41669
3.004484,136.445
3.021714,136.445
3.0378811,136.445
3.055717,136.63849
3.0701725,136.63849
3.0894823,136.19159
3.1040194,136.19159
3.1205533,136.19159
3.1391304,135.79462
3.1531634,135.79462
3.1719153,136.51575
3.1870136,136.51575
3.20579,137.1377
3.2206588,137.1377
3.236727,137.1377
3.2573564,136.99872
3.271351,136.99872
3.2898338,138.19684
3.3038635,138.19684
3.3216393,138.19684
3.3380184,137.87177
3.353959,137.87177
3.3715596,137.9505
3.388027,137.9505
3.4045277,139.02472
3.4240403,139.02472
3.43652,139.02472
3.458404,137.48615
3.471458,137.48615
3.4880674,138.3476
3.5040522,138.3476
3.519179,138.3476
3.5385747,138.66748
3.5533855,138.66748
3.5745597,138.66089
3.5870497,138.66089
3.605024,139.9237
3.6206875,139.9237
3.6366992,139.9237
3.6552968,139.2898
3.6717572,139.2898
3.6889188,139.10919
3.7038264,139.10919
3.719674,139.10919
3.738641,139.77185
3.7544816,139.77185
3.7758572,139.01532
3.7878609,139.01532
3.8056197,139.53363
3.823141,139.53363
3.838747,139.53363
3.8557563,140.35876
3.8710597,140.35876
3.8883054,140.14856
3.9029346,140.14856
3.9199345,140.14856
3.938724,139.41357
3.953948,139.41357
3.9718866,139.25116
3.9868684,139.25116
4.0030403,139.25116
4.021957,139.7799
4.0375447,139.7799
4.05462,139.6756
4.0706906,139.6756
4.087954,140.63684
4.1045327,140.63684
4.1199417,140.63684
4.139024,140.95374
4.153869,140.95374
4.1715918,141.2428
4.1872888,141.2428
4.2035174,141.2428
4.2208085,141.58148
4.2360687,141.58148
4.2548842,139.06433
4.2705173,139.06433
4.288427,140.5116
4.305146,140.5116
4.3202868,140.5116
4.3389435,138.21844
4.3545337,138.21844
4.372842,138.3551
4.386414,138.3551
4.4040937,137.8169
4.4209814,137.8169
4.4370522,137.8169
4.459755,138.33374
4.470261,138.33374
4.4907966,140.1435
4.5036764,140.1435
4.5205073,140.1435
4.539925,138.60706
4.5536723,138.60706
4.576015,139.77649
4.58742,139.77649
4.604469,140.13568
4.622158,140.13568
4.637453,140.13568
4.6572647,138.94025
4.6711597,138.94025
4.6889153,139.21973
4.704445,139.21973
4.720131,139.21973
4.7403717,139.29224
4.7542195,139.29224
4.77495,139.10248
4.7876415,139.10248
4.80435,137.8894
4.8219814,137.8894
4.8370266,137.8894
4.8576193,138.10504
4.870103,138.10504
4.8881574,137.6629
4.9060526,137.6629
4.9211273,137.6629
4.938037,138.63892
4.953383,138.63892
4.9750266,138.42615
4.98575,138.42615
5.0040274,137.79004
5.0217495,137.79004
5.0373726,137.79004
5.0572124,138.73608
5.069661,138.73608
5.090904,138.74237
5.1030045,138.74237
5.1203074,138.74237
5.141128,138.79767
5.152827,138.79767
5.1729717,139.02063
5.186289,139.02063
5.2039847,138.492
5.22019,138.492
5.2375298,138.492
5.255108,138.28082
5.270449,138.28082
5.2870955,137.16248
5.305281,137.16248
5.320662,137.16248
5.339896,136.69452
5.3533106,136.69452
5.3719816,136.81342
5.386752,136.81342
5.403579,137.29694
5.421445,137.29694
5.437852,137.29694
5.455351,135.95013
5.471534,135.95013
5.4894147,136.23297
5.5040197,136.23297
5.528328,136.92035
5.5399966,136.92035
5.5547814,136.92035
5.572912,136.66241
5.586692,136.66241
5.603909,136.50317
5.6208496,136.50317
5.6362557,136.50317
5.656304,136.25848
5.671404,136.25848
5.6906676,137.138
5.7034845,137.138
5.7212205,137.138
5.7390103,136.94104
5.75414,136.94104
5.7757072,137.27094
5.786969,137.27094
5.8038836,136.95471
5.8216276,136.95471
5.8368936,136.95471
5.853851,136.21783
5.871568,136.21783
5.890121,137.12024
5.90325,137.12024
5.920616,137.12024
5.9388156,135.419
5.9537563,135.419
5.973523,136.6084
5.9871535,136.6084
6.004832,136.92316
6.0213885,136.92316
6.036653,136.92316
6.054359,136.79572
6.0703154,136.79572
6.087891,136.53143
6.1044226,136.53143
6.1206365,136.53143
6.140202,137.17505
6.153272,137.17505
6.1723094,137.84955
6.187396,137.84955
6.204202,137.31146
6.2220783,137.31146
6.2374067,137.31146
6.2557783,138.27856
6.271194,138.27856
6.291781,137.69586
6.3033295,137.69586
6.3198576,137.69586
6.3384137,137.41943
6.354666,137.41943
6.373679,137.07825
6.3871894,137.07825
6.403033,137.07825
6.421238,136.97144
6.4377546,136.97144
6.455718,136.10968
6.471351,136.10968
6.4878592,134.70154
6.502884,134.70154
6.5210204,134.70154
6.5384674,134.70367
6.552922,134.70367
6.5731325,133.43329
6.5876117,133.43329
6.6038795,133.3681
6.623207,133.3681
6.637369,133.3681
6.6556244,133.50305
6.670315,133.50305
6.6866193,133.18408
6.7047815,133.18408
6.7211695,133.18408
6.739819,133.11206
6.7532578,133.11206
6.772782,131.56268
6.7907166,131.56268
6.8039207,132.32037
6.821068,132.32037
6.8371544,132.32037
6.856619,132.33691
6.8718777,132.33691
6.889138,132.30841
6.9029756,132.30841
6.9199586,132.30841
6.9391656,130.72412
6.9538317,130.72412
6.9721723,130.97894
6.9859896,130.97894
7.00499,129.30157
7.021292,129.30157
7.0374885,129.30157
7.0570016,128.2843
7.0719357,128.2843
7.087444,128.2843
7.103061,128.2843
7.12,129.58057
7.142046,129.30432
7.154003,129.30432
7.1714773,128.62311
7.187343,128.62311
7.204395,128.79974
7.2217727,128.79974
7.2374263,128.79974
7.2554855,128.48969
7.2698355,128.48969
7.289053,128.58594
7.3040943,128.58594
7.31974,128.58594
7.3394866,127.96735
7.353592,127.96735
7.372842,127.96735
7.3900228,126.46295
7.4046664,126.46295
7.4241314,128.06506
7.4380937,128.06506
7.4563727,126.65338
7.4706974,126.65338
7.4887395,127.51129
7.502431,127.51129
7.520084,127.51129
7.538053,127.47461
7.553896,127.47461
7.5734196,125.64789
7.5869884,125.64789
7.6048565,124.546326
7.6206636,124.546326
7.6368895,124.546326
7.6576147,124.730286
7.6697855,124.730286
7.6885204,123.14142
7.703932,123.14142
7.7194333,123.14142
7.739709,122.8161
7.753612,122.8161
7.771413,121.5
7.7876234,121.5
7.804101,122.93225
7.8236575,122.93225
7.8377666,122.93225
7.8540287,124.88544
7.8713593,124.88544
7.891182,123.59625
7.904462,123.59625
7.9200253,123.59625
7.937783,122.04797
7.9541144,122.04797
7.9742455,122.58722
7.9868946,122.58722
8.003891,120.18927
8.022662,120.18927
8.037601,120.18927
8.056474,119.47241
8.070227,119.47241
8.088694,120.334595
8.104194,120.334595
8.120612,120.334595
8.138364,119.55951
8.153495,119.55951
8.173278,119.38226
8.186879,119.38226
8.20414,120.42035
8.220546,120.42035
8.236739,120.42035
8.254003,122.07208
8.270015,122.07208
8.28938,124.76709
8.304737,124.76709
8.320477,124.76709
8.338765,119.57727
8.353932,119.57727
8.371797,119.64374
8.386762,119.64374
8.402887,119.64374
8.421741,120.40662
8.437536,120.40662
8.455046,120.59918
8.471471,120.59918
8.487026,118.55554
8.503755,118.55554
8.5202465,118.55554
8.540357,118.191895
8.553066,118.191895
8.572935,118.61505
8.58612,118.61505
8.603651,118.50104
8.621342,118.50104
8.643273,118.50104
8.657136,118.03119
8.670124,118.03119
8.688278,117.81622
8.703383,117.81622
8.720707,117.81622
8.739327,114.94702
8.753499,114.94702
8.772435,116.8479
8.786415,116.8479
8.804196,116.45001
8.82143,116.45001
8.83717,116.45001
8.856449,115.72992
8.871195,115.72992
8.892306,114.57782
8.906019,114.57782
8.920984,114.57782
8.93881,114.1369
8.954779,114.1369
8.972089,115.028625
8.987278,115.028625
9.004584,116.20288
9.02232,116.20288
9.037511,116.20288
9.054323,115.057556
9.071325,115.057556
9.092366,114.37067
9.104026,114.37067
9.120053,114.37067
9.137503,113.843994
9.153117,113.843994
9.174646,113.526855
9.187142,113.526855
9.205104,113.42969
9.222201,113.42969
9.237174,113.42969
9.254312,111.77777
9.269422,111.77777
9.289121,116.98682
9.30427,116.98682
9.320359,116.98682
9.338993,114.45819
9.354287,114.45819
9.373352,115.26251
9.38813,115.26251
9.403895,116.309265
9.421897,116.309265
9.437699,116.309265
9.458232,116.70703
9.471092,116.70703
9.488139,116.8277
9.503906,116.8277
9.519884,116.8277
9.539277,115.90283
9.5537815,115.90283
9.571711,116.18518
9.586903,116.18518
9.603797,113.72461
9.622878,113.72461
9.637316,113.72461
9.656752,113.27374
9.671842,113.27374
9.69105,112.21814
9.704105,112.21814
9.7215805,112.21814
9.739045,113.01422
9.75366,113.01422
9.771341,111.56189
9.788554,111.56189
9.804488,111.54602
9.823111,111.54602
9.837252,111.54602
9.857939,110.38818
9.871299,110.38818
9.889264,111.634705
9.903488,111.634705
9.920604,111.634705
9.9383955,110.77014
9.953629,110.77014
9.974413,110.73779
9.986886,110.73779
10.002721,110.73779
10.020714,114.612
10.03725,114.612
10.0559,113.614136
10.070816,113.614136
10.091351,112.7843
10.1043415,112.7843
10.119934,112.7843
10.141216,113.22473
10.153726,113.22473
10.172833,112.61182
10.187688,112.61182
10.205579,111.22363
10.222565,111.22363
10.2367525,111.22363
10.2543955,110.09235
10.269732,110.09235
10.291846,109.98035
10.3038025,109.98035
10.32047,109.98035
10.338431,109.44916
10.354188,109.44916
10.372862,106.65082
10.386668,106.65082
10.404112,106.7276
10.420441,106.7276
10.450539,106.60547
10.463,106.60547
10.475445,106.60547
10.495536,108.75989
10.508202,108.75989
10.525101,108.477295
10.543618,108.477295
10.560092,108.477295
10.575964,106.36029
10.59131,106.36029
10.61179,105.54297
10.6260805,105.54297
10.642875,105.54297
10.661384,105.61377
10.676639,105.61377
10.695898,105.1084
10.709653,105.1084
10.72592,104.15192
10.744154,104.15192
10.75936,104.15192
10.781412,104.27338
10.792248,104.27338
10.810186,104.41638
10.824503,104.41638
10.842102,104.41638
10.861228,102.44324
10.8757515,102.44324
10.894424,103.83942
10.909098,103.83942
10.924814,103.76428
10.94197,103.76428
10.958497,103.76428
10.974936,105.45422
10.992359,105.45422
11.010337,105.05206
11.025963,105.05206
11.042399,105.05206
11.060703,105.706665
11.076338,105.706665
11.095116,105.55298
11.110007,105.55298
11.126038,104.34564
11.144101,104.34564
11.159287,104.34564
11.176731,104.616394
11.191827,104.616394
11.210237,106.566284
11.224532,106.566284
11.241978,106.566284
11.260444,107.57605
11.276384,107.57605
11.294136,110.4306
11.309523,110.4306
11.32912,110.77466
11.344357,110.77466
11.358387,110.77466
11.376571,112.89667
11.392671,112.89667
11.412844,111.71466
11.425751,111.71466
11.442424,111.71466
11.458696,111.36365
11.47577,111.36365
11.497266,111.43799
11.508178,111.43799
11.525232,110.80267
11.54337,110.80267
11.55728,110.80267
11.577314,112.66229
11.592298,112.66229
11.610507,111.58887
11.626392,111.58887
11.6412735,111.58887
11.659816,112.198425
11.6742735,112.198425
11.693941,111.89258
11.707798,111.89258
11.726288,110.8067
11.743001,110.8067
11.757275,110.8067
11.776227,110.29578
11.792553,110.29578
11.809905,110.74579
11.826141,110.74579
11.842258,110.74579
11.860717,112.55896
11.876197,112.55896
11.893846,112.93335
11.908231,112.93335
11.926252,110.765015
11.941534,110.765015
11.957925,110.765015
11.977228,108.90082
11.991863,108.90082
12.008904,110.324036
12.024873,110.324036
12.041592,110.324036
12.05889,109.96002
12.074252,109.96002
12.093791,111.92468
12.109127,111.92468
12.125001,109.526184
12.144105,109.526184
12.159648,109.526184
12.177088,109.480286
12.191602,109.480286
12.212459,110.66754
12.22603,110.66754
12.243761,110.68652
12.260093,110.68652
12.275762,110.68652
12.296516,111.49103
12.309336,111.49103
12.327676,109.979675
12.342313,109.979675
12.358516,109.979675
12.377107,111.93036
12.39263,111.93036
12.410602,109.347046
12.424882,109.347046
12.442603,109.347046
12.4598675,115.399414
12.475601,115.399414
12.494095,113.80487
12.507736,113.80487
12.525472,114.73151
12.543758,114.73151
12.558731,114.73151
12.577883,115.53906
12.591524,115.53906
12.614097,116.88971
12.62618,116.88971
12.6427965,116.88971
12.659834,117.58063
12.675451,117.58063
12.693438,117.758545
12.709276,117.758545
12.724283,119.212585
12.742185,119.212585
12.774305,121.07916
12.790919,121.07916
12.799494,121.07916
12.817146,121.17297
12.832554,121.17297
12.850475,123.11163
12.865539,123.11163
12.88225,123.11163
12.901618,120.514465
12.919248,120.514465
12.934399,121.58795
12.950453,121.58795
12.96899,122.93927
12.982955,122.93927
13.00175,122.93927
13.019762,126.460144
13.032762,126.460144
13.050585,126.59332
13.064625,126.59332
13.082866,126.59332
13.099268,129.08685
13.115656,129.08685
13.135946,128.11108
13.149068,128.11108
13.166774,129.42615
13.18318,129.42615
13.198562,129.42615
13.217408,130.39221
13.231732,130.39221
13.250757,132.09851
13.265825,132.09851
13.282502,132.09851
13.300193,131.80042
13.315447,131.80042
13.333842,131.62524
13.348678,131.62524
13.366006,131.9798
13.382467,131.9798
13.398644,131.9798
13.416825,132.23425
13.43289,132.23425
13.450814,134.16766
13.465881,134.16766
13.484306,137.98248
13.50063,137.98248
13.515859,137.98248
13.537325,135.75049
13.549913,135.75049
13.565166,137.66339
13.584466,137.66339
13.599579,137.66339
13.618298,142.20941
13.632476,142.20941
13.6531515,139.45123
13.666633,139.45123
13.682827,139.45123
13.700712,140.42609
13.722221,140.42609
13.736893,139.74078
13.74846,139.74078
13.766704,142.72955
13.785866,142.72955
13.799063,142.72955
13.816849,141.41113
13.832356,141.41113
13.850646,144.97943
13.865587,144.97943
13.882592,144.97943
13.900418,143.01843
13.915903,143.01843
13.935384,143.89764
13.94899,143.89764
13.965823,144.39746
13.98373,144.39746
13.999074,144.39746
14.018017,144.77197
14.032983,144.77197
14.050117,146.38751
14.066437,146.38751
14.084352,146.77197
14.099631,146.77197
14.115186,146.77197
14.133746,144.906
14.150645,144.906
14.171521,147.08893
14.182653,147.08893
14.1990185,147.08893
14.216645,147.80298
14.231589,147.80298
14.253608,146.29242
14.266236,146.29242
14.283577,148.25415
14.300807,148.25415
14.315609,148.25415
14.335035,148.60443
14.349864,148.60443
14.365029,147.97327
14.383496,147.97327
14.399193,147.97327
14.417784,148.07574
14.433573,148.07574
14.450743,146.4931
14.465486,146.4931
14.483915,144.46222
14.500026,144.46222
14.515792,144.46222
14.53285,145.89563
14.549922,145.89563
14.565347,145.93243
14.582993,145.93243
14.599046,145.93243
14.6182375,146.13733
14.633053,146.13733
14.650496,146.95172
14.666744,146.95172
14.684033,147.63287
14.700788,147.63287
14.716213,147.63287
14.734032,145.99005
14.749403,145.99005
14.766983,146.38959
14.784265,146.38959
14.799633,146.38959
14.817574,148.38141
14.833049,148.38141
14.849268,148.20526
14.866472,148.20526
14.882651,148.20526
14.900625,147.62079
14.915839,147.62079
14.934306,148.12262
14.950463,148.12262
14.96632,148.21661
14.983822,148.21661
14.999101,148.21661
15.017895,148.21234
15.032556,148.21234
15.050467,146.29724
15.066759,146.29724
15.083747,146.39642
15.100004,146.39642
15.115697,146.39642
15.134264,148.28009
15.149603,148.28009
15.168059,147.91669
15.183263,147.91669
15.1986685,147.91669
15.217209,146.10742
15.232502,146.10742
15.250643,145.14154
15.2667,145.14154
15.282344,145.14154
15.302976,147.0
15.3163395,147.0
15.333191,145.37689
15.3501835,145.37689
15.366116,144.64221
15.3844385,144.64221
15.399109,144.64221
15.417537,144.5877
15.4328985,144.5877
15.451333,147.33112
15.466448,147.33112
15.485197,146.41571
15.502054,146.41571
15.516693,146.41571
15.53488,144.22406
15.551576,144.22406
15.567482,144.35925
15.581317,144.35925
15.599688,144.35925
15.616764,143.26245
15.632628,143.26245
15.654702,143.2901
15.668555,143.2901
15.68428,144.17963
15.701382,144.17963
15.715042,144.17963
15.733056,144.58936
15.749432,144.58936
15.766451,144.83514
15.782921,144.83514
15.799203,144.83514
15.81843,144.99841
15.835015,144.99841
15.851094,144.51611
15.866952,144.51611
15.8824835,144.51611
15.900824,144.15173
15.916047,144.15173
15.935549,144.66669
15.949585,144.66669
15.96634,145.12256
15.984862,145.12256
15.999752,145.12256
16.016356,143.69208
16.033691,143.69208
16.050486,143.21783
16.067131,143.21783
16.083635,144.08197
16.100512,144.08197
16.11581,144.08197
16.134438,144.34564
16.14855,144.34564
16.16761,144.09967
16.182707,144.09967
16.199291,144.09967
16.21802,144.12134
16.232754,144.12134
16.250498,143.81555
16.266407,143.81555
16.28257,143.81555
16.299566,144.53601
16.315758,144.53601
16.336613,142.396
16.349651,142.396
16.369062,142.78558
16.381987,142.78558
16.40087,142.78558
16.418175,143.32355
16.432531,143.32355
16.454212,142.23334
16.466787,142.23334
16.48364,142.13654
16.4995,142.13654
16.516201,142.13654
16.533688,142.94989
16.54951,142.94989
16.570168,141.5993
16.581755,141.5993
16.599865,141.5993
16.618185,141.95764
16.632328,141.95764
16.653246,141.92053
16.668081,141.92053
16.682539,141.92053
16.701214,141.75378
16.71667,141.75378
16.733696,141.49164
16.749329,141.49164
16.767359,141.87354
16.78597,141.87354
16.79984,141.87354
16.817673,141.29669
16.831863,141.29669
16.850916,141.51392
16.865719,141.51392
16.884119,139.98938
16.90092,139.98938
16.9157,139.98938
16.934362,138.318
16.948366,138.318
16.9654,141.45166
16.98369,141.45166
16.999289,141.45166
17.018082,141.25378
17.032825,141.25378
17.051542,143.33118
17.065897,143.33118
17.082666,143.33118
17.10113,143.0097
17.116034,143.0097
17.133797,142.02429
17.14984,142.02429
17.1677,143.0227
17.182524,143.0227
17.198988,143.0227
17.217,140.36823
17.233107,140.36823
17.251167,141.02838
17.265753,141.02838
17.282677,141.02838
17.299486,141.03229
17.316366,141.03229
17.334333,139.99829
17.349127,139.99829
17.366283,139.10779
17.382547,139.10779
17.399548,139.10779
17.417593,139.23785
17.433256,139.23785
17.451044,138.00342
17.4659,138.00342
17.482275,138.00342
17.499943,138.74109
17.515476,138.74109
17.534342,139.17883
17.550066,139.17883
17.567863,139.54797
17.582638,139.54797
17.59983,139.54797
17.617542,138.05444
17.633455,138.05444
17.653551,137.91003
17.666077,137.91003
17.681725,137.91003
17.701155,137.42175
17.715862,137.42175
17.733812,137.88055
17.749195,137.88055
17.765076,137.70874
17.784225,137.70874
17.798624,137.70874
17.817335,137.64789
17.833893,137.64789
17.852732,136.55383
17.866018,136.55383
17.883669,136.56494
17.901045,136.56494
17.916533,136.56494
17.93438,137.7171
17.949917,137.7171
17.967894,138.25452
17.982958,138.25452
18.000643,138.25452
18.017931,136.94922
18.03293,136.94922
18.05162,136.11438
18.067715,136.11438
18.081808,136.11438
18.101345,137.05884
18.115494,137.05884
18.134554,137.67535
18.149544,137.67535
18.16576,137.47827
18.18452,137.47827
18.199474,137.47827
18.216696,137.30292
18.232353,137.30292
18.253456,138.54205
18.265781,138.54205
18.283466,137.57812
18.30062,137.57812
18.31689,137.57812
18.333406,134.68231
18.349567,134.68231
18.365908,134.92816
18.384169,134.92816
18.399374,134.92816
18.419144,134.44067
18.43246,134.44067
18.454027,134.8305
18.4657,134.8305
18.482723,134.8305
18.499872,133.56671
18.5173,133.56671
18.537561,133.33032
18.550459,133.33032
18.565897,135.19421
18.583874,135.19421
18.599506,135.19421
18.618189,134.07391
18.633286,134.07391
18.650505,133.86615
18.66789,133.86615
18.684635,133.00946
18.700422,133.00946
18.715164,133.00946
18.734217,132.73083
18.749407,132.73083
18.765488,132.22333
18.784164,132.22333
18.799559,132.22333
18.817429,133.2677
18.83243,133.2677
18.849457,132.745
18.866713,132.745
18.883745,128.97595
18.90024,128.97595
18.915125,128.97595
18.93497,130.62476
18.949648,130.62476
18.967936,127.79443
18.982574,127.79443
18.999413,127.79443
19.016682,129.7207
19.032965,129.7207
19.05096,127.35297
19.068016,127.35297
19.083578,127.066956
19.100529,127.066956
19.115677,127.066956
19.137835,127.13135
19.151154,127.13135
19.166689,125.87866
19.183418,125.87866
19.200493,125.87866
19.217985,126.89166
19.233458,126.89166
19.253628,126.84454
19.268251,126.84454
19.284147,126.03943
19.301546,126.03943
19.316374,126.03943
19.337456,124.47876
19.350542,124.47876
19.367222,125.5744
19.383919,125.5744
19.399656,125.5744
19.417446,125.652954
19.43362,125.652954
19.450634,123.8595
19.4666,123.8595
19.48244,123.8595
19.500246,124.48987
19.51532,124.48987
19.534334,124.01813
19.549458,124.01813
19.565952,121.823425
19.58416,121.823425
19.600124,121.823425
19.618256,122.85217
19.631386,122.85217
19.654787,123.19916
19.666637,123.19916
19.68349,123.17212
19.700617,123.17212
19.715996,123.17212
19.735058,124.28241
19.750175,124.28241
19.766314,124.897705
19.782782,124.897705
19.800028,124.897705
19.817017,124.20648
19.83297,124.20648
19.850279,124.16937
19.867268,124.16937
19.88373,121.00824
19.899918,121.00824
19.916298,121.00824
19.934296,118.94739
19.950054,118.94739
19.96647,119.29651
19.983126,119.29651
19.999952,119.29651
20.017195,121.383484
20.032644,121.383484
20.050358,119.57703
20.067507,119.57703
20.08464,117.97656
20.101498,117.97656
20.117273,117.97656
20.13372,118.38855
20.149954,118.38855
20.174124,118.05127
20.184896,118.05127
20.200153,118.05127
20.21827,118.52069
20.233273,118.52069
20.250862,115.732056
20.264908,115.732056
20.283459,116.28058
20.299347,116.28058
20.316338,116.28058
20.336903,117.14191
20.349968,117.14191
20.365707,115.153015
20.384624,115.153015
20.399855,115.153015
20.417784,116.9314
20.432808,116.9314
20.450888,116.11035
20.467667,116.11035
20.484985,115.346924
20.50083,115.346924
20.517494,115.346924
20.535645,117.09955
20.549932,117.09955
20.5657,116.63678
20.58504,116.63678
20.599401,116.63678
20.618807,117.55969
20.632738,117.55969
20.650536,117.71619
20.668396,117.71619
20.68469,118.30664
20.700638,118.30664
20.717052,118.30664
20.733738,116.82965
20.749626,116.82965
20.766333,116.38306
20.78388,116.38306
20.799728,116.38306
20.81797,116.22583
20.832458,116.22583
20.85093,115.79187
20.865791,115.79187
20.882713,115.79187
20.9005,116.24609
20.915659,116.24609
20.934946,116.384766
20.949747,116.384766
20.96655,116.93085
20.984367,116.93085
20.998499,116.93085
21.017557,116.52942
21.032927,116.52942
21.054075,114.410645
21.067131,114.410645
21.083761,114.889404
21.101133,114.889404
21.116692,114.889404
21.134922,114.6651
21.149925,114.6651
21.166433,114.95264
21.184889,114.95264
21.200432,114.95264
21.21669,113.0094
21.232056,113.0094
21.250835,114.83496
21.267033,114.83496
21.28247,114.83496
21.301777,114.20764
21.316175,114.20764
21.337807,114.570435
21.348595,114.570435
21.36657,113.6272
21.383793,113.6272
21.39899,113.6272
21.417332,112.96576
21.432648,112.96576
21.452349,113.88916
21.465668,113.88916
21.483757,113.48053
21.500393,113.48053
21.51632,113.48053
21.534334,111.90765
21.549704,111.90765
21.568151,111.95734
21.583115,111.95734
21.599327,111.95734
21.61749,113.664185
21.632732,113.664185
21.65045,114.484924
21.665638,114.484924
21.684662,111.910706
21.701593,111.910706
21.716326,111.910706
21.735437,111.737915
21.74967,111.737915
21.766685,108.835205
21.785252,108.835205
21.800463,108.835205
21.816935,109.06464
21.832954,109.06464
21.850452,109.377014
21.865814,109.377014
21.883743,109.33154
21.901468,109.33154
21.916216,109.33154
21.934202,109.65851
21.950306,109.65851
21.967915,108.633606
21.982195,108.633606
22.000828,108.633606
22.016998,110.069275
22.032127,110.069275
22.050987,108.48639
22.067095,108.48639
22.082811,108.48639
22.099455,108.378296
22.116434,108.378296
22.136372,106.0965
22.149088,106.0965
22.168575,104.17749
22.181732,104.17749
22.199888,104.17749
22.217752,103.259705
22.231857,103.259705
22.254143,105.6319
22.266157,105.6319
22.28421,106.66858
22.303576,106.66858
22.316433,106.66858
22.33679,104.1615
22.349657,104.1615
22.366137,104.77368
22.382998,104.77368
22.399372,104.77368
22.418152,104.54602
22.432297,104.54602
22.450329,104.44794
22.466347,104.44794
22.483812,105.305786
22.500134,105.305786
22.515068,105.305786
22.53378,103.95557
22.550045,103.95557
22.566547,105.32422
22.58501,105.32422
22.598982,105.32422
22.61745,105.6095
22.63407,105.6095
22.65116,105.380066
22.666365,105.380066
22.684391,104.9939
22.702026,104.9939
22.716415,104.9939
22.734621,106.44708
22.749542,106.44708
22.76656,106.31671
22.784836,106.31671
22.800312,106.31671
22.81646,107.28357
22.83334,107.28357
22.850515,106.42468
22.86648,106.42468
22.883644,107.4715
22.900322,107.4715
22.916597,107.4715
22.93505,106.15576
22.949396,106.15576
22.96643,104.708984
22.982986,104.708984
22.999449,104.708984
23.017666,106.3844
23.032526,106.3844
23.05045,105.94672
23.067175,105.94672
23.082289,105.94672
23.099928,106.93964
23.116234,106.93964
23.134617,107.549866
23.14992,107.549866
23.171227,105.70087
23.184055,105.70087
23.199322,105.70087
23.217258,103.43024
23.232588,103.43024
23.2513,104.19464
23.26632,104.19464
23.28649,104.19464
23.30167,104.02728
23.316866,104.02728
23.33668,105.7298
23.349459,105.7298
23.370848,102.04401
23.383728,102.04401
23.399443,102.04401
23.417562,101.599365
23.434538,101.599365
23.450949,103.32599
23.46706,103.32599
23.4835,103.99103
23.500196,103.99103
23.517374,103.99103
23.53447,107.70245
23.549479,107.70245
23.565895,107.12775
23.582392,107.12775
23.598684,107.12775
23.618013,106.47931
23.63279,106.47931
23.650139,106.88135
23.666096,106.88135
23.683945,107.37604
23.700874,107.37604
23.717308,107.37604
23.735441,109.25714
23.749985,109.25714
23.768005,110.236755
23.782286,110.236755
23.799086,110.236755
23.817661,109.8725
23.833935,109.8725
23.852257,108.74042
23.866135,108.74042
23.882708,108.74042
23.900372,109.564026
23.916027,109.564026
23.934494,109.002625
23.950691,109.002625
23.968147,108.420654
23.983395,108.420654
24.000093,108.420654
24.01835,110.59509
24.032944,110.59509
24.051249,111.30615
24.065998,111.30615
24.083788,111.83716
24.101114,111.83716
24.11757,111.83716
24.13557,109.88074
24.149906,109.88074
24.167475,109.73755
24.183538,109.73755
24.198868,109.73755
24.21647,110.04578
24.234194,110.04578
24.252462,110.25275
24.267155,110.25275
24.282925,110.25275
24.300674,113.01611
24.315716,113.01611
24.334642,110.98828
24.349798,110.98828
24.366299,111.75549
24.384878,111.75549
24.399857,111.75549
24.418478,111.0
24.432999,111.0
24.451508,111.881714
24.466179,111.881714
24.484396,115.077515
24.500544,115.077515
24.515907,115.077515
24.533728,115.79712
24.549543,115.79712
24.567518,116.028625
24.58346,116.028625
24.60136,116.028625
24.617348,117.88306
24.633081,117.88306
24.652119,118.56207
24.667383,118.56207
24.683538,118.56207
24.700516,118.17383
24.716427,118.17383
24.734747,118.91327
24.749733,118.91327
24.767351,119.92474
24.78454,119.92474
24.79984,119.92474
24.817543,120.48053
24.833435,120.48053
24.850517,121.37048
24.866684,121.37048
24.884493,120.4079
24.900534,120.4079
24.91589,120.4079
24.934738,121.70984
24.948914,121.70984
24.965818,123.43469
24.98362,123.43469
24.999924,123.43469
25.018305,123.51428
25.033052,123.51428
25.049768,124.925415
25.066391,124.925415
25.083477,124.022095
25.100912,124.022095
25.116966,124.022095
25.134752,126.31787
25.15003,126.31787
25.167892,125.42151
25.183138,125.42151
25.201773,125.42151
25.218626,123.678345
25.232565,123.678345
25.251093,124.67468
25.267729,124.67468
25.282524,124.67468
25.302238,125.27179
25.316572,125.27179
25.334167,126.40912
25.349379,126.40912
25.367792,128.69604
25.383274,128.69604
25.400202,128.69604
25.417,128.09357
25.432255,128.09357
25.451353,129.81714
25.466614,129.81714
25.484426,130.4361
25.501467,130.4361
25.517078,130.4361
25.534374,131.57019
25.551182,131.57019
25.568075,131.50977
25.58289,131.50977
25.600105,131.50977
25.620895,130.33679
25.632788,130.33679
25.651535,133.22968
25.66614,133.22968
25.682579,133.22968
25.701546,134.86707
25.716715,134.86707
25.73399,136.85938
25.749859,136.85938
25.769033,134.46991
25.78299,134.46991
25.799623,134.46991
25.818623,136.22351
25.832615,136.22351
25.850693,134.97595
25.867254,134.97595
25.884209,134.90839
25.900785,134.90839
25.91767,134.90839
25.936861,135.42828
25.950596,135.42828
25.965775,133.49597
25.98481,133.49597
25.998995,133.49597
26.018633,135.82861
26.032925,135.82861
26.05147,135.31537
26.066832,135.31537
26.083858,134.19427
26.10115,134.19427
26.117085,134.19427
26.134468,135.38287
26.150383,135.38287
26.171307,135.56097
26.183466,135.56097
26.199791,135.56097
26.218035,136.4596
26.233725,136.4596
26.250906,134.88483
26.267096,134.88483
26.28466,137.30963
26.300684,137.30963
26.317574,137.30963
26.337496,137.01007
26.3495,137.01007
26.36888,136.46667
26.382717,136.46667
26.398941,136.46667
26.419016,136.55157
26.433699,136.55157
26.451363,137.42969
26.46659,137.42969
26.483631,138.18677
26.50098,138.18677
26.515347,138.18677
26.533264,138.54718
26.549528,138.54718
26.56637,137.9674
26.583193,137.9674
26.599602,137.9674
26.617973,138.16785
26.632978,138.16785
26.651041,136.6195
26.66698,136.6195
26.684658,138.09271
26.700796,138.09271
26.716494,138.09271
26.73489,137.69067
26.74955,137.69067
26.767641,139.46143
26.78365,139.46143
26.799423,139.46143
26.81776,139.45996
26.832418,139.45996
26.852505,140.67267
26.867058,140.67267
26.88344,142.9685
26.900171,142.9685
26.917833,142.9685
26.93564,141.80597
26.95105,141.80597
26.966564,137.89673
26.984985,137.89673
26.999214,137.89673
27.018364,140.5
27.033672,140.5
27.050415,141.25568
27.0682,141.25568
27.083565,141.3194
27.101278,141.3194
27.117653,141.3194
27.135101,142.54791
27.149393,142.54791
27.168982,142.39429
27.182795,142.39429
27.20046,142.39429
27.21831,143.0846
27.23268,143.0846
27.250841,142.18231
27.26715,142.18231
27.28421,142.8617
27.300402,142.8617
27.316017,142.8617
27.337961,142.32983
27.34998,142.32983
27.367367,142.63666
27.383638,142.63666
27.399183,142.63666
27.418589,142.29321
27.43309,142.29321
27.450787,141.55664
27.467117,141.55664
27.483507,141.87622
27.500751,141.87622
27.516344,141.87622
27.533995,142.42639
27.550982,142.42639
27.566626,141.96448
27.583992,141.96448
27.599258,141.96448
27.618425,141.39258
27.633762,141.39258
27.650225,141.66327
27.666227,141.66327
27.684322,141.29065
27.701439,141.29065
27.71619,141.29065
27.733435,141.01312
27.750298,141.01312
27.766659,139.91583
27.784992,139.91583
27.79934,139.91583
27.818882,139.55957
27.833431,139.55957
27.850218,140.88422
27.867325,140.88422
27.884855,140.69281
27.900476,140.69281
27.916534,140.69281
27.93835,141.7005
27.949535,141.7005
27.965439,140.88
27.98437,140.88
27.999414,140.88
28.018682,139.69232
28.034267,139.69232
28.052464,139.42328
28.06611,139.42328
28.083475,139.31598
28.101604,139.31598
28.117632,139.31598
28.13481,139.2132
28.150146,139.2132
28.17091,141.34656
28.183464,141.34656
28.201155,141.34656
28.21916,140.42834
28.233253,140.42834
28.251059,138.83087
28.266884,138.83087
28.283772,138.84937
28.30143,138.84937
28.316818,138.84937
28.336456,137.9184
28.350163,137.9184
28.368032,138.69946
28.383625,138.69946
28.401499,138.69946
28.418476,139.00867
28.43241,139.00867
28.45392,138.96692
28.467993,138.96692
28.482697,138.96692
28.502237,139.20245
28.516558,139.20245
28.533478,139.85736
28.549685,139.85736
28.567589,139.22968
28.584259,139.22968
28.599777,139.22968
28.618309,137.91962
28.633493,137.91962
28.652485,137.86194
28.667692,137.86194
28.682384,137.86194
28.701403,137.91962
28.717945,137.91962
28.734137,139.31848
28.749062,139.31848
28.772314,139.27728
28.783705,139.27728
28.800262,139.27728
28.817808,138.92346
28.833357,138.92346
28.851519,141.72778
28.86651,141.72778
28.883554,140.62195
28.901056,140.62195
28.916029,140.62195
28.93573,140.3252
28.95138,140.3252
28.968115,140.66779
28.984291,140.66779
29.001535,140.66779
29.018246,139.33276
29.034077,139.33276
29.051079,140.71216
29.068327,140.71216
29.08393,138.65704
29.101936,138.65704
29.11778,138.65704
29.135572,141.1532
29.150944,141.1532
29.168602,140.67273
29.183784,140.67273
29.199799,140.67273
29.217976,139.15137
29.234138,139.15137
29.25196,140.18475
29.266996,140.18475
29.28505,139.36365
29.300442,139.36365
29.317627,139.36365
29.335781,138.75049
29.351095,138.75049
29.371828,137.82037
29.386106,137.82037
29.400112,137.82037
29.418037,137.46503
29.432667,137.46503
29.450954,134.844
29.46748,134.844
29.483849,135.52032
29.501951,135.52032
29.516588,135.52032
29.533825,134.206
29.549793,134.206
29.570116,135.03015
29.582903,135.03015
29.600592,135.03015
29.617939,136.89618
29.63316,136.89618
29.655039,136.34558
29.66605,136.34558
29.684422,135.96619
29.702072,135.96619
29.71668,135.96619
29.735083,136.79254
29.750187,136.79254
29.769188,134.74133
29.784204,134.74133
29.79951,134.74133
29.818481,134.66309
29.83408,134.66309
29.850822,134.25745
29.866886,134.25745
29.883701,135.4903
29.900585,135.4903
29.918232,135.4903
29.935642,135.37946
29.950544,135.37946
29.966003,135.2201
29.98582,135.2201
30.000393,135.2201
30.018423,135.59912
30.03317,135.59912
30.054438,135.57306
30.06634,135.57306
30.084131,133.69617
30.101072,133.69617
30.117516,133.69617
30.134521,134.22607
30.150696,134.22607
30.170076,135.32208
30.184286,135.32208
30.199926,135.32208
30.217806,136.13141
30.232975,136.13141
30.250929,133.26764
30.267813,133.26764
30.287426,133.15997
30.301212,133.15997
30.317497,133.15997
30.33659,133.81836
30.35129,133.81836
30.3667,136.80621
30.38372,136.80621
30.401068,136.80621
30.418312,135.55493
30.432795,135.55493
30.451584,135.56873
30.467735,135.56873
30.484083,135.26154
30.503103,135.26154
30.517847,135.26154
30.53707,133.60791
30.551132,133.60791
30.572144,133.97809
30.583586,133.97809
30.606672,135.70142
30.623768,135.70142
30.63354,135.70142
30.652029,135.84747
30.667158,135.84747
30.684492,136.82123
30.700521,136.82123
30.716671,136.82123
30.73464,134.07294
30.750416,134.07294
30.76763,136.18488
30.783567,136.18488
30.799593,136.18488
30.818779,131.98712
30.833183,131.98712
30.850084,133.80176
30.866919,133.80176
30.883665,132.09924
30.902538,132.09924
30.918041,132.09924
30.934843,132.23694
30.950516,132.23694
30.967802,132.83301
30.983276,132.83301
30.999117,132.83301
31.019848,133.284
31.033989,133.284
31.05114,133.94781
31.06724,133.94781
31.084484,132.3111
31.102179,132.3111
31.117107,132.3111
31.134987,131.20563
31.149023,131.20563
31.168228,132.79425
31.18438,132.79425
31.200813,132.79425
31.218323,130.935
31.232988,130.935
31.254725,127.789185
31.267817,127.789185
31.284063,128.25848
31.30056,128.25848
31.316782,128.25848
31.337065,127.51245
31.351265,127.51245
31.368576,129.25702
31.383438,129.25702
31.401476,129.25702
31.418585,131.03833
31.43451,131.03833
31.451944,127.48566
31.466667,127.48566
31.484524,127.16907
31.501894,127.16907
31.516388,127.16907
31.535168,124.48749
31.549774,124.48749
31.569118,124.5036
31.584723,124.5036
31.600756,124.5036
31.618305,124.679565
31.634375,124.679565
31.652218,124.86743
31.666344,124.86743
31.684286,126.257935
31.701996,126.257935
31.71638,126.257935
31.735804,127.00183
31.750801,127.00183
31.768051,123.52399
31.78415,123.52399
31.800795,123.52399
31.818123,122.76294
31.834286,122.76294
31.85375,124.20117
31.867064,124.20117
31.882994,124.20117
31.900919,122.46399
31.91699,122.46399
31.935093,126.1391
31.949926,126.1391
31.970753,123.4859
31.983269,123.4859
32.008305,122.28461
32.021145,122.28461
32.03281,122.28461
32.053696,122.39191
32.067585,122.39191
32.083694,123.708435
32.100533,123.708435
32.116814,123.708435
32.13495,123.51605
32.150974,123.51605
32.16738,122.89691
32.184925,122.89691
32.20093,122.89691
32.21806,123.18964
32.233433,123.18964
32.251198,124.025696
32.26846,124.025696
32.284115,123.50281
32.30149,123.50281
32.316994,123.50281
32.33516,121.203125
32.34955,121.203125
32.368504,121.52295
32.38355,121.52295
32.40055,121.52295
32.41772,120.80469
32.433907,120.80469
32.451824,120.071106
32.466686,120.071106
32.48296,120.071106
32.501686,122.03052
32.5175,122.03052
32.534264,118.91077
32.549896,118.91077
32.56822,118.07025
32.584347,118.07025
32.599953,118.07025
32.61946,118.090515
32.63529,118.090515
32.65161,116.834045
32.666447,116.834045
32.6842,116.89868
32.702187,116.89868
32.717834,116.89868
32.73487,116.18164
32.749565,116.18164
32.768627,115.13788
32.78383,115.13788
32.799957,115.13788
32.81895,117.44495
32.83389,117.44495
32.851963,118.83368
32.866753,118.83368
32.883568,115.7865
32.901886,115.7865
32.91706,115.7865
32.936024,115.842224
32.951,115.842224
32.968136,113.31445
32.984177,113.31445
33.000053,113.31445
33.019344,114.73694
33.034454,114.73694
33.05237,112.04126
33.067272,112.04126
33.0837,114.11255
33.10178,114.11255
33.117878,114.11255
33.134556,112.486084
33.15129,112.486084
33.16807,114.315796
33.184,114.315796
33.200985,114.315796
33.21807,115.14026
33.232937,115.14026
33.2515,115.81134
33.26706,115.81134
33.284153,112.887024
33.301826,112.887024
33.31734,112.887024
33.33577,112.84247
33.35111,112.84247
33.36905,112.49768
33.384224,112.49768
33.4007,112.49768
33.418335,111.5
33.434353,111.5
33.450817,112.86749
33.46686,112.86749
33.483837,114.132385
33.50233,114.132385
33.516026,114.132385
33.534092,113.57922
33.550827,113.57922
33.568813,112.88556
33.583073,112.88556
33.600094,112.88556
33.618984,110.562805
33.634094,110.562805
33.652172,110.90387
33.667416,110.90387
33.685146,112.41394
33.701965,112.41394
33.71712,112.41394
33.734715,112.515076
33.749596,112.515076
33.77182,109.13403
33.788784,109.13403
33.80101,109.13403
33.82008,108.778076
33.834507,108.778076
33.852833,111.76727
33.867443,111.76727
33.88541,110.47131
33.90216,110.47131
33.91675,110.47131
33.935413,112.21039
33.94983,112.21039
33.967937,111.49213
33.98372,111.49213
34.000286,111.49213
34.01797,112.34509
34.03447,112.34509
34.05104,112.21564
34.06597,112.21564
34.083557,112.32605
34.100933,112.32605
34.116005,112.32605
34.135284,111.81293
34.150467,111.81293
34.168194,111.54779
34.18426,111.54779
34.199432,111.54779
34.219196,111.15741
34.23415,111.15741
34.25015,110.72809
34.267727,110.72809
34.283825,111.3288
34.30208,111.3288
34.316326,111.3288
34.335705,110.489685
34.35174,110.489685
34.367615,110.35516
34.38473,110.35516
34.401493,110.35516
34.418922,110.96222
34.434265,110.96222
34.450653,110.27228
34.467342,110.27228
34.483402,110.63904
34.501675,110.63904
34.51585,110.63904
34.534954,109.47162
34.550995,109.47162
34.5678,109.38367
34.583313,109.38367
34.599876,109.38367
34.618137,110.698
34.633694,110.698
34.65221,112.21747
34.667202,112.21747
34.68418,111.672424
34.701954,111.672424
34.717224,111.672424
34.73421,111.115845
34.749374,111.115845
34.76813,111.8465
34.78422,111.8465
34.800835,111.8465
34.818825,110.46777
34.835884,110.46777
34.85318,111.67139
34.867233,111.67139
34.88747,110.88464
34.901165,110.88464
34.91732,110.88464
34.935448,111.33655
34.950516,111.33655
34.968765,112.33411
34.98316,112.33411
35.001427,112.33411
35.01848,112.88367
35.034016,112.88367
35.050964,113.554504
35.066933,113.554504
35.083706,113.78339
35.10111,113.78339
35.116932,113.78339
35.13604,113.84686
35.151752,113.84686
35.169025,114.00488
35.184116,114.00488
35.200165,114.00488
35.21924,112.43225
35.23317,112.43225
35.25027,111.80762
35.26807,111.80762
35.284756,112.16913
35.301533,112.16913
35.317448,112.16913
35.335857,113.66998
35.35183,113.66998
35.370464,112.839355
35.38321,112.839355
35.401413,112.839355
35.418446,112.6546
35.434208,112.6546
35.450882,113.28705
35.46735,113.28705
35.487335,113.28705
35.50373,114.67444
35.51755,114.67444
35.535572,112.40759
35.55107,112.40759
35.567833,111.68823
35.584766,111.68823
35.60063,111.68823
35.61844,112.68701
35.634632,112.68701
35.65143,113.101685
35.667442,113.101685
35.684223,113.96063
35.7009,113.96063
35.717216,113.96063
35.734173,113.845764
35.75033,113.845764
35.768036,113.50244
35.784767,113.50244
35.800373,113.50244
35.818127,112.89752
35.83295,112.89752
35.852196,112.40643
35.866623,112.40643
35.883442,114.673035
35.901985,114.673035
35.917397,114.673035
35.936214,113.38165
35.95133,113.38165
35.972378,112.87622
35.984333,112.87622
35.999947,112.87622
36.019238,114.18762
36.034386,114.18762
36.052673,115.297
36.068417,115.297
36.084473,114.32855
36.101295,114.32855
36.117424,114.32855
36.13609,113.35095
36.150543,113.35095
36.169155,114.543396
36.18417,114.543396
36.201164,114.543396
36.219143,115.13928
36.234283,115.13928
36.251247,115.7724
36.266666,115.7724
36.284355,117.31616
36.3019,117.31616
36.317852,117.31616
36.333477,116.79187
36.35026,116.79187
36.366997,117.60907
36.385544,117.60907
36.40021,117.60907
36.41944,116.728516
36.433743,116.728516
36.45503,117.76813
36.467537,117.76813
36.484898,116.611755
36.502636,116.611755
36.516838,116.611755
36.535038,119.78351
36.55085,119.78351
36.56761,120.211
36.583443,120.211
36.60117,120.211
36.618553,120.5011
36.634693,120.5011
36.65563,119.33777
36.668533,119.33777
36.68434,122.1261
36.70155,122.1261
36.717617,122.1261
36.735767,122.32294
36.751114,122.32294
36.767136,124.94202
36.78543,124.94202
36.80067,124.94202
36.818302,123.79236
36.833477,123.79236
36.851322,125.138855
36.867527,125.138855
36.884216,124.62451
36.901703,124.62451
36.918392,124.62451
36.936405,126.38727
36.951817,126.38727
36.96804,125.551025
36.983948,125.551025
36.999977,125.551025
37.019432,128.60168
37.033348,128.60168
37.05269,126.93347
37.0679,126.93347
37.083946,131.66602
37.10191,131.66602
37.118275,131.66602
37.135574,128.1889
37.149967,128.1889
37.169075,130.89453
37.184498,130.89453
37.200672,130.89453
37.218456,129.52216
37.234653,129.52216
37.252502,129.99805
37.268734,129.99805
37.28477,127.86493
37.302376,127.86493
37.316666,127.86493
37.33656,129.05847
37.350235,129.05847
37.368763,128.1399
37.382393,128.1399
37.39993,128.1399
37.41925,128.58435
37.43416,128.58435
37.452526,129.72858
37.46811,129.72858
37.484894,129.89856
37.501225,129.89856
37.522923,129.89856
37.537205,132.44531
37.55012,132.44531
37.569546,132.84784
37.583652,132.84784
37.60055,132.84784
37.61884,131.33527
37.634247,131.33527
37.651394,129.789
37.667133,129.789
37.68434,130.375
37.70125,130.375
37.71697,130.375
37.734512,131.54364
37.74966,131.54364
37.76913,133.34839
37.783737,133.34839
37.80053,133.34839
37.8196,133.26965
37.834213,133.26965
37.852463,134.80591
37.867447,134.80591
37.884907,134.94629
37.902214,134.94629
37.917736,134.94629
37.93484,134.48663
37.94989,134.48663
37.968586,133.20972
37.98257,133.20972
37.99967,133.20972
38.017914,132.7143
38.033752,132.7143
38.051907,131.57666
38.067062,131.57666
38.083782,130.7558
38.10211,130.7558
38.11772,130.7558
38.135365,130.77405
38.14966,130.77405
38.168262,130.8371
38.18319,130.8371
38.200417,130.8371
38.21792,130.87067
38.233414,130.87067
38.2522,130.73633
38.267757,130.73633
38.285088,134.22107
38.301872,134.22107
38.317852,134.22107
38.335117,133.21997
38.349743,133.21997
38.371635,133.45215
38.383152,133.45215
38.40169,133.45215
38.41958,136.2893
38.434525,136.2893
38.45097,136.21497
38.467377,136.21497
38.48789,138.27448
38.501785,138.27448
38.517265,138.27448
38.535084,137.27863
38.550095,137.27863
38.568092,137.7331
38.583305,137.7331
38.600002,137.7331
38.617943,134.1004
38.63436,134.1004
38.654213,135.11414
38.66665,135.11414
38.684166,136.1496
38.701748,136.1496
38.717194,136.1496
38.735554,135.5625
38.75061,135.5625
38.77442,134.69476
38.786316,134.69476
38.801605,134.69476
38.818928,136.33466
38.83467,136.33466
38.851933,135.40741
38.868797,135.40741
38.883003,135.40741
38.90296,137.34698
38.917747,137.34698
38.935658,137.49316
38.949665,137.49316
38.968296,137.85712
38.98445,137.85712
38.999413,137.85712
39.01871,137.23828
39.033367,137.23828
39.052338,138.51532
39.067245,138.51532
39.083748,138.14728
39.100674,138.14728
39.117607,138.14728
39.138954,139.82776
39.15178,139.82776
39.171642,138.12152
39.182842,138.12152
39.200497,138.12152
39.21901,139.23853
39.23312,139.23853
39.25116,138.58893
39.267418,138.58893
39.288574,139.56549
39.302,139.56549
39.3177,139.56549
39.33602,140.09723
39.352238,140.09723
39.371593,136.98401
39.384747,136.98401
39.399895,136.98401
39.41845,137.61182
39.433533,137.61182
39.450993,136.65082
39.46826,136.65082
39.483543,137.34717
39.501358,137.34717
39.517048,137.34717
39.535805,138.66492
39.55006,138.66492
39.57129,137.86737
39.583256,137.86737
39.60076,137.86737
39.617325,137.08893
39.63332,137.08893
39.655914,137.47351
39.666065,137.47351
39.684284,138.44879
39.702736,138.44879
39.718117,138.44879
39.73585,137.96503
39.75001,137.96503
39.771706,137.25177
39.78393,137.25177
39.80107,137.25177
39.81917,136.81769
39.834663,136.81769
39.851845,138.0741
39.866875,138.0741
39.88442,137.72223
39.90127,137.72223
39.91777,137.72223
39.9358,138.00531
39.949787,138.00531
39.972363,137.2558
39.98468,137.2558
40.001038,137.2558
40.017727,136.78058
40.032734,136.78058
40.050808,136.69092
40.06783,136.69092
40.08389,136.69092
40.10196,135.64758
40.118393,135.64758
40.135963,136.63007
40.151417,136.63007
40.168488,134.53308
40.184654,134.53308
40.200855,134.53308
40.219288,134.9701
40.233353,134.9701
40.25257,135.78607
40.266666,135.78607
40.283627,136.5332
40.302094,136.5332
40.317703,136.5332
40.334427,136.14233
40.350098,136.14233
40.371586,136.25226
40.38362,136.25226
40.403786,136.25226
40.419964,134.67224
40.43511,134.67224
40.451622,136.5545
40.46799,136.5545
40.484455,135.27063
40.50339,135.27063
40.51857,135.27063
40.536877,135.17139
40.55094,135.17139
40.5732,134.42859
40.58391,134.42859
40.60006,134.42859
40.617874,134.88165
40.634544,134.88165
40.65175,136.18353
40.66922,136.18353
40.685535,135.68292
40.702652,135.68292
40.717133,135.68292
40.73554,136.46326
40.74985,136.46326
40.76924,137.05157
40.784737,137.05157
40.80157,137.05157
40.819763,137.48523
40.83327,137.48523
40.854095,137.24695
40.867584,137.24695
40.885017,136.36835
40.902203,136.36835
40.916748,136.36835
40.93638,136.27368
40.951458,136.27368
40.96637,135.66852
40.985786,135.66852
41.001404,135.66852
41.01806,134.3388
41.03433,134.3388
41.052113,134.98584
41.067753,134.98584
41.083557,134.53857
41.102226,134.53857
41.11725,134.53857
41.138386,136.7901
41.150307,136.7901
41.16805,136.47656
41.18391,136.47656
41.201645,136.47656
41.219936,134.30505
41.2333,134.30505
41.252243,133.50537
41.266113,133.50537
41.284237,133.80292
41.303696,133.80292
41.317787,133.80292
41.33514,133.53345
41.350403,133.53345
41.372826,133.91235
41.38398,133.91235
41.40164,133.91235
41.419247,134.87793
41.434532,134.87793
41.455532,134.93616
41.467323,134.93616
41.48474,136.00891
41.502068,136.00891
41.517612,136.00891
41.534878,136.08887
41.55087,136.08887
41.569927,136.04645
41.584618,136.04645
41.60064,136.04645
41.618523,135.54242
41.633625,135.54242
41.651012,136.69891
41.668,136.69891
41.684856,135.54822
41.70242,135.54822
41.716522,135.54822
41.736107,136.41144
41.751457,136.41144
41.768047,135.64886
41.785507,135.64886
41.799488,135.64886
41.818542,135.90552
41.834457,135.90552
41.850674,137.669
41.868053,137.669
41.88512,137.8313
41.902866,137.8313
41.9181,137.8313
41.934986,137.23694
41.95064,137.23694
41.97132,137.63123
41.983795,137.63123
41.999966,137.63123
42.019062,137.85486
42.03389,137.85486
42.052708,138.49744
42.067234,138.49744
42.085247,138.37457
42.10189,138.37457
42.116623,138.37457
42.1359,138.07397
42.15052,138.07397
42.168095,137.68445
42.184723,137.68445
42.20002,137.68445
42.218903,137.15912
42.234825,137.15912
42.25184,136.57288
42.274143,136.57288
42.286354,136.20428
42.30155,136.20428
42.317677,136.20428
42.335857,135.08826
42.350372,135.08826
42.367912,135.16608
42.384457,135.16608
42.39946,135.16608
42.419025,134.62567
42.433376,134.62567
42.452362,134.3739
42.46869,134.3739
42.48423,134.33575
42.501537,134.33575
42.516186,134.33575
42.535553,134.33746
42.55074,134.33746
42.568665,132.48651
42.58374,132.48651
42.600773,132.48651
42.622425,134.74084
42.634266,134.74084
42.65245,133.0152
42.667953,133.0152
42.684315,131.44446
42.70181,131.44446
42.717503,131.44446
42.736378,131.98871
42.7503,131.98871
42.768364,130.74951
42.78458,130.74951
42.80048,130.74951
42.819313,130.61194
42.834423,130.61194
42.852356,129.86835
42.868267,129.86835
42.883915,130.4682
42.90094,130.4682
42.917133,130.4682
42.93557,131.45294
42.951096,131.45294
42.968876,131.23645
42.983185,131.23645
43.000828,131.23645
43.01985,129.72101
43.034008,129.72101
43.050755,130.48022
43.067955,130.48022
43.08393,127.61511
43.10216,127.61511
43.117947,127.61511
43.13636,127.138916
43.15177,127.138916
43.16904,126.447815
43.18377,126.447815
43.199944,126.447815
43.218945,127.69415
43.234997,127.69415
43.252857,125.8266
43.268093,125.8266
43.285114,126.14258
43.30178,126.14258
43.317028,126.14258
43.335682,127.12695
43.35067,127.12695
43.368324,125.80585
43.3839,125.80585
43.400463,125.80585
43.419586,125.86914
43.433945,125.86914
43.452595,126.453064
43.46797,126.453064
43.4849,126.6488
43.50268,126.6488
43.516457,126.6488
43.53832,123.28253
43.550518,123.28253
43.56716,122.721375
43.584778,122.721375
43.600327,122.721375
43.618618,120.09198
43.63405,120.09198
43.652496,120.94159
43.668488,120.94159
43.684486,120.426025
43.70241,120.426025
43.71755,120.426025
43.73622,120.07031
43.750526,120.07031
43.782032,120.42377
43.79322,120.42377
43.806087,119.53766
43.823833,119.53766
43.839558,119.53766
43.85865,115.94183
43.871914,115.94183
43.894264,118.51752
43.906227,118.51752
43.922672,118.51752
43.94117,115.638794
43.956387,115.638794
43.974483,114.77411
43.990513,114.77411
44.007202,118.61987
44.022423,118.61987
44.03991,118.61987
44.058765,119.23932
44.072655,119.23932
44.09042,119.425476
44.105362,119.425476
44.125202,119.425476
44.1409,119.75482
44.157505,119.75482
44.175194,119.88428
44.18937,119.88428
44.206684,118.52466
44.22375,118.52466
44.23965,118.52466
44.25733,118.03589
44.274937,118.03589
44.294823,118.69299
44.30668,118.69299
44.32477,118.06775
44.340244,118.06775
44.356884,118.06775
44.374653,116.056885
44.389893,116.056885
44.408936,117.81543
44.42248,117.81543
44.43865,117.81543
44.460377,118.06836
44.47246,118.06836
44.490204,115.86578
44.51108,115.86578
44.52424,116.52368
44.54188,116.52368
44.556435,116.52368
44.575005,117.85681
44.58987,117.85681
44.607464,117.51483
44.62309,117.51483
44.639595,117.51483
44.65786,115.28839
44.67336,115.28839
44.691597,115.86304
44.705944,115.86304
44.7227,115.86304
44.74166,114.66589
44.75746,114.66589
44.774696,111.89325
44.789745,111.89325
44.811794,112.63788
44.82325,112.63788
44.83948,112.63788
44.858883,112.94714
44.872875,112.94714
44.89438,113.32001
44.906796,113.32001
44.923664,112.8595
44.93961,112.8595
44.95555,112.8595
44.973156,114.04944
44.989616,114.04944
45.007484,112.714294
45.023396,112.714294
45.039776,112.714294
45.05864,112.13397
45.073887,112.13397
45.094276,114.57532
45.10626,114.57532
45.124634,114.57532
45.14142,113.854126
45.15721,113.854126
45.174915,113.09155
45.190582,113.09155
45.208145,112.461914
45.224186,112.461914
45.24089,112.461914
45.258606,112.07391
45.273415,112.07391
45.292187,112.67865
45.307564,112.67865
45.325134,110.97803
45.341667,110.97803
45.35515,110.97803
45.375755,110.61273
45.39025,110.61273
45.40932,109.77832
45.42367,109.77832
45.439896,109.77832
45.459156,111.7171
45.474804,111.7171
45.49288,111.16669
45.507435,111.16669
45.524605,110.649536
45.542786,110.649536
45.556175,110.649536
45.575592,111.034
45.590492,111.034
45.60662,110.4693
45.625763,110.4693
45.639713,110.4693
45.65774,109.8313
45.67235,109.8313
45.694775,110.453186
45.705654,110.453186
45.722897,110.453186
45.741676,110.80444
45.75694,110.80444
45.774994,111.33667
45.79068,111.33667
45.80897,111.4364
45.82582,111.4364
45.839653,111.4364
45.858612,111.67804
45.873848,111.67804
45.89144,111.21759
45.906906,111.21759
45.9232,111.21759
45.9414,110.19177
45.956333,110.19177
45.975338,110.82526
45.990498,110.82526
46.010593,110.099976
46.02409,110.099976
46.040226,110.099976
46.058155,110.489136
46.072937,110.489136
46.093914,109.85156
46.109142,109.85156
46.12553,108.405396
46.145767,108.405396
46.157692,108.405396
46.17458,108.21716
46.190205,108.21716
46.207108,107.87048
46.224007,107.87048
46.239098,107.87048
46.258312,109.26941
46.274296,109.26941
46.294334,108.19379
46.30732,108.19379
46.324238,109.67584
46.341064,109.67584
46.3563,109.67584
46.375668,109.7561
46.390697,109.7561
46.40852,109.7561
46.42413,110.19519
46.44013,110.19519
46.457687,110.0
46.472294,110.0
46.491905,110.15802
46.506493,110.15802
46.524,110.51831
46.541187,110.51831
46.555325,110.51831
46.575,110.064514
46.589493,110.064514
46.605816,110.00806
46.62461,110.00806
46.638702,110.00806
46.657753,111.93298
46.671513,111.93298
46.69106,110.093506
46.706676,110.093506
46.724102,110.319275
46.74216,110.319275
46.755825,110.319275
46.77891,110.42328
46.793125,110.42328
46.80751,109.72705
46.823513,109.72705
46.839607,109.72705
46.857513,109.209656
46.872738,109.209656
46.8906,110.42218
46.906986,110.42218
46.923767,111.82953
46.939816,111.82953
46.956215,111.82953
46.975983,111.840515
46.990635,111.840515
47.011024,110.31549
47.022167,110.31549
47.040543,110.31549
47.057278,110.24933
47.07435,110.24933
47.093185,110.17474
47.105503,110.17474
47.123337,110.17474
47.139896,110.727295
47.156,110.727295
47.176773,110.53174
47.18953,110.53174
47.2081,107.07068
47.22258,107.07068
47.238647,107.07068
47.257847,108.171875
47.27374,108.171875
47.29144,108.74353
47.306858,108.74353
47.32207,108.74353
47.340103,108.93408
47.356533,108.93408
47.37646,107.571045
47.388554,107.571045
47.405987,106.4751
47.422928,106.4751
47.43965,106.4751
47.45691,109.381775
47.47315,109.381775
47.495644,110.28693
47.50758,110.28693
47.524204,108.746155
47.541176,108.746155
47.556034,108.746155
47.57438,108.50604
47.588715,108.50604
47.607708,109.86145
47.62243,109.86145
47.638573,109.86145
47.658722,110.466064
47.673412,110.466064
47.693798,106.914
47.7071,106.914
47.72355,106.17151
47.740967,106.17151
47.755886,106.17151
47.77743,107.57373
47.789364,107.57373
47.807587,106.831726
47.823288,106.831726
47.840557,106.831726
47.85877,105.5
47.87288,105.5
47.893898,110.26062
47.907764,110.26062
47.921856,110.26062
47.940483,109.25891
47.95783,109.25891
47.974842,108.55231
47.989002,108.55231
48.011127,107.4314
48.023643,107.4314
48.039337,107.4314
48.05777,108.691345
48.073402,108.691345
48.093662,107.02545
48.105354,107.02545
48.124645,108.305725
48.140522,108.305725
48.15611,108.305725
48.17508,109.69043
48.190083,109.69043
48.207268,109.31891
48.224663,109.31891
48.24053,109.31891
48.25712,107.88202
48.272156,107.88202
48.290806,110.324646
48.306297,110.324646
48.32389,111.77411
48.34089,111.77411
48.355984,111.77411
48.374275,113.49707
48.38939,113.49707
48.407177,115.53296
48.423943,115.53296
48.439857,115.53296
48.458878,118.817444
48.473217,118.817444
48.491085,116.97687
48.506413,116.97687
48.522694,116.97687
48.542038,118.70947
48.55745,118.70947
48.57639,119.26648
48.59041,119.26648
48.607784,118.39502
48.623005,118.39502
48.63956,118.39502
48.65799,117.95654
48.673233,117.95654
48.69191,116.82501
48.70643,116.82501
48.722485,116.82501
48.740376,118.30414
48.755577,118.30414
48.77751,118.306274
48.789825,118.306274
48.811707,119.11487
48.822536,119.11487
48.83913,119.11487
48.857666,119.10608
48.87372,119.10608
48.891514,119.31317
48.90525,119.31317
48.922478,119.31317
48.939724,120.60675
48.955666,120.60675
48.975567,120.11749
48.99028,120.11749
49.00593,121.508545
49.024693,121.508545
49.03906,121.508545
49.057262,120.82959
49.07361,120.82959
49.09044,121.27338
49.10656,121.27338
49.12466,121.25549
49.140823,121.25549
49.157,121.25549
49.174034,122.57739
49.189236,122.57739
49.207603,122.3645
49.223583,122.3645
49.23971,122.3645
49.257862,125.30658
49.27314,125.30658
49.291767,126.12067
49.306145,126.12067
49.324158,124.5874
49.341473,124.5874
49.356934,124.5874
49.37431,126.58374
49.390617,126.58374
49.41457,127.42645
49.426296,127.42645
49.439915,127.42645
49.45835,127.2749
49.473343,127.2749
49.490833,127.039
49.507477,127.039
49.522278,127.039
49.542007,127.343506
49.556778,127.343506
49.575787,128.59253
49.58966,128.59253
49.60792,127.58234
49.623222,127.58234
49.639835,127.58234
49.658424,126.012024
49.674026,126.012024
49.69007,127.55762
49.70713,127.55762
49.733982,128.6612
49.74502,128.6612
49.757805,128.6612
49.777523,128.58453
49.791714,128.58453
49.81256,129.99768
49.823986,129.99768
49.84187,129.99768
49.860477,129.81012
49.874184,129.81012
49.894283,130.3158
49.908516,130.3158
49.92531,130.78851
49.94133,130.78851
49.95813,130.78851
49.976746,131.59998
49.992413,131.59998
50.01315,130.4361
50.024906,130.4361
50.0415,130.4361
50.059208,129.8825
50.0753,129.8825
50.092834,128.17535
50.10825,128.17535
50.125668,129.3761
50.143093,129.3761
50.15837,129.3761
50.17725,131.02203
50.19522,131.02203
50.210842,128.6247
50.224995,128.6247
50.243847,128.6247
50.258865,129.4848
50.27417,129.4848
50.29378,128.45117
50.307274,128.45117
50.325504,129.06989
50.341652,129.06989
50.358532,129.06989
50.375324,130.34113
50.39024,130.34113
50.409622,131.2533
50.42499,131.2533
50.443012,131.2533
50.460747,132.97589
50.476227,132.97589
50.493416,132.20386
50.50958,132.20386
50.525913,130.98474
50.543213,130.98474
50.558655,130.98474
50.576942,131.9328
50.590973,131.9328
50.60907,131.294
50.625313,131.294
50.6421,131.294
50.65966,132.66876
50.67487,132.66876
50.69359,133.04285
50.708267,133.04285
50.740257,133.12024
50.75602,133.12024
50.765717,132.76709
50.78239,132.76709
50.798447,132.76709
50.81781,132.69324
50.83304,132.69324
50.85048,132.22925
50.86659,132.22925
50.883926,132.52576
50.90049,132.52576
50.914757,132.52576
50.934223,132.03442
50.94815,132.03442
50.965256,133.3612
50.982594,133.3612
51.00011,133.3612
51.016632,134.84033
51.03123,134.84033
51.04901,133.63971
51.06622,133.63971
51.083817,132.7854
51.099827,132.7854
51.115807,132.7854
51.134426,133.36963
51.14866,133.36963
51.165535,132.81305
51.183712,132.81305
51.197956,132.81305
51.216267,133.71771
51.23203,133.71771
51.24827,133.71771
51.26739,134.66083
51.28139,134.66083
51.29919,134.99579
51.31549,134.99579
51.33345,134.30786
51.348995,134.30786
51.367207,134.91248
51.383167,134.91248
51.399338,134.91248
51.41713,135.18848
51.431564,135.18848
51.451603,135.06354
51.465916,135.06354
51.481846,135.06354
51.500923,135.34906
51.522556,135.34906
51.534695,132.80042
51.54824,132.80042
51.566418,134.42639
51.58261,134.42639
51.598366,134.42639
51.61715,135.12762
51.630947,135.12762
51.653297,135.54413
51.66529,135.54413
51.682438,135.54413
51.700447,134.29852
51.715343,134.29852
51.733906,133.38135
51.749187,133.38135
51.766216,134.71185
51.782642,134.71185
51.797802,134.71185
51.81799,133.96735
51.831554,133.96735
51.853775,132.99542
51.865383,132.99542
51.88265,132.99542
51.900837,136.18427
51.91509,136.18427
51.93326,135.47455
51.9491,135.47455
51.967598,134.97662
51.982204,134.97662
51.99844,134.97662
52.017864,134.1399
52.032284,134.1399
52.049953,133.25464
52.065357,133.25464
52.081535,133.25464
52.100296,133.5835
52.114174,133.5835
52.13551,133.57733
52.149345,133.57733
52.165295,133.91577
52.183296,133.91577
52.198338,133.91577
52.21617,134.14404
52.232628,134.14404
52.250633,134.0791
52.26648,134.0791
52.281734,134.0791
52.30044,133.72675
52.315506,133.72675
52.33398,132.26666
52.349045,132.26666
52.365726,132.33679
52.381874,132.33679
52.39826,132.33679
52.417164,131.1159
52.43143,131.1159
52.452087,131.74518
52.46622,131.74518
52.48117,131.74518
52.49999,129.8565
52.51599,129.8565
52.533146,130.40564
52.548462,130.40564
52.565426,130.8852
52.58291,130.8852
52.598602,130.8852
52.617023,131.56879
52.632195,131.56879
52.64962,130.27197
52.666832,130.27197
52.683678,131.38397
52.69928,131.38397
52.714874,131.38397
52.735825,130.19098
52.74895,130.19098
52.76593,129.07318
52.78364,129.07318
52.799076,129.07318
52.817898,128.5658
52.832863,128.5658
52.85012,128.64691
52.86531,128.64691
52.881958,128.64691
52.899803,129.36383
52.9154,129.36383
52.93469,129.23566
52.94784,129.23566
52.967644,130.85303
52.98355,130.85303
52.999393,130.85303
53.017834,131.65417
53.032402,131.65417
53.054657,130.25787
53.066612,130.25787
53.08415,130.4389
53.10053,130.4389
53.115147,130.4389
53.133575,130.4497
53.148304,130.4497
53.165615,131.96362
53.18389,131.96362
53.198315,131.96362
53.216366,130.53912
53.23195,130.53912
53.24942,130.65784
53.266415,130.65784
53.283993,130.8501
53.29927,130.8501
53.31591,130.8501
53.333183,130.83484
53.34894,130.83484
53.366043,129.36029
53.38207,129.36029
53.39822,129.36029
53.416245,129.09277
53.431717,129.09277
53.44907,129.09167
53.46643,129.09167
53.482494,129.09167
53.499237,129.1886
53.522324,129.1886
53.535355,128.6903
53.548927,128.6903
53.56577,128.4342
53.58366,128.4342
53.599815,128.4342
53.616764,129.73279
53.63221,129.73279
53.649986,129.43231
53.667297,129.43231
53.68475,129.43231
53.69984,131.51886
53.715767,131.51886
53.733715,131.1875
53.747417,131.1875
53.76571,131.46667
53.783188,131.46667
53.798748,131.46667
53.816486,131.75586
53.831635,131.75586
53.848854,129.2998
53.866314,129.2998
53.882694,129.2998
53.90225,127.72522
53.916332,127.72522
53.93256,126.99341
53.94905,126.99341
53.966717,126.151306
53.98397,126.151306
53.99879,126.151306
54.017532,126.03046
54.032455,126.03046
54.051174,124.931946
54.066372,124.931946
54.08358,124.3974
54.099457,124.3974
54.115032,124.3974
54.13362,126.44586
54.149246,126.44586
54.16564,127.46307
54.183327,127.46307
54.19835,127.46307
54.21595,127.00635
54.23264,127.00635
54.249756,126.20123
54.264942,126.20123
54.28251,126.20123
54.298954,126.81543
54.31487,126.81543
54.333664,126.06726
54.35024,126.06726
54.366657,127.28229
54.382977,127.28229
54.398205,127.28229
54.417305,127.02051
54.43122,127.02051
54.44904,125.61774
54.468014,125.61774
54.48483,125.32794
54.499546,125.32794
54.51603,125.32794
54.53423,126.05939
54.549076,126.05939
54.5656,124.69336
54.584038,124.69336
54.59982,124.69336
54.616737,127.09259
54.63301,127.09259
54.652287,125.37555
54.666348,125.37555
54.68568,125.83185
54.7007,125.83185
54.71578,125.83185
54.737553,123.09723
54.74998,123.09723
54.766037,123.363464
54.784805,123.363464
54.799435,123.363464
54.8172,123.85681
54.83199,123.85681
54.853046,124.226135
54.866394,124.226135
54.882492,124.226135
54.89972,120.63263
54.915985,120.63263
54.93375,119.9491
54.949295,119.9491
54.966263,121.602356
54.98392,121.602356
54.999054,121.602356
55.018723,121.45807
55.033043,121.45807
55.050117,119.96521
55.077057,119.96521
55.08642,119.96521
55.102554,120.04547
55.117756,120.04547
55.135963,118.324036
55.15113,118.324036
55.168613,120.48175
55.183334,120.48175
55.20116,120.48175
55.21984,121.11725
55.234783,121.11725
55.25241,117.45569
55.281296,117.45569
55.297855,119.32623
55.309853,119.32623
55.323837,118.09027
55.34136,118.09027
55.35533,118.09027
55.374107,114.99017
55.38915,114.99017
55.40657,113.45654
55.42358,113.45654
55.44013,113.45654
55.458633,112.993164
55.47447,112.993164
55.492313,114.923584
55.50659,114.923584
55.526714,117.856445
55.539978,117.856445
55.556606,117.856445
55.57543,117.134766
55.59113,117.134766
55.61054,114.81604
55.624466,114.81604
55.639133,114.81604
55.65841,114.2912
55.671974,114.2912
55.693172,115.12927
55.706715,115.12927
55.7242,115.86621
55.740715,115.86621
55.75663,115.86621
55.774506,115.289734
55.79118,115.289734
55.80674,114.811646
55.825386,114.811646
55.838913,114.811646
55.857044,112.6875
55.87327,112.6875
55.891193,113.57141
55.906956,113.57141
55.92267,113.57141
55.940292,111.97522
55.956696,111.97522
55.974937,111.81024
55.990818,111.81024
56.005966,112.94513
56.023605,112.94513
56.03976,112.94513
56.05792,112.0697
56.072926,112.0697
56.09152,109.52716
56.10562,109.52716
56.12688,109.52588
56.14166,109.52588
56.156876,109.52588
56.175648,113.46118
56.189854,113.46118
56.20753,111.76727
56.22342,111.76727
56.24065,111.76727
56.257748,110.44208
56.273476,110.44208
56.291077,108.135376
56.30694,108.135376
56.323204,108.135376
56.340252,111.82355
56.35777,111.82355
56.374996,109.44769
56.38968,109.44769
56.406647,110.46466
56.423668,110.46466
56.439915,110.46466
56.45681,110.79785
56.473057,110.79785
56.489754,112.14563
56.506016,112.14563
56.52465,112.69946
56.541252,112.69946
56.556255,112.69946
56.57545,111.58331
56.590466,111.58331
56.607826,110.3233
56.622997,110.3233
56.639896,110.3233
56.659035,110.795654
56.673756,110.795654
56.690502,109.91412
56.708595,109.91412
56.72418,108.174805
56.741554,108.174805
56.75537,108.174805
56.775116,107.98279
56.79089,107.98279
56.8068,108.13544
56.824886,108.13544
56.8401,108.13544
56.857155,108.62427
56.8729,108.62427
56.89212,109.91803
56.906345,109.91803
56.924,110.06793
56.94115,110.06793
56.957767,110.06793
56.975193,106.717896
56.989887,106.717896
57.006577,107.9162
57.024498,107.9162
57.03997,107.9162
57.05769,106.438354
57.07373,106.438354
57.09121,106.70996
57.10658,106.70996
57.125797,106.70996
57.144264,106.27826
57.156216,106.27826
57.17426,106.330444
57.190014,106.330444
57.209183,106.33423
57.222324,106.33423
57.239098,106.33423
57.25806,105.8714
57.273273,105.8714
57.293106,108.34485
57.306263,108.34485
57.323944,108.5058
57.340763,108.5058
57.35703,108.5058
57.37702,105.30176
57.389416,105.30176
57.408012,105.59766
57.42244,105.59766
57.439903,105.59766
57.457314,107.660706
57.472595,107.660706
57.49132,107.97943
57.505898,107.97943
57.523525,104.32941
57.540527,104.32941
57.556385,104.32941
57.574093,104.33331
57.590412,104.33331
57.608482,105.621216
57.623573,105.621216
57.639355,105.621216
57.65782,106.08618
57.673344,106.08618
57.693836,105.48639
57.706757,105.48639
57.73082,108.80304
57.74359,108.80304
57.75627,108.80304
57.77331,105.53668
57.79249,105.53668
57.811306,103.67389
57.823334,103.67389
57.84021,103.67389
57.857246,104.543396
57.87245,104.543396
57.892216,104.60376
57.908173,104.60376
57.922638,104.60376
57.940144,105.376526
57.955776,105.376526
57.976532,104.95538
57.98995,104.95538
58.006126,104.093445
58.02472,104.093445
58.040356,104.093445
58.058407,105.2522
58.073475,105.2522
58.095085,103.82373
58.10657,103.82373
58.12444,103.67578
58.141663,103.67578
58.156643,103.67578
58.175083,104.62384
58.1899,104.62384
58.210995,106.55792
58.22296,106.55792
58.24017,106.55792
58.25677,105.24396
58.273697,105.24396
58.29222,105.91791
58.30659,105.91791
58.32442,104.31012
58.34073,104.31012
58.356262,104.31012
58.377056,105.34741
58.390198,105.34741
58.407608,106.04877
58.42412,106.04877
58.439293,106.04877
58.458275,105.475464
58.4729,105.475464
58.490463,106.09375
58.506336,106.09375
58.522324,106.09375
58.540195,105.1759
58.556713,105.1759
58.57404,107.07953
58.590923,107.07953
58.60608,106.88159
58.625633,106.88159
58.64044,106.88159
58.657696,108.501465
58.672947,108.501465
58.690796,108.12164
58.707176,108.12164
58.724003,108.84436
58.74112,108.84436
58.756702,108.84436
58.778698,107.412964
58.789684,107.412964
58.808144,106.18768
58.822987,106.18768
58.83943,106.18768
58.85732,108.0
58.873657,108.0
58.89136,104.94849
58.907326,104.94849
58.92302,104.94849
58.941467,106.026855
58.95606,106.026855
58.974083,106.515076
58.988907,106.515076
59.006496,107.7486
59.025913,107.7486
59.039246,107.7486
59.058388,106.91144
59.074844,106.91144
59.09203,107.39374
59.106323,107.39374
59.12395,106.6886
59.141613,106.6886
59.156933,106.6886
59.174587,107.39325
59.18964,107.39325
59.20825,109.82385
59.223137,109.82385
59.239174,109.82385
59.258327,106.63507
59.274734,106.63507
59.292362,107.05011
59.306484,107.05011
59.32383,108.98877
59.340008,108.98877
59.35595,108.98877
59.375698,108.349304
59.390865,108.349304
59.40877,108.57306
59.422916,108.57306
59.44001,108.57306
59.459026,110.5
59.47817,110.5
59.49173,110.68024
59.505463,110.68024
59.523438,106.84729
59.54115,106.84729
59.55638,106.84729
59.575413,106.4187
59.590317,106.4187
59.612,109.347595
59.623306,109.347595
59.64012,109.347595
59.658028,107.92151
59.68865,109.56146
59.702774,109.56146
59.713047,109.56146
59.731182,108.53827
59.746086,108.53827
59.76365,108.53827
59.781765,108.697754
59.79704,108.697754
59.816395,110.6983
59.83096,110.6983
59.846664,110.06445
59.86394,110.06445
59.879574,110.06445
59.89885,109.38782
59.912712,109.38782
59.932034,109.391785
59.946564,109.391785
59.963303,109.391785
59.981674,110.58826
59.996464,110.58826
60.0,110.58826
