0.28967196,63.16339
0.30043507,63.16339
0.3171075,60.962463
0.33398613,63.302307
0.34893027,63.302307
0.3653006,47.666626
0.38387853,47.666626
0.3989649,47.666626
0.41790634,45.61963
0.43392628,45.61963
0.4514617,49.190308
0.4684436,49.190308
0.4842493,50.4209
0.502264,50.4209
0.5182342,50.4209
0.53635496,48.034546
0.55070406,48.034546
0.5727989,52.592285
0.583818,52.592285
0.60161394,52.592285
0.6173653,50.038086
0.6347569,50.038086
0.6525497,51.294434
0.6683481,51.294434
0.6843941,53.241577
0.7017705,53.241577
0.7164484,53.241577
0.7366807,51.539185
0.75198203,51.539185
0.76935226,51.20764
0.78384185,51.20764
0.80312294,51.20764
0.81968725,54.176025
0.8341467,54.176025
0.85297525,56.261414
0.86681426,56.261414
0.88543975,53.384766
0.9007269,53.384766
0.91735214,53.384766
0.93513924,50.008545
0.9505351,50.008545
0.9693028,50.880127
0.98323256,50.880127
1.0013025,50.880127
1.0188808,61.60382
1.0339496,61.60382
1.0526481,58.759644
1.0676315,58.759644
1.0962452,61.058533
1.1088662,61.058533
1.1224484,61.058533
1.1382381,67.60846
1.155549,67.60846
1.172781,64.531006
1.1886882,64.531006
1.2057059,70.40729
1.222873,70.40729
1.2374235,70.40729
1.2559699,62.84021
1.2728969,62.84021
1.289393,60.655334
1.3046229,60.655334
1.3227117,60.655334
1.3394916,61.33203
1.3557177,61.33203
1.373791,54.056763
1.3872049,54.056763
1.4061198,62.59308
1.4239883,62.59308
1.438227,62.59308
1.4565581,57.05774
1.4727628,57.05774
1.4899542,54.181274
1.5048109,54.181274
1.5213492,54.181274
1.540652,52.52002
1.555413,52.52002
1.5728095,46.230957
1.588115,46.230957
1.6047604,49.656006
1.6228774,49.656006
1.6371021,49.656006
1.6573262,45.802734
1.6702498,45.802734
1.6905025,49.135254
1.7037466,49.135254
1.7217627,49.135254
1.7394978,53.13513
1.754164,53.13513
1.7734139,52.169434
1.7889607,52.169434
1.8071705,54.9823
1.823975,54.9823
1.8373487,54.9823
1.8567142,52.129517
1.8702524,52.129517
1.8891518,53.25476
1.9042332,53.25476
1.9217473,53.25476
1.9413202,53.53528
1.9555311,53.53528
1.9742814,50.028076
1.9883125,50.028076
2.0054326,50.028076
2.0211484,50.714844
2.0399659,50.714844
2.0600045,50.642456
2.0724218,50.642456
2.0900474,49.10034
2.1057773,49.10034
2.1215155,49.10034
2.1391098,48.098022
2.1547186,48.098022
2.1736414,53.479126
2.1901045,53.479126
2.20378,47.7666
2.221102,47.7666
2.237558,47.7666
2.2562728,46.58899
2.271642,46.58899
2.2941628,49.138794
2.3043292,49.138794
2.321439,49.138794
2.3394787,48.059814
2.3542337,48.059814
2.3753998,48.974243
2.3882384,48.974243
2.4053168,49.297363
2.4222722,49.297363
2.4407234,49.297363
2.4566612,47.960815
2.4716942,47.960815
2.4921799,49.200195
2.5053434,49.200195
2.5220008,49.200195
2.5393038,57.207092
2.5555363,57.207092
2.5756094,57.698364
2.5894136,57.698364
2.6084046,56.544067
2.6229174,56.544067
2.6369722,56.544067
2.6576376,54.626953
2.6712575,54.626953
2.6900458,56.355408
2.704188,56.355408
2.720315,56.355408
2.7393618,54.639038
2.7553442,54.639038
2.7743473,57.008667
2.7893455,57.008667
2.803984,57.894714
2.8216891,57.894714
2.8383832,57.894714
2.855895,56.011475
2.871611,56.011475
2.8893557,60.679993
2.904121,60.679993
2.9242084,54.78418
2.939744,54.78418
2.956187,54.78418
2.974172,56.25641
2.9878683,56.25641
3.0067236,56.38434
3.0220604,56.38434
3.037977,56.38434
3.054913,55.717285
3.0709553,55.717285
3.0880363,58.166687
3.1043081,58.166687
3.1390069,57.664185
3.1529734,57.664185
3.1664393,57.023865
3.1824048,57.023865
3.2022314,57.023865
3.2223287,57.62793
3.2372565,57.62793
3.2565536,56.43048
3.2683263,56.43048
3.2892911,55.427246
3.3060386,55.427246
3.3196595,55.427246
3.3365834,60.39386
3.3512952,60.39386
3.3726292,54.479126
3.383888,54.479126
3.4010382,54.479126
3.4205413,52.009155
3.438152,52.009155
3.4545531,55.562134
3.4689093,55.562134
3.485441,56.28131
3.5033293,56.28131
3.5175266,56.28131
3.5364673,58.96997
3.551331,58.96997
3.572863,55.604004
3.584515,55.604004
3.6022205,55.604004
3.6198535,56.937256
3.634408,56.937256
3.6543539,56.98523
3.6688836,56.98523
3.6849287,59.059753
3.7028632,59.059753
3.7186053,59.059753
3.7388735,59.37439
3.7513716,59.37439
3.7689915,61.081177
3.7865756,61.081177
3.801621,61.081177
3.81947,63.871033
3.8352404,63.871033
3.854917,61.63141
3.8675134,61.63141
3.8873158,59.318604
3.9024024,59.318604
3.9166098,59.318604
3.9370084,56.69568
3.9515717,56.69568
3.9732058,57.64734
3.9856954,57.64734
4.0006456,57.64734
4.018335,59.358154
4.0340667,59.358154
4.052013,55.98816
4.0659924,55.98816
4.0844107,53.639038
4.1008286,53.639038
4.117976,53.639038
4.1365805,54.38086
4.1508102,54.38086
4.171347,53.027954
4.1847243,53.027954
4.199992,53.027954
4.2182302,59.560364
4.2340097,59.560364
4.2522874,56.59784
4.2667217,56.59784
4.2834907,57.932617
4.301582,57.932617
4.317844,57.932617
4.3354945,53.91455
4.349905,53.91455
4.3687906,56.049255
4.3846684,56.049255
4.4010687,56.049255
4.4194474,54.891235
4.433728,54.891235
4.453272,57.569702
4.4681954,57.569702
4.4839635,56.262085
4.502714,56.262085
4.5192013,56.262085
4.5354743,55.409912
4.5515366,55.409912
4.571187,53.69397
4.5850267,53.69397
4.6001787,53.69397
4.6188297,57.014404
4.6339445,57.014404
4.6554933,58.763916
4.667196,58.763916
4.683968,54.604248
4.7010145,54.604248
4.716645,54.604248
4.735072,56.718506
4.751378,56.718506
4.768991,55.551025
4.784069,55.551025
4.801711,55.551025
4.820299,53.837036
4.83285,53.837036
4.850954,57.295654
4.867019,57.295654
4.883622,56.599854
4.901216,56.599854
4.918228,56.599854
4.934723,54.83313
4.951146,54.83313
4.970262,54.208496
4.983068,54.208496
5.0008373,54.208496
5.0192256,61.083435
5.03306,61.083435
5.051888,60.790894
5.0676374,60.790894
5.083454,56.071472
5.101485,56.071472
5.1166716,56.071472
5.1368933,56.542908
5.150551,56.542908
5.1667438,57.635376
5.186232,57.635376
5.2010417,57.635376
5.2187514,56.238037
5.233966,56.238037
5.2512074,54.267334
5.2680826,54.267334
5.2841125,54.838623
5.3016834,54.838623
5.317238,54.838623
5.335465,54.88916
5.350141,54.88916
5.368535,61.65625
5.383156,61.65625
5.40274,61.65625
5.4198174,51.421265
5.4334254,51.421265
5.452998,52.47119
5.4675665,52.47119
5.4844093,53.14746
5.5019784,53.14746
5.5171137,53.14746
5.534925,53.603516
5.551205,53.603516
5.571611,57.1662
5.5838857,57.1662
5.6010885,57.1662
5.618868,55.028687
5.6346927,55.028687
5.6557117,56.305664
5.668057,56.305664
5.684587,55.37439
5.7021217,55.37439
5.717709,55.37439
5.735174,55.083252
5.7513304,55.083252
5.7679768,55.5719
5.783934,55.5719
5.802201,55.5719
5.8190184,58.94403
5.833689,58.94403
5.852254,55.54138
5.867309,55.54138
5.8843923,53.921997
5.9023294,53.921997
5.917368,53.921997
5.936885,53.78174
5.950524,53.78174
5.971633,56.459717
5.9831924,56.459717
6.000111,56.459717
6.0200562,53.40796
6.0344663,53.40796
6.0512013,54.49182
6.06825,54.49182
6.083371,55.614502
6.101215,55.614502
6.118522,55.614502
6.137609,56.588013
6.151542,56.588013
6.172133,56.870117
6.1832347,56.870117
6.201769,56.870117
6.218484,57.279114
6.233875,57.279114
6.252423,53.259155
6.266453,53.259155
6.2838597,56.60193
6.3022733,56.60193
6.3167133,56.60193
6.337091,55.400757
6.3514304,55.400757
6.369809,53.760986
6.383955,53.760986
6.4009495,53.760986
6.4192233,52.433228
6.433358,52.433228
6.455938,49.802124
6.468729,49.802124
6.4854293,48.10144
6.5024524,48.10144
6.517418,48.10144
6.5351,50.632324
6.5510817,50.632324
6.5688906,55.315796
6.5905733,55.315796
6.6032352,55.315796
6.619584,51.29126
6.6335444,51.29126
6.6541224,50.87561
6.6674676,50.87561
6.684693,52.962646
6.7014284,52.962646
6.7184877,52.962646
6.735754,51.205566
6.751042,51.205566
6.7696385,53.049072
6.7848167,53.049072
6.801893,53.049072
6.820265,53.806396
6.834464,53.806396
6.8515463,51.754272
6.867739,51.754272
6.884454,49.327026
6.9025474,49.327026
6.917601,49.327026
6.936199,47.67859
6.9506197,47.67859
6.9670935,47.907104
6.986023,47.907104
7.0009913,47.907104
7.019707,46.59778
7.0354776,46.59778
7.0526576,45.690186
7.067005,45.690186
7.084938,45.690186
7.099981,45.690186
7.117192,50.826294
7.138913,45.81653
7.1519785,45.81653
7.169201,53.85388
7.184023,53.85388
7.2004886,53.85388
7.219165,51.985962
7.2341547,51.985962
7.25228,50.613403
7.267063,50.613403
7.2845507,51.261963
7.301957,51.261963
7.3174696,51.261963
7.335843,48.415283
7.352805,48.415283
7.3717685,51.471924
7.383985,51.471924
7.4010086,51.471924
7.418624,53.28064
7.434963,53.28064
7.4522476,49.94043
7.467488,49.94043
7.483774,49.771973
7.5021105,49.771973
7.5176625,49.771973
7.534515,49.210205
7.549666,49.210205
7.567947,50.14392
7.5839543,50.14392
7.600775,50.14392
7.619379,51.448364
7.6352167,51.448364
7.655414,52.322144
7.6684127,52.322144
7.6851954,57.466858
7.701835,57.466858
7.717574,57.466858
7.7377725,55.211792
7.751198,55.211792
7.7695436,51.74878
7.783938,51.74878
7.8012767,51.74878
7.819395,50.67627
7.833617,50.67627
7.856354,53.58606
7.868796,53.58606
7.886617,52.44873
7.9016123,52.44873
7.9169645,52.44873
7.935632,52.7937
7.952372,52.7937
7.9692802,58.357544
7.983856,58.357544
8.000823,58.357544
8.018573,56.490234
8.034695,56.490234
8.050582,59.715088
8.06765,59.715088
8.084639,56.97577
8.102424,56.97577
8.122605,56.97577
8.13684,61.41925
8.149399,61.41925
8.169683,56.222656
8.184375,56.222656
8.2005625,56.222656
8.217427,66.400696
8.2337475,66.400696
8.253013,62.885254
8.268842,62.885254
8.284583,52.5011
8.302827,52.5011
8.317415,52.5011
8.335275,54.601807
8.3507,54.601807
8.368273,62.64923
8.383524,62.64923
8.401859,62.64923
8.419363,62.95587
8.4418545,62.95587
8.4543495,65.57318
8.467725,65.57318
8.484657,61.90216
8.502267,61.90216
8.517345,61.90216
8.538716,62.17206
8.55127,62.17206
8.569268,60.167847
8.583144,60.167847
8.601902,60.167847
8.618378,57.447876
8.633905,57.447876
8.651393,58.266174
8.668461,58.266174
8.683995,60.90387
8.701328,60.90387
8.717457,60.90387
8.734661,60.732056
8.754357,60.732056
8.768693,56.526855
8.7879925,56.526855
8.801641,56.526855
8.819782,59.503418
8.834143,59.503418
8.8530655,60.620544
8.868042,60.620544
8.884863,55.874268
8.900678,55.874268
8.917264,55.874268
8.934538,60.28479
8.951397,60.28479
8.969262,61.01892
8.983451,61.01892
9.000396,61.01892
9.019078,60.68164
9.035267,60.68164
9.052127,61.15808
9.068473,61.15808
9.084425,65.33679
9.100999,65.33679
9.117189,65.33679
9.134952,54.58203
9.15059,54.58203
9.17248,61.27765
9.187494,61.27765
9.204333,52.61316
9.218835,52.61316
9.23414,52.61316
9.2522955,58.330383
9.267427,58.330383
9.284552,56.66693
9.302027,56.66693
9.318684,56.66693
9.335632,51.33618
9.351409,51.33618
9.3713255,55.578125
9.384395,55.578125
9.400229,55.578125
9.41879,62.14319
9.43386,62.14319
9.452816,62.270325
9.466683,62.270325
9.491238,55.215454
9.502074,55.215454
9.517098,55.215454
9.536085,56.870605
9.551107,56.870605
9.569953,56.96454
9.585084,56.96454
9.601153,56.96454
9.61857,55.287354
9.633784,55.287354
9.652596,51.68689
9.667236,51.68689
9.684422,54.025513
9.701462,54.025513
9.717928,54.025513
9.735237,54.916992
9.751176,54.916992
9.768957,54.518555
9.784253,54.518555
9.80071,54.518555
9.819646,51.635742
9.835185,51.635742
9.851985,54.25061
9.867784,54.25061
9.885417,51.94763
9.902661,51.94763
9.918534,51.94763
9.935493,56.149902
9.950175,56.149902
9.968951,52.936523
9.985761,52.936523
10.0001955,52.936523
10.019286,47.54297
10.035107,47.54297
10.052344,54.4563
10.067607,54.4563
10.08424,51.932617
10.101529,51.932617
10.118591,51.932617
10.135364,49.102295
10.150652,49.102295
10.168262,50.274536
10.184512,50.274536
10.200376,50.274536
10.219173,52.149902
10.234272,52.149902
10.252766,53.657104
10.266635,53.657104
10.284716,51.293457
10.302164,51.293457
10.317497,51.293457
10.335453,53.06897
10.351689,53.06897
10.36872,50.571777
10.384253,50.571777
10.400376,50.571777
10.418472,53.45691
10.434304,53.45691
10.454984,47.350708
10.467236,47.350708
10.483843,47.322754
10.503139,47.322754
10.518312,47.322754
10.536369,48.32251
10.550998,48.32251
10.570671,44.38965
10.585245,44.38965
10.600756,44.38965
10.619002,46.008423
10.634692,46.008423
10.656146,47.543335
10.667695,47.543335
10.68457,48.06311
10.702443,48.06311
10.718443,48.06311
10.737112,48.561768
10.752017,48.561768
10.772372,44.99414
10.784312,44.99414
10.800726,44.99414
10.818193,46.590332
10.833982,46.590332
10.853726,47.32129
10.867325,47.32129
10.884698,44.65503
10.901738,44.65503
10.91667,44.65503
10.935926,54.08545
10.950856,54.08545
10.9686985,51.756104
10.983654,51.756104
11.000827,51.756104
11.019622,48.42456
11.035007,48.42456
11.0528345,44.453735
11.068263,44.453735
11.084533,40.23645
11.101976,40.23645
11.118288,40.23645
11.136061,44.402954
11.151436,44.402954
11.171451,42.137573
11.183925,42.137573
11.202012,42.137573
11.219673,47.410767
11.234518,47.410767
11.254943,43.39624
11.267682,43.39624
11.287782,40.55603
11.3037815,40.55603
11.317557,40.55603
11.335345,54.956665
11.351868,54.956665
11.368062,54.58618
11.385151,54.58618
11.400238,54.58618
11.418799,53.0282
11.43492,53.0282
11.454184,48.20996
11.467464,48.20996
11.487996,45.795532
11.501976,45.795532
11.517082,45.795532
11.536146,49.754883
11.549961,49.754883
11.569024,46.170776
11.584005,46.170776
11.600908,46.170776
11.617736,42.093018
11.634191,42.093018
11.652992,45.73401
11.66787,45.73401
11.68479,40.71631
11.701464,40.71631
11.717374,40.71631
11.735275,44.855713
11.751681,44.855713
11.769146,49.474854
11.78502,49.474854
11.802737,49.474854
11.820144,50.59558
11.834249,50.59558
11.852619,51.968872
11.868163,51.968872
11.884588,45.02649
11.901054,45.02649
11.917384,45.02649
11.935236,40.261963
11.950392,40.261963
11.968476,46.36035
11.985245,46.36035
12.018043,50.183594
12.030986,50.183594
12.045058,54.120605
12.061905,54.120605
12.076939,54.120605
12.096058,57.875305
12.109783,57.875305
12.127921,49.196045
12.1437845,49.196045
12.159639,49.196045
12.178984,62.3844
12.193685,62.3844
12.210852,55.04138
12.225879,55.04138
12.243797,48.52466
12.260979,48.52466
12.27568,48.52466
12.294605,48.033813
12.310532,48.033813
12.33047,47.60669
12.344089,47.60669
12.361149,47.60669
12.377973,43.895264
12.394187,43.895264
12.412181,45.715942
12.426134,45.715942
12.444138,58.06012
12.460818,58.06012
12.476097,58.06012
12.494991,56.664246
12.511057,56.664246
12.527523,49.928223
12.545132,49.928223
12.561817,49.928223
12.577917,52.39514
12.593109,52.39514
12.611835,45.766846
12.625731,45.766846
12.643481,45.766846
12.66223,48.73108
12.677535,48.73108
12.696647,52.929565
12.712185,52.929565
12.732135,55.596313
12.743388,55.596313
12.7606325,55.596313
12.778683,56.67914
12.793521,56.67914
12.812414,50.90027
12.825272,50.90027
12.84327,50.90027
12.861288,62.551697
12.878281,62.551697
12.896899,56.532776
12.910501,56.532776
12.931814,59.6333
12.944261,59.6333
12.960518,59.6333
12.97899,58.993652
12.994198,58.993652
13.012482,69.58392
13.025988,69.58392
13.044559,64.69092
13.062006,64.69092
13.076607,64.69092
13.094151,63.73584
13.11036,63.73584
13.127455,60.214172
13.145355,60.214172
13.159674,60.214172
13.178234,57.317688
13.193463,57.317688
13.212422,59.513184
13.228222,59.513184
13.244054,67.57013
13.261131,67.57013
13.27621,67.57013
13.295709,64.2406
13.310566,64.2406
13.326002,63.7547
13.344483,63.7547
13.360429,63.7547
13.3776655,62.930542
13.407589,73.74402
13.4194975,73.74402
13.43278,73.74402
13.44885,70.71985
13.465676,70.71985
13.481643,70.71985
13.49916,71.31787
13.5135565,71.31787
13.533973,68.16333
13.549611,68.16333
13.565406,68.50012
13.583243,68.50012
13.598706,68.50012
13.616498,73.3396
13.632593,73.3396
13.650506,73.022095
13.665065,73.022095
13.682421,73.022095
13.70001,71.7699
13.715103,71.7699
13.732131,74.2738
13.7496605,74.2738
13.7707405,71.50922
13.783392,71.50922
13.798669,71.50922
13.815912,71.498535
13.8313055,71.498535
13.849678,69.73627
13.864721,69.73627
13.881865,69.73627
13.89857,72.15881
13.915263,72.15881
13.933159,66.70404
13.9492445,66.70404
13.96504,71.62134
13.981731,71.62134
13.998068,71.62134
14.014512,70.00958
14.035293,70.00958
14.053048,69.05707
14.063723,69.05707
14.081715,69.05707
14.100054,71.19452
14.115016,71.19452
14.132823,59.891357
14.148689,59.891357
14.166485,58.708435
14.182979,58.708435
14.19818,58.708435
14.217569,60.36017
14.230862,60.36017
14.249782,57.416077
14.26573,57.416077
14.280313,57.416077
14.300098,58.056335
14.31459,58.056335
14.335897,59.940918
14.34845,59.940918
14.366478,64.44714
14.383061,64.44714
14.398979,64.44714
14.4163885,61.438965
14.431608,61.438965
14.44986,65.7124
14.465884,65.7124
14.48194,65.7124
14.500507,66.38776
14.515558,66.38776
14.533279,62.883972
14.548639,62.883972
14.566129,64.85956
14.582964,64.85956
14.59793,64.85956
14.61496,67.44647
14.63241,67.44647
14.64804,68.00647
14.665818,68.00647
14.681235,68.00647
14.700471,72.11664
14.715063,72.11664
14.732345,71.663025
14.748795,71.663025
14.767309,73.87274
14.781496,73.87274
14.799765,73.87274
14.816683,68.30652
14.831794,68.30652
14.850227,70.36731
14.865616,70.36731
14.881984,70.36731
14.899523,68.87598
14.915691,68.87598
14.932388,70.00238
14.948121,70.00238
14.965118,67.3031
14.982799,67.3031
14.99916,67.3031
15.016618,61.88916
15.030372,61.88916
15.048789,63.15045
15.065065,63.15045
15.082668,63.15045
15.099724,62.28784
15.113793,62.28784
15.133057,60.989746
15.148444,60.989746
15.166338,64.581116
15.183261,64.581116
15.198389,64.581116
15.216336,56.400024
15.230149,56.400024
15.250268,61.753174
15.265857,61.753174
15.287162,58.84723
15.30126,58.84723
15.314691,58.84723
15.335722,67.015625
15.348484,67.015625
15.364489,61.39496
15.382606,61.39496
15.398935,61.39496
15.417722,71.05774
15.431933,71.05774
15.449662,72.72424
15.4648285,72.72424
15.481959,72.72424
15.4997,63.324158
15.515665,63.324158
15.536339,66.02588
15.548985,66.02588
15.565872,72.3194
15.58377,72.3194
15.599695,72.3194
15.6174555,66.598145
15.631448,66.598145
15.6498575,74.397644
15.665469,74.397644
15.68153,74.397644
15.699053,68.163574
15.714642,68.163574
15.732575,76.752686
15.749751,76.752686
15.765229,75.3797
15.787064,75.3797
15.800849,75.3797
15.819526,68.909485
15.833269,68.909485
15.850399,63.13507
15.865093,63.13507
15.882044,63.13507
15.89985,71.60022
15.916116,71.60022
15.933766,63.227966
15.9489975,63.227966
15.96493,61.392883
15.9825115,61.392883
15.998311,61.392883
16.016056,61.120422
16.031775,61.120422
16.048956,67.59839
16.064453,67.59839
16.081543,67.59839
16.097607,63.97754
16.115211,63.97754
16.132767,68.732056
16.148935,68.732056
16.166647,65.86981
16.183275,65.86981
16.19899,65.86981
16.217003,66.28058
16.231909,66.28058
16.250761,60.82495
16.264774,60.82495
16.280998,60.82495
16.299397,71.91913
16.31468,71.91913
16.333216,71.65198
16.349504,71.65198
16.366762,74.329346
16.383095,74.329346
16.397755,74.329346
16.417824,71.81702
16.431772,71.81702
16.451323,74.8587
16.465431,74.8587
16.48394,74.51483
16.500513,74.51483
16.514164,74.51483
16.533354,75.319336
16.5486,75.319336
16.565632,68.01007
16.583221,68.01007
16.59821,68.01007
16.616013,72.89819
16.632027,72.89819
16.652857,66.25842
16.66428,66.25842
16.681713,66.25842
16.699352,76.68219
16.71504,76.68219
16.733997,70.57208
16.749695,70.57208
16.764885,73.72455
16.783405,73.72455
16.798376,73.72455
16.81627,66.86719
16.832197,66.86719
16.850248,74.149536
16.866064,74.149536
16.88142,74.149536
16.900848,74.43182
16.916216,74.43182
16.933006,72.5246
16.949116,72.5246
16.965122,69.1427
16.983494,69.1427
16.999565,69.1427
17.016542,69.79907
17.033943,69.79907
17.052832,70.07709
17.06452,70.07709
17.083765,73.58008
17.099773,73.58008
17.1158,73.58008
17.132711,72.80255
17.149294,72.80255
17.165998,72.2652
17.182648,72.2652
17.19815,72.2652
17.215916,69.67169
17.231882,69.67169
17.250666,72.74121
17.264795,72.74121
17.281061,72.74121
17.30066,68.86102
17.31485,68.86102
17.332739,69.91315
17.349442,69.91315
17.36616,68.76874
17.382885,68.76874
17.39849,68.76874
17.416306,69.65607
17.431631,69.65607
17.449205,72.760315
17.465929,72.760315
17.482737,72.760315
17.500221,67.75275
17.514904,67.75275
17.53508,65.57269
17.548735,65.57269
17.564848,72.47534
17.58363,72.47534
17.59874,72.47534
17.616459,67.61102
17.63268,67.61102
17.653542,73.74927
17.664915,73.74927
17.682093,73.74927
17.700714,73.89032
17.715475,73.89032
17.733366,75.88104
17.749046,75.88104
17.76551,71.09808
17.783182,71.09808
17.799877,71.09808
17.816423,72.50244
17.832441,72.50244
17.849081,68.865295
17.864134,68.865295
17.881285,68.865295
17.899496,63.36963
17.914783,63.36963
17.933077,60.4953
17.948324,60.4953
17.964823,68.91443
17.982244,68.91443
17.999329,68.91443
18.016285,68.239746
18.03157,68.239746
18.05392,67.62756
18.06682,67.62756
18.08141,67.62756
18.100773,66.201294
18.114857,66.201294
18.132614,72.93677
18.150402,72.93677
18.167366,63.14081
18.1839,63.14081
18.198439,63.14081
18.216616,70.85181
18.230953,70.85181
18.249357,64.87842
18.264944,64.87842
18.282082,64.87842
18.299608,71.93121
18.31538,71.93121
18.334606,64.45648
18.348534,64.45648
18.364758,62.755737
18.383165,62.755737
18.397655,62.755737
18.417206,58.826965
18.432226,58.826965
18.448538,64.34534
18.465038,64.34534
18.48142,64.34534
18.50077,61.02832
18.515211,61.02832
18.533339,64.31726
18.549568,64.31726
18.571026,65.53296
18.582914,65.53296
18.597979,65.53296
18.61639,72.01019
18.631979,72.01019
18.653479,68.83246
18.666445,68.83246
18.683323,66.81616
18.699753,66.81616
18.715977,66.81616
18.733124,63.27063
18.75074,63.27063
18.766657,67.18494
18.781641,67.18494
18.79922,67.18494
18.817556,66.531006
18.833006,66.531006
18.849173,50.68445
18.864346,50.68445
18.882118,50.68445
18.89897,50.9657
18.915232,50.9657
18.933048,55.832153
18.948254,55.832153
18.965445,56.35321
18.981258,56.35321
18.99863,56.35321
19.016678,58.82776
19.032446,58.82776
19.049788,59.989807
19.065235,59.989807
19.081947,59.989807
19.09938,65.75244
19.11483,65.75244
19.132666,56.28247
19.148907,56.28247
19.166779,61.607483
19.182861,61.607483
19.199034,61.607483
19.21803,57.105957
19.23199,57.105957
19.250204,67.627625
19.264442,67.627625
19.283022,61.108337
19.299046,61.108337
19.31573,61.108337
19.333488,58.259094
19.348602,58.259094
19.365639,63.299744
19.382864,63.299744
19.39772,63.299744
19.416382,65.20746
19.432554,65.20746
19.450043,65.177124
19.465649,65.177124
19.480743,65.177124
19.49934,65.47644
19.514837,65.47644
19.531927,63.85254
19.548548,63.85254
19.56556,64.607056
19.58371,64.607056
19.597939,64.607056
19.616655,61.15985
19.632883,61.15985
19.648697,63.006714
19.665207,63.006714
19.682005,63.006714
19.699638,61.975586
19.716228,61.975586
19.732595,60.67865
19.74932,60.67865
19.765764,59.172485
19.781822,59.172485
19.798721,59.172485
19.817017,46.280396
19.832392,46.280396
19.850384,50.478638
19.865091,50.478638
19.881845,50.478638
19.899744,50.492554
19.915361,50.492554
19.932775,55.20056
19.948868,55.20056
19.967707,59.209045
19.981565,59.209045
19.999517,59.209045
20.01646,56.79547
20.031504,56.79547
20.050339,61.707703
20.065304,61.707703
20.08203,61.707703
20.099138,55.30139
20.115705,55.30139
20.133097,59.40509
20.149393,59.40509
20.165445,57.41278
20.183018,57.41278
20.19843,57.41278
20.216734,53.67859
20.232296,53.67859
20.250732,51.224243
20.265755,51.224243
20.280945,51.224243
20.299837,51.195435
20.315248,51.195435
20.333416,54.20337
20.348736,54.20337
20.365507,49.177734
20.383955,49.177734
20.397879,49.177734
20.417263,50.42981
20.43247,50.42981
20.44907,51.321777
20.465319,51.321777
20.482718,51.321777
20.500591,52.57959
20.516249,52.57959
20.532978,53.562744
20.548958,53.562744
20.565758,51.72351
20.583555,51.72351
20.59887,51.72351
20.619942,61.560913
20.63236,61.560913
20.65183,55.89856
20.666569,55.89856
20.682161,55.89856
20.699646,57.789795
20.714535,57.789795
20.732815,50.798096
20.749977,50.798096
20.76511,55.839478
20.782604,55.839478
20.799719,55.839478
20.81672,62.06714
20.832373,62.06714
20.849403,51.46692
20.86516,51.46692
20.881521,51.46692
20.898836,53.241577
20.91608,53.241577
20.93208,49.583252
20.94977,49.583252
20.965172,48.313477
20.981928,48.313477
20.998934,48.313477
21.016209,51.51587
21.032768,51.51587
21.048975,53.212402
21.064653,53.212402
21.083183,47.149048
21.09991,47.149048
21.115105,47.149048
21.136223,50.812622
21.14993,50.812622
21.166513,44.796753
21.18255,44.796753
21.199734,44.796753
21.216843,48.633545
21.231918,48.633545
21.250412,39.603394
21.26576,39.603394
21.281694,39.603394
21.300268,43.574585
21.314655,43.574585
21.333826,43.17859
21.348312,43.17859
21.364815,37.80652
21.382877,37.80652
21.398645,37.80652
21.417055,47.00415
21.432959,47.00415
21.452467,40.22815
21.465363,40.22815
21.482164,40.22815
21.500929,49.963867
21.51535,49.963867
21.533129,43.039185
21.548643,43.039185
21.565796,44.111816
21.583185,44.111816
21.598652,44.111816
21.615448,43.30847
21.633146,43.30847
21.650623,36.230713
21.666409,36.230713
21.681664,36.230713
21.699787,40.488037
21.715055,40.488037
21.733406,50.815674
21.749315,50.815674
21.76604,46.245605
21.782452,46.245605
21.799889,46.245605
21.816008,48.934082
21.832624,48.934082
21.853724,42.950195
21.870228,42.950195
21.882675,42.950195
21.898878,49.688477
21.916195,49.688477
21.933512,48.311157
21.948284,48.311157
21.966227,51.467407
21.98281,51.467407
21.999548,51.467407
22.01698,49.0354
22.032923,49.0354
22.052471,52.222046
22.067137,52.222046
22.08321,49.497803
22.100317,49.497803
22.115604,49.497803
22.133698,49.07849
22.149237,49.07849
22.166958,50.290283
22.182886,50.290283
22.198181,50.290283
22.21754,50.274902
22.23223,50.274902
22.255342,50.21399
22.265785,50.21399
22.283426,48.40735
22.30212,48.40735
22.31511,48.40735
22.333958,48.56897
22.3491,48.56897
22.366243,43.871704
22.383465,43.871704
22.399078,43.871704
22.417475,43.825317
22.43255,43.825317
22.45092,45.235962
22.46564,45.235962
22.48222,45.235962
22.50028,44.585327
22.515776,44.585327
22.53364,50.720337
22.548391,50.720337
22.56508,46.595093
22.583397,46.595093
22.598465,46.595093
22.615574,52.05713
22.631721,52.05713
22.649588,46.43506
22.665937,46.43506
22.681837,46.43506
22.700022,59.963562
22.714886,59.963562
22.73259,60.518616
22.749588,60.518616
22.765043,54.180298
22.78763,54.180298
22.798811,54.180298
22.817019,50.283936
22.832573,50.283936
22.850677,51.645752
22.865305,51.645752
22.882486,51.645752
22.900164,51.48828
22.915918,51.48828
22.933607,54.5636
22.949677,54.5636
22.965626,50.62732
22.982851,50.62732
22.999296,50.62732
23.016968,49.256836
23.030571,49.256836
23.050463,47.105103
23.06467,47.105103
23.082302,47.105103
23.099813,45.502197
23.114777,45.502197
23.133482,44.38794
23.14988,44.38794
23.1675,54.370605
23.18351,54.370605
23.198568,54.370605
23.216703,50.878784
23.232555,50.878784
23.25118,48.047974
23.266485,48.047974
23.281229,48.047974
23.30004,47.99292
23.315357,47.99292
23.336227,46.77722
23.350498,46.77722
23.365294,45.31665
23.383045,45.31665
23.399025,45.31665
23.417553,53.973267
23.432465,53.973267
23.45089,48.266846
23.46627,48.266846
23.482607,48.266846
23.500086,52.68933
23.515411,52.68933
23.532629,50.509766
23.548317,50.509766
23.564566,53.630493
23.583921,53.630493
23.599375,53.630493
23.616657,53.271606
23.632137,53.271606
23.653038,49.83496
23.665703,49.83496
23.683279,50.57068
23.70052,50.57068
23.714893,50.57068
23.732546,44.938965
23.749966,44.938965
23.765892,45.06726
23.783382,45.06726
23.799616,45.06726
23.818214,45.750854
23.832563,45.750854
23.850979,47.297974
23.865372,47.297974
23.882023,47.297974
23.898857,50.65222
23.915733,50.65222
23.934145,46.57129
23.948149,46.57129
23.966265,44.706665
23.983936,44.706665
23.999348,44.706665
24.016533,48.476074
24.031717,48.476074
24.050749,42.015747
24.064775,42.015747
24.08318,45.997803
24.100319,45.997803
24.115583,45.997803
24.133312,40.570557
24.150154,40.570557
24.166641,44.217773
24.183039,44.217773
24.19928,44.217773
24.217308,37.02893
24.232101,37.02893
24.250648,37.211426
24.265026,37.211426
24.282112,37.211426
24.300327,34.93518
24.314678,34.93518
24.334423,42.313477
24.350368,42.313477
24.366356,51.122925
24.38311,51.122925
24.398264,51.122925
24.417286,44.98523
24.433084,44.98523
24.449326,43.35437
24.466103,43.35437
24.48081,43.35437
24.500841,43.396606
24.515636,43.396606
24.53772,49.35205
24.549498,49.35205
24.568335,43.009888
24.583534,43.009888
24.598156,43.009888
24.617407,39.356567
24.632029,39.356567
24.650406,42.357056
24.666168,42.357056
24.682129,42.357056
24.700457,53.044434
24.71487,53.044434
24.73465,57.149536
24.749472,57.149536
24.769176,55.682617
24.783007,55.682617
24.799109,55.682617
24.817535,52.04663
24.832851,52.04663
24.853432,58.776367
24.865847,58.776367
24.881765,58.776367
24.90033,54.41809
24.915627,54.41809
24.932768,63.489624
24.947878,63.489624
24.965824,58.164246
24.98295,58.164246
24.99844,58.164246
25.016079,62.39984
25.031807,62.39984
25.050516,69.77869
25.06607,69.77869
25.08158,69.77869
25.10078,70.54974
25.114977,70.54974
25.133688,68.535095
25.148766,68.535095
25.165344,69.54071
25.183115,69.54071
25.199663,69.54071
25.216568,71.5556
25.232067,71.5556
25.250572,78.18555
25.266468,78.18555
25.282894,78.18555
25.299784,76.33392
25.31641,76.33392
25.335033,69.88135
25.34982,69.88135
25.368834,72.26489
25.384546,72.26489
25.399176,72.26489
25.419775,75.90344
25.431992,75.90344
25.453905,71.606445
25.466677,71.606445
25.481802,71.606445
25.50052,72.74072
25.515594,72.74072
25.533949,70.18768
25.549168,70.18768
25.568724,71.04236
25.582508,71.04236
25.598427,71.04236
25.616934,65.96118
25.632418,65.96118
25.651213,64.24371
25.666237,64.24371
25.682096,64.24371
25.70078,63.493164
25.715214,63.493164
25.733126,71.26233
25.748823,71.26233
25.779366,69.40668
25.791807,69.40668
25.804993,74.47473
25.82211,74.47473
25.836422,74.47473
25.85545,74.09119
25.86911,74.09119
25.891685,84.18677
25.904232,84.18677
25.919891,84.18677
25.937069,77.86859
25.95349,77.86859
25.971437,83.91907
25.986065,83.91907
26.004211,69.189514
26.02074,69.189514
26.036558,69.189514
26.055065,68.92462
26.070215,68.92462
26.091764,68.521484
26.107292,68.521484
26.121328,68.521484
26.139633,69.18207
26.153809,69.18207
26.171425,67.78436
26.187195,67.78436
26.204664,72.168884
26.221262,72.168884
26.236736,72.168884
26.255625,68.50488
26.269712,68.50488
26.292208,75.72052
26.303755,75.72052
26.319796,75.72052
26.339523,67.365234
26.353733,67.365234
26.37144,70.21161
26.387032,70.21161
26.404556,64.79053
26.42008,64.79053
26.436739,64.79053
26.453781,72.77472
26.470835,72.77472
26.488043,69.50409
26.503452,69.50409
26.520386,69.50409
26.539711,66.14935
26.553314,66.14935
26.572294,70.28827
26.586893,70.28827
26.603395,69.1239
26.62528,69.1239
26.636637,69.1239
26.655716,70.621704
26.671265,70.621704
26.688076,75.33423
26.704151,75.33423
26.720295,75.33423
26.738182,77.07947
26.753628,77.07947
26.771023,75.96759
26.78631,75.96759
26.805122,74.24158
26.822159,74.24158
26.835917,74.24158
26.854408,77.814026
26.868826,77.814026
26.888065,77.68677
26.90427,77.68677
26.920345,77.68677
26.938034,77.548584
26.95361,77.548584
26.970343,78.62012
26.98796,78.62012
27.006264,75.22882
27.021418,75.22882
27.038013,75.22882
27.055473,78.66693
27.071514,78.66693
27.08808,78.63086
27.104053,78.63086
27.12059,78.63086
27.136652,81.32831
27.15362,81.32831
27.171793,80.75531
27.18573,80.75531
27.205158,77.995056
27.222189,77.995056
27.237404,77.995056
27.254787,83.86163
27.271624,83.86163
27.28813,78.614136
27.304628,78.614136
27.320415,78.614136
27.342468,86.002686
27.353346,86.002686
27.37018,79.69397
27.387127,79.69397
27.404594,78.87726
27.421986,78.87726
27.4372,78.87726
27.455484,74.68939
27.469112,74.68939
27.488722,75.08478
27.50397,75.08478
27.519928,75.08478
27.54059,75.21582
27.554073,75.21582
27.572783,76.70947
27.586193,76.70947
27.603958,77.90961
27.62071,77.90961
27.63701,77.90961
27.655205,79.038025
27.671392,79.038025
27.687838,77.25659
27.703903,77.25659
27.719984,77.25659
27.739588,80.738464
27.753813,80.738464
27.773413,79.30701
27.7882,79.30701
27.804216,76.69177
27.820648,76.69177
27.837313,76.69177
27.855675,73.20288
27.870884,73.20288
27.89162,78.21954
27.90273,78.21954
27.92003,78.21954
27.937742,78.14276
27.95301,78.14276
27.975119,78.50934
27.986362,78.50934
28.005087,74.59021
28.020401,74.59021
28.037605,74.59021
28.059008,77.31232
28.070692,77.31232
28.087818,77.42523
28.103233,77.42523
28.120071,77.42523
28.137732,82.66919
28.154041,82.66919
28.17198,82.15466
28.186852,82.15466
28.203716,86.461365
28.222202,86.461365
28.237349,86.461365
28.256159,78.59711
28.271627,78.59711
28.287342,81.17456
28.303524,81.17456
28.320017,81.17456
28.33871,75.46271
28.353283,75.46271
28.37367,84.73096
28.386667,84.73096
28.402824,84.73096
28.421307,80.02307
28.436281,80.02307
28.455606,73.52014
28.470493,73.52014
28.495596,73.52014
28.507147,74.19702
28.521223,74.19702
28.53895,73.71771
28.554337,73.71771
28.572016,72.82788
28.587872,72.82788
28.604046,79.65582
28.621832,79.65582
28.63688,79.65582
28.655416,78.65137
28.670296,78.65137
28.688738,83.08826
28.702932,83.08826
28.720139,83.08826
28.7395,79.17316
28.753687,79.17316
28.775373,80.26453
28.787718,80.26453
28.804781,78.71002
28.821253,78.71002
28.83681,78.71002
28.855516,81.558655
28.871647,81.558655
28.890945,77.25745
28.903673,77.25745
28.921831,77.25745
28.939735,74.64862
28.953672,74.64862
28.972721,75.221375
28.986134,75.221375
29.006165,77.88446
29.02075,77.88446
29.036037,77.88446
29.054926,77.78772
29.070757,77.78772
29.089504,77.756226
29.103243,77.756226
29.120678,77.756226
29.137552,76.18878
29.153706,76.18878
29.173084,79.145935
29.18654,79.145935
29.204233,78.411865
29.221243,78.411865
29.23648,78.411865
29.254494,81.82733
29.270456,81.82733
29.287722,82.03607
29.304525,82.03607
29.319468,82.03607
29.341558,76.42285
29.354353,76.42285
29.37273,78.1662
29.386324,78.1662
29.405203,73.36554
29.421078,73.36554
29.438099,73.36554
29.455687,74.127075
29.469833,74.127075
29.487932,66.9126
29.504015,66.9126
29.52023,66.9126
29.539978,63.93994
29.553886,63.93994
29.570366,75.17499
29.587086,75.17499
29.604576,70.861145
29.620405,70.861145
29.637512,70.861145
29.655132,75.76251
29.670742,75.76251
29.688616,68.23041
29.703686,68.23041
29.720055,68.23041
29.738976,74.3443
29.753864,74.3443
29.770664,73.31055
29.786903,73.31055
29.804996,78.30463
29.821487,78.30463
29.836575,78.30463
29.85597,75.36139
29.871572,75.36139
29.888235,73.11395
29.906284,73.11395
29.919674,73.11395
29.93975,74.23944
29.953226,74.23944
29.972164,80.285095
29.986465,80.285095
30.004595,74.435486
30.021322,74.435486
30.036835,74.435486
30.054823,77.8725
30.070831,77.8725
30.087873,74.39032
30.103075,74.39032
30.120918,74.39032
30.138409,78.86804
30.153234,78.86804
30.172997,75.32526
30.186872,75.32526
30.213343,76.13928
30.224731,76.13928
30.236856,76.13928
30.25522,76.04797
30.27108,76.04797
30.288803,80.27069
30.305267,80.27069
30.320004,80.27069
30.33919,74.2854
30.353392,74.2854
30.37137,76.40485
30.386473,76.40485
30.404987,76.82721
30.42185,76.82721
30.437122,76.82721
30.454876,77.325195
30.470104,77.325195
30.487717,75.32965
30.50382,75.32965
30.52023,75.32965
30.539139,77.35315
30.553913,77.35315
30.573084,72.18878
30.587158,72.18878
30.603907,72.8064
30.621197,72.8064
30.636652,72.8064
30.65504,72.24036
30.670628,72.24036
30.68882,60.400635
30.70332,60.400635
30.720798,60.400635
30.7386,64.43121
30.75446,64.43121
30.770983,60.73523
30.786562,60.73523
30.804914,58.846558
30.82197,58.846558
30.837921,58.846558
30.85475,54.81604
30.86993,54.81604
30.891605,55.052856
30.903778,55.052856
30.920143,55.052856
30.940182,56.937622
30.95404,56.937622
30.975086,55.329956
30.988188,55.329956
31.004135,63.365234
31.02149,63.365234
31.036783,63.365234
31.05786,60.552612
31.070244,60.552612
31.086836,62.432434
31.104006,62.432434
31.120571,62.432434
31.138664,59.095703
31.154396,59.095703
31.17583,56.688538
31.18714,56.688538
31.204037,54.83069
31.221548,54.83069
31.237099,54.83069
31.254684,63.24933
31.270765,63.24933
31.288422,58.1994
31.305017,58.1994
31.321945,58.1994
31.338564,56.865967
31.353724,56.865967
31.371511,58.54663
31.386982,58.54663
31.4167,56.933105
31.42943,56.933105
31.441664,56.933105
31.458942,54.820312
31.474056,54.820312
31.492155,57.16162
31.507439,57.16162
31.525345,56.58606
31.542215,56.58606
31.558128,56.58606
31.576262,63.96222
31.5908,63.96222
31.610687,60.636658
31.625616,60.636658
31.640766,60.636658
31.658928,65.526
31.673805,65.526
31.693455,58.995483
31.706999,58.995483
31.726116,54.987183
31.74416,54.987183
31.75713,54.987183
31.77696,51.6792
31.791319,51.6792
31.810736,47.533325
31.824059,47.533325
31.83996,47.533325
31.859941,50.981934
31.87485,50.981934
31.891888,59.493103
31.907135,59.493103
31.92404,52.33496
31.9429,52.33496
31.958172,52.33496
31.976543,58.99524
31.993114,58.99524
32.010143,49.397827
32.026024,49.397827
32.04071,49.397827
32.060856,52.371216
32.0742,52.371216
32.094315,54.871216
32.1167,54.871216
32.129345,56.57611
32.14335,56.57611
32.159008,56.57611
32.178078,52.24597
32.191654,52.24597
32.20935,53.323486
32.22434,53.323486
32.240536,53.323486
32.25887,52.416992
32.274746,52.416992
32.294846,42.477905
32.30792,42.477905
32.32451,39.034668
32.341583,39.034668
32.357853,39.034668
32.376446,45.822754
32.391705,45.822754
32.40859,44.948853
32.423153,44.948853
32.440887,44.948853
32.45885,54.185913
32.474583,54.185913
32.492695,41.994263
32.50845,41.994263
32.52612,46.845703
32.541687,46.845703
32.55932,46.845703
32.576828,46.72473
32.59213,46.72473
32.610294,48.980347
32.62631,48.980347
32.64266,48.980347
32.6588,49.33435
32.673344,49.33435
32.693462,47.27588
32.70757,47.27588
32.72526,46.46338
32.74245,46.46338
32.768967,42.07727
32.78178,42.07727
32.794125,42.07727
32.81266,40.21826
32.826878,40.21826
32.842648,40.21826
32.862114,44.442505
32.877487,44.442505
32.89437,42.415283
32.910603,42.415283
32.931786,46.44812
32.944195,46.44812
32.960545,46.44812
32.977127,42.66028
32.992924,42.66028
33.01199,43.56299
33.02635,43.56299
33.04416,42.54138
33.0615,42.54138
33.07598,42.54138
33.096115,44.16809
33.109467,44.16809
33.12788,44.938477
33.143646,44.938477
33.160023,44.938477
33.178875,43.553833
33.194084,43.553833
33.21114,39.365723
33.226643,39.365723
33.242172,39.365723
33.260788,39.305786
33.277264,39.305786
33.29413,32.55249
33.30967,32.55249
33.32884,43.65442
33.34371,43.65442
33.36356,43.65442
33.3802,47.388794
33.3951,47.388794
33.410572,40.13977
33.426933,40.13977
33.444256,41.546265
33.461502,41.546265
33.476624,41.546265
33.49404,47.21814
33.5095,47.21814
33.53219,44.351685
33.543922,44.351685
33.560387,44.351685
33.577847,42.552124
33.59354,42.552124
33.614285,39.696045
33.627586,39.696045
33.64612,45.513794
33.662376,45.513794
33.67747,45.513794
33.6946,46.507202
33.710358,46.507202
33.72729,50.59204
33.744843,50.59204
33.760086,50.59204
33.778248,51.935547
33.792854,51.935547
33.812294,47.08545
33.82717,47.08545
33.844368,43.970337
33.86061,43.970337
33.8775,43.970337
33.895077,42.144897
33.909027,42.144897
33.92814,38.702515
33.94456,38.702515
33.958847,38.702515
33.97711,39.095093
33.99294,39.095093
34.01242,41.020386
34.02814,41.020386
34.043884,44.199097
34.060658,44.199097
34.075863,44.199097
34.09559,37.084717
34.10958,37.084717
34.12907,39.453857
34.144707,39.453857
34.160294,39.453857
34.17956,40.3042
34.19234,40.3042
34.211727,41.97876
34.226673,41.97876
34.243607,37.520996
34.260742,37.520996
34.275593,37.520996
34.294315,43.602417
34.310703,43.602417
34.326126,39.477783
34.347706,39.477783
34.3616,39.477783
34.37993,42.74121
34.393723,42.74121
34.413624,42.666992
34.426247,42.666992
34.445255,41.287964
34.46102,41.287964
34.4776,41.287964
34.494747,43.89514
34.50955,43.89514
34.52892,42.18091
34.544796,42.18091
34.561268,42.18091
34.57875,42.310913
34.59348,42.310913
34.61209,39.350586
34.62738,39.350586
34.642998,39.350586
34.660122,43.162964
34.67789,43.162964
34.695793,41.538208
34.710655,41.538208
34.7282,43.561768
34.744755,43.561768
34.761333,43.561768
34.77904,43.48059
34.794388,43.48059
34.812973,43.79541
34.82657,43.79541
34.84713,43.772583
34.86242,43.772583
34.87731,43.772583
34.895355,46.02466
34.909832,46.02466
34.92794,44.596558
34.94358,44.596558
34.961452,44.596558
34.978214,43.297485
34.99327,43.297485
35.011986,43.876343
35.026756,43.876343
35.043476,37.079956
35.060665,37.079956
35.07647,37.079956
35.094456,42.516357
35.109917,42.516357
35.12881,38.634644
35.143513,38.634644
35.1602,38.634644
35.17845,40.632324
35.19335,40.632324
35.21113,36.098022
35.226654,36.098022
35.243084,40.46277
35.261784,40.46277
35.277115,40.46277
35.294544,36.63684
35.311523,36.63684
35.327972,42.52295
35.343792,42.52295
35.360516,42.52295
35.37941,36.312134
35.39381,36.312134
35.411213,41.708496
35.426826,41.708496
35.443474,37.441895
35.461464,37.441895
35.476665,37.441895
35.493855,40.690674
35.51074,40.690674
35.52914,37.87732
35.54361,37.87732
35.56178,37.87732
35.57806,41.015625
35.594395,41.015625
35.614372,38.3407
35.627262,38.3407
35.64653,36.676025
35.661633,36.676025
35.677197,36.676025
35.69604,39.530396
35.710587,39.530396
35.726685,40.211548
35.74356,40.211548
35.759663,40.211548
35.77864,36.31836
35.79474,36.31836
35.813217,38.66443
35.826775,38.66443
35.84265,38.66443
35.8626,41.28369
35.877155,41.28369
35.896168,40.0907
35.9099,40.0907
35.9278,38.931885
35.946896,38.931885
35.96018,38.931885
35.97751,41.17212
35.992897,41.17212
36.01232,38.513428
36.02829,38.513428
36.044514,38.513428
36.06276,37.200806
36.076355,37.200806
36.0951,41.031616
36.110878,41.031616
36.126698,41.206543
36.14518,41.206543
36.16102,41.206543
36.178734,45.221924
36.192986,45.221924
36.211067,40.382812
36.22755,40.382812
36.26227,42.15149
36.27541,42.15149
36.28832,43.194458
36.30436,43.194458
36.320408,43.194458
36.33903,40.92688
36.35341,40.92688
36.371796,39.78296
36.38645,39.78296
36.40348,45.734253
36.420856,45.734253
36.436096,45.734253
36.455086,47.410645
36.47036,47.410645
36.495937,41.401
36.505913,41.401
36.520382,41.401
36.53796,43.47937
36.553993,43.47937
36.572033,41.684814
36.585777,41.684814
36.603683,42.391357
36.62208,42.391357
36.636574,42.391357
36.65486,43.90381
36.670517,43.90381
36.688118,45.876953
36.702282,45.876953
36.72019,45.876953
36.73826,42.780518
36.753307,42.780518
36.77233,45.32422
36.788208,45.32422
36.80479,44.589355
36.82208,44.589355
36.836155,44.589355
36.855415,46.962402
36.870132,46.962402
36.887577,46.910767
36.904472,46.910767
36.92016,46.910767
36.940544,51.948364
36.95359,51.948364
36.971115,45.350952
36.98657,45.350952
37.005234,48.964844
37.023647,48.964844
37.037674,48.964844
37.054634,47.729248
37.071983,47.729248
37.092537,50.496704
37.103886,50.496704
37.11928,50.496704
37.139984,50.506836
37.15467,50.506836
37.17391,49.859863
37.186848,49.859863
37.204067,55.375244
37.22035,55.375244
37.23629,55.375244
37.255005,56.57556
37.26999,56.57556
37.288982,51.836426
37.303864,51.836426
37.3208,51.836426
37.338337,61.57428
37.353443,61.57428
37.371387,57.048096
37.38701,57.048096
37.40362,62.409668
37.421127,62.409668
37.436966,62.409668
37.45898,59.932556
37.470013,59.932556
37.488228,55.161743
37.503647,55.161743
37.520134,55.161743
37.537235,54.364624
37.554214,54.364624
37.57158,49.82556
37.586586,49.82556
37.604183,50.45752
37.620655,50.45752
37.63763,50.45752
37.654964,52.16162
37.67083,52.16162
37.687614,51.522705
37.704044,51.522705
37.720722,51.522705
37.7392,58.70056
37.754932,58.70056
37.77214,57.37567
37.785557,57.37567
37.80538,58.33203
37.820995,58.33203
37.83731,58.33203
37.856068,58.654053
37.870365,58.654053
37.887802,59.904297
37.90261,59.904297
37.91991,59.904297
37.939068,58.522827
37.953213,58.522827
37.970757,62.810303
37.98646,62.810303
38.007458,57.687683
38.020763,57.687683
38.03788,57.687683
38.054356,63.66559
38.070316,63.66559
38.0887,62.277588
38.104336,62.277588
38.120113,62.277588
38.141132,65.62329
38.15424,65.62329
38.170998,58.90161
38.186333,58.90161
38.203728,59.950745
38.2219,59.950745
38.236145,59.950745
38.25421,63.216248
38.270725,63.216248
38.288677,61.357056
38.303482,61.357056
38.32031,61.357056
38.337013,60.843384
38.353535,60.843384
38.37226,65.07495
38.387486,65.07495
38.40345,65.172424
38.42261,65.172424
38.43791,65.172424
38.457523,65.398926
38.47138,65.398926
38.489323,61.38141
38.504265,61.38141
38.53638,56.733704
38.550232,56.733704
38.564888,58.156372
38.579052,58.156372
38.59511,58.156372
38.61259,63.344116
38.628395,63.344116
38.64897,59.330994
38.66241,59.330994
38.67846,59.330994
38.69604,66.84613
38.711334,66.84613
38.729877,62.057495
38.7447,62.057495
38.76253,62.057495
38.779133,65.54547
38.79559,65.54547
38.816944,61.66559
38.829483,61.66559
38.846355,70.125854
38.862846,70.125854
38.878525,70.125854
38.896194,59.17749
38.91102,59.17749
38.930355,64.09766
38.944977,64.09766
38.961605,64.09766
38.980385,60.64209
38.995064,60.64209
39.012573,55.563354
39.027905,55.563354
39.044804,58.622437
39.063488,58.622437
39.078148,58.622437
39.097004,56.763977
39.11053,56.763977
39.13129,59.872437
39.145397,59.872437
39.16127,59.872437
39.179287,60.943115
39.194736,60.943115
39.212173,56.61371
39.226906,56.61371
39.244022,64.89569
39.262245,64.89569
39.27819,64.89569
39.297966,58.629456
39.310402,58.629456
39.328323,64.2323
39.345627,64.2323
39.362038,64.2323
39.379864,61.274353
39.394268,61.274353
39.412586,64.341736
39.427525,64.341736
39.44514,57.2641
39.46136,57.2641
39.478374,57.2641
39.496593,52.11316
39.511482,52.11316
39.532776,50.221924
39.546425,50.221924
39.564213,59.665833
39.580246,59.665833
39.594322,59.665833
39.61294,57.880066
39.627037,57.880066
39.644318,56.663635
39.662407,56.663635
39.678204,56.663635
39.6977,52.51367
39.711784,52.51367
39.72937,55.11267
39.74534,55.11267
39.761486,55.11267
39.779293,50.445312
39.794476,50.445312
39.813763,55.96582
39.827103,55.96582
39.84552,54.2052
39.862934,54.2052
39.877518,54.2052
39.89654,51.907837
39.911026,51.907837
39.930717,52.512207
39.945045,52.512207
39.962456,52.512207
39.98014,50.929077
40.002647,50.929077
40.014957,49.213257
40.028496,49.213257
40.053993,52.631348
40.068607,52.631348
40.079037,52.631348
40.09479,54.09973
40.11102,54.09973
40.129185,49.50415
40.14575,49.50415
40.161205,49.50415
40.179115,52.178833
40.194782,52.178833
40.214336,52.060303
40.229244,52.060303
40.245197,54.983643
40.262085,54.983643
40.277916,54.983643
40.296444,55.391113
40.31196,55.391113
40.329388,53.812744
40.344437,53.812744
40.361767,53.812744
40.379364,52.012695
40.395847,52.012695
40.414936,50.981445
40.42874,50.981445
40.44482,45.608887
40.462643,45.608887
40.477684,45.608887
40.495903,47.142822
40.51233,47.142822
40.531994,51.233032
40.54472,51.233032
40.562298,51.233032
40.578712,48.677124
40.594513,48.677124
40.615944,53.585815
40.629044,53.585815
40.64635,50.751587
40.66177,50.751587
40.678303,50.751587
40.696674,55.309692
40.71108,55.309692
40.727875,51.002686
40.743935,51.002686
40.761803,51.002686
40.782932,54.487305
40.795044,54.487305
40.816696,50.865967
40.831314,50.865967
40.84617,52.294556
40.863308,52.294556
40.877747,52.294556
40.896152,50.924805
40.911785,50.924805
40.93295,49.227905
40.945267,49.227905
40.961403,49.227905
40.98006,46.012817
40.99399,46.012817
41.0132,52.639282
41.02853,52.639282
41.045776,51.874268
41.062923,51.874268
41.07772,51.874268
41.098595,53.58374
41.111305,53.58374
41.12987,53.109985
41.145355,53.109985
41.160538,53.109985
41.178574,55.739502
41.194534,55.739502
41.21415,48.71118
41.228825,48.71118
41.244457,56.943604
41.26244,56.943604
41.277916,56.943604
41.29692,52.256226
41.312813,52.256226
41.33121,49.644897
41.34547,49.644897
41.36197,49.644897
41.37953,45.572998
41.395504,45.572998
41.41331,48.623657
41.42749,48.623657
41.448746,48.19104
41.463497,48.19104
41.477818,48.19104
41.496933,49.719604
41.512318,49.719604
41.529266,48.757324
41.546307,48.757324
41.561413,48.757324
41.579967,46.68628
41.59448,46.68628
41.61343,51.222534
41.629128,51.222534
41.644646,50.70349
41.661774,50.70349
41.67879,50.70349
41.697258,48.09375
41.712616,48.09375
41.729958,51.12964
41.744484,51.12964
41.762028,51.12964
41.779404,48.00122
41.79396,48.00122
41.815765,52.59668
41.828495,52.59668
41.844322,52.062378
41.86229,52.062378
41.878143,52.062378
41.895668,47.806763
41.91191,47.806763
41.92976,50.08313
41.94504,50.08313
41.96153,50.08313
41.981087,47.295288
41.99644,47.295288
42.012974,46.90222
42.02884,46.90222
42.04804,46.635498
42.06515,46.635498
42.078564,46.635498
42.096363,43.99231
42.111362,43.99231
42.129295,44.542603
42.145916,44.542603
42.164825,44.542603
42.181,47.943848
42.194633,47.943848
42.214294,48.692505
42.22957,48.692505
42.245266,48.386597
42.263298,48.386597
42.28032,48.386597
42.296925,48.718872
42.313248,48.718872
42.330345,45.345215
42.346195,45.345215
42.36112,45.345215
42.37992,48.84314
42.395374,48.84314
42.41303,51.694458
42.428318,51.694458
42.444813,45.229248
42.464607,45.229248
42.480293,45.229248
42.497078,45.072998
42.51278,45.072998
42.52994,44.696045
42.544006,44.696045
42.56347,44.696045
42.579292,47.180786
42.595623,47.180786
42.615875,44.30127
42.629803,44.30127
42.650246,44.246704
42.66075,44.246704
42.67711,44.246704
42.69649,41.211426
42.71104,41.211426
42.72931,42.80664
42.745163,42.80664
42.76205,42.80664
42.77968,47.01648
42.795036,47.01648
42.81437,43.042847
42.829147,43.042847
42.846043,41.468384
42.863113,41.468384
42.877808,41.468384
42.896843,43.220215
42.912544,43.220215
42.93033,43.36316
42.94562,43.36316
42.96247,43.36316
42.97905,42.608032
42.993713,42.608032
43.01472,44.622925
43.028706,44.622925
43.04459,40.337036
43.062637,40.337036
43.078712,40.337036
43.0958,48.271484
43.11196,48.271484
43.132553,45.3031
43.145493,45.3031
43.16104,45.3031
43.180347,46.415283
43.19463,46.415283
43.214348,44.993164
43.227585,44.993164
43.244034,43.687378
43.263123,43.687378
43.277275,43.687378
43.29514,40.72473
43.310894,40.72473
43.33074,44.095947
43.34601,44.095947
43.362362,44.095947
43.380432,42.329956
43.395943,42.329956
43.413837,38.49707
43.428883,38.49707
43.4439,39.134155
43.463818,39.134155
43.47825,39.134155
43.49565,39.354492
43.512505,39.354492
43.530777,39.40039
43.544838,39.40039
43.563957,39.961304
43.57946,39.961304
43.594437,39.961304
43.616375,38.641357
43.628395,38.641357
43.64525,46.07776
43.663685,46.07776
43.67821,46.07776
43.695538,40.628784
43.711098,40.628784
43.731087,44.60608
43.74383,44.60608
43.76238,44.60608
43.779705,43.91028
43.795895,43.91028
43.81386,39.96765
43.827377,39.96765
43.844612,38.082764
43.863422,38.082764
43.895615,43.996338
43.908394,43.996338
43.921345,43.996338
43.93809,46.34082
43.95437,46.34082
43.971584,43.799194
43.98725,43.799194
44.002285,43.799194
44.020084,41.089966
44.03673,41.089966
44.055252,42.078613
44.069374,42.078613
44.08572,39.845703
44.10406,39.845703
44.11846,39.845703
44.139496,46.79358
44.153576,46.79358
44.171753,49.263916
44.186363,49.263916
44.204292,41.78833
44.220173,41.78833
44.236317,41.78833
44.255367,41.504395
44.269257,41.504395
44.28704,39.194824
44.303413,39.194824
44.31907,39.194824
44.339043,42.13867
44.353,42.13867
44.371037,42.361694
44.386982,42.361694
44.402355,42.361694
44.421566,37.266968
44.43572,37.266968
44.454838,37.001953
44.471355,37.001953
44.489292,41.41284
44.504555,41.41284
44.520733,41.41284
44.53773,44.81482
44.553787,44.81482
44.570686,44.288574
44.586956,44.288574
44.603214,46.132446
44.620594,46.132446
44.637077,46.132446
44.655563,45.649414
44.670685,45.649414
44.685997,42.08496
44.70379,42.08496
44.718864,42.08496
44.73775,45.1261
44.754498,45.1261
44.771606,45.305786
44.78794,45.305786
44.80347,44.669556
44.82174,44.669556
44.835854,44.669556
44.854786,45.43701
44.870777,45.43701
44.887825,43.89746
44.90312,43.89746
44.920097,43.89746
44.93771,44.783203
44.954235,44.783203
44.97202,45.19995
44.986538,45.19995
45.003326,43.4812
45.020935,43.4812
45.036053,43.4812
45.054493,41.505005
45.068764,41.505005
45.089558,45.27942
45.10401,45.27942
45.11966,45.27942
45.139095,45.310425
45.15319,45.310425
45.173317,47.91736
45.18735,47.91736
45.20403,40.097412
45.22105,40.097412
45.237797,40.097412
45.25499,40.969727
45.269833,40.969727
45.29101,39.451538
45.304203,39.451538
45.320454,39.451538
45.339054,43.24707
45.353462,43.24707
45.375805,41.77063
45.38689,41.77063
45.40421,42.441772
45.422886,42.441772
45.436684,42.441772
45.4549,42.467896
45.469727,42.467896
45.488003,45.382446
45.503525,45.382446
45.520447,45.382446
45.539303,46.06482
45.553516,46.06482
45.57239,41.604492
45.588,41.604492
45.605286,40.987305
45.62124,40.987305
45.637238,40.987305
45.65531,37.128418
45.671383,37.128418
45.6883,40.659546
45.703045,40.659546
45.72048,40.659546
45.740498,43.381958
45.75415,43.381958
45.771908,41.971313
45.787163,41.971313
45.806133,46.395874
45.821117,46.395874
45.838303,46.395874
45.855843,46.792114
45.87096,46.792114
45.890556,42.22815
45.90427,42.22815
45.921116,42.22815
45.938858,46.921387
45.953926,46.921387
45.971634,41.197144
45.987225,41.197144
46.003548,43.953735
46.021606,43.953735
46.03741,43.953735
46.055996,41.948486
46.070923,41.948486
46.091625,41.113037
46.103134,41.113037
46.12152,41.113037
46.13896,43.42639
46.153942,43.42639
46.172558,42.51538
46.187275,42.51538
46.20466,41.278687
46.221546,41.278687
46.236908,41.278687
46.25499,35.549927
46.270744,35.549927
46.2913,46.34204
46.303894,46.34204
46.3208,46.34204
46.338196,39.46814
46.354324,39.46814
46.370804,39.070557
46.38741,39.070557
46.403748,39.071655
46.42083,39.071655
46.435635,39.071655
46.455616,39.932617
46.470943,39.932617
46.48854,41.83667
46.503162,41.83667
46.520176,41.83667
46.537743,37.39209
46.553493,37.39209
46.57172,37.143066
46.586525,37.143066
46.60623,39.71692
46.62118,39.71692
46.636593,39.71692
46.653427,37.745605
46.670685,37.745605
46.687466,43.936157
46.70268,43.936157
46.71984,43.936157
46.736748,41.35608
46.75319,41.35608
46.77133,43.65039
46.78716,43.65039
46.804016,41.989624
46.821487,41.989624
46.836758,41.989624
46.855366,38.112305
46.869602,38.112305
46.88879,41.985474
46.90462,41.985474
46.920135,41.985474
46.937607,43.937134
46.953094,43.937134
46.97116,44.341797
46.98727,44.341797
47.004456,40.187744
47.02048,40.187744
47.037045,40.187744
47.05585,41.07666
47.07122,41.07666
47.089153,38.549805
47.103416,38.549805
47.119686,38.549805
47.13845,39.056885
47.152073,39.056885
47.174713,48.031372
47.18991,48.031372
47.205215,42.414673
47.2208,42.414673
47.236908,42.414673
47.255157,39.49292
47.26996,39.49292
47.291866,42.571045
47.30374,42.571045
47.320736,42.571045
47.338104,43.95227
47.353657,43.95227
47.372383,44.335938
47.38713,44.335938
47.404755,41.55078
47.42045,41.55078
47.456272,38.113403
47.470882,38.113403
47.48389,38.113403
47.498974,44.68506
47.514305,44.68506
47.532677,42.171753
47.546574,42.171753
47.56357,44.460083
47.582447,44.460083
47.61718,44.81848
47.63241,44.81848
47.64612,49.919678
47.661583,49.919678
47.676014,49.919678
47.693314,47.1875
47.709076,47.1875
47.726837,48.490967
47.74607,48.490967
47.758068,48.490967
47.777565,42.830444
47.79251,42.830444
47.810863,44.444824
47.82568,44.444824
47.841705,44.444824
47.86016,42.233765
47.874573,42.233765
47.894215,44.08545
47.909748,44.08545
47.925083,44.317505
47.944225,44.317505
47.95768,44.317505
47.97587,40.551636
47.990273,40.551636
48.010967,38.935913
48.024757,38.935913
48.042274,38.935913
48.059696,39.077515
48.0746,39.077515
48.094704,39.906372
48.108215,39.906372
48.124847,42.577393
48.144073,42.577393
48.158604,42.577393
48.178764,50.0
48.19229,50.0
48.21019,36.07788
48.22532,36.07788
48.24174,36.07788
48.258484,44.694336
48.275265,44.694336
48.29557,38.692627
48.31684,38.692627
48.32928,39.0
48.3427,39.0
48.357666,39.0
48.37638,39.59912
48.3934,39.59912
48.408733,37.608276
48.424583,37.608276
48.44466,42.150635
48.458855,42.150635
48.475353,42.150635
48.493927,46.39746
48.50747,46.39746
48.526592,40.637817
48.543526,40.637817
48.560757,40.637817
48.575478,40.864624
48.592655,40.864624
48.6103,41.130493
48.625874,41.130493
48.642082,41.130493
48.660435,38.574707
48.674957,38.574707
48.694397,41.37146
48.710316,41.37146
48.7276,43.046143
48.74395,43.046143
48.75758,43.046143
48.777676,41.644043
48.793247,41.644043
48.812263,50.391357
48.82556,50.391357
48.84333,50.391357
48.85998,41.77954
48.87604,41.77954
48.89406,44.640625
48.908394,44.640625
48.9266,45.925415
48.942543,45.925415
48.959225,45.925415
48.97824,44.111206
48.991547,44.111206
49.009018,43.77722
49.025414,43.77722
49.045227,43.77722
49.060715,49.277832
49.074978,49.277832
49.09324,44.817627
49.10927,44.817627
49.126125,47.016113
49.143955,47.016113
49.15867,47.016113
49.17655,47.588867
49.192226,47.588867
49.211475,47.894653
49.228943,47.894653
49.24405,48.620117
49.25982,48.620117
49.276333,48.620117
49.295933,46.502563
49.30794,46.502563
49.32664,54.20691
49.341915,54.20691
49.35927,54.20691
49.37581,50.431763
49.390945,50.431763
49.412453,54.91333
49.426064,54.91333
49.443367,56.845703
49.459747,56.845703
49.475136,56.845703
49.492638,51.51831
49.50796,51.51831
49.52588,51.34546
49.544132,51.34546
49.55855,51.34546
49.57733,47.593628
49.591393,47.593628
49.611588,46.145874
49.624928,46.145874
49.64095,46.145874
49.661083,46.60681
49.67561,46.60681
49.69663,47.77356
49.709106,47.77356
49.72657,50.192017
49.74425,50.192017
49.75872,50.192017
49.777073,47.00952
49.794,47.00952
49.811054,53.355835
49.825783,53.355835
49.84094,53.355835
49.860466,50.004272
49.875797,50.004272
49.893284,54.171265
49.908966,54.171265
49.927715,52.05066
49.943718,52.05066
49.957855,52.05066
49.977314,56.37329
49.991955,56.37329
50.010006,48.464233
50.02461,48.464233
50.04164,48.464233
50.060318,56.292786
50.0756,56.292786
50.0936,56.08838
50.108994,56.08838
50.127266,58.144104
50.14393,58.144104
50.15899,58.144104
50.177513,58.67102
50.192257,58.67102
50.20977,59.205444
50.225426,59.205444
50.24162,59.205444
50.258392,52.359863
50.274857,52.359863
50.29412,53.122925
50.309067,53.122925
50.326622,57.263184
50.34269,57.263184
50.359184,57.263184
50.378372,54.38916
50.392162,54.38916
50.41056,56.816772
50.424747,56.816772
50.4419,56.816772
50.45985,55.28003
50.47591,55.28003
50.49394,54.45984
50.507732,54.45984
50.525658,57.75482
50.54422,57.75482
50.560696,57.75482
50.576157,52.808105
50.592392,52.808105
50.61125,54.811035
50.625713,54.811035
50.642204,54.811035
50.66045,54.07605
50.675068,54.07605
50.694366,57.742615
50.709427,57.742615
50.726288,54.806763
50.74304,54.806763
50.75959,54.806763
50.778114,54.452515
50.792095,54.452515
50.811436,54.093872
50.825195,54.093872
50.84166,54.093872
50.860054,58.89923
50.8749,58.89923
50.894833,53.753662
50.908916,53.753662
50.9265,55.166016
50.942345,55.166016
50.95906,55.166016
50.978153,54.691406
50.991425,54.691406
51.010647,47.65515
51.02556,47.65515
51.042183,47.65515
51.059814,53.31958
51.075134,53.31958
51.09193,57.494568
51.109314,57.494568
51.124115,57.731323
51.143093,57.731323
51.159203,57.731323
51.17621,59.964905
51.191708,59.964905
51.212467,56.89972
51.224674,56.89972
51.24147,56.89972
51.258785,64.23865
51.27554,64.23865
51.293224,61.272217
51.308075,61.272217
51.32489,63.059326
51.343513,63.059326
51.35881,63.059326
51.37591,58.445312
51.391735,58.445312
51.409782,61.048157
51.4262,61.048157
51.442574,61.048157
51.45988,62.602417
51.47634,62.602417
51.493767,58.42688
51.50846,58.42688
51.52691,55.82007
51.544147,55.82007
51.559994,55.82007
51.57651,58.621826
51.591705,58.621826
51.61034,53.19702
51.625813,53.19702
51.64256,53.19702
51.659546,61.906433
51.6743,61.906433
51.696167,59.564026
51.709324,59.564026
51.726677,64.177734
51.743256,64.177734
51.757862,64.177734
51.778183,62.527893
51.79227,62.527893
51.811188,65.08612
51.82541,65.08612
51.843132,65.08612
51.860332,53.885742
51.87444,53.885742
51.89484,63.483215
51.907684,63.483215
51.926594,59.004333
51.945072,59.004333
51.95947,59.004333
51.97777,56.051147
51.991802,56.051147
52.010124,56.64612
52.02543,56.64612
52.043007,56.64612
52.059475,60.07184
52.076996,60.07184
52.09378,55.229492
52.107742,55.229492
52.14635,58.17218
52.159252,58.17218
52.174244,57.415344
52.189,57.415344
52.20612,60.102722
52.221832,60.102722
52.23792,60.102722
52.255306,54.76355
52.270996,54.76355
52.288067,62.14453
52.304855,62.14453
52.321606,62.14453
52.337975,59.723328
52.354515,59.723328
52.37254,56.934204
52.388554,56.934204
52.405457,62.823425
52.42235,62.823425
52.438015,62.823425
52.459305,53.150146
52.47106,53.150146
52.49241,51.584106
52.50511,51.584106
52.520016,51.584106
52.539352,50.870117
52.55782,50.870117
52.57634,53.614014
52.590584,53.614014
52.605713,54.91931
52.62268,54.91931
52.638546,54.91931
52.657562,52.46045
52.671505,52.46045
52.690186,57.037292
52.703426,57.037292
52.72143,57.037292
52.738087,57.673218
52.75501,57.673218
52.773445,54.734863
52.786854,54.734863
52.804256,58.106262
52.821877,58.106262
52.838215,58.106262
52.85575,56.47174
52.87132,56.47174
52.88921,54.215088
52.904037,54.215088
52.921486,54.215088
52.938065,56.122253
52.95452,56.122253
52.971813,55.939697
52.986614,55.939697
53.0037,56.494507
53.022827,56.494507
53.036552,56.494507
53.055866,57.073364
53.071533,57.073364
53.08864,54.388184
53.105164,54.388184
53.122135,54.388184
53.139507,55.515747
53.15412,55.515747
53.172684,55.256104
53.18793,55.256104
53.20502,55.682373
53.22105,55.682373
53.23879,55.682373
53.255592,58.925415
53.270523,58.925415
53.288574,59.80414
53.30456,59.80414
53.321064,59.80414
53.33917,58.821045
53.353867,58.821045
53.373154,57.51996
53.388344,57.51996
53.40431,53.65393
53.420673,53.65393
53.43884,53.65393
53.455,48.41797
53.471672,48.41797
53.488644,49.45459
53.504356,49.45459
53.520416,49.45459
53.540142,48.88867
53.554302,48.88867
53.57253,51.346558
53.58863,51.346558
53.60557,51.850708
53.62317,51.850708
53.638496,51.850708
53.656292,57.116272
53.67132,57.116272
53.691025,50.744873
53.705658,50.744873
53.72179,50.744873
53.739132,55.98694
53.753815,55.98694
53.774147,53.00525
53.78916,53.00525
53.807133,55.856934
53.825657,55.856934
53.839005,55.856934
53.85596,51.592407
53.871315,51.592407
53.888622,47.21289
53.904346,47.21289
53.922516,47.21289
53.940277,48.220215
53.95538,48.220215
53.972927,50.938843
53.988113,50.938843
54.005154,51.924194
54.021816,51.924194
54.06101,58.055603
54.07754,58.055603
54.09363,50.668823
54.105053,50.668823
54.122257,50.668823
54.139915,60.313965
54.154686,60.313965
54.173176,57.38037
54.187366,57.38037
54.20486,52.50293
54.222153,52.50293
54.23817,52.50293
54.25585,54.068848
54.269905,54.068848
54.288174,53.6521
54.304028,53.6521
54.31994,53.6521
54.34012,53.426514
54.353855,53.426514
54.37162,45.149902
54.397533,45.149902
54.40464,52.943237
54.422466,52.943237
54.43743,52.943237
54.45564,47.46338
54.470455,47.46338
54.488388,46.823364
54.504524,46.823364
54.52077,46.823364
54.538734,51.764526
54.55425,51.764526
54.572624,43.0437
54.58608,43.0437
54.60481,50.614746
54.62537,50.614746
54.6369,50.614746
54.65607,46.37549
54.671024,46.37549
54.691086,53.84607
54.70367,53.84607
54.721718,53.84607
54.739754,48.394775
54.757553,48.394775
54.771713,54.789917
54.78853,54.789917
54.805923,48.526
54.822098,48.526
54.83748,48.526
54.854618,44.82483
54.870144,44.82483
54.89175,47.845337
54.90494,47.845337
54.92037,47.845337
54.938927,46.339355
54.95433,46.339355
54.97395,44.130737
54.98726,44.130737
55.003536,47.216675
55.02163,47.216675
55.03769,47.216675
55.055824,43.16931
55.070545,43.16931
55.08888,46.539917
55.105217,46.539917
55.11967,46.539917
55.13845,47.95288
55.153667,47.95288
55.172745,47.80542
55.187523,47.80542
55.204445,44.2948
55.221703,44.2948
55.237823,44.2948
55.255623,43.641357
55.27054,43.641357
55.293427,39.04187
55.303535,39.04187
55.3212,39.04187
55.33922,42.831177
55.353634,42.831177
55.37345,42.829224
55.387432,42.829224
55.404236,42.631714
55.4218,42.631714
55.438614,42.631714
55.454575,43.309204
55.470318,43.309204
55.48841,40.867065
55.504166,40.867065
55.520054,40.867065
55.540085,37.698975
55.55561,37.698975
55.572514,40.830933
55.587273,40.830933
55.6039,43.286987
55.622562,43.286987
55.636517,43.286987
55.6561,46.38562
55.671455,46.38562
55.692165,43.966064
55.703194,43.966064
55.72131,43.966064
55.73843,45.951294
55.753376,45.951294
55.77546,45.5
55.78646,45.5
55.805374,40.548096
55.82135,40.548096
55.83738,40.548096
55.85878,42.51526
55.870625,42.51526
55.891735,47.617554
55.906925,47.617554
55.924263,47.617554
55.942585,47.78235
55.95671,47.78235
55.976196,44.786377
55.987827,44.786377
56.00437,42.21521
56.022045,42.21521
56.03923,42.21521
56.058575,48.03235
56.07078,48.03235
56.091915,41.58081
56.10461,41.58081
56.121685,41.58081
56.138783,45.471558
56.154686,45.471558
56.17516,41.469727
56.187187,41.469727
56.205746,47.232056
56.222233,47.232056
56.238224,47.232056
56.254917,42.751465
56.270885,42.751465
56.2929,43.44287
56.30463,43.44287
56.3215,43.44287
56.34027,46.285034
56.353725,46.285034
56.371258,37.365112
56.388313,37.365112
56.405865,40.947388
56.422695,40.947388
56.436848,40.947388
56.457016,42.814087
56.471653,42.814087
56.488968,44.6886
56.504128,44.6886
56.521797,44.6886
56.53958,42.25
56.552788,42.25
56.57156,40.29065
56.587055,40.29065
56.604027,38.867798
56.622597,38.867798
56.636856,38.867798
56.65662,37.358276
56.67055,37.358276
56.688637,41.06909
56.70469,41.06909
56.720562,41.06909
56.739315,41.618652
56.754925,41.618652
56.7723,41.480347
56.787457,41.480347
56.804527,40.121094
56.82236,40.121094
56.838173,40.121094
56.85608,44.028442
56.870132,44.028442
56.890484,43.141724
56.90513,43.141724
56.92049,43.141724
56.93712,47.21692
56.9546,47.21692
56.975277,43.643555
56.98874,43.643555
57.006374,44.78003
57.023415,44.78003
57.038357,44.78003
57.055805,42.019653
57.07206,42.019653
57.087772,45.275513
57.103622,45.275513
57.121662,45.275513
57.138145,45.694214
57.154015,45.694214
57.175568,44.98999
57.191235,44.98999
57.20626,46.63855
57.222565,46.63855
57.238285,46.63855
57.255573,45.58606
57.271423,45.58606
57.287395,43.600952
57.303234,43.600952
57.321148,43.600952
57.33889,42.222412
57.35555,42.222412
57.375427,49.36609
57.388424,49.36609
57.404102,43.768555
57.42202,43.768555
57.436985,43.768555
57.458286,43.395508
57.47126,43.395508
57.48857,41.475952
57.50439,41.475952
57.52111,41.475952
57.539978,47.217285
57.555164,47.217285
57.571323,46.402588
57.587727,46.402588
57.604485,42.637207
57.62231,42.637207
57.638622,42.637207
57.65438,46.777588
57.671413,46.777588
57.689144,40.52954
57.703194,40.52954
57.72022,40.52954
57.739254,43.246704
57.75391,43.246704
57.772827,43.294556
57.788723,43.294556
57.804005,39.895996
57.821327,39.895996
57.83741,39.895996
57.855312,36.89563
57.871166,36.89563
57.889385,38.237915
57.904316,38.237915
57.92025,38.237915
57.938065,37.41919
57.95495,37.41919
57.973316,39.454712
57.98752,39.454712
58.004536,39.42456
58.0222,39.42456
58.03719,39.42456
58.055477,39.409058
58.07041,39.409058
58.092102,41.650635
58.104137,41.650635
58.12063,41.650635
58.139515,38.230835
58.154358,38.230835
58.172234,40.8291
58.18715,40.8291
58.205475,32.81836
58.22225,32.81836
58.23736,32.81836
58.255592,36.774414
58.270817,36.774414
58.287613,36.774414
58.30608,31.268555
58.320515,31.268555
58.340164,33.968628
58.354156,33.968628
58.37269,32.35034
58.388607,32.35034
58.40862,36.64978
58.42061,36.64978
58.43715,36.64978
58.456657,38.625977
58.471413,38.625977
58.488556,37.742065
58.504135,37.742065
58.520702,37.742065
58.53952,38.80078
58.553997,38.80078
58.5715,46.638184
58.587658,46.638184
58.605103,41.50525
58.620747,41.50525
58.637287,41.50525
58.65582,35.441162
58.672268,35.441162
58.689713,44.527832
58.70482,44.527832
58.72132,44.527832
58.7374,43.65918
58.75431,43.65918
58.772076,46.423096
58.78764,46.423096
58.804306,46.121704
58.821854,46.121704
58.83814,46.121704
58.85508,44.06909
58.870678,44.06909
58.89802,44.448486
58.90706,44.448486
58.92178,44.448486
58.941326,43.196777
58.955166,43.196777
58.974625,46.29248
58.988464,46.29248
59.005276,41.884644
59.022236,41.884644
59.038773,41.884644
59.058987,41.85376
59.07246,41.85376
59.089813,45.023193
59.104805,45.023193
59.123283,43.42041
59.139656,43.42041
59.154953,43.42041
59.173656,58.71173
59.188915,58.71173
59.206917,44.13501
59.220936,44.13501
59.238247,44.13501
59.25711,45.581543
59.270855,45.581543
59.289944,47.095703
59.30526,47.095703
59.321053,47.095703
59.340923,41.284546
59.3555,41.284546
59.376472,40.046753
59.38995,40.046753
59.406277,43.65857
59.42226,43.65857
59.439957,43.65857
59.45732,38.815796
59.471138,38.815796
59.48928,45.331665
59.505497,45.331665
59.522366,45.331665
59.541206,42.936768
59.556316,42.936768
59.5735,43.21521
59.589245,43.21521
59.60781,47.408813
59.622707,47.408813
59.63826,47.408813
59.658653,46.803223
59.67219,46.803223
59.690968,41.572144
59.705494,41.572144
59.721973,41.572144
59.73966,45.33069
59.754597,45.33069
59.77419,43.0542
59.788895,43.0542
59.806103,41.848877
59.822765,41.848877
59.83895,41.848877
59.856644,41.086548
59.873264,41.086548
59.890694,41.1167
59.907246,41.1167
59.92199,41.1167
59.940857,39.40454
59.956264,39.40454
59.973034,35.961548
59.990177,35.961548
60.0,35.961548
