0.27460694,307.96405
0.28389406,307.96405
0.30122894,311.03296
0.3187772,311.03296
0.3350221,309.98798
0.35075074,309.98798
0.37273404,313.0522
0.38689652,313.0522
0.40041757,313.0522
0.42724183,312.20996
0.43651044,312.20996
0.45447227,314.4776
0.47036985,314.4776
0.48826253,315.5782
0.5042267,315.5782
0.5199644,315.5782
0.5387392,316.08002
0.55311084,316.08002
0.57374233,315.87506
0.5862582,315.87506
0.6023376,315.87506
0.62043273,318.86804
0.63620013,318.86804
0.65651053,321.36774
0.6705138,321.36774
0.6891986,321.86786
0.7038072,321.86786
0.7195949,321.86786
0.7385079,321.57196
0.75351036,321.57196
0.7717274,322.60553
0.78804684,322.60553
0.803677,325.20074
0.8221989,323.50085
0.83684117,323.50085
0.8545607,327.55347
0.87772644,327.55347
0.88835007,326.05798
0.9025892,326.05798
0.9196626,326.05798
0.93702376,329.16956
0.9611552,329.16956
0.9818741,330.27002
0.99275607,330.27002
1.008725,330.7763
1.0250186,330.7763
1.0437638,334.95178
1.0594586,334.95178
1.0756506,334.95178
1.094433,335.09235
1.1087147,335.09235
1.126299,332.85468
1.1429316,332.85468
1.1598614,332.85468
1.1779772,338.73694
1.1934768,338.73694
1.2116997,338.96686
1.2266843,338.96686
1.2421985,338.96686
1.2599043,341.2257
1.2748889,341.2257
1.2930248,340.38995
1.3091925,340.38995
1.3287379,341.48145
1.3428185,341.48145
1.3596265,341.48145
1.3786368,341.82257
1.392438,341.82257
1.4097004,343.94012
1.42566,343.94012
1.4440894,346.55487
1.4609294,346.55487
1.4750324,346.55487
1.4953578,347.21027
1.5095097,347.21027
1.5284753,349.01794
1.5424896,349.01794
1.5596464,349.01794
1.5772191,351.27905
1.5916142,351.27905
1.6108197,354.40826
1.6261151,354.40826
1.6420921,354.40826
1.6600537,353.6806
1.6760391,353.6806
1.6936948,356.6958
1.7087497,356.6958
1.7320502,358.7953
1.7428739,358.7953
1.7588116,358.7953
1.7786579,355.9051
1.7941587,355.9051
1.8102355,361.55054
1.8258498,361.55054
1.8420217,361.55054
1.8606789,362.7754
1.8760507,362.7754
1.8931444,362.3706
1.9090438,362.3706
1.9275649,364.0841
1.9418726,364.0841
1.9579045,364.0841
1.9771717,365.42065
1.9924036,365.42065
2.009439,365.42065
2.0265174,366.92908
2.0419488,366.92908
2.059672,368.03992
2.0749989,368.03992
2.094075,371.3412
2.1094878,371.3412
2.1261816,373.4084
2.143991,373.4084
2.1583846,373.4084
2.1774774,373.22388
2.1935012,373.22388
2.2099693,376.05322
2.226202,376.05322
2.241599,376.05322
2.260661,378.0041
2.2762952,378.0041
2.2925792,379.2146
2.3093064,379.2146
2.326779,378.20288
2.343332,378.20288
2.3585248,378.20288
2.3785417,381.48022
2.3933253,381.48022
2.410917,382.64465
2.4267752,382.64465
2.443164,382.64465
2.4610136,384.07648
2.4757242,384.07648
2.4943886,386.9926
2.5110087,386.9926
2.5266366,387.26392
2.544371,387.26392
2.5591884,387.26392
2.577571,388.15613
2.5933976,388.15613
2.6099393,390.9937
2.6266694,390.9937
2.6447136,393.27222
2.659774,393.27222
2.6763253,393.27222
2.6932108,396.05505
2.7084913,396.05505
2.7248375,395.64325
2.7435827,395.64325
2.7587683,395.64325
2.7761607,399.93976
2.7931938,399.93976
2.809705,400.33063
2.8252358,400.33063
2.8422835,400.33063
2.8588395,404.12347
2.8757644,404.12347
2.8975968,404.08337
2.9092808,404.08337
2.926015,406.11078
2.9425364,406.11078
2.959448,406.11078
2.9780836,406.59668
2.9932141,406.59668
3.0117345,406.97168
3.0253236,406.97168
3.0425642,406.97168
3.0589237,407.29022
3.0759213,407.29022
3.093987,404.84924
3.1097543,404.84924
3.125569,404.35315
3.1446028,404.35315
3.1589158,404.35315
3.1780477,405.78387
3.1936712,405.78387
3.2105591,405.63458
3.2255995,405.63458
3.2418203,405.63458
3.2594182,405.7342
3.2761436,405.7342
3.2939956,405.224
3.3085904,405.224
3.3247933,404.2921
3.3432717,404.2921
3.3591528,404.2921
3.3766356,405.74255
3.3924286,405.74255
3.4113774,405.95654
3.4265103,405.95654
3.443697,405.85114
3.4594588,405.85114
3.475599,405.85114
3.494884,405.29913
3.5085812,405.29913
3.525949,405.38763
3.5429773,405.38763
3.5593512,405.38763
3.5776193,405.41016
3.5934343,405.41016
3.6100774,403.85876
3.6261337,403.85876
3.6423872,403.85876
3.6610565,405.9948
3.6763573,405.9948
3.6934974,401.45685
3.709559,401.45685
3.7276692,406.5113
3.741599,406.5113
3.758531,406.5113
3.7775831,404.8922
3.792254,404.8922
3.8104053,406.42242
3.827909,406.42242
3.8426561,406.42242
3.859117,404.27185
3.8761296,404.27185
3.8936896,403.9878
3.9092126,403.9878
3.9261084,403.17468
3.9434175,403.17468
3.9589567,403.17468
3.977135,401.65802
3.992316,401.65802
4.0103,400.78247
4.025485,400.78247
4.0425763,400.78247
4.0600276,400.794
4.0753717,400.794
4.0925584,399.87067
4.108864,399.87067
4.12548,399.38763
4.1439533,399.38763
4.1590924,399.38763
4.176586,399.12305
4.191917,399.12305
4.210484,399.71942
4.227161,399.71942
4.2428284,399.71942
4.260594,395.72693
4.275187,395.72693
4.294857,396.42615
4.3092885,396.42615
4.3275657,396.59406
4.3428316,396.59406
4.3589945,396.59406
4.3776054,398.05023
4.3940206,398.05023
4.410522,395.9159
4.4261374,395.9159
4.4426723,395.9159
4.460877,400.13287
4.477712,400.13287
4.4968243,394.82336
4.509307,394.82336
4.526558,399.9934
4.5435524,399.9934
4.559654,399.9934
4.5776486,396.51385
4.5939493,396.51385
4.6114473,398.6433
4.6300836,398.6433
4.645545,398.6433
4.6603074,396.1057
4.6763515,396.1057
4.6934624,398.34607
4.7084274,398.34607
4.7504,396.5525
4.76,396.5525
4.784439,395.02155
4.8041005,396.82526
4.814722,396.82526
4.831962,396.82526
4.8526273,394.5039
4.8648643,394.5039
4.8797846,394.5039
4.897487,393.9201
4.9139137,393.9201
4.932685,395.83734
4.946662,395.83734
4.967144,393.2859
4.982244,393.2859
4.9976254,393.2859
5.016046,396.32892
5.0293274,396.32892
5.0496264,390.8219
5.064419,390.8219
5.0814614,390.8219
5.1003103,396.52576
5.113347,396.52576
5.132939,393.31238
5.1487284,393.31238
5.164299,394.17224
5.182586,394.17224
5.1975803,394.17224
5.214965,390.7038
5.2306,390.7038
5.24833,390.2151
5.2656097,390.2151
5.2813625,390.2151
5.3003573,390.78247
5.314638,390.78247
5.3329015,392.8557
5.3486395,392.8557
5.3651733,390.5451
5.38383,390.5451
5.3989472,390.5451
5.4161963,390.63324
5.4325337,390.63324
5.4490657,391.3249
5.4633512,391.3249
5.481529,391.3249
5.500063,388.3252
5.5141115,388.3252
5.5322766,389.8423
5.5471992,389.8423
5.563579,387.0714
5.581008,387.0714
5.5974274,387.0714
5.6154084,387.797
5.635728,387.797
5.6506767,385.3089
5.666656,385.3089
5.681644,385.3089
5.6991982,382.76276
5.71517,382.76276
5.731679,385.18378
5.7470646,385.18378
5.76418,384.5166
5.7819767,384.5166
5.7985153,384.5166
5.816079,383.0822
5.831811,383.0822
5.850818,380.84015
5.864269,380.84015
5.882765,380.84015
5.897913,382.5454
5.9146466,382.5454
5.9340296,381.79126
5.9472017,381.79126
5.964592,379.5777
5.9813004,379.5777
5.997888,379.5777
6.0166698,376.6255
6.031969,376.6255
6.0509977,378.11322
6.0643435,378.11322
6.080584,378.11322
6.0998406,375.9475
6.115547,375.9475
6.132178,375.38898
6.1471453,375.38898
6.168346,373.01672
6.1838975,373.01672
6.1982546,373.01672
6.21693,372.18268
6.231211,372.18268
6.249111,370.4583
6.263827,370.4583
6.279686,370.4583
6.299478,371.77222
6.31361,371.77222
6.3334856,367.768
6.3469615,367.768
6.365523,366.3042
6.382544,366.3042
6.3966813,366.3042
6.416098,365.55377
6.4320874,365.55377
6.4485517,363.169
6.464848,363.169
6.481466,363.169
6.499614,361.93097
6.513444,361.93097
6.531171,361.43933
6.5468526,361.43933
6.5672174,357.20538
6.5828266,357.20538
6.5978003,357.20538
6.614379,359.23865
6.630853,359.23865
6.6494384,358.7505
6.6637526,358.7505
6.6805687,358.7505
6.697294,355.75946
6.7145634,355.75946
6.735319,353.2412
6.747659,353.2412
6.7650027,354.27155
6.7803097,354.27155
6.7975497,354.27155
6.8156,351.6975
6.8308783,351.6975
6.8483005,352.36676
6.8657784,352.36676
6.8798842,352.36676
6.900028,348.65942
6.913634,348.65942
6.9323096,347.75354
6.946349,347.75354
6.9651184,346.4981
6.981973,346.4981
6.998546,346.4981
7.0167375,347.67157
7.0307612,347.67157
7.0491314,343.49292
7.064703,343.49292
7.0807323,343.49292
7.0989594,343.49292
7.1148067,345.99524
7.1326222,340.0124
7.14833,340.0124
7.164212,339.66632
7.1826825,339.66632
7.1972084,339.66632
7.2155914,337.786
7.2313533,337.786
7.250856,337.5995
7.2642407,337.5995
7.2802377,337.5995
7.2988653,339.01257
7.3133707,339.01257
7.3325095,336.45758
7.347551,336.45758
7.366596,333.52075
7.3836794,333.52075
7.3983,333.52075
7.41608,333.70795
7.4315577,333.70795
7.451299,332.6632
7.464717,332.6632
7.4815516,332.6632
7.499731,333.3499
7.5141234,333.3499
7.532241,330.41547
7.547698,330.41547
7.563597,333.41125
7.581824,333.41125
7.597712,333.41125
7.6158752,329.24768
7.631345,329.24768
7.648299,329.14606
7.6650553,329.14606
7.6801734,329.14606
7.699049,328.31537
7.7143354,328.31537
7.733301,327.53992
7.747094,327.53992
7.7645903,327.72327
7.781881,327.72327
7.798646,327.72327
7.8147345,325.4248
7.8316693,325.4248
7.847933,325.0641
7.864755,325.0641
7.880218,325.0641
7.8977227,323.87585
7.914616,323.87585
7.933481,322.20325
7.947201,322.20325
7.965018,323.96368
7.982482,323.96368
7.997633,323.96368
8.017582,321.94037
8.031189,321.94037
8.049298,321.10217
8.064787,321.10217
8.08001,321.10217
8.099464,319.65704
8.113349,319.65704
8.131953,322.37885
8.14708,322.37885
8.164111,319.96674
8.18286,319.96674
8.1974745,319.96674
8.217148,316.57483
8.230331,316.57483
8.250764,316.1289
8.264807,316.1289
8.280219,316.1289
8.299442,316.80652
8.315213,316.80652
8.334209,315.9048
8.347451,315.9048
8.364387,314.6187
8.382782,314.6187
8.398402,314.6187
8.4151,312.82654
8.430977,312.82654
8.449159,316.42468
8.465457,316.42468
8.481204,316.42468
8.498657,312.838
8.515062,312.838
8.531826,314.05298
8.546796,314.05298
8.563844,312.3368
8.581619,312.3368
8.597946,312.3368
8.619603,311.27545
8.632152,311.27545
8.650368,311.27478
8.665241,311.27478
8.6812725,311.27478
8.699123,311.03168
8.714305,311.03168
8.731704,309.1449
8.748453,309.1449
8.764941,310.49536
8.783617,310.49536
8.798715,310.49536
8.815518,309.52094
8.8307905,309.52094
8.849335,309.2116
8.864433,309.2116
8.880342,309.2116
8.902662,305.0514
8.91428,305.0514
8.933277,308.29852
8.947971,308.29852
8.965377,308.417
8.981696,308.417
8.996722,308.417
9.01715,310.09778
9.030825,310.09778
9.047364,307.8366
9.066711,307.8366
9.081896,307.8366
9.099181,309.34143
9.114466,309.34143
9.13338,309.33893
9.147627,309.33893
9.16396,309.56787
9.181489,309.56787
9.19825,309.56787
9.21563,305.87537
9.230334,305.87537
9.250288,303.76862
9.263836,303.76862
9.281004,303.76862
9.298666,304.0351
9.313657,304.0351
9.333294,306.26874
9.348671,306.26874
9.365287,304.58746
9.385109,304.58746
9.40118,304.58746
9.417988,305.3531
9.432139,305.3531
9.449478,303.63208
9.464357,303.63208
9.480166,303.63208
9.499202,306.62262
9.51569,306.62262
9.532523,302.28247
9.549024,302.28247
9.566414,302.78833
9.5822115,302.78833
9.598911,302.78833
9.616449,303.65686
9.633815,303.65686
9.649307,302.6239
9.664728,302.6239
9.681452,302.6239
9.699162,300.3877
9.7141075,300.3877
9.732012,299.02643
9.748398,299.02643
9.765094,300.22937
9.780803,300.22937
9.798346,300.22937
9.814419,301.40424
9.830254,301.40424
9.852177,301.43616
9.864573,301.43616
9.881588,301.43616
9.898706,300.3642
9.930535,300.58368
9.942245,300.58368
9.955957,300.58368
9.97308,301.6787
9.988586,301.6787
10.008803,300.34662
10.022384,300.34662
10.037789,300.34662
10.059351,301.9301
10.072655,301.9301
10.089264,301.99854
10.10405,301.99854
10.121468,301.99854
10.138998,303.3307
10.1545725,303.3307
10.173187,301.29633
10.188448,301.29633
10.20561,300.89032
10.222905,300.89032
10.238376,300.89032
10.256551,301.55316
10.271922,301.55316
10.288745,302.8371
10.306736,302.8371
10.321842,302.8371
10.340887,300.38654
10.358136,300.38654
10.37496,302.8841
10.391007,302.8841
10.405731,301.49286
10.422789,301.49286
10.438805,301.49286
10.45596,302.2992
10.471718,302.2992
10.492519,301.8031
10.505653,301.8031
10.521444,301.8031
10.539392,298.80963
10.554706,298.80963
10.573223,299.6405
10.588146,299.6405
10.604723,299.39612
10.622299,299.39612
10.638419,299.39612
10.65687,298.5504
10.671441,298.5504
10.689193,299.45172
10.705568,299.45172
10.7239275,301.3907
10.740532,301.3907
10.755469,301.3907
10.77273,300.8886
10.789192,300.8886
10.807204,301.27863
10.821299,301.27863
10.839081,301.27863
10.856972,302.96124
10.874996,302.96124
10.891976,303.72717
10.907152,303.72717
10.922498,303.72717
10.939571,300.96863
10.957458,300.96863
10.977703,301.62012
10.988989,301.62012
11.006332,301.51166
11.024092,301.51166
11.039207,301.51166
11.056767,300.69562
11.072096,300.69562
11.08964,300.95502
11.105846,300.95502
11.121695,300.95502
11.140257,300.7116
11.155826,300.7116
11.17353,301.38733
11.188754,301.38733
11.20916,299.69318
11.221615,299.69318
11.238159,299.69318
11.256559,299.601
11.271779,299.601
11.292246,300.10724
11.30553,300.10724
11.3225355,300.10724
11.3395195,301.8617
11.356108,301.8617
11.373369,300.15826
11.391973,300.15826
11.404742,300.57062
11.4237385,300.57062
11.437714,300.57062
11.460231,302.30634
11.472311,302.30634
11.489869,300.7345
11.504668,300.7345
11.522582,300.7345
11.538607,300.87762
11.554907,300.87762
11.572967,300.2962
11.587866,300.2962
11.606561,299.89136
11.622719,299.89136
11.637837,299.89136
11.656973,303.0755
11.671103,303.0755
11.689691,302.60455
11.705841,302.60455
11.7211,302.60455
11.739682,304.53625
11.755117,304.53625
11.776856,302.89136
11.789677,302.89136
11.806272,308.14368
11.824137,308.14368
11.838777,308.14368
11.855886,307.39233
11.871769,307.39233
11.8897295,309.77643
11.906925,309.77643
11.920707,309.77643
11.939217,305.57312
11.956055,305.57312
11.97357,305.07526
11.987883,305.07526
12.00455,306.83398
12.023397,306.83398
12.039326,306.83398
12.056798,307.58612
12.070512,307.58612
12.0886135,311.26593
12.1047535,311.26593
12.120895,311.26593
12.139751,315.49738
12.158064,315.49738
12.173948,315.38007
12.1878195,315.38007
12.204738,316.73242
12.222446,316.73242
12.237834,316.73242
12.256579,315.10016
12.271784,315.10016
12.288599,319.8169
12.305458,319.8169
12.32193,319.8169
12.338556,316.636
12.35439,316.636
12.375076,320.1161
12.388557,320.1161
12.405647,317.56616
12.422811,317.56616
12.437717,317.56616
12.4567795,321.91632
12.471923,321.91632
12.490408,322.70087
12.505145,322.70087
12.521914,322.70087
12.539638,327.7506
12.55498,327.7506
12.5728,327.95117
12.58914,327.95117
12.605002,331.18225
12.622247,331.18225
12.637669,331.18225
12.659385,331.50732
12.672683,331.50732
12.690554,330.11578
12.705653,330.11578
12.721788,330.11578
12.740531,331.7594
12.754713,331.7594
12.773325,336.1554
12.789592,336.1554
12.805248,336.88458
12.823253,336.88458
12.839195,336.88458
12.856667,339.23218
12.87229,339.23218
12.890269,337.36255
12.904981,337.36255
12.921081,337.36255
12.938857,340.48853
12.956462,340.48853
12.972628,342.13446
12.988815,342.13446
13.004684,345.50684
13.021698,345.50684
13.039328,345.50684
13.056683,347.20612
13.072484,347.20612
13.08961,350.88934
13.105078,350.88934
13.121994,350.88934
13.139992,349.69586
13.156353,349.69586
13.1731615,352.49762
13.189238,352.49762
13.209408,349.06494
13.222514,349.06494
13.237837,349.06494
13.256308,352.5736
13.271527,352.5736
13.289693,349.89398
13.305718,349.89398
13.320656,349.89398
13.338615,354.22632
13.354725,354.22632
13.375445,354.49274
13.389184,354.49274
13.405911,353.26642
13.422767,353.26642
13.437983,353.26642
13.456686,355.8803
13.472855,355.8803
13.494554,358.75165
13.505837,358.75165
13.521197,358.75165
13.539464,358.68878
13.555658,358.68878
13.574359,360.8205
13.587897,360.8205
13.605094,361.8335
13.621893,361.8335
13.638161,361.8335
13.655699,365.1328
13.67081,365.1328
13.688739,365.9209
13.704984,365.9209
13.722073,365.9209
13.739539,367.93103
13.755492,367.93103
13.773562,368.2641
13.789007,368.2641
13.807869,370.93262
13.822464,370.93262
13.839033,370.93262
13.856382,371.88678
13.871479,371.88678
13.890039,371.90326
13.905796,371.90326
13.921139,371.90326
13.939446,372.40082
13.955392,372.40082
13.973759,373.70508
13.98855,373.70508
14.00538,376.9853
14.021967,376.9853
14.039296,376.9853
14.055968,377.12866
14.072486,377.12866
14.089688,376.48352
14.105275,376.48352
14.12204,376.48352
14.139312,380.82617
14.168508,381.27637
14.183038,381.27637
14.192807,381.27637
14.211697,383.5265
14.22556,383.5265
14.24122,383.5265
14.259981,381.0072
14.294466,384.39905
14.308564,384.39905
14.322407,384.39905
14.338411,384.07196
14.354246,384.07196
14.372546,383.48486
14.38724,383.48486
14.4044,383.65503
14.420718,383.65503
14.436174,383.65503
14.4555855,383.766
14.469953,383.766
14.48674,382.03967
14.504849,382.03967
14.521323,382.03967
14.537961,381.98596
14.554259,381.98596
14.574534,378.93732
14.5881405,378.93732
14.605587,381.10004
14.622724,381.10004
14.637634,381.10004
14.653584,381.2229
14.670443,381.2229
14.687835,381.2398
14.7032175,381.2398
14.719864,381.2398
14.737931,380.74103
14.753677,380.74103
14.770615,381.49152
14.791919,381.49152
14.803865,379.15558
14.821869,379.15558
14.83713,379.15558
14.854809,380.32648
14.870245,380.32648
14.891613,379.714
14.903071,379.714
14.919943,379.714
14.938054,380.86694
14.953802,380.86694
14.975545,379.7077
14.98624,379.7077
15.00396,378.2223
15.020959,378.2223
15.03652,378.2223
15.053968,380.19434
15.070377,380.19434
15.086825,379.06458
15.105065,379.06458
15.119733,379.06458
15.138376,379.24945
15.153826,379.24945
15.172463,379.43066
15.185602,379.43066
15.203709,379.2621
15.221396,379.2621
15.237204,379.2621
15.255726,379.13934
15.269707,379.13934
15.288128,377.07733
15.305325,377.07733
15.321308,377.07733
15.338411,380.24042
15.35431,380.24042
15.375477,375.77026
15.3897915,375.77026
15.405688,378.2885
15.422005,378.2885
15.436897,378.2885
15.45534,378.01703
15.470502,378.01703
15.488048,376.58728
15.504436,376.58728
15.520289,376.58728
15.5390215,375.5741
15.552575,375.5741
15.5716915,374.92682
15.586475,374.92682
15.60273,374.92682
15.622383,376.14612
15.636617,376.14612
15.655273,375.2032
15.669627,375.2032
15.688899,377.32062
15.704595,377.32062
15.719909,377.32062
15.738908,376.91034
15.753488,376.91034
15.7713,377.13385
15.788051,377.13385
15.805204,375.92218
15.820213,375.92218
15.837347,375.92218
15.855466,374.73236
15.870531,374.73236
15.886576,375.50232
15.904259,375.50232
15.920151,375.50232
15.938328,374.77777
15.953648,374.77777
15.972113,374.70795
15.988042,374.70795
16.005047,376.63318
16.02161,376.63318
16.036198,376.63318
16.055714,376.65485
16.070328,376.65485
16.086782,373.74927
16.104832,373.74927
16.119942,373.74927
16.138302,374.2387
16.153696,374.2387
16.172777,371.7046
16.187387,371.7046
16.204504,372.9613
16.221615,372.9613
16.237534,372.9613
16.255032,371.4309
16.270227,371.4309
16.291542,371.48138
16.30327,371.48138
16.319956,371.48138
16.339493,368.2212
16.353533,368.2212
16.373281,371.78394
16.38744,371.78394
16.40538,370.98865
16.421873,370.98865
16.438244,370.98865
16.456072,370.72803
16.471064,370.72803
16.488892,370.2602
16.504744,370.2602
16.519468,370.2602
16.53845,368.2447
16.553864,368.2447
16.571623,364.9555
16.586657,364.9555
16.602442,364.9555
16.621597,366.38403
16.63669,366.38403
16.654814,360.7663
16.669594,360.7663
16.68839,364.609
16.704458,364.609
16.720402,364.609
16.739069,361.15497
16.754164,361.15497
16.770727,361.75787
16.78802,361.75787
16.80355,360.85974
16.820972,360.85974
16.836721,360.85974
16.853937,361.54523
16.870731,361.54523
16.890903,357.99817
16.90385,357.99817
16.921072,357.99817
16.93814,359.54993
16.954308,359.54993
16.97284,359.68506
16.986475,359.68506
17.005836,356.35712
17.021353,356.35712
17.037222,356.35712
17.055212,357.99847
17.070353,357.99847
17.088507,358.4867
17.103067,358.4867
17.12106,358.4867
17.13812,354.54852
17.153988,354.54852
17.174412,356.739
17.18735,356.739
17.207348,353.93402
17.221725,353.93402
17.237408,353.93402
17.257715,351.0327
17.270685,351.0327
17.28789,351.19513
17.304056,351.19513
17.320717,351.19513
17.337961,353.466
17.353012,353.466
17.37239,352.5912
17.387707,352.5912
17.410915,351.8435
17.422268,351.8435
17.437834,351.8435
17.455032,349.5705
17.470703,349.5705
17.492367,350.77966
17.504526,350.77966
17.519768,350.77966
17.538956,350.81653
17.553513,350.81653
17.570482,347.8977
17.586088,347.8977
17.604053,347.4024
17.622162,347.4024
17.637323,347.4024
17.65621,346.83545
17.671177,346.83545
17.68746,343.67432
17.702751,343.67432
17.721823,343.67432
17.73992,347.68982
17.754698,347.68982
17.771074,344.28815
17.786892,344.28815
17.804295,344.96716
17.820942,344.96716
17.837393,344.96716
17.854877,344.26245
17.869423,344.26245
17.887037,346.18274
17.90928,346.18274
17.92043,346.18274
17.940144,342.67865
17.954596,342.67865
17.973797,345.36285
17.988508,345.36285
18.004932,344.18634
18.02167,344.18634
18.037827,344.18634
18.054644,341.1399
18.070854,341.1399
18.087927,340.91364
18.104502,340.91364
18.120953,340.91364
18.137817,340.28918
18.153093,340.28918
18.172098,339.44177
18.187227,339.44177
18.20383,340.5313
18.220642,340.5313
18.238003,340.5313
18.254944,343.29968
18.269999,343.29968
18.288324,340.53583
18.304241,340.53583
18.321623,340.53583
18.339067,338.3731
18.353632,338.3731
18.372885,338.9441
18.386816,338.9441
18.404844,338.94586
18.421476,338.94586
18.438362,338.94586
18.454527,339.4651
18.469927,339.4651
18.488155,338.47394
18.504105,338.47394
18.520279,338.47394
18.539574,337.67096
18.553043,337.67096
18.57233,336.49017
18.58673,336.49017
18.602835,336.49017
18.62202,337.67615
18.637497,337.67615
18.655167,335.40314
18.669754,335.40314
18.687431,338.63342
18.70446,338.63342
18.721003,338.63342
18.73853,335.92206
18.75448,335.92206
18.770998,334.26196
18.787592,334.26196
18.804384,334.3947
18.8214,334.3947
18.836351,334.3947
18.854298,333.38495
18.870733,333.38495
18.887997,330.71594
18.904675,330.71594
18.919603,330.71594
18.937628,331.84094
18.953066,331.84094
18.972357,328.42688
18.987282,328.42688
19.004736,329.99207
19.02113,329.99207
19.037067,329.99207
19.055353,327.6333
19.070124,327.6333
19.088749,328.54205
19.102552,328.54205
19.119522,328.54205
19.138187,326.71454
19.15388,326.71454
19.172344,326.8678
19.187603,326.8678
19.204731,325.614
19.220306,325.614
19.237484,325.614
19.255182,326.84918
19.27114,326.84918
19.292557,327.61658
19.304203,327.61658
19.319555,327.61658
19.33945,327.12396
19.353577,327.12396
19.37183,324.04004
19.387959,324.04004
19.404818,324.2351
19.42168,324.2351
19.437798,324.2351
19.455334,323.33997
19.470245,323.33997
19.48951,323.10455
19.504507,323.10455
19.520344,323.10455
19.538475,322.27692
19.55544,322.27692
19.572695,323.79828
19.58787,323.79828
19.604303,319.4928
19.622147,319.4928
19.637064,319.4928
19.654387,321.6162
19.670366,321.6162
19.688314,320.26843
19.704199,320.26843
19.719992,320.26843
19.73888,320.86218
19.753521,320.86218
19.771322,317.78375
19.788641,317.78375
19.804226,318.841
19.822441,318.841
19.83734,318.841
19.855448,314.78998
19.869406,314.78998
19.886408,313.66583
19.905752,313.66583
19.921291,313.66583
19.938112,314.3598
19.953966,314.3598
19.972393,313.88086
19.987951,313.88086
20.00504,312.73962
20.022242,312.73962
20.036543,312.73962
20.059332,312.028
20.072067,312.028
20.089113,310.68073
20.103018,310.68073
20.120502,310.68073
20.139025,309.8604
20.153677,309.8604
20.172318,308.57404
20.1875,308.57404
20.203651,306.97797
20.221079,306.97797
20.236633,306.97797
20.255499,301.8734
20.27065,301.8734
20.288912,305.99603
20.304733,305.99603
20.320225,305.99603
20.338242,301.50647
20.353857,301.50647
20.375788,304.76935
20.386133,304.76935
20.404835,301.22034
20.421513,301.22034
20.436909,301.22034
20.45655,302.42078
20.470646,302.42078
20.487154,302.873
20.505285,302.873
20.520731,302.873
20.538486,302.30322
20.55363,302.30322
20.572348,298.1974
20.58845,298.1974
20.60443,297.77264
20.621826,297.77264
20.637278,297.77264
20.655706,300.088
20.670094,300.088
20.68821,298.98645
20.703861,298.98645
20.720943,298.98645
20.739546,295.91077
20.75373,295.91077
20.770891,299.55634
20.7878,299.55634
20.804388,296.565
20.822407,296.565
20.837164,296.565
20.855507,297.03168
20.870646,297.03168
20.887957,293.75464
20.90375,293.75464
20.919613,293.75464
20.93868,298.58813
20.95444,298.58813
20.971617,295.06
20.988005,295.06
21.003609,294.6197
21.021072,294.6197
21.037674,294.6197
21.055687,294.82867
21.07027,294.82867
21.09229,291.01654
21.10378,291.01654
21.121181,291.01654
21.138155,291.7469
21.153675,291.7469
21.171267,288.33386
21.187273,288.33386
21.203897,288.65796
21.222328,288.65796
21.236988,288.65796
21.255028,288.70453
21.270306,288.70453
21.287462,287.09106
21.305721,287.09106
21.320787,287.09106
21.338934,288.1822
21.354092,288.1822
21.372892,287.7787
21.38797,287.7787
21.404404,288.18884
21.423058,288.18884
21.436554,288.18884
21.46002,287.28534
21.471127,287.28534
21.490694,289.49854
21.504229,289.49854
21.520536,289.49854
21.538507,288.73773
21.55526,288.73773
21.572607,288.37598
21.58749,288.37598
21.605618,288.73132
21.621336,288.73132
21.63691,288.73132
21.655792,290.64124
21.671106,290.64124
21.68751,289.2345
21.705275,289.2345
21.72035,289.2345
21.74228,289.805
21.754873,289.805
21.77238,288.1878
21.79144,288.1878
21.804756,288.88373
21.821007,288.88373
21.836798,288.88373
21.855692,289.91486
21.870365,289.91486
21.887959,288.69714
21.903252,288.69714
21.921082,288.69714
21.93761,288.8413
21.954103,288.8413
21.972326,290.2932
21.987614,290.2932
22.005064,288.29004
22.022774,288.29004
22.037506,288.29004
22.055077,288.93085
22.070446,288.93085
22.086508,290.2343
22.104046,290.2343
22.120829,290.2343
22.138876,288.96344
22.153435,288.96344
22.17178,286.95038
22.187502,286.95038
22.205076,289.26093
22.221277,289.26093
22.236809,289.26093
22.255867,289.65668
22.270643,289.65668
22.287657,289.5282
22.305868,289.5282
22.320038,289.5282
22.338644,289.2682
22.354227,289.2682
22.372885,287.46014
22.387615,287.46014
22.405025,289.28857
22.421915,289.28857
22.437027,289.28857
22.455437,288.5813
22.470282,288.5813
22.488758,287.31775
22.50424,287.31775
22.520498,287.31775
22.539156,286.84302
22.554522,286.84302
22.573074,287.30804
22.586893,287.30804
22.60411,285.838
22.62141,285.838
22.636162,285.838
22.657879,285.3282
22.671629,285.3282
22.689243,284.67188
22.704819,284.67188
22.720888,284.67188
22.73963,282.34235
22.754433,282.34235
22.771816,285.12128
22.788448,285.12128
22.80368,283.78772
22.82175,283.78772
22.837326,283.78772
22.856646,285.47064
22.869614,285.47064
22.891062,286.7495
22.906254,286.7495
22.920816,286.7495
22.937584,286.20923
22.954906,286.20923
22.97229,286.36224
22.98727,286.36224
23.00455,285.3382
23.021152,285.3382
23.037788,285.3382
23.054705,286.09863
23.071152,286.09863
23.088255,285.50372
23.103817,285.50372
23.120253,285.50372
23.138298,285.8946
23.153986,285.8946
23.17531,285.00958
23.187986,285.00958
23.204502,287.3181
23.222788,287.3181
23.237865,287.3181
23.254473,288.77173
23.270819,288.77173
23.288107,289.33765
23.30398,289.33765
23.32059,289.33765
23.338697,291.1725
23.353434,291.1725
23.374722,286.58527
23.388428,286.58527
23.404812,287.8059
23.421658,287.8059
23.43794,287.8059
23.456871,286.37115
23.471567,286.37115
23.48934,288.06854
23.503849,288.06854
23.520054,288.06854
23.53902,285.88086
23.553682,285.88086
23.573597,287.47913
23.587223,287.47913
23.604164,290.15472
23.621778,290.15472
23.636683,290.15472
23.654665,287.0614
23.669975,287.0614
23.688229,287.8098
23.704002,287.8098
23.720665,287.8098
23.739254,289.21692
23.753815,289.21692
23.772457,286.51794
23.787848,286.51794
23.804707,288.95776
23.821505,288.95776
23.837065,288.95776
23.855604,288.9182
23.87054,288.9182
23.887638,288.0595
23.904531,288.0595
23.921127,288.0595
23.93819,287.5396
23.953386,287.5396
23.971045,286.502
23.986546,286.502
24.004711,288.43048
24.021566,288.43048
24.03823,288.43048
24.055815,288.96588
24.07121,288.96588
24.090336,288.44763
24.104042,288.44763
24.120771,288.44763
24.138058,289.8022
24.153631,289.8022
24.174126,288.87555
24.187483,288.87555
24.2045,292.40662
24.222525,292.40662
24.236828,292.40662
24.256056,290.812
24.270794,290.812
24.287294,295.9926
24.305798,295.9926
24.319845,295.9926
24.338558,293.90802
24.353931,293.90802
24.372028,294.74988
24.387697,294.74988
24.404722,296.1206
24.42048,296.1206
24.437878,296.1206
24.455885,295.6916
24.470688,295.6916
24.489832,297.88147
24.503603,297.88147
24.520401,297.88147
24.539543,303.06555
24.554558,303.06555
24.573513,301.49304
24.587269,301.49304
24.605017,301.56592
24.623411,301.56592
24.637152,301.56592
24.65515,303.91675
24.670555,303.91675
24.704063,307.771
24.715187,307.771
24.729187,307.40192
24.74523,307.40192
24.76236,307.40192
24.77878,308.47614
24.79662,308.47614
24.813261,307.57172
24.830956,307.57172
24.849329,313.58496
24.862745,313.58496
24.88004,313.58496
24.89727,310.6117
24.913057,310.6117
24.931116,313.39905
24.948431,313.39905
24.961475,313.39905
24.979517,313.38843
24.99532,313.38843
25.01323,317.3935
25.02877,317.3935
25.04622,318.964
25.06295,318.964
25.079119,318.964
25.097935,320.87195
25.110836,320.87195
25.12975,321.51025
25.144827,321.51025
25.161201,321.51025
25.17935,322.8496
25.195068,322.8496
25.213505,323.17035
25.24771,323.17035
25.268356,324.7201
25.27961,324.7201
25.294395,323.01447
25.310724,323.01447
25.332367,324.6573
25.343878,324.6573
25.361122,324.6573
25.378717,322.5252
25.395597,322.5252
25.411661,324.95233
25.425598,324.95233
25.443817,323.8896
25.460867,323.8896
25.477026,323.8896
25.494642,328.58533
25.509981,328.58533
25.526377,325.92212
25.54292,325.92212
25.559351,325.92212
25.578108,331.96332
25.592329,331.96332
25.610794,327.99585
25.627161,327.99585
25.642036,327.99585
25.660671,332.39514
25.676956,332.39514
25.69366,331.88373
25.709923,331.88373
25.726652,337.0656
25.74382,337.0656
25.758842,337.0656
25.777475,337.38116
25.793694,337.38116
25.81001,339.74615
25.826382,339.74615
25.842363,339.74615
25.86006,337.95868
25.876045,337.95868
25.893593,337.07727
25.908497,337.07727
25.925783,336.0523
25.943117,336.0523
25.95954,336.0523
25.979046,339.776
25.993477,339.776
26.013847,340.35205
26.025114,340.35205
26.042807,340.35205
26.059122,340.51172
26.075464,340.51172
26.09432,339.73547
26.11017,339.73547
26.127916,343.86255
26.143444,343.86255
26.159698,343.86255
26.17877,345.274
26.19348,345.274
26.209856,346.68512
26.227282,346.68512
26.242641,346.68512
26.259949,345.34277
26.276499,345.34277
26.29453,347.576
26.309843,347.576
26.326828,344.97992
26.342258,344.97992
26.358427,344.97992
26.378431,346.13416
26.394636,346.13416
26.411348,346.3283
26.426405,346.3283
26.444035,346.984
26.459915,346.984
26.477312,346.984
26.496758,345.59247
26.5093,345.59247
26.525284,347.9618
26.543406,347.9618
26.559893,347.9618
26.578693,347.17798
26.593084,347.17798
26.610662,348.06024
26.625877,348.06024
26.643476,348.06024
26.660131,348.29584
26.676033,348.29584
26.69468,348.50464
26.708632,348.50464
26.726078,345.61676
26.743551,345.61676
26.7599,345.61676
26.777794,347.4621
26.79435,347.4621
26.811426,348.195
26.825628,348.195
26.843615,349.3695
26.861044,349.3695
26.87713,349.3695
26.896124,349.69495
26.90932,349.69495
26.925993,348.43768
26.94305,348.43768
26.95914,348.43768
26.978146,348.73914
26.992323,348.73914
27.011251,346.80334
27.026396,346.80334
27.044786,347.6413
27.06007,347.6413
27.075447,347.6413
27.095669,346.59998
27.109781,346.59998
27.130434,347.52136
27.14236,347.52136
27.159393,347.52136
27.178215,349.0855
27.193563,349.0855
27.215187,349.30603
27.227526,349.30603
27.24421,348.31433
27.260668,348.31433
27.27622,348.31433
27.294413,349.8056
27.308964,349.8056
27.327663,345.59985
27.342638,345.59985
27.359434,345.59985
27.377897,348.67255
27.393488,348.67255
27.410622,347.12915
27.42772,347.12915
27.443888,348.37805
27.459902,348.37805
27.4762,348.37805
27.494871,344.78186
27.509272,344.78186
27.528814,345.17535
27.543427,345.17535
27.559603,345.17535
27.578358,344.5227
27.592323,344.5227
27.610147,343.46906
27.627033,343.46906
27.6434,344.03204
27.660234,344.03204
27.67724,344.03204
27.693283,343.18567
27.708261,343.18567
27.728323,343.19873
27.742233,343.19873
27.759783,343.19873
27.777405,344.03656
27.793722,344.03656
27.811184,342.61017
27.82512,342.61017
27.84228,342.61017
27.860394,344.21588
27.87666,344.21588
27.894533,344.64075
27.909538,344.64075
27.928509,340.69208
27.942997,340.69208
27.958778,340.69208
27.97772,342.6881
27.992853,342.6881
28.009733,342.19476
28.026304,342.19476
28.04357,343.49963
28.060509,343.49963
28.07579,343.49963
28.094267,342.00476
28.109142,342.00476
28.129597,344.08997
28.143303,344.08997
28.15977,344.08997
28.1801,343.2235
28.192327,343.2235
28.214159,343.51782
28.226778,343.51782
28.241945,343.51782
28.260275,338.11487
28.275457,338.11487
28.294472,339.54047
28.308796,339.54047
28.326303,338.97485
28.34363,338.97485
28.359528,338.97485
28.379631,340.52478
28.394577,340.52478
28.410334,341.8369
28.425499,341.8369
28.443949,340.75653
28.461086,340.75653
28.475994,340.75653
28.49535,339.91833
28.509043,339.91833
28.526644,341.7187
28.542988,341.7187
28.559113,341.7187
28.57684,343.43933
28.593061,343.43933
28.609762,343.70856
28.62712,343.70856
28.644388,343.70856
28.661545,341.75714
28.675838,341.75714
28.693718,340.71802
28.70892,340.71802
28.728184,340.39935
28.742178,340.39935
28.760353,340.39935
28.777815,342.81848
28.793026,342.81848
28.813337,341.80096
28.827028,341.80096
28.844131,345.4223
28.860586,345.4223
28.877438,345.4223
28.89454,342.66766
28.909742,342.66766
28.926277,343.98663
28.942497,343.98663
28.960226,343.98663
28.978037,342.62067
28.994207,342.62067
29.009644,345.90918
29.026766,345.90918
29.04384,343.1894
29.060104,343.1894
29.076683,343.1894
29.094915,344.47052
29.117102,344.47052
29.128685,343.00262
29.14409,343.00262
29.160341,343.00262
29.177473,343.73724
29.193445,343.73724
29.211483,342.19336
29.226112,342.19336
29.243551,342.79395
29.260828,342.79395
29.275621,342.79395
29.295174,341.66315
29.309938,341.66315
29.326273,338.99524
29.34407,338.99524
29.359686,338.99524
29.379385,344.28143
29.394232,344.28143
29.409998,341.39178
29.426083,341.39178
29.44413,339.52142
29.459929,339.52142
29.47691,339.52142
29.49314,339.6433
29.50906,339.6433
29.526834,339.2293
29.543997,339.2293
29.561087,339.2293
29.581333,339.937
29.594847,339.937
29.613472,339.85297
29.627134,339.85297
29.643742,341.93042
29.66188,341.93042
29.67617,341.93042
29.694244,342.3028
29.710293,342.3028
29.72769,344.53992
29.743292,344.53992
29.759558,344.53992
29.778063,344.59534
29.793205,344.59534
29.810972,342.39838
29.826883,342.39838
29.843393,339.3698
29.861217,339.3698
29.875883,339.3698
29.895025,340.62738
29.910448,340.62738
29.931248,341.66187
29.942299,341.66187
29.959711,341.66187
29.978598,340.24347
29.992426,340.24347
30.010933,340.14014
30.026814,340.14014
30.045216,338.81018
30.061369,338.81018
30.077236,338.81018
30.094656,336.26093
30.109554,336.26093
30.126602,338.77057
30.144665,338.77057
30.160048,338.77057
30.178307,337.79797
30.195444,337.79797
30.211418,338.43207
30.226143,338.43207
30.243801,334.64825
30.26226,334.64825
30.277084,334.64825
30.294037,336.9815
30.309689,336.9815
30.327513,336.15002
30.34273,336.15002
30.360744,336.15002
30.37969,334.84637
30.392681,334.84637
30.41441,332.79822
30.425566,332.79822
30.444172,333.61743
30.461222,333.61743
30.47641,333.61743
30.493431,333.4596
30.509333,333.4596
30.528051,333.75208
30.543285,333.75208
30.559258,333.75208
30.576887,334.0782
30.593277,334.0782
30.611149,331.36682
30.62759,331.36682
30.64342,330.349
30.661564,330.349
30.67556,330.349
30.694437,328.26434
30.709484,328.26434
30.72748,329.76392
30.742638,329.76392
30.759485,329.76392
30.778278,326.61066
30.792479,326.61066
30.811184,325.695
30.826502,325.695
30.84433,325.0387
30.86033,325.0387
30.875717,325.0387
30.896368,323.74115
30.909998,323.74115
30.928307,329.05994
30.943506,329.05994
30.960764,329.05994
30.979292,326.25305
30.993343,326.25305
31.014442,325.51495
31.027185,325.51495
31.044231,320.92047
31.060337,320.92047
31.076067,320.92047
31.094856,323.84784
31.113447,323.84784
31.128603,321.34875
31.144518,321.34875
31.16092,321.34875
31.177792,320.81226
31.194235,320.81226
31.214285,320.30585
31.228706,320.30585
31.243708,320.89105
31.260134,320.89105
31.277317,320.89105
31.293903,317.8518
31.309246,317.8518
31.34008,317.81598
31.35528,317.81598
31.365866,314.42188
31.38294,314.42188
31.398436,314.42188
31.41672,315.5274
31.430866,315.5274
31.4486,313.85626
31.465197,313.85626
31.482082,313.85626
31.498075,313.5423
31.515574,313.5423
31.532906,310.0609
31.547142,310.0609
31.564518,310.51483
31.581718,310.51483
31.597736,310.51483
31.616316,310.60687
31.631529,310.60687
31.648567,309.13245
31.664337,309.13245
31.681486,309.13245
31.700657,309.1311
31.71494,309.1311
31.733294,307.32007
31.747265,307.32007
31.76546,306.70837
31.782942,306.70837
31.798073,306.70837
31.815971,307.3645
31.832102,307.3645
31.849064,305.38525
31.864496,305.38525
31.882072,305.38525
31.89945,305.2473
31.915714,305.2473
31.932283,303.81403
31.947647,303.81403
31.965347,304.65234
31.982477,304.65234
31.997578,304.65234
32.016594,304.16724
32.03132,304.16724
32.049496,305.5432
32.065598,305.5432
32.081112,305.5432
32.09833,301.8108
32.115364,301.8108
32.133377,300.34863
32.149208,300.34863
32.165375,299.26294
32.1853,299.26294
32.198723,299.26294
32.216663,296.06183
32.23226,296.06183
32.250145,297.56256
32.26571,297.56256
32.28158,297.56256
32.299927,290.11963
32.31457,290.11963
32.33364,286.66028
32.347954,286.66028
32.365707,287.53284
32.382633,287.53284
32.397526,287.53284
32.416626,288.0995
32.430687,288.0995
32.44882,286.4715
32.465527,286.4715
32.485863,283.54254
32.502277,283.54254
32.517303,283.54254
32.53394,287.66516
32.54866,287.66516
32.566566,283.52222
32.582535,283.52222
32.598064,283.52222
32.61524,288.539
32.632324,288.539
32.649742,287.7727
32.663918,287.7727
32.68117,287.7727
32.69971,290.67316
32.714996,290.67316
32.733143,289.18555
32.747437,289.18555
32.76863,288.3026
32.78213,288.3026
32.79898,288.3026
32.81643,287.8139
32.831757,287.8139
32.850563,287.9568
32.86432,287.9568
32.881832,287.9568
32.89964,287.95697
32.915688,287.95697
32.936043,287.19885
32.94739,287.19885
32.965,288.13007
32.98225,288.13007
32.997528,288.13007
33.016674,288.47614
33.030853,288.47614
33.050858,289.34357
33.065105,289.34357
33.08221,289.34357
33.100475,288.7613
33.114876,288.7613
33.13327,288.29254
33.147816,288.29254
33.165092,289.15887
33.181717,289.15887
33.197556,289.15887
33.21665,291.4048
33.233215,291.4048
33.25283,291.06262
33.26492,291.06262
33.281605,291.06262
33.300373,289.1156
33.314926,289.1156
33.332684,289.99475
33.34873,289.99475
33.36495,288.28522
33.38474,288.28522
33.399624,288.28522
33.417133,290.7566
33.432716,290.7566
33.448315,289.7975
33.467236,289.7975
33.482002,289.7975
33.49944,288.60474
33.51478,288.60474
33.53117,288.12427
33.54721,288.12427
33.564167,286.97003
33.58371,286.97003
33.598454,286.97003
33.614845,287.21912
33.631207,287.21912
33.6504,291.2591
33.664825,291.2591
33.681995,291.2591
33.699345,289.846
33.715256,289.846
33.73654,291.57172
33.747227,291.57172
33.76544,291.24066
33.78365,291.24066
33.800083,291.24066
33.816666,289.32318
33.831097,289.32318
33.85005,290.4538
33.86443,290.4538
33.88218,290.4538
33.898758,292.7166
33.914993,292.7166
33.936188,289.61462
33.948578,289.61462
33.96668,290.9364
33.982815,290.9364
33.99919,290.9364
34.016163,290.7068
34.031143,290.7068
34.05062,290.85565
34.066288,290.85565
34.081112,290.85565
34.100586,291.7705
34.1158,291.7705
34.13359,292.2962
34.149254,292.2962
34.16529,289.9696
34.182293,289.9696
34.19739,289.9696
34.215244,291.0207
34.231926,291.0207
34.249954,289.24658
34.264446,289.24658
34.280724,289.24658
34.299942,285.63306
34.315086,285.63306
34.333027,288.03424
34.34956,288.03424
34.36735,288.37744
34.383156,288.37744
34.399006,288.37744
34.41747,285.30817
34.432365,285.30817
34.448544,288.11884
34.465004,288.11884
34.483482,287.32318
34.50026,287.32318
34.51471,287.32318
34.532707,284.7542
34.547993,284.7542
34.56607,285.11432
34.58332,285.11432
34.599045,285.11432
34.61629,288.05396
34.63247,288.05396
34.65238,286.95068
34.66555,286.95068
34.681343,286.95068
34.700058,288.86835
34.71522,288.86835
34.73404,287.55658
34.74891,287.55658
34.764793,290.27295
34.782497,290.27295
34.797955,290.27295
34.81746,283.3349
34.830616,283.3349
34.8502,288.4239
34.86468,288.4239
34.88139,288.4239
34.89998,285.54938
34.916374,285.54938
34.93452,286.8979
34.947826,286.8979
34.97984,284.45282
34.995888,284.45282
35.005226,286.87567
35.02142,286.87567
35.039013,286.87567
35.05518,287.4071
35.071438,287.4071
35.088474,289.4671
35.10371,289.4671
35.120193,289.4671
35.138504,288.04517
35.154354,288.04517
35.172794,291.3125
35.186924,291.3125
35.204723,284.8855
35.221634,284.8855
35.23812,284.8855
35.255978,290.12872
35.269768,290.12872
35.28882,286.49646
35.305355,286.49646
35.320835,286.49646
35.33811,286.59906
35.35427,286.59906
35.373074,285.45837
35.38846,285.45837
35.40459,287.0489
35.423027,287.0489
35.437946,287.0489
35.456654,286.7174
35.47213,286.7174
35.492096,286.16547
35.503647,286.16547
35.52159,286.16547
35.538597,286.32562
35.554558,286.32562
35.572033,284.89948
35.587368,284.89948
35.605976,285.46674
35.622967,285.46674
35.637024,285.46674
35.6557,286.62085
35.671997,286.62085
35.688976,283.57526
35.704533,283.57526
35.720352,283.57526
35.739902,285.8122
35.754192,285.8122
35.771633,286.24432
35.792118,286.24432
35.804672,285.20465
35.82281,285.20465
35.836926,285.20465
35.85564,285.63434
35.871376,285.63434
35.88932,284.83905
35.904236,284.83905
35.920666,284.83905
35.938572,283.82404
35.95476,283.82404
35.97281,284.75433
35.98712,284.75433
36.004997,285.05438
36.02161,285.05438
36.038,285.05438
36.056103,285.67987
36.07061,285.67987
36.088192,286.7953
36.104,286.7953
36.120365,286.7953
36.138985,290.36353
36.15536,290.36353
36.17158,289.8766
36.187374,289.8766
36.20552,289.78223
36.221962,289.78223
36.23716,289.78223
36.255695,288.78864
36.26999,288.78864
36.291946,289.71283
36.304787,289.71283
36.320778,289.71283
36.33909,290.20374
36.354736,290.20374
36.37652,290.79926
36.388336,290.79926
36.404324,292.21582
36.42184,292.21582
36.43706,292.21582
36.460278,293.2749
36.470356,293.2749
36.48855,291.4131
36.5038,291.4131
36.521126,291.4131
36.539654,294.23615
36.554985,294.23615
36.57258,294.425
36.58735,294.425
36.60344,296.7094
36.622746,296.7094
36.63825,296.7094
36.656136,297.41656
36.67061,297.41656
36.688652,297.7528
36.70482,297.7528
36.73022,297.76147
36.74161,297.76147
36.75467,297.76147
36.77536,299.6253
36.78866,299.6253
36.804485,298.87762
36.82276,298.87762
36.83785,298.87762
36.85633,304.9436
36.871178,304.9436
36.888252,302.2979
36.9049,302.2979
36.921402,302.2979
36.93846,302.3476
36.9539,302.3476
36.97232,304.53235
36.9875,304.53235
37.004173,307.83032
37.02192,307.83032
37.03699,307.83032
37.055313,308.31012
37.070694,308.31012
37.088036,310.68262
37.104763,310.68262
37.12056,310.68262
37.13925,309.47748
37.154484,309.47748
37.17175,309.5963
37.18795,309.5963
37.204613,315.32123
37.222256,315.32123
37.238792,315.32123
37.256256,316.13983
37.270325,316.13983
37.28917,315.90527
37.303276,315.90527
37.320606,315.90527
37.339268,315.31262
37.354656,315.31262
37.375713,314.07294
37.38892,314.07294
37.40576,314.8189
37.422787,314.8189
37.438198,314.8189
37.459522,314.56787
37.470856,314.56787
37.489235,316.85577
37.504753,316.85577
37.52078,316.85577
37.539055,318.32593
37.553967,318.32593
37.572838,321.1217
37.587677,321.1217
37.60435,319.54828
37.62767,319.54828
37.63702,319.54828
37.65722,321.71466
37.671097,321.71466
37.6892,324.2016
37.704826,324.2016
37.721172,324.2016
37.738346,329.55536
37.754246,329.55536
37.77311,326.0373
37.79209,326.0373
37.80542,328.52844
37.82356,328.52844
37.837833,328.52844
37.85594,326.27045
37.871746,326.27045
37.887768,328.30743
37.904694,328.30743
37.922516,328.30743
37.93864,332.49384
37.954266,332.49384
37.971962,331.1306
37.9884,331.1306
38.005447,331.46338
38.021587,331.46338
38.054863,336.3584
38.066498,336.3584
38.07939,336.3584
38.098705,333.96082
38.111958,333.96082
38.129517,340.23132
38.146477,340.23132
38.163483,338.33716
38.181007,338.33716
38.194805,338.33716
38.214165,337.61395
38.228027,337.61395
38.24611,336.7129
38.263313,336.7129
38.27808,336.7129
38.300716,340.74957
38.31257,340.74957
38.329414,341.71698
38.346924,341.71698
38.362568,341.71698
38.379814,341.8393
38.395428,341.8393
38.413395,341.4558
38.429817,341.4558
38.447227,341.4215
38.46226,341.4215
38.479145,341.4215
38.497746,340.15247
38.513103,340.15247
38.529667,343.07184
38.545784,343.07184
38.562893,343.07184
38.57981,342.95056
38.594845,342.95056
38.61382,343.9262
38.628925,343.9262
38.64726,347.09595
38.66235,347.09595
38.680115,347.09595
38.696087,343.23602
38.71235,343.23602
38.731472,342.89117
38.74558,342.89117
38.762447,342.89117
38.780373,344.91968
38.795177,344.91968
38.813232,342.70312
38.82806,342.70312
38.84852,344.40576
38.864544,344.40576
38.878475,344.40576
38.897743,343.82086
38.912926,343.82086
38.931274,341.7149
38.946083,341.7149
38.963627,340.50354
38.97943,340.50354
38.996906,340.50354
39.014465,340.69727
39.028515,340.69727
39.048645,342.03387
39.062252,342.03387
39.078575,342.03387
39.098305,343.43646
39.112686,343.43646
39.13366,338.437
39.145203,338.437
39.16217,338.437
39.17916,339.83112
39.19554,339.83112
39.214554,339.06702
39.228367,339.06702
39.246082,342.27588
39.26279,342.27588
39.278725,342.27588
39.298084,342.1015
39.311676,342.1015
39.335083,339.91516
39.3447,339.91516
39.362408,339.91516
39.38123,339.0962
39.39713,339.0962
39.414955,336.98273
39.428894,336.98273
39.446533,337.0747
39.46311,337.0747
39.478065,337.0747
39.49678,335.93353
39.512196,335.93353
39.530758,336.60327
39.545174,336.60327
39.56394,335.06653
39.58094,335.06653
39.596504,335.06653
39.613632,334.95813
39.631714,334.95813
39.64633,337.58087
39.66287,337.58087
39.679108,337.58087
39.697906,335.2447
39.71292,335.2447
39.729725,336.23236
39.746037,336.23236
39.76428,336.00714
39.781143,336.00714
39.79624,336.00714
39.814034,332.62842
39.828938,332.62842
39.845512,331.64697
39.863026,331.64697
39.879097,331.64697
39.897533,332.54968
39.912117,332.54968
39.93025,334.56244
39.947044,334.56244
39.963547,332.48724
39.979748,332.48724
39.996277,332.48724
40.015503,331.42596
40.028404,331.42596
40.045357,330.53625
40.06215,330.53625
40.07949,330.53625
40.098557,331.49457
40.112278,331.49457
40.13042,331.2207
40.14586,331.2207
40.162216,331.2207
40.179966,331.677
40.195065,331.677
40.213173,333.93127
40.230846,333.93127
40.246716,334.0373
40.26293,334.0373
40.279037,334.0373
40.296642,334.7119
40.311947,334.7119
40.33103,335.66296
40.345318,335.66296
40.362247,335.66296
40.383377,333.086
40.396255,333.086
40.413742,334.81714
40.429977,334.81714
40.446316,332.33167
40.46349,332.33167
40.47854,332.33167
40.49938,332.87244
40.518776,332.87244
40.53556,330.98737
40.54714,330.98737
40.56266,330.98737
40.580074,330.6117
40.596375,330.6117
40.613266,331.4928
40.630146,331.4928
40.646393,332.17566
40.663567,332.17566
40.678963,332.17566
40.69884,332.65057
40.713333,332.65057
40.730663,335.5525
40.745125,335.5525
40.762135,335.5525
40.781178,334.80713
40.79635,334.80713
40.813843,336.90808
40.82928,336.90808
40.845585,337.45605
40.863132,337.45605
40.880085,337.45605
40.89691,337.23145
40.91264,337.23145
40.92988,337.68427
40.94657,337.68427
40.961823,337.68427
40.98122,338.28253
40.995407,338.28253
41.01528,337.04102
41.02961,337.04102
41.04653,338.34467
41.063538,338.34467
41.082336,338.34467
41.099823,335.24615
41.113792,335.24615
41.13101,337.6452
41.14588,337.6452
41.16203,337.6452
41.18078,340.13788
41.196827,340.13788
41.213696,341.12616
41.228752,341.12616
41.24776,336.82324
41.26278,336.82324
41.278965,336.82324
41.296036,338.02155
41.311813,338.02155
41.330273,338.29938
41.345345,338.29938
41.36477,337.91608
41.381966,337.91608
41.395885,337.91608
41.413406,338.58282
41.42814,338.58282
41.44722,337.60913
41.46244,337.60913
41.47862,337.60913
41.49784,340.2976
41.512962,340.2976
41.529766,340.18048
41.547817,340.18048
41.562077,340.18048
41.58095,339.9823
41.597515,339.9823
41.613106,336.14447
41.628544,336.14447
41.648067,339.21606
41.66199,339.21606
41.68027,339.21606
41.696995,337.96826
41.71281,337.96826
41.729664,335.60834
41.746586,335.60834
41.76327,335.60834
41.781063,335.4953
41.79671,335.4953
41.813343,336.85852
41.829624,336.85852
41.8484,335.4334
41.863537,335.4334
41.879456,335.4334
41.89896,334.53168
41.916443,334.53168
41.93457,331.61005
41.946342,331.61005
41.964783,335.48523
41.981243,335.48523
41.996063,335.48523
42.014435,333.09888
42.030067,333.09888
42.04662,329.6463
42.063007,329.6463
42.08006,329.6463
42.096306,331.90173
42.1122,331.90173
42.13157,331.69788
42.145622,331.69788
42.161705,331.69788
42.179558,329.7099
42.19594,329.7099
42.213497,326.12476
42.22904,326.12476
42.246296,325.97845
42.26307,325.97845
42.27821,325.97845
42.297646,329.38025
42.311443,329.38025
42.329227,328.51862
42.345932,328.51862
42.362553,328.51862
42.383,327.78687
42.395725,327.78687
42.413628,327.5313
42.429436,327.5313
42.445995,328.60046
42.463085,328.60046
42.478336,328.60046
42.497623,327.41913
42.513195,327.41913
42.530296,326.72375
42.545383,326.72375
42.56445,324.57532
42.579132,324.57532
42.596256,324.57532
42.615818,325.53088
42.63019,325.53088
42.647236,324.2741
42.66312,324.2741
42.67959,324.2741
42.697166,324.47302
42.712463,324.47302
42.729103,320.2395
42.745358,320.2395
42.76272,320.2395
42.780342,323.63202
42.79662,323.63202
42.81344,319.18787
42.828552,319.18787
42.846336,322.8374
42.862213,322.8374
42.87961,322.8374
42.897335,324.66986
42.912666,324.66986
42.930298,321.46442
42.9454,321.46442
42.963776,318.11322
42.980087,318.11322
42.99546,318.11322
43.015106,323.01337
43.0289,323.01337
43.045914,321.4823
43.062847,321.4823
43.079674,321.4823
43.097664,318.69537
43.11205,318.69537
43.130783,319.21368
43.146297,319.21368
43.16352,319.44556
43.18094,319.44556
43.201866,319.44556
43.219345,316.53656
43.228596,316.53656
43.24958,314.95953
43.2631,314.95953
43.279602,314.95953
43.296833,311.92432
43.31322,311.92432
43.330982,313.42773
43.34621,313.42773
43.36438,309.66412
43.381218,309.66412
43.396744,309.66412
43.41372,312.13177
43.430164,312.13177
43.44614,308.74677
43.463264,308.74677
43.480003,308.74677
43.497314,313.383
43.51154,313.383
43.52935,313.02954
43.54571,313.02954
43.56333,313.02954
43.579224,309.14832
43.598385,309.14832
43.61411,308.31732
43.630028,308.31732
43.64527,308.78882
43.66346,308.78882
43.679596,308.78882
43.69665,311.28882
43.712425,311.28882
43.730213,308.68097
43.7455,308.68097
43.762634,308.68097
43.78092,306.26373
43.79559,306.26373
43.814564,306.5097
43.829063,306.5097
43.84651,305.3015
43.86318,305.3015
43.878956,305.3015
43.896114,304.8092
43.91231,304.8092
43.93213,304.06726
43.94586,304.06726
43.962852,304.06726
43.983215,303.849
43.999027,303.849
44.01682,302.8429
44.03064,302.8429
44.04606,298.04547
44.0648,298.04547
44.079975,298.04547
44.09752,298.75134
44.113503,298.75134
44.129948,297.60376
44.1462,297.60376
44.162342,297.60376
44.179974,297.9906
44.196022,297.9906
44.21509,295.94476
44.229286,295.94476
44.250053,295.89404
44.26199,295.89404
44.278072,295.89404
44.29689,295.85614
44.31246,295.85614
44.330017,294.9566
44.34537,294.9566
44.36199,294.9566
44.38109,291.22345
44.396362,291.22345
44.41469,289.84637
44.430042,289.84637
44.44682,289.7962
44.463516,289.7962
44.47794,289.7962
44.49903,287.55927
44.511734,287.55927
44.53067,282.5891
44.545837,282.5891
44.564117,280.3305
44.582287,280.3305
44.597446,280.3305
44.613983,277.20355
44.631077,277.20355
44.64745,278.62817
44.662743,278.62817
44.679157,278.62817
44.699642,278.49902
44.712276,278.49902
44.72995,275.83722
44.747147,275.83722
44.762363,275.83722
44.78404,275.49872
44.798462,275.49872
44.81549,278.5266
44.828716,278.5266
44.846603,278.4485
44.8624,278.4485
44.879932,278.4485
44.896297,275.2917
44.912174,275.2917
44.931072,276.5594
44.94629,276.5594
44.963676,274.7326
44.97989,274.7326
44.99631,274.7326
45.01528,277.66852
45.029797,277.66852
45.04832,277.45544
45.062733,277.45544
45.07885,277.45544
45.09952,276.8744
45.113766,276.8744
45.131306,277.29614
45.14631,277.29614
45.164307,278.74872
45.181686,278.74872
45.195267,278.74872
45.21536,276.67102
45.23023,276.67102
45.248238,273.78485
45.26193,273.78485
45.279835,273.78485
45.299072,275.6776
45.313786,275.6776
45.33509,273.95715
45.347084,273.95715
45.364826,273.9251
45.38284,273.9251
45.396618,273.9251
45.41444,275.40393
45.430775,275.40393
45.452164,272.95923
45.463272,272.95923
45.47913,272.95923
45.497982,274.86865
45.51406,274.86865
45.530773,277.50818
45.54556,277.50818
45.562057,277.50818
45.581112,277.75208
45.59598,277.75208
45.61495,277.61096
45.63216,277.61096
45.64776,278.52594
45.66295,278.52594
45.679977,278.52594
45.698627,276.50476
45.712444,276.50476
45.730965,275.4735
45.746876,275.4735
45.764896,276.67505
45.781,276.67505
45.796253,276.67505
45.8176,274.15747
45.832664,274.15747
45.84848,277.32355
45.8672,277.32355
45.87908,277.32355
45.897713,276.37018
45.91399,276.37018
45.93138,277.2328
45.94837,277.2328
45.966034,278.1883
45.983223,278.1883
45.996986,278.1883
46.01505,277.19678
46.031258,277.19678
46.049015,274.82196
46.066505,274.82196
46.0798,274.82196
46.098206,275.49817
46.11344,275.49817
46.132175,275.19598
46.146217,275.19598
46.166397,277.4876
46.180813,277.4876
46.19658,277.4876
46.21689,277.35498
46.23004,277.35498
46.249004,275.23773
46.2651,275.23773
46.279816,275.23773
46.298683,277.5874
46.31191,277.5874
46.331093,276.92004
46.348827,276.92004
46.366016,277.5611
46.38389,277.5611
46.3989,277.5611
46.417843,276.96436
46.430733,276.96436
46.449444,279.62543
46.464825,279.62543
46.480183,279.62543
46.498302,276.6761
46.5135,276.6761
46.531166,276.40985
46.545868,276.40985
46.562572,276.40985
46.58039,275.6518
46.597,275.6518
46.61437,274.31818
46.62948,274.31818
46.64579,270.112
46.664192,270.112
46.679523,270.112
46.69845,275.28918
46.71326,275.28918
46.730106,275.9359
46.746326,275.9359
46.762844,275.9359
46.780846,277.51672
46.79735,277.51672
46.81502,277.17053
46.828156,277.17053
46.846115,276.38245
46.864254,276.38245
46.87904,276.38245
46.896896,275.12854
46.913067,275.12854
46.931305,275.4549
46.945095,275.4549
46.962135,275.4549
46.98126,271.5758
46.99617,271.5758
47.014297,276.46527
47.030487,276.46527
47.0485,271.90094
47.06417,271.90094
47.07919,271.90094
47.098312,276.5523
47.112083,276.5523
47.13089,275.52893
47.14495,275.52893
47.164482,273.97772
47.18096,273.97772
47.196594,273.97772
47.215282,276.71564
47.230778,276.71564
47.248005,277.32904
47.26303,277.32904
47.278866,277.32904
47.297707,276.2163
47.31247,276.2163
47.333065,276.0661
47.345234,276.0661
47.364258,275.9027
47.381695,275.9027
47.397232,275.9027
47.41447,274.68372
47.429718,274.68372
47.4476,276.3385
47.462254,276.3385
47.47905,276.3385
47.49799,268.6353
47.512035,268.6353
47.530914,268.93982
47.54521,268.93982
47.56371,271.784
47.579185,271.784
47.59695,271.784
47.61392,273.00104
47.63026,273.00104
47.647697,275.78906
47.6635,275.78906
47.679108,275.78906
47.6984,274.31323
47.713978,274.31323
47.729946,274.1607
47.746647,274.1607
47.778835,270.90515
47.78987,270.90515
47.802933,270.90515
47.82177,273.0321
47.8359,273.0321
47.85454,271.15613
47.871014,271.15613
47.888657,275.2072
47.90254,275.2072
47.919735,275.2072
47.936966,275.42426
47.95281,275.42426
47.97084,272.70813
47.98701,272.70813
48.00362,275.20898
48.020657,275.20898
48.036903,275.20898
48.054047,272.8001
48.06984,272.8001
48.086403,273.3285
48.10329,273.3285
48.118935,273.3285
48.139164,272.0578
48.152206,272.0578
48.174442,275.50336
48.18645,275.50336
48.20309,275.50336
48.220943,273.10876
48.23683,273.10876
48.255253,271.58765
48.27038,271.58765
48.286358,279.42828
48.304283,279.42828
48.319637,279.42828
48.33868,276.23853
48.35341,276.23853
48.373043,276.86304
48.387638,276.86304
48.40577,274.26642
48.42155,274.26642
48.436813,274.26642
48.455467,280.66907
48.469852,280.66907
48.48784,275.3448
48.504486,275.3448
48.520084,275.3448
48.538277,283.22168
48.552406,283.22168
48.571903,279.76392
48.586433,279.76392
48.603706,285.4702
48.620792,285.4702
48.635586,285.4702
48.654694,284.50958
48.669277,284.50958
48.68883,285.73822
48.703316,285.73822
48.71982,285.73822
48.73829,288.15125
48.753086,288.15125
48.771275,288.94427
48.78714,288.94427
48.80372,288.5385
48.820644,288.5385
48.836174,288.5385
48.85384,289.54028
48.8694,289.54028
48.88563,291.92322
48.90396,291.92322
48.920773,291.92322
48.938286,291.4912
48.964935,291.4912
48.97694,292.71942
48.99099,292.71942
49.006294,295.82843
49.0242,295.82843
49.038895,295.82843
49.058186,296.5243
49.0733,296.5243
49.090725,295.89093
49.10651,295.89093
49.12336,296.26794
49.140747,296.26794
49.15712,296.26794
49.17346,300.15924
49.190685,300.15924
49.206955,300.3675
49.225456,300.3675
49.24051,300.3675
49.259106,302.3313
49.272877,302.3313
49.291466,298.10132
49.30588,298.10132
49.323425,302.72113
49.34053,302.72113
49.356934,302.72113
49.377865,302.92712
49.391087,302.92712
49.408707,307.43146
49.42258,307.43146
49.44125,307.43146
49.458103,307.14105
49.474342,307.14105
49.49517,306.25885
49.5059,306.25885
49.524204,309.0512
49.541134,309.0512
49.55669,309.0512
49.57537,310.7934
49.59007,310.7934
49.607883,309.17273
49.624954,309.17273
49.63991,309.17273
49.6589,314.51
49.673115,314.51
49.691185,314.3462
49.707546,314.3462
49.72437,314.34326
49.741936,314.34326
49.756702,314.34326
49.774883,313.37317
49.790306,313.37317
49.80623,314.68622
49.824062,314.68622
49.84005,314.68622
49.858147,314.11877
49.873844,314.11877
49.889755,312.50928
49.906796,312.50928
49.92387,317.0025
49.941772,317.0025
49.95577,317.0025
49.97577,317.47552
49.990475,317.47552
50.007557,319.55914
50.0234,319.55914
50.039867,319.55914
50.058147,318.6612
50.07324,318.6612
50.090515,319.84888
50.106007,319.84888
50.139732,321.56384
50.15527,321.56384
50.16563,320.9906
50.182617,320.9906
50.197613,320.9906
50.215275,322.35065
50.231274,322.35065
50.248066,321.41028
50.263172,321.41028
50.28005,321.41028
50.301884,324.21765
50.31331,324.21765
50.33206,327.5174
50.347588,327.5174
50.36521,330.62494
50.38384,330.62494
50.39876,330.62494
50.41542,330.37897
50.43046,330.37897
50.44799,328.9702
50.46388,328.9702
50.48084,328.9702
50.49808,330.52478
50.513947,330.52478
50.53499,331.91974
50.54628,331.91974
50.56408,332.84424
50.58149,332.84424
50.597404,332.84424
50.616188,334.5813
50.63054,334.5813
50.648205,335.7088
50.6641,335.7088
50.68055,335.7088
50.699223,337.25964
50.71478,337.25964
50.731144,336.92657
50.74646,336.92657
50.765274,334.95282
50.782387,334.95282
50.798817,334.95282
50.815365,333.18933
50.83184,333.18933
50.847836,332.54034
50.864132,332.54034
50.880676,332.54034
50.898617,333.2113
50.913338,333.2113
50.932808,333.0246
50.947376,333.0246
50.96474,330.78937
50.980305,330.78937
50.997154,330.78937
51.015736,335.91193
51.030834,335.91193
51.04924,335.39
51.0635,335.39
51.079994,335.39
51.100613,333.94348
51.11447,333.94348
51.133045,328.69366
51.14814,328.69366
51.16522,334.2458
51.18038,334.2458
51.196354,334.2458
51.215668,329.30865
51.230473,329.30865
51.2483,330.38422
51.265594,330.38422
51.280266,330.38422
51.29963,331.8145
51.313602,331.8145
51.335598,331.51752
51.346848,331.51752
51.36459,333.32794
51.38388,333.32794
51.397396,333.32794
51.419697,332.35028
51.43049,332.35028
51.448185,332.34515
51.464653,332.34515
51.480255,332.34515
51.49828,334.73755
51.513885,334.73755
51.5362,330.24127
51.54787,330.24127
51.56413,331.57343
51.58105,331.57343
51.597736,331.57343
51.615093,327.88538
51.631626,327.88538
51.648052,328.6886
51.66346,328.6886
51.68039,328.6886
51.69934,330.2166
51.71434,330.2166
51.73453,332.87775
51.748344,332.87775
51.764626,331.24707
51.781975,331.24707
51.798454,331.24707
51.815063,333.33466
51.83074,333.33466
51.846645,331.94073
51.864662,331.94073
51.879883,331.94073
51.898502,333.19183
51.91386,333.19183
51.931553,332.42548
51.94765,332.42548
51.963875,329.9438
51.982166,329.9438
51.997932,329.9438
52.01618,328.9303
52.029987,328.9303
52.049145,327.49628
52.063026,327.49628
52.080986,327.49628
52.0992,325.97546
52.114403,325.97546
52.13104,325.70343
52.14649,325.70343
52.164272,326.96545
52.181618,326.96545
52.197464,326.96545
52.217186,327.06824
52.23009,327.06824
52.248867,327.11798
52.263306,327.11798
52.28104,327.11798
52.299458,328.6286
52.31408,328.6286
52.331608,327.38257
52.34712,327.38257
52.3661,328.44293
52.38334,328.44293
52.398296,328.44293
52.415867,327.9809
52.431984,327.9809
52.447636,328.25818
52.464954,328.25818
52.48077,328.25818
52.49818,327.969
52.515244,327.969
52.532204,327.12744
52.54751,327.12744
52.56424,325.73822
52.582058,325.73822
52.597557,325.73822
52.61601,327.22278
52.631626,327.22278
52.649147,327.05304
52.664402,327.05304
52.681618,327.05304
52.69932,327.98456
52.714504,327.98456
52.73194,323.41022
52.74842,323.41022
52.76683,328.07098
52.7815,328.07098
52.797665,328.07098
52.816406,326.9527
52.831364,326.9527
52.848835,325.95764
52.863285,325.95764
52.88069,325.95764
52.899292,324.99872
52.915134,324.99872
52.932236,324.3269
52.947723,324.3269
52.965313,324.68927
52.98139,324.68927
52.997517,324.68927
53.01644,324.57135
53.030727,324.57135
53.047047,325.66864
53.064373,325.66864
53.080677,325.66864
53.099773,322.0027
53.11428,322.0027
53.132442,323.42975
53.14768,323.42975
53.166893,322.7572
53.183216,322.7572
53.198524,322.7572
53.219543,323.08307
53.231422,323.08307
53.24793,322.61237
53.264545,322.61237
53.2799,322.61237
53.299004,317.1291
53.31487,317.1291
53.33182,316.77783
53.34833,316.77783
53.366398,317.53058
53.383976,317.53058
53.39911,317.53058
53.416054,317.5818
53.431698,317.5818
53.45187,321.5124
53.464375,321.5124
53.481262,321.5124
53.49926,318.88605
53.513615,318.88605
53.531345,314.70508
53.548763,314.70508
53.566273,318.34723
53.58377,318.34723
53.59889,318.34723
53.615,319.11688
53.63119,319.11688
53.651497,318.0442
53.664967,318.0442
53.68266,318.0442
53.699635,319.92456
53.71457,319.92456
53.73413,318.2445
53.75,318.2445
53.76719,317.94293
53.78581,317.94293
53.798126,317.94293
53.81467,319.36713
53.831455,319.36713
53.852985,319.50665
53.86491,319.50665
53.880047,319.50665
53.899582,318.35272
53.91525,318.35272
53.932365,315.87286
53.948128,315.87286
53.965683,317.82123
53.98159,317.82123
53.996754,317.82123
54.015163,317.6541
54.03158,317.6541
54.04925,316.68457
54.064613,316.68457
54.08194,316.68457
54.09927,315.66162
54.11343,315.66162
54.134884,315.86688
54.147476,315.86688
54.16463,310.05292
54.182446,310.05292
54.198242,310.05292
54.21482,313.9856
54.230896,313.9856
54.248154,311.33838
54.2645,311.33838
54.280376,311.33838
54.299034,312.01013
54.315765,312.01013
54.332085,309.22772
54.347984,309.22772
54.368874,312.59308
54.3823,312.59308
54.399487,312.59308
54.41601,310.94446
54.430946,310.94446
54.44873,309.27588
54.464783,309.27588
54.4806,309.27588
54.498512,306.97162
54.513615,306.97162
54.532433,307.49158
54.54774,307.49158
54.565735,306.86584
54.58026,306.86584
54.599285,306.86584
54.61597,308.26514
54.6313,308.26514
54.65219,306.80396
54.66264,306.80396
54.67997,306.80396
54.698334,304.0896
54.71489,304.0896
54.731754,302.93164
54.75103,302.93164
54.766987,306.01917
54.78496,306.01917
54.798542,306.01917
54.81573,303.89313
54.831486,303.89313
54.849663,302.0888
54.864094,302.0888
54.88119,302.0888
54.898808,298.4453
54.914116,298.4453
54.932655,301.09442
54.947136,301.09442
54.963634,302.6875
54.98089,302.6875
54.997967,302.6875
55.014095,300.73846
55.030838,300.73846
55.048176,299.05542
55.06487,299.05542
55.08375,299.05542
55.102734,300.98816
55.115093,300.98816
55.134064,300.39917
55.147873,300.39917
55.16453,298.54205
55.18218,298.54205
55.19745,298.54205
55.215286,299.20715
55.231464,299.20715
55.24828,296.0594
55.263607,296.0594
55.28088,296.0594
55.298656,293.41766
55.314587,293.41766
55.331875,294.596
55.34782,294.596
55.365864,294.2624
55.386234,294.2624
55.39794,294.2624
55.415997,292.8805
55.430065,292.8805
55.448616,289.91187
55.464947,289.91187
55.480804,289.91187
55.499584,291.22577
55.514114,291.22577
55.531647,290.05444
55.547924,290.05444
55.56486,287.763
55.580303,287.763
55.59756,287.763
55.616364,287.69635
55.63052,287.69635
55.649193,287.84766
55.66352,287.84766
55.681103,287.84766
55.69943,286.9721
55.725616,286.9721
55.738552,285.70544
55.751602,285.70544
55.76885,285.33838
55.78418,285.33838
55.801235,285.33838
55.81799,282.839
55.833424,282.839
55.85125,283.58215
55.866447,283.58215
55.884235,285.2345
55.90021,285.2345
55.917366,285.2345
55.93558,280.71112
55.950962,280.71112
55.966743,284.91364
55.983913,284.91364
56.000328,284.91364
56.018326,287.05518
56.034714,287.05518
56.05154,284.50458
56.06699,284.50458
56.084377,284.54395
56.102818,284.54395
56.116978,284.54395
56.1384,286.5338
56.150963,286.5338
56.16926,284.646
56.18285,284.646
56.199764,284.646
56.21904,281.60242
56.233555,281.60242
56.25648,281.47314
56.26874,281.47314
56.283302,284.52173
56.30066,284.52173
56.317352,284.52173
56.334583,281.91986
56.35035,281.91986
56.370846,284.10114
56.385197,284.10114
56.399437,284.10114
56.41926,283.65485
56.43361,283.65485
56.45185,282.4441
56.467403,282.4441
56.48344,283.16998
56.500584,283.16998
56.518223,283.16998
56.53618,282.82465
56.550453,282.82465
56.567844,283.49286
56.583508,283.49286
56.600464,283.49286
56.61929,281.0952
56.63363,281.0952
56.652763,281.51953
56.666935,281.51953
56.683605,280.06104
56.701324,280.06104
56.717556,280.06104
56.734886,279.60645
56.750416,279.60645
56.769,279.48834
56.78518,279.48834
56.804176,278.16858
56.817776,278.16858
56.833397,278.16858
56.85273,279.06262
56.86739,279.06262
56.883755,279.06262
56.900673,277.35974
56.916138,277.35974
56.93587,275.93042
56.95016,275.93042
56.96837,278.55334
56.982964,278.55334
56.999817,278.55334
57.018017,279.56512
57.034363,279.56512
57.05233,277.91565
57.065975,277.91565
57.08532,275.31934
57.101776,275.31934
57.116814,275.31934
57.134563,276.09686
57.150936,276.09686
57.17189,275.23865
57.184036,275.23865
57.200706,275.23865
57.219395,274.1687
57.233776,274.1687
57.250546,279.04016
57.26665,279.04016
57.284313,279.9195
57.30389,279.9195
57.316364,279.9195
57.336174,277.7871
57.35047,277.7871
57.371403,276.45355
57.38386,276.45355
57.401363,276.45355
57.419632,275.45966
57.43316,275.45966
57.452023,275.58765
57.46829,275.58765
57.484375,277.9406
57.50117,277.9406
57.517254,277.9406
57.53603,278.4391
57.55103,278.4391
57.56861,272.38794
57.584644,272.38794
57.601135,272.38794
57.618484,272.12488
57.635048,272.12488
57.651516,274.47943
57.666924,274.47943
57.684814,276.5479
57.701744,276.5479
57.71699,276.5479
57.73476,276.2846
57.7509,276.2846
57.770725,274.2815
57.78525,274.2815
57.800907,274.2815
57.81787,276.3166
57.833443,276.3166
57.852802,274.1881
57.867516,274.1881
57.88406,277.54132
57.90097,277.54132
57.917107,277.54132
57.935753,276.7605
57.949417,276.7605
57.968815,277.64948
57.983627,277.64948
58.00044,277.64948
58.018955,279.99432
58.044327,279.99432
58.05555,276.67706
58.06913,276.67706
58.08734,277.10828
58.10187,277.10828
58.13285,277.72205
58.145508,277.72205
58.159447,277.72205
58.175655,275.6513
58.191475,275.6513
58.20649,276.60345
58.22412,276.60345
58.241604,276.60345
58.25705,277.31067
58.274242,277.31067
58.29093,275.41248
58.30844,275.41248
58.324238,278.0512
58.343216,278.0512
58.356483,278.0512
58.375813,278.5152
58.39145,278.5152
58.409023,274.4043
58.42468,274.4043
58.440025,274.4043
58.459007,275.99396
58.473465,275.99396
58.49209,272.48334
58.507114,272.48334
58.523785,279.58234
58.541218,279.58234
58.558525,279.58234
58.575474,278.3864
58.590206,278.3864
58.607788,280.29425
58.62513,280.29425
58.641857,280.29425
58.658436,279.7672
58.67396,279.7672
58.692158,277.09296
58.708046,277.09296
58.72352,276.03516
58.742855,276.03516
58.757095,276.03516
58.774822,279.3299
58.791103,279.3299
58.808582,280.70276
58.824753,280.70276
58.83988,280.70276
58.858448,279.5393
58.87502,279.5393
58.892082,279.70874
58.908005,279.70874
58.92656,277.41486
58.94114,277.41486
58.95659,277.41486
58.975826,279.8894
58.99126,279.8894
59.008743,277.53217
59.024323,277.53217
59.040897,277.53217
59.059235,280.33502
59.07407,280.33502
59.09111,279.63623
59.10833,279.63623
59.124565,277.76855
59.14197,277.76855
59.158024,277.76855
59.175915,276.40692
59.190464,276.40692
59.21264,276.7923
59.224316,276.7923
59.24118,276.7923
59.25918,279.55627
59.273556,279.55627
59.29355,280.1989
59.30731,280.1989
59.324303,278.96466
59.343044,278.96466
59.356823,278.96466
59.37677,277.41748
59.393707,277.41748
59.408844,281.36163
59.424637,281.36163
59.441433,281.36163
59.458,281.93866
59.47534,281.93866
59.4922,279.99878
59.508152,279.99878
59.52413,279.95074
59.542206,279.95074
59.557,279.95074
59.575768,279.5796
59.59132,279.5796
59.6097,277.74133
59.624493,277.74133
59.657322,277.78522
59.66922,277.78522
59.681232,277.78522
59.699406,275.70532
59.71441,275.70532
59.731422,280.70953
59.747795,280.70953
59.764782,278.76685
59.78302,278.76685
59.797585,278.76685
59.816242,281.39203
59.831398,281.39203
59.850254,278.39984
59.864254,278.39984
59.880226,278.39984
59.89883,281.70972
59.91423,281.70972
59.93378,281.2796
59.949425,281.2796
59.96443,282.17255
59.982265,282.17255
59.998123,282.17255
60.0,282.17255
