0.26554766,57.59015
0.27701104,55.793457
0.29177573,55.793457
0.309729,58.718506
0.32571334,61.865234
0.34255844,61.865234
0.3587439,61.865234
0.37686074,62.170532
0.3917147,62.170532
0.4142575,59.64868
0.42996135,59.64868
0.4410641,59.64868
0.46448413,60.08539
0.4767983,60.08539
0.49241972,59.17102
0.5089434,59.17102
0.52897245,56.545288
0.54350966,56.545288
0.5592488,56.545288
0.57565665,56.914978
0.59145814,56.914978
0.60908973,64.2182
0.6253383,64.2182
0.641486,64.2182
0.6599105,58.621643
0.6750779,58.621643
0.69340867,56.04358
0.708606,56.04358
0.7254184,55.772217
0.7420257,55.772217
0.75776255,55.772217
0.77513385,58.990784
0.7928889,58.990784
0.809926,58.602295
0.82440215,58.602295
0.8425876,58.602295
0.8601094,59.427856
0.87453413,59.427856
0.89379305,60.426025
0.9079629,60.426025
0.9293509,60.895508
0.94149375,60.895508
0.96012175,60.895508
0.9766417,60.347412
0.9913458,60.347412
1.0095096,57.251038
1.0242441,57.251038
1.0440826,58.195557
1.0594734,58.195557
1.0754302,58.195557
1.0924772,59.70172
1.1084203,59.70172
1.1261551,58.93683
1.1434996,58.93683
1.1583371,58.93683
1.1773329,60.95758
1.1916612,60.95758
1.2108319,58.71808
1.2248594,58.71808
1.2410218,58.71808
1.2603989,61.97876
1.2752429,61.97876
1.294241,60.306885
1.3090861,60.306885
1.3286736,57.502808
1.3436749,57.502808
1.3585556,57.502808
1.3760151,58.26953
1.3914254,58.26953
1.413676,57.182922
1.4254091,57.182922
1.4403263,57.182922
1.4586622,57.177063
1.4743168,57.177063
1.4968588,59.0578
1.5087405,59.0578
1.5270758,57.54193
1.546257,57.54193
1.5593987,57.54193
1.5763985,61.704956
1.5917515,61.704956
1.6102226,62.65027
1.6247609,62.65027
1.6426277,62.65027
1.6603463,61.832214
1.675235,61.832214
1.6924641,62.950806
1.7074606,62.950806
1.7259824,62.8786
1.7424481,62.8786
1.758851,62.8786
1.775075,64.36029
1.7928796,64.36029
1.810662,63.04602
1.8240416,63.04602
1.8419514,63.04602
1.8593576,62.510742
1.8747318,62.510742
1.8931551,61.26819
1.9073931,61.26819
1.925838,61.431946
1.9426341,61.431946
1.9597142,61.431946
1.9795223,60.72693
1.9918453,60.72693
2.008402,60.72693
2.0272222,63.144287
2.0423555,63.144287
2.0608125,66.86487
2.0749047,66.86487
2.0939534,68.21936
2.1087306,68.21936
2.125878,63.701477
2.1444426,63.701477
2.1581526,63.701477
2.1778696,68.23035
2.1916022,68.23035
2.214949,67.5426
2.2258384,67.5426
2.241749,67.5426
2.2587924,69.06421
2.284215,69.06421
2.300463,71.6297
2.3100512,71.6297
2.3256948,72.98566
2.343597,72.98566
2.3577137,72.98566
2.3776293,82.96832
2.3918462,82.96832
2.409664,83.34149
2.4257312,83.34149
2.441722,83.34149
2.464619,82.06964
2.4755325,82.06964
2.493804,83.7749
2.509892,83.7749
2.5269883,82.93817
2.5444891,82.93817
2.5592728,82.93817
2.5766182,85.08685
2.592183,85.08685
2.6102276,95.98413
2.626215,95.98413
2.6420615,95.98413
2.6597316,94.10809
2.6760788,94.10809
2.692851,97.493286
2.708713,97.493286
2.725499,99.565796
2.743029,99.565796
2.7588649,99.565796
2.781013,100.561584
2.793728,100.561584
2.8128102,104.19037
2.8246078,104.19037
2.84347,102.58618
2.8591394,102.58618
2.8764381,102.58618
2.89299,105.81824
2.9085476,105.81824
2.9275596,99.97888
2.9461672,99.97888
2.9623184,99.97888
2.977645,100.44678
2.9950695,100.44678
3.0126789,104.84662
3.0264423,104.84662
3.0455914,109.47461
3.06032,109.47461
3.0756903,109.47461
3.0934796,111.46118
3.1086583,111.46118
3.1266992,109.194824
3.1437967,109.194824
3.1600006,109.194824
3.1771076,117.92645
3.1915889,117.92645
3.2109756,122.75781
3.224658,122.75781
3.2421014,122.75781
3.2595043,131.98224
3.2754393,131.98224
3.2939725,131.9715
3.308081,131.9715
3.3244336,141.51898
3.3435912,141.51898
3.3583722,141.51898
3.3774552,139.7826
3.392813,139.7826
3.4118242,134.54333
3.4268568,134.54333
3.4439282,139.67389
3.4590988,139.67389
3.4758523,139.67389
3.493632,158.10443
3.5089211,158.10443
3.5293894,162.42719
3.5420527,162.42719
3.5586624,162.42719
3.5764682,162.5614
3.5920265,162.5614
3.611455,165.16705
3.6254902,165.16705
3.6426337,165.16705
3.6595783,170.08472
3.6761718,170.08472
3.6929095,176.19727
3.7092848,176.19727
3.727444,183.13135
3.7434065,183.13135
3.7596326,183.13135
3.776758,190.25824
3.7918077,190.25824
3.8102453,194.38843
3.8254352,194.38843
3.842158,194.38843
3.859588,197.82458
3.8754327,197.82458
3.8937862,211.18677
3.9079168,211.18677
3.9359345,212.66827
3.9442725,212.66827
3.9594805,212.66827
3.9771981,211.4679
3.9919062,211.4679
4.0107446,216.20721
4.024991,216.20721
4.043684,216.45868
4.0606446,216.45868
4.075898,216.45868
4.094334,218.34656
4.1102552,218.34656
4.127691,220.42981
4.1436477,220.42981
4.1599975,220.42981
4.1776648,224.06549
4.192733,224.06549
4.2138095,218.65735
4.2262406,218.65735
4.2452035,224.98529
4.2604923,224.98529
4.276565,224.98529
4.2977276,228.3628
4.3091397,228.3628
4.325756,232.068
4.343697,232.068
4.359496,232.068
4.3779774,232.7981
4.393218,232.7981
4.411958,234.56415
4.4264565,234.56415
4.4422235,234.56415
4.4594193,235.32245
4.477555,235.32245
4.4981985,239.14478
4.510625,239.14478
4.525785,240.41968
4.544468,240.41968
4.559084,240.41968
4.5802517,242.98706
4.5932813,242.98706
4.611382,245.81519
4.6278605,245.81519
4.6498246,245.81519
4.6609654,243.24225
4.676556,243.24225
4.6948133,249.0733
4.732646,245.19153
4.7474456,245.19153
4.7649364,245.7569
4.77758,245.7569
4.7931175,245.7569
4.8091106,245.73761
4.8252907,245.73761
4.8413744,245.73761
4.8598003,245.86523
4.8753653,245.86523
4.892777,242.59161
4.90898,242.59161
4.926445,244.13708
4.9416795,244.13708
4.9582267,244.13708
4.9765778,241.34717
4.9916863,241.34717
5.0093527,244.50153
5.0247755,244.50153
5.0635095,240.92749
5.0925236,240.92749
5.1036253,247.98175
5.1179385,247.98175
5.1345153,245.4491
5.1504846,245.4491
5.168223,245.9798
5.184241,245.9798
5.199703,245.9798
5.2181263,246.23389
5.2336826,246.23389
5.2505465,248.80896
5.2675443,248.80896
5.283929,250.01538
5.302431,250.01538
5.316355,250.01538
5.337048,250.67163
5.3529224,250.67163
5.3723474,247.86768
5.383605,247.86768
5.400746,247.86768
5.419387,245.54822
5.4323015,245.54822
5.455788,245.74725
5.4705176,245.74725
5.485161,246.64917
5.5014462,246.64917
5.5167327,246.64917
5.535916,244.61774
5.5512543,244.61774
5.5683837,246.78503
5.584371,246.78503
5.6001406,246.78503
5.618544,246.60956
5.6344004,246.60956
5.6521106,244.59955
5.6677556,244.59955
5.6840444,245.56421
5.7002473,245.56421
5.7165294,245.56421
5.7364907,250.93909
5.7502656,250.93909
5.7826767,248.45898
5.7959943,248.45898
5.8095827,245.706
5.8244514,245.706
5.8405485,245.706
5.858969,243.50702
5.877242,243.50702
5.894347,246.18195
5.9068317,246.18195
5.928345,244.52094
5.9429126,244.52094
5.9590106,244.52094
5.9765844,244.19452
5.9902625,244.19452
6.0093503,246.84851
6.0245633,246.84851
6.0419483,246.84851
6.059565,243.64136
6.0756474,243.64136
6.096578,246.37433
6.1087523,246.37433
6.1265087,242.14966
6.1429667,242.14966
6.1578517,242.14966
6.1770363,242.2013
6.1912994,242.2013
6.2123485,240.99634
6.225356,240.99634
6.241087,240.99634
6.259278,242.26263
6.275215,242.26263
6.29267,240.04095
6.308006,240.04095
6.33218,237.39899
6.3441696,237.39899
6.3575525,237.39899
6.377132,238.22241
6.392047,238.22241
6.4079947,238.02563
6.425181,238.02563
6.4411955,238.02563
6.4608655,242.8836
6.486193,242.8836
6.4987063,243.27301
6.510159,243.27301
6.5270905,244.78351
6.547106,244.78351
6.560979,244.78351
6.581302,241.50122
6.592774,241.50122
6.6128426,243.89502
6.6265326,243.89502
6.6440663,240.78131
6.660756,240.78131
6.676644,240.78131
6.6936626,245.45752
6.7100806,245.45752
6.726035,245.15247
6.7436337,245.15247
6.7594247,245.15247
6.7818384,246.17828
6.794256,246.17828
6.8108506,246.80212
6.826629,246.80212
6.843821,242.182
6.860567,242.182
6.877398,242.182
6.8948236,242.19067
6.9100227,242.19067
6.9282055,246.0415
6.9434233,246.0415
6.960194,246.0415
6.9780993,246.75092
6.993433,246.75092
7.0110626,244.88965
7.026558,244.88965
7.0443797,241.62018
7.0595927,241.62018
7.076909,241.62018
7.0939174,241.62018
7.108743,241.62018
7.1303506,242.87207
7.1449385,242.87207
7.159916,242.87207
7.1775484,242.27148
7.1939797,242.27148
7.211528,244.70166
7.226197,244.70166
7.243796,240.35321
7.260642,240.35321
7.27626,240.35321
7.2956924,239.60889
7.31019,239.60889
7.330095,244.59613
7.345497,244.59613
7.3598537,244.59613
7.378521,251.36584
7.3934703,251.36584
7.4141326,247.49152
7.4275565,247.49152
7.44498,247.33759
7.464418,247.33759
7.4816365,247.33759
7.506097,246.55707
7.521516,246.55707
7.541026,243.65723
7.5555067,243.65723
7.5700564,244.3753
7.589524,244.3753
7.6021185,244.3753
7.6202817,239.41626
7.634635,239.41626
7.6562777,245.31207
7.668349,245.31207
7.6860046,244.46887
7.70262,244.46887
7.718777,244.46887
7.736991,243.4173
7.7530103,243.4173
7.7696238,246.16797
7.785016,246.16797
7.801665,246.16797
7.8198786,242.82477
7.8338614,242.82477
7.8531713,243.41748
7.8677254,243.41748
7.8849306,243.57861
7.9029164,243.57861
7.919592,243.57861
7.941102,242.32306
7.952092,242.32306
7.97031,241.43768
7.987972,241.43768
8.001359,241.43768
8.019498,235.19427
8.035379,235.19427
8.052238,240.10498
8.068577,240.10498
8.084315,238.75757
8.102065,238.75757
8.118553,238.75757
8.135203,239.33832
8.152563,239.33832
8.168892,236.83423
8.185255,236.83423
8.201017,236.83423
8.2197895,233.38892
8.235118,233.38892
8.252299,235.05353
8.267246,235.05353
8.285631,234.45483
8.3023205,234.45483
8.318589,234.45483
8.335168,235.76404
8.35218,235.76404
8.3702,230.67413
8.385252,230.67413
8.405063,227.94818
8.41799,227.94818
8.435317,227.94818
8.453258,233.84918
8.467535,233.84918
8.484095,232.53467
8.501385,232.53467
8.518747,232.53467
8.536409,230.55194
8.551163,230.55194
8.569725,227.992
8.583837,227.992
8.601005,227.992
8.619343,224.02936
8.6337805,224.02936
8.652144,223.11273
8.667231,223.11273
8.683867,223.25153
8.701803,223.25153
8.71765,223.25153
8.735611,223.4013
8.750831,223.4013
8.768576,219.91602
8.784608,219.91602
8.806762,219.91602
8.821642,224.01282
8.834675,224.01282
8.851458,222.31213
8.866762,222.31213
8.88479,220.18256
8.902672,220.18256
8.9177685,220.18256
8.937376,223.68903
8.950668,223.68903
8.968661,220.2077
8.983846,220.2077
9.000465,220.2077
9.01996,222.21405
9.034575,222.21405
9.052162,220.53632
9.06752,220.53632
9.10047,217.03375
9.113569,217.03375
9.131005,217.57458
9.144064,217.57458
9.158115,217.57458
9.177024,217.79108
9.193077,217.79108
9.213564,210.16516
9.226737,210.16516
9.242057,210.16516
9.260783,210.99481
9.275839,210.99481
9.29426,214.98053
9.308174,214.98053
9.325687,209.61475
9.343531,209.61475
9.359272,209.61475
9.3781,210.20764
9.39197,210.20764
9.4102955,209.35352
9.426325,209.35352
9.442563,209.35352
9.460609,209.15234
9.476248,209.15234
9.494135,210.01239
9.509489,210.01239
9.527004,206.86383
9.5447445,206.86383
9.559941,206.86383
9.577786,207.98792
9.592284,207.98792
9.610883,204.41235
9.626669,204.41235
9.643648,204.9607
9.660598,204.9607
9.67557,204.9607
9.694088,203.83716
9.710614,203.83716
9.726277,198.29822
9.742805,198.29822
9.760043,198.29822
9.7779665,199.07153
9.792127,199.07153
9.809062,200.23041
9.8257675,200.23041
9.843291,197.02063
9.860438,197.02063
9.876198,197.02063
9.894426,193.7351
9.908586,193.7351
9.927991,195.15137
9.9430485,195.15137
9.960019,195.15137
9.9763975,190.71991
9.992472,190.71991
10.010166,190.60541
10.025186,190.60541
10.05665,190.3175
10.070132,190.3175
10.082906,190.3175
10.0996685,188.6604
10.114811,188.6604
10.133024,184.09161
10.148245,184.09161
10.1669235,185.56982
10.182467,185.56982
10.198617,185.56982
10.216656,185.17957
10.23186,185.17957
10.249645,182.90729
10.264546,182.90729
10.282049,182.90729
10.298663,188.80573
10.315597,188.80573
10.333937,186.69879
10.348226,186.69879
10.365688,184.72656
10.382308,184.72656
10.398093,184.72656
10.416022,183.02441
10.452172,184.99744
10.468425,184.99744
10.480755,184.99744
10.496735,182.456
10.511215,182.456
10.531744,182.49854
10.544203,182.49854
10.561872,182.49854
10.578902,180.32874
10.593983,180.32874
10.612219,178.93994
10.629889,178.93994
10.64419,180.99347
10.66243,180.99347
10.678374,180.99347
10.69636,179.56366
10.71165,179.56366
10.729562,179.6128
10.744616,179.6128
10.7595005,179.6128
10.77932,180.50592
10.797593,180.50592
10.811617,179.57318
10.826703,179.57318
10.845859,181.4273
10.861417,181.4273
10.877169,181.4273
10.895405,180.61267
10.910085,180.61267
10.929384,183.73956
10.943153,183.73956
10.960943,183.73956
10.978653,183.55463
10.994919,183.55463
11.012734,182.91675
11.026549,182.91675
11.045855,181.31238
11.0611515,181.31238
11.07867,181.31238
11.09768,180.61438
11.110445,180.61438
11.127519,176.53839
11.145487,176.53839
11.161202,176.53839
11.18096,176.03851
11.194356,176.03851
11.214838,176.89355
11.227709,176.89355
11.245189,178.6156
11.262156,178.6156
11.27834,178.6156
11.296994,179.22198
11.311549,179.22198
11.331425,182.28778
11.344459,182.28778
11.361368,182.28778
11.378275,179.36542
11.393385,179.36542
11.412835,181.79388
11.427409,181.79388
11.443958,179.74579
11.462208,179.74579
11.477752,179.74579
11.495548,179.98358
11.51049,179.98358
11.531162,177.3695
11.544334,177.3695
11.561456,177.3695
11.57837,181.59601
11.594088,181.59601
11.611349,182.25409
11.627437,182.25409
11.644298,180.44049
11.660837,180.44049
11.678086,180.44049
11.695801,181.63708
11.711015,181.63708
11.728979,181.61737
11.744094,181.61737
11.761095,181.61737
11.7826605,180.66644
11.794871,180.66644
11.812605,179.79553
11.828714,179.79553
11.845005,177.34204
11.863565,177.34204
11.877678,177.34204
11.895135,178.30725
11.9108715,178.30725
11.929233,175.50317
11.944086,175.50317
11.961021,175.50317
11.9785385,180.25232
11.994582,180.25232
12.012346,178.0307
12.0268955,178.0307
12.04502,177.21576
12.06277,177.21576
12.07771,177.21576
12.0952215,177.39752
12.110016,177.39752
12.130618,177.74463
12.144508,177.74463
12.160575,177.74463
12.179516,179.62854
12.193801,179.62854
12.212408,178.46124
12.227649,178.46124
12.243824,175.35565
12.26149,175.35565
12.278021,175.35565
12.29573,176.59088
12.310726,176.59088
12.328508,178.15167
12.344592,178.15167
12.361009,178.15167
12.378903,181.59064
12.393874,181.59064
12.411922,180.156
12.427348,180.156
12.444284,182.2373
12.463199,182.2373
12.477862,182.2373
12.498089,178.97052
12.511801,178.97052
12.531737,176.9021
12.544601,176.9021
12.560795,176.9021
12.579514,172.59662
12.594501,172.59662
12.612095,174.51636
12.628158,174.51636
12.644424,173.15698
12.662064,173.15698
12.678249,173.15698
12.694269,171.78906
12.711204,171.78906
12.731286,174.85107
12.743461,174.85107
12.760855,174.85107
12.777625,175.69818
12.794337,175.69818
12.8118925,171.6308
12.82824,171.6308
12.843493,175.26678
12.861038,175.26678
12.877213,175.26678
12.895832,176.74738
12.912032,176.74738
12.932223,177.45105
12.944416,177.45105
12.961043,177.45105
12.978675,177.38806
12.994813,177.38806
13.014364,176.724
13.026466,176.724
13.044434,175.80334
13.062374,175.80334
13.077423,175.80334
13.095652,173.58026
13.111148,173.58026
13.129851,172.78955
13.144504,172.78955
13.161271,172.78955
13.179289,178.44232
13.194601,178.44232
13.212655,175.6781
13.227043,175.6781
13.245121,179.26312
13.261395,179.26312
13.27691,179.26312
13.296818,175.60925
13.311993,175.60925
13.331059,176.4289
13.344068,176.4289
13.359909,176.4289
13.379791,180.57922
13.403111,180.57922
13.415236,176.62091
13.427927,176.62091
13.445455,176.12201
13.462852,176.12201
13.477964,176.12201
13.495212,177.82867
13.511417,177.82867
13.532437,177.77454
13.544497,177.77454
13.561306,177.77454
13.578073,177.78064
13.593088,177.78064
13.612284,178.66687
13.628491,178.66687
13.644022,178.27008
13.661796,178.27008
13.6784115,178.27008
13.695374,178.4776
13.710564,178.4776
13.731713,181.70123
13.744049,181.70123
13.760992,181.70123
13.779727,181.59412
13.798389,181.59412
13.814981,183.59656
13.828734,183.59656
13.843955,183.05164
13.862478,183.05164
13.877999,183.05164
13.895751,184.41406
13.911702,184.41406
13.92904,184.57745
13.945219,184.57745
13.960753,184.57745
13.9783535,186.9654
13.99392,186.9654
14.012545,186.1911
14.028122,186.1911
14.045817,186.43872
14.062776,186.43872
14.07768,186.43872
14.096551,186.50854
14.110405,186.50854
14.127869,192.05048
14.145517,192.05048
14.160909,192.05048
14.180519,190.98804
14.195674,190.98804
14.216086,191.98718
14.228824,191.98718
14.244142,188.69733
14.261012,188.69733
14.277303,188.69733
14.295095,192.35217
14.311021,192.35217
14.328984,193.56366
14.34473,193.56366
14.361849,193.56366
14.378903,194.17023
14.393715,194.17023
14.412582,195.52362
14.427681,195.52362
14.444385,198.08008
14.463276,198.08008
14.477734,198.08008
14.495433,197.4115
14.5116,197.4115
14.528206,200.4458
14.545724,200.4458
14.56026,200.4458
14.578431,201.97601
14.593821,201.97601
14.612066,202.169
14.62802,202.169
14.64411,203.9975
14.661837,203.9975
14.677488,203.9975
14.695723,199.8747
14.71096,199.8747
14.730419,202.45789
14.743648,202.45789
14.761764,202.45789
14.779578,204.03772
14.795918,204.03772
14.81082,206.4541
14.82819,206.4541
14.846454,207.15405
14.862199,207.15405
14.878756,207.15405
14.89453,205.81836
14.910359,205.81836
14.930039,209.55695
14.94497,209.55695
14.961291,209.55695
14.978396,209.69958
14.9943,209.69958
15.011819,209.05621
15.027777,209.05621
15.045685,213.42242
15.060874,213.42242
15.078069,213.42242
15.095366,213.87769
15.111112,213.87769
15.1298275,211.5434
15.144693,211.5434
15.161926,211.5434
15.179601,212.84338
15.194645,212.84338
15.212318,212.81952
15.227314,212.81952
15.244577,220.38934
15.261777,220.38934
15.278181,220.38934
15.296173,217.6673
15.310353,217.6673
15.329523,221.46375
15.344829,221.46375
15.361007,221.46375
15.379079,221.04663
15.393142,221.04663
15.412225,223.32983
15.428565,223.32983
15.444165,224.13452
15.463335,224.13452
15.478156,224.13452
15.49593,225.6839
15.511403,225.6839
15.5299,226.2326
15.544408,226.2326
15.560488,226.2326
15.578357,226.05103
15.594101,226.05103
15.612164,228.0636
15.62832,228.0636
15.644165,231.07556
15.661117,231.07556
15.677808,231.07556
15.695689,229.84338
15.711891,229.84338
15.732938,233.33588
15.743763,233.33588
15.762018,233.33588
15.779244,232.06335
15.794786,232.06335
15.812074,235.7005
15.828758,235.7005
15.847163,232.88916
15.861763,232.88916
15.877648,232.88916
15.894963,235.23431
15.909847,235.23431
15.932398,232.00409
15.943764,232.00409
15.962038,232.00409
15.979306,237.00848
15.995527,237.00848
16.0126,234.8349
16.028454,234.8349
16.04496,239.05011
16.06107,239.05011
16.078316,239.05011
16.095652,238.81073
16.111399,238.81073
16.129425,240.72766
16.144741,240.72766
16.161747,240.72766
16.179245,241.98175
16.194315,241.98175
16.215832,244.89343
16.227917,244.89343
16.245144,240.5448
16.26179,240.5448
16.2779,240.5448
16.29609,245.39264
16.310984,245.39264
16.332924,244.29407
16.34485,244.29407
16.36142,244.29407
16.381926,244.91388
16.395855,244.91388
16.4126,246.84998
16.427711,246.84998
16.444695,247.11511
16.46253,247.11511
16.478424,247.11511
16.499008,246.56732
16.514122,246.56732
16.5317,246.56732
16.54985,246.1062
16.56462,245.32513
16.58049,245.32513
16.594484,245.32513
16.612276,248.68585
16.628813,248.68585
16.645287,247.92413
16.661999,247.92413
16.678738,247.92413
16.695557,246.15515
16.710796,246.15515
16.732338,246.6565
16.743607,246.6565
16.761879,246.6565
16.778698,251.2652
16.794607,251.2652
16.812452,247.52039
16.827988,247.52039
16.845259,246.58746
16.861078,246.58746
16.877354,246.58746
16.896103,249.89313
16.91181,249.89313
16.92874,245.15546
16.94477,245.15546
16.961657,245.15546
16.979704,243.14056
16.99486,243.14056
17.011787,247.99347
17.02777,247.99347
17.045856,245.04443
17.061602,245.04443
17.07796,245.04443
17.09618,244.32385
17.110542,244.32385
17.13019,245.00989
17.144573,245.00989
17.162064,245.00989
17.17998,248.22485
17.194567,248.22485
17.212479,249.77594
17.227266,249.77594
17.245617,244.44562
17.261255,244.44562
17.278034,244.44562
17.296679,242.32727
17.310274,242.32727
17.328997,245.6596
17.3447,245.6596
17.360487,245.6596
17.382288,239.50671
17.393072,239.50671
17.41517,242.03436
17.428244,242.03436
17.44414,239.55548
17.462357,239.55548
17.477306,239.55548
17.497147,241.75366
17.510921,241.75366
17.53242,239.17798
17.54579,239.17798
17.561647,239.17798
17.579481,238.02258
17.594355,238.02258
17.612303,242.867
17.627375,242.867
17.644272,243.80371
17.66259,243.80371
17.678185,243.80371
17.696045,237.00287
17.71233,237.00287
17.729979,237.29785
17.744146,237.29785
17.760847,237.29785
17.77903,236.4209
17.795137,236.4209
17.81315,236.12433
17.827452,236.12433
17.843737,234.57324
17.862442,234.57324
17.87895,234.57324
17.895,233.40051
17.91099,233.40051
17.92893,231.59601
17.94462,231.59601
17.960646,231.59601
17.978685,236.26953
17.994633,236.26953
18.011497,234.47882
18.028124,234.47882
18.044218,237.00311
18.061556,237.00311
18.077772,237.00311
18.095856,230.4206
18.111044,230.4206
18.131023,235.77905
18.143833,235.77905
18.160631,235.77905
18.1798,232.13824
18.194408,232.13824
18.211727,238.06055
18.226883,238.06055
18.244543,227.68323
18.261774,227.68323
18.277325,227.68323
18.296099,229.02557
18.310806,229.02557
18.32904,227.03363
18.344807,227.03363
18.362337,227.03363
18.379921,225.1416
18.395948,225.1416
18.412683,225.3407
18.428753,225.3407
18.448019,226.15375
18.461884,226.15375
18.478474,226.15375
18.495901,225.67395
18.511501,225.67395
18.528854,225.91766
18.545258,225.91766
18.561098,225.91766
18.578892,229.22253
18.594465,229.22253
18.612576,229.82013
18.62863,229.82013
18.64418,228.26099
18.660366,228.26099
18.678473,228.26099
18.697832,226.34198
18.711794,226.34198
18.731182,227.95258
18.745317,227.95258
18.76123,227.95258
18.778149,232.46729
18.795769,232.46729
18.813097,231.75995
18.827114,231.75995
18.844582,228.79132
18.861712,228.79132
18.877266,228.79132
18.895931,228.78754
18.911072,228.78754
18.928167,227.93811
18.945158,227.93811
18.975723,226.9765
18.988827,226.9765
18.999792,226.9765
19.01878,226.81482
19.034357,226.81482
19.050674,223.89386
19.066092,223.89386
19.084248,223.5658
19.101217,223.5658
19.117407,223.5658
19.138903,219.23505
19.148916,219.23505
19.172146,222.45734
19.186964,222.45734
19.202436,222.45734
19.218994,223.56848
19.234022,223.56848
19.254765,224.58533
19.267822,224.58533
19.28399,220.29376
19.301294,220.29376
19.316463,220.29376
19.335825,223.0539
19.351269,223.0539
19.368921,217.06592
19.382057,217.06592
19.399076,217.06592
19.41836,224.1767
19.43324,224.1767
19.454973,219.71063
19.466976,219.71063
19.483683,219.08173
19.502161,219.08173
19.516155,219.08173
19.536303,218.78687
19.550901,218.78687
19.572104,214.03113
19.584167,214.03113
19.601418,214.03113
19.617733,218.46423
19.633844,218.46423
19.651834,217.92291
19.665592,217.92291
19.684414,216.52692
19.701786,216.52692
19.716774,216.52692
19.735703,212.68738
19.750832,212.68738
19.770153,211.34924
19.785086,211.34924
19.80386,215.20007
19.819565,215.20007
19.833527,215.20007
19.855024,212.9065
19.86726,212.9065
19.884783,213.01782
19.902739,213.01782
19.91711,213.01782
19.933924,209.0044
19.949001,209.0044
19.96788,218.82397
19.98315,218.82397
20.001303,218.82397
20.018742,217.92035
20.03463,217.92035
20.050865,218.93036
20.066568,218.93036
20.083256,214.60303
20.099627,214.60303
20.118128,214.60303
20.133772,219.01233
20.149889,219.01233
20.168428,208.08148
20.183584,208.08148
20.199533,208.08148
20.217434,204.67365
20.23242,204.67365
20.251461,210.57288
20.26668,210.57288
20.282896,210.57288
20.301243,206.44714
20.318346,206.44714
20.33886,216.58606
20.352856,216.58606
20.371992,216.57056
20.383493,216.57056
20.400738,216.57056
20.421345,200.90875
20.434547,200.90875
20.453123,208.64404
20.468597,208.64404
20.485088,210.86633
20.501596,210.86633
20.51787,210.86633
20.535805,195.22614
20.549816,195.22614
20.569218,199.7539
20.58381,199.7539
20.599874,199.7539
20.619617,204.21991
20.633688,204.21991
20.65555,195.32104
20.666704,195.32104
20.684687,194.74677
20.702072,194.74677
20.718138,194.74677
20.73638,190.00983
20.752354,190.00983
20.768291,192.82275
20.785631,192.82275
20.80069,192.82275
20.818558,190.76196
20.833927,190.76196
20.853054,194.6289
20.867416,194.6289
20.884134,185.21948
20.9025,185.21948
20.917751,185.21948
20.937237,195.65253
20.95015,195.65253
20.97084,200.06323
20.983965,200.06323
21.002079,200.06323
21.018137,198.4972
21.032883,198.4972
21.050562,195.91797
21.065979,195.91797
21.083689,191.5769
21.101038,191.5769
21.117477,191.5769
21.13799,190.12286
21.150707,190.12286
21.166786,171.2782
21.185507,171.2782
21.19995,171.2782
21.218098,171.7445
21.233114,171.7445
21.252348,184.0708
21.266792,184.0708
21.284462,166.37189
21.30068,166.37189
21.318348,166.37189
21.336622,182.8653
21.350367,182.8653
21.368414,184.04572
21.383818,184.04572
21.399693,184.04572
21.418274,190.41455
21.43484,190.41455
21.450636,176.66711
21.467823,176.66711
21.485035,174.63892
21.50029,174.63892
21.516718,174.63892
21.534033,175.14478
21.549473,175.14478
21.569437,177.198
21.584154,177.198
21.600384,177.198
21.618591,177.49298
21.634354,177.49298
21.651321,155.8067
21.66616,155.8067
21.684408,162.9627
21.701763,162.9627
21.71716,162.9627
21.736769,173.42657
21.751335,173.42657
21.773727,185.11212
21.784607,185.11212
21.8009,185.11212
21.818266,179.63434
21.833914,179.63434
21.850904,174.67963
21.867205,174.67963
21.883545,193.44946
21.901485,193.44946
21.91767,193.44946
21.934267,177.66644
21.949347,177.66644
21.970873,181.44684
21.985502,181.44684
21.999182,181.44684
22.019197,183.93286
22.035019,183.93286
22.051867,176.76447
22.068264,176.76447
22.083654,184.36932
22.100445,184.36932
22.117567,184.36932
22.136333,167.67725
22.150354,167.67725
22.167475,167.25488
22.182535,167.25488
22.200306,167.25488
22.21868,173.78839
22.234182,173.78839
22.254698,166.2619
22.267725,166.2619
22.284962,166.61243
22.302584,166.61243
22.317738,166.61243
22.337725,174.80328
22.354496,174.80328
22.370432,178.16211
22.384708,178.16211
22.401215,178.16211
22.417612,172.4815
22.433983,172.4815
22.452026,174.6065
22.466791,174.6065
22.48542,164.10748
22.501461,164.10748
22.51792,164.10748
22.535141,176.65161
22.550879,176.65161
22.568872,173.5166
22.582722,173.5166
22.600622,173.5166
22.621752,160.75922
22.634731,160.75922
22.651686,155.78809
22.666578,155.78809
22.683546,150.68732
22.702892,150.68732
22.717295,150.68732
22.735935,156.42181
22.750153,156.42181
22.767664,149.63153
22.784079,149.63153
22.8001,149.63153
22.81828,147.0326
22.833855,147.0326
22.852905,149.84357
22.86757,149.84357
22.884047,147.84235
22.902294,147.84235
22.916819,147.84235
22.93594,151.26257
22.95068,151.26257
22.967999,145.4032
22.983273,145.4032
23.000711,145.4032
23.018127,163.44794
23.033733,163.44794
23.051228,155.9599
23.066435,155.9599
23.085903,162.09521
23.101192,162.09521
23.118504,162.09521
23.13497,163.1576
23.150414,163.1576
23.169188,153.90863
23.18311,153.90863
23.201485,153.90863
23.221048,152.53339
23.233072,152.53339
23.251892,155.73401
23.271313,155.73401
23.284737,155.22266
23.300861,155.22266
23.3156,155.22266
23.335022,151.39984
23.350367,151.39984
23.368977,153.02911
23.384787,153.02911
23.40198,153.02911
23.419178,152.50208
23.434925,152.50208
23.450993,150.13635
23.46629,150.13635
23.484415,144.3805
23.50135,144.3805
23.518518,144.3805
23.53619,141.92072
23.550655,141.92072
23.56829,142.19373
23.584087,142.19373
23.600212,142.19373
23.618433,147.88098
23.63411,147.88098
23.652565,151.281
23.667036,151.281
23.68426,148.67578
23.701391,148.67578
23.7163,148.67578
23.73547,147.55054
23.748941,147.55054
23.767986,148.57959
23.78362,148.57959
23.800272,148.57959
23.818394,154.16492
23.833967,154.16492
23.852345,153.42633
23.865898,153.42633
23.883863,148.7337
23.901266,148.7337
23.91731,148.7337
23.93585,149.73462
23.951315,149.73462
23.967777,150.42444
23.983036,150.42444
24.001148,150.42444
24.01884,148.57239
24.034954,148.57239
24.051682,149.505
24.067461,149.505
24.0838,139.21777
24.100693,139.21777
24.117403,139.21777
24.13509,145.79218
24.151451,145.79218
24.168863,143.61688
24.184608,143.61688
24.200956,143.61688
24.218737,152.27808
24.234957,152.27808
24.255035,149.09045
24.267326,149.09045
24.284908,144.85297
24.300224,144.85297
24.316462,144.85297
24.337708,151.8761
24.349611,151.8761
24.367579,151.4198
24.38366,151.4198
24.399696,151.4198
24.418549,147.10968
24.433678,147.10968
24.451565,146.9544
24.46795,146.9544
24.483719,147.68561
24.500753,147.68561
24.518116,147.68561
24.535528,142.7099
24.55015,142.7099
24.568077,142.90405
24.584091,142.90405
24.600912,142.90405
24.619022,144.35553
24.632906,144.35553
24.656559,142.69104
24.666151,142.69104
24.689892,149.76459
24.703892,149.76459
24.717161,149.76459
24.736618,147.65997
24.750277,147.65997
24.76857,142.03784
24.784807,142.03784
24.80062,142.03784
24.818754,142.32611
24.834429,142.32611
24.851725,152.29822
24.86661,152.29822
24.883648,143.52441
24.900532,143.52441
24.91718,143.52441
24.935654,157.10754
24.94941,157.10754
24.968271,143.48596
24.984226,143.48596
24.999609,143.48596
25.019405,144.82855
25.034544,144.82855
25.052101,147.6651
25.068329,147.6651
25.085407,146.922
25.102156,146.922
25.11771,146.922
25.135414,142.3006
25.149572,142.3006
25.16871,145.80505
25.184238,145.80505
25.204035,147.07599
25.219204,147.07599
25.234547,147.07599
25.254461,146.85712
25.267517,146.85712
25.28419,151.1112
25.302385,151.1112
25.316572,151.1112
25.335993,150.75885
25.351055,150.75885
25.368584,142.57648
25.38367,142.57648
25.400883,142.57648
25.418074,144.29675
25.43416,144.29675
25.451267,146.5675
25.468489,146.5675
25.48534,136.32819
25.502588,136.32819
25.517136,136.32819
25.53829,139.2309
25.550583,139.2309
25.571335,144.83447
25.582884,144.83447
25.59976,144.83447
25.62235,147.05804
25.632711,147.05804
25.651054,146.30835
25.666147,146.30835
25.683828,145.44928
25.701836,145.44928
25.71837,145.44928
25.734432,152.84882
25.750618,152.84882
25.767942,154.60431
25.783743,154.60431
25.800226,154.60431
25.820425,153.53436
25.833866,153.53436
25.851068,154.42932
25.867443,154.42932
25.883455,147.44617
25.900991,147.44617
25.917261,147.44617
25.935776,150.71924
25.951021,150.71924
25.970423,148.15717
25.985445,148.15717
26.0003,148.15717
26.019125,144.24854
26.03333,144.24854
26.051102,146.84723
26.06843,146.84723
26.0876,152.95349
26.10231,152.95349
26.116701,152.95349
26.139652,150.58008
26.150387,150.58008
26.169182,155.107
26.183447,155.107
26.201118,155.107
26.218292,143.57727
26.234589,143.57727
26.251814,147.57281
26.267214,147.57281
26.28626,153.02655
26.301195,153.02655
26.317802,153.02655
26.335073,151.9632
26.35131,151.9632
26.366486,161.09607
26.38527,161.09607
26.40166,161.09607
26.418844,156.5788
26.435966,156.5788
26.45346,155.00903
26.467163,155.00903
26.48462,156.2633
26.501226,156.2633
26.518112,156.2633
26.53554,156.20593
26.54905,156.20593
26.571724,160.51105
26.58397,160.51105
26.601316,160.51105
26.622396,164.19562
26.634876,164.19562
26.654198,164.03143
26.668152,164.03143
26.68489,176.91046
26.701876,176.91046
26.718237,176.91046
26.735918,167.98242
26.75101,167.98242
26.76769,173.78217
26.782848,173.78217
26.800432,173.78217
26.819414,173.54968
26.83502,173.54968
26.85273,175.4721
26.866858,175.4721
26.883945,182.93427
26.903475,182.93427
26.917795,182.93427
26.937206,161.34705
26.952158,161.34705
26.971548,163.4646
26.984312,163.4646
27.001326,163.4646
27.020197,176.4237
27.035408,176.4237
27.050259,173.83197
27.067389,173.83197
27.084312,178.99744
27.102316,178.99744
27.118168,178.99744
27.137236,181.9306
27.149836,181.9306
27.167809,175.88055
27.184008,175.88055
27.19993,175.88055
27.217682,184.26971
27.235262,184.26971
27.250465,178.09235
27.291779,178.09235
27.313974,186.25659
27.32,186.25659
27.340569,190.08606
27.355198,190.08606
27.373362,187.11261
27.388063,187.11261
27.404339,168.76117
27.423157,168.76117
27.437244,168.76117
27.455885,184.74597
27.471195,184.74597
27.489828,174.07343
27.504051,174.07343
27.524931,174.60907
27.538721,174.60907
27.554178,174.60907
27.57333,185.04987
27.586939,185.04987
27.606037,188.27014
27.622116,188.27014
27.637865,188.27014
27.65788,192.9599
27.672653,192.9599
27.696043,193.56262
27.706585,193.56262
27.72268,193.56262
27.739622,196.26245
27.755754,196.26245
27.773869,199.0152
27.787971,199.0152
27.805225,191.97589
27.822258,191.97589
27.837816,191.97589
27.855919,188.40619
27.872776,188.40619
27.889957,186.89435
27.905039,186.89435
27.922064,186.89435
27.940733,189.53278
27.954853,189.53278
27.973564,185.39221
28.005112,185.39221
28.018692,185.43591
28.031168,185.43591
28.048866,187.05048
28.062979,187.05048
28.07937,187.05048
28.098347,198.38019
28.114014,198.38019
28.135355,186.30695
28.147297,186.30695
28.165976,195.75555
28.182383,195.75555
28.197834,195.75555
28.21489,194.05994
28.231047,194.05994
28.250904,197.63434
28.264622,197.63434
28.280518,197.63434
28.297567,193.06549
28.312862,193.06549
28.33142,194.35223
28.34707,194.35223
28.364222,202.66187
28.380419,202.66187
28.3976,202.66187
28.414787,195.11334
28.430292,195.11334
28.448442,213.93567
28.461967,213.93567
28.480251,213.93567
28.499159,209.83887
28.51247,209.83887
28.531273,208.6792
28.546747,208.6792
28.562479,208.6792
28.581278,204.17676
28.59657,204.17676
28.614199,207.07703
28.630356,207.07703
28.651943,207.00232
28.664402,207.00232
28.679205,207.00232
28.698486,206.8562
28.713358,206.8562
28.731264,202.578
28.747278,202.578
28.764046,203.83698
28.782513,203.83698
28.79718,203.83698
28.814808,201.2204
28.829767,201.2204
28.850895,205.18323
28.864182,205.18323
28.879976,205.18323
28.898243,206.2356
28.914034,206.2356
28.931845,216.29163
28.948513,216.29163
28.963926,217.06573
28.980465,217.06573
28.997168,217.06573
29.01507,208.41296
29.030008,208.41296
29.046944,199.39514
29.063837,199.39514
29.081102,199.39514
29.098211,213.30493
29.11417,213.30493
29.130901,211.92554
29.146776,211.92554
29.163046,211.92554
29.181673,207.64691
29.199732,207.64691
29.21796,210.35095
29.230503,210.35095
29.247103,204.79956
29.26398,204.79956
29.27999,204.79956
29.298416,207.40027
29.317036,207.40027
29.330744,215.98138
29.347141,215.98138
29.363682,206.22119
29.381311,206.22119
29.397438,206.22119
29.413515,207.66327
29.430632,207.66327
29.447927,213.88782
29.46294,213.88782
29.479578,213.88782
29.49902,202.13904
29.513683,202.13904
29.531872,209.875
29.54674,209.875
29.563152,207.89642
29.580051,207.89642
29.597326,207.89642
29.613005,212.57056
29.631054,212.57056
29.647224,198.77594
29.663363,198.77594
29.679657,198.77594
29.698792,194.98883
29.713564,194.98883
29.733812,201.79651
29.747421,201.79651
29.764849,203.65851
29.781683,203.65851
29.797403,203.65851
29.814806,201.65399
29.830418,201.65399
29.852345,204.08191
29.863222,204.08191
29.882105,204.08191
29.898539,210.24573
29.913488,210.24573
29.934307,205.018
29.94765,205.018
29.96347,207.2832
29.980965,207.2832
29.996761,207.2832
30.01569,202.0315
30.031696,202.0315
30.05217,207.5592
30.062992,207.5592
30.079191,207.5592
30.098053,199.29108
30.113214,199.29108
30.132093,202.19794
30.147217,202.19794
30.164928,201.12512
30.181892,201.12512
30.198015,201.12512
30.21489,207.37024
30.229828,207.37024
30.246119,195.51984
30.2633,195.51984
30.279207,195.51984
30.298565,199.58978
30.312466,199.58978
30.330734,195.48022
30.347134,195.48022
30.36399,200.25073
30.380661,200.25073
30.396988,200.25073
30.414888,200.0924
30.429796,200.0924
30.447638,195.12598
30.463003,195.12598
30.47971,195.12598
30.499039,190.9295
30.514091,190.9295
30.531574,216.50934
30.546768,216.50934
30.563509,194.04944
30.581043,194.04944
30.59626,194.04944
30.615173,209.86713
30.629238,209.86713
30.649094,209.11725
30.663265,209.11725
30.680326,209.11725
30.69832,188.19159
30.71388,188.19159
30.735004,196.18207
30.747355,196.18207
30.763699,194.19678
30.780167,194.19678
30.797104,194.19678
30.81537,198.31097
30.829443,198.31097
30.849564,191.58154
30.864693,191.58154
30.880508,191.58154
30.898197,194.65228
30.913908,194.65228
30.930723,196.94427
30.94777,196.94427
30.964302,197.41406
30.980434,197.41406
30.996628,197.41406
31.014774,196.27484
31.030815,196.27484
31.049803,194.50702
31.063753,194.50702
31.081226,194.50702
31.098198,208.20544
31.113415,208.20544
31.130758,189.43536
31.14552,189.43536
31.164667,201.74939
31.181122,201.74939
31.196577,201.74939
31.215387,191.97144
31.228998,191.97144
31.248388,175.84882
31.263908,175.84882
31.279839,175.84882
31.298702,175.99475
31.313744,175.99475
31.331553,176.38391
31.345911,176.38391
31.363928,183.67279
31.38182,183.67279
31.396143,183.67279
31.415142,184.22449
31.42934,184.22449
31.450912,189.15564
31.463718,189.15564
31.481134,189.15564
31.496977,190.57922
31.513807,190.57922
31.531979,191.96869
31.54737,191.96869
31.564198,188.85303
31.581053,188.85303
31.596167,188.85303
31.615606,188.60211
31.630493,188.60211
31.647934,181.0155
31.663065,181.0155
31.681437,181.0155
31.699083,181.70544
31.714252,181.70544
31.735643,183.38556
31.74728,183.38556
31.766527,189.375
31.781052,189.375
31.796846,189.375
31.814909,181.5238
31.830574,181.5238
31.84886,183.0603
31.863394,183.0603
31.88026,183.0603
31.897875,174.91962
31.913502,174.91962
31.93201,177.79962
31.945965,177.79962
31.963848,175.37036
31.981628,175.37036
31.99646,175.37036
32.014233,173.54529
32.029114,173.54529
32.04816,167.47852
32.063053,167.47852
32.079876,167.47852
32.097534,178.79205
32.113518,178.79205
32.134583,177.08105
32.14769,177.08105
32.163765,172.5716
32.18177,172.5716
32.198017,172.5716
32.2144,173.37555
32.230247,173.37555
32.24598,170.44647
32.264046,170.44647
32.28124,170.44647
32.299007,175.33057
32.313835,175.33057
32.330685,172.03229
32.347195,172.03229
32.363655,174.94043
32.380592,174.94043
32.39711,174.94043
32.414925,170.11859
32.43011,170.11859
32.450024,168.82288
32.46329,168.82288
32.48119,168.82288
32.49955,165.87231
32.51336,165.87231
32.53265,166.53021
32.547768,166.53021
32.566338,173.5224
32.58189,173.5224
32.59712,173.5224
32.614906,174.1286
32.630333,174.1286
32.647766,161.61578
32.662666,161.61578
32.679802,161.61578
32.699,163.30188
32.714554,163.30188
32.73491,159.82605
32.748222,159.82605
32.767426,175.13922
32.781754,175.13922
32.80051,175.13922
32.814545,159.8023
32.829884,159.8023
32.847534,162.27655
32.862675,162.27655
32.8797,162.27655
32.89657,152.89728
32.913025,152.89728
32.93169,162.13025
32.946907,162.13025
32.963425,161.43323
32.980774,161.43323
32.996376,161.43323
33.0159,169.15948
33.029694,169.15948
33.04661,167.96051
33.063854,167.96051
33.080147,167.96051
33.09697,155.86096
33.114113,155.86096
33.131996,155.23828
33.14636,155.23828
33.16367,155.50177
33.18209,155.50177
33.19629,155.50177
33.215065,150.91248
33.22999,150.91248
33.24629,165.57996
33.264553,165.57996
33.280003,165.57996
33.299103,164.71545
33.315136,164.71545
33.331116,163.23895
33.346184,163.23895
33.36509,163.96307
33.381927,163.96307
33.39745,163.96307
33.416225,165.77722
33.432312,165.77722
33.4671,157.42413
33.481754,157.42413
33.494568,157.38495
33.50791,157.38495
33.525852,164.63751
33.542694,164.63751
33.557922,164.63751
33.5767,155.60669
33.591637,155.60669
33.610374,160.88489
33.625668,160.88489
33.64326,148.08276
33.659344,148.08276
33.67562,148.08276
33.69365,151.67114
33.70987,151.67114
33.726707,156.18024
33.74233,156.18024
33.760025,156.18024
33.77607,158.17847
33.793423,158.17847
33.809834,167.1513
33.826126,167.1513
33.84391,165.76672
33.860077,165.76672
33.875793,165.76672
33.89393,160.25104
33.90976,160.25104
33.92584,150.48572
33.941917,150.48572
33.958565,150.48572
33.977066,153.97418
33.99317,153.97418
34.0106,152.6289
34.026043,152.6289
34.05906,152.56573
34.07134,152.56573
34.08364,154.15247
34.10166,154.15247
34.116302,154.15247
34.134575,148.46619
34.149517,148.46619
34.165848,156.21509
34.18799,156.21509
34.198513,156.21509
34.21886,157.02148
34.232655,157.02148
34.252483,157.13696
34.265545,157.13696
34.28249,157.13696
34.30047,160.68188
34.31691,160.68188
34.334515,151.76819
34.35011,151.76819
34.365677,156.28003
34.384064,156.28003
34.398403,156.28003
34.41847,151.45367
34.432774,151.45367
34.451046,141.89404
34.46764,141.89404
34.483315,139.47913
34.500347,139.47913
34.516823,139.47913
34.535892,136.44128
34.550827,136.44128
34.572433,144.82239
34.583218,144.82239
34.599823,144.82239
34.617973,139.89923
34.632965,139.89923
34.651657,134.0047
34.666397,134.0047
34.684547,134.98798
34.70068,134.98798
34.717087,134.98798
34.736877,134.3457
34.74997,134.3457
34.767925,150.38446
34.78335,150.38446
34.799885,150.38446
34.818096,151.10468
34.83298,151.10468
34.850906,145.41467
34.865852,145.41467
34.884113,153.85571
34.89985,153.85571
34.91687,153.85571
34.934994,146.57599
34.949345,146.57599
34.967674,147.53772
34.982605,147.53772
35.001034,147.53772
35.018806,135.96082
35.03273,135.96082
35.050617,130.10089
35.065777,130.10089
35.083626,134.6424
35.100494,134.6424
35.11602,134.6424
35.135033,129.09021
35.149048,129.09021
35.171757,139.14362
35.18311,139.14362
35.199497,139.14362
35.218685,138.8404
35.232132,138.8404
35.250984,142.28955
35.265156,142.28955
35.283966,145.50378
35.300907,145.50378
35.316433,145.50378
35.335472,130.24512
35.357872,130.24512
35.36769,135.02606
35.38284,135.02606
35.40056,135.02606
35.41901,136.96759
35.433475,136.96759
35.451416,136.09082
35.467236,136.09082
35.483353,129.58154
35.501167,129.58154
35.517887,129.58154
35.534306,129.12445
35.549976,129.12445
35.567165,135.15784
35.584274,135.15784
35.599804,135.15784
35.618114,125.48248
35.633533,125.48248
35.649796,132.00598
35.66702,132.00598
35.683556,126.065735
35.70136,126.065735
35.717358,126.065735
35.73471,139.13837
35.749237,139.13837
35.7688,134.67554
35.78454,134.67554
35.79981,134.67554
35.819305,134.01807
35.832745,134.01807
35.853024,134.23987
35.86712,134.23987
35.88343,129.08063
35.901245,129.08063
35.915062,129.08063
35.935066,130.92456
35.94925,130.92456
35.967243,129.61127
35.984505,129.61127
36.00039,129.61127
36.018753,130.5683
36.033386,130.5683
36.051517,130.61218
36.06696,130.61218
36.08376,131.49127
36.10316,131.49127
36.11744,131.49127
36.1355,137.29767
36.149387,137.29767
36.172344,130.70966
36.182827,130.70966
36.200596,130.70966
36.21926,131.48834
36.233566,131.48834
36.250965,129.77612
36.26672,129.77612
36.283802,124.81702
36.300945,124.81702
36.316177,124.81702
36.33624,124.4162
36.348812,124.4162
36.367836,124.337036
36.38294,124.337036
36.39954,124.337036
36.420612,128.24316
36.435802,128.24316
36.452454,131.12842
36.466953,131.12842
36.483665,127.00226
36.500454,127.00226
36.516525,127.00226
36.534733,126.71094
36.5494,126.71094
36.566734,127.543274
36.584183,127.543274
36.599335,127.543274
36.61842,122.831604
36.63328,122.831604
36.651394,120.61438
36.666134,120.61438
36.683613,139.99622
36.701958,139.99622
36.71609,139.99622
36.735847,127.22742
36.749348,127.22742
36.770542,127.59912
36.78433,127.59912
36.799854,127.59912
36.81891,127.7699
36.83248,127.7699
36.85111,133.8374
36.867058,133.8374
36.88368,133.9754
36.901497,133.9754
36.91516,133.9754
36.934998,146.21722
36.949196,146.21722
36.970882,130.33331
36.98236,130.33331
36.99956,130.33331
37.0201,129.90833
37.033844,129.90833
37.055233,131.67712
37.065823,131.67712
37.084057,128.47351
37.10137,128.47351
37.116642,128.47351
37.13613,128.84229
37.150173,128.84229
37.16608,130.26721
37.1845,130.26721
37.200394,130.26721
37.218708,135.14941
37.23276,135.14941
37.250076,127.028564
37.266483,127.028564
37.28394,128.87946
37.30027,128.87946
37.31678,128.87946
37.33468,141.74335
37.349815,141.74335
37.3672,142.59784
37.382336,142.59784
37.39973,142.59784
37.41789,143.47876
37.43275,143.47876
37.45153,139.90576
37.46763,139.90576
37.48318,139.90576
37.500343,129.56323
37.51717,129.56323
37.53519,130.2367
37.549786,130.2367
37.567665,130.61548
37.583614,130.61548
37.60025,130.61548
37.61813,129.61407
37.6332,129.61407
37.650898,127.33069
37.666206,127.33069
37.682278,127.33069
37.701023,129.56403
37.71613,129.56403
37.734306,134.1565
37.75087,134.1565
37.768368,134.62842
37.78389,134.62842
37.799824,134.62842
37.817566,143.47205
37.833595,143.47205
37.851578,147.04382
37.866615,147.04382
37.883545,148.51031
37.900337,148.51031
37.91602,148.51031
37.934826,145.55005
37.94982,145.55005
37.966663,128.31915
37.984776,128.31915
38.000866,128.31915
38.0184,135.91449
38.034492,135.91449
38.05251,135.6175
38.0679,135.6175
38.083324,136.90186
38.10072,136.90186
38.116997,136.90186
38.134903,147.09839
38.1503,147.09839
38.168465,146.82855
38.1832,146.82855
38.19898,146.82855
38.21869,137.89624
38.234474,137.89624
38.250904,137.47614
38.266106,137.47614
38.28364,145.92847
38.301704,145.92847
38.31627,145.92847
38.334763,140.57526
38.349712,140.57526
38.369297,153.66785
38.384285,153.66785
38.399925,153.66785
38.41939,150.33661
38.43351,150.33661
38.452324,144.46857
38.467434,144.46857
38.48489,147.52405
38.501373,147.52405
38.516006,147.52405
38.535095,156.92328
38.548664,156.92328
38.570217,160.51202
38.584187,160.51202
38.599262,160.51202
38.622246,156.48822
38.633682,156.48822
38.65215,153.56317
38.666348,153.56317
38.684765,158.38
38.70187,158.38
38.71735,158.38
38.73352,153.38727
38.749733,153.38727
38.76597,155.513
38.78505,155.513
38.800735,155.513
38.818943,148.13434
38.83344,148.13434
38.851547,153.53162
38.86541,153.53162
38.883396,158.7489
38.900414,158.7489
38.915684,158.7489
38.934757,156.21954
38.949703,156.21954
38.965836,154.08514
38.984276,154.08514
38.999855,154.08514
39.018356,160.62329
39.034943,160.62329
39.05025,156.36182
39.066593,156.36182
39.08411,156.36182
39.10134,168.0
39.117485,168.0
39.13776,167.383
39.150608,167.383
39.166645,164.93036
39.187016,164.93036
39.203693,166.8894
39.217503,166.8894
39.233513,166.8894
39.25226,158.09949
39.266716,158.09949
39.283573,169.95941
39.301437,169.95941
39.31649,169.95941
39.334362,169.78125
39.349384,169.78125
39.366844,175.39758
39.38315,175.39758
39.39907,175.39758
39.418114,182.5954
39.432453,182.5954
39.451427,179.85065
39.46773,179.85065
39.48309,179.85065
39.499996,174.41333
39.515614,174.41333
39.534958,182.55084
39.54953,182.55084
39.567787,182.72363
39.582645,182.72363
39.598816,182.72363
39.617798,184.95154
39.633476,184.95154
39.652508,177.99902
39.66699,177.99902
39.68403,179.19244
39.699963,179.19244
39.717148,179.19244
39.735355,184.4187
39.75012,184.4187
39.767654,184.21967
39.78337,184.21967
39.800556,184.21967
39.818314,176.88708
39.83447,176.88708
39.85214,181.1654
39.866898,181.1654
39.884045,191.09271
39.90158,191.09271
39.91651,191.09271
39.93371,185.59375
39.949436,185.59375
39.96736,186.16681
39.985073,186.16681
40.000557,186.16681
40.018215,193.10065
40.033535,193.10065
40.051178,192.74744
40.06634,192.74744
40.0843,198.06879
40.10069,198.06879
40.117184,198.06879
40.135845,187.12946
40.149055,187.12946
40.167446,190.86737
40.182377,190.86737
40.19919,190.86737
40.220085,190.2024
40.232147,190.2024
40.252274,188.48016
40.26626,188.48016
40.283318,193.80682
40.30036,193.80682
40.316322,193.80682
40.335766,189.45575
40.349056,189.45575
40.37742,189.71124
40.39161,189.71124
40.40284,189.71124
40.419643,186.57916
40.43512,186.57916
40.452644,186.34131
40.469944,186.34131
40.48797,185.89478
40.5017,185.89478
40.520424,185.89478
40.538666,189.25232
40.552937,189.25232
40.571423,182.80042
40.58618,182.80042
40.60194,182.80042
40.61948,184.84412
40.63671,184.84412
40.653538,189.80078
40.66938,189.80078
40.686314,195.36395
40.702442,195.36395
40.719704,195.36395
40.73777,184.01636
40.751736,184.01636
40.76984,188.98535
40.78631,188.98535
40.802265,188.98535
40.819366,186.55676
40.836124,186.55676
40.855232,180.82666
40.868065,180.82666
40.885803,185.4162
40.902534,185.4162
40.918564,185.4162
40.93785,185.77222
40.952637,185.77222
40.969357,180.24652
40.98484,180.24652
41.003677,193.75641
41.020153,193.75641
41.03653,193.75641
41.05348,196.60748
41.068844,196.60748
41.085705,194.44135
41.103413,194.44135
41.118885,194.44135
41.1356,187.82983
41.15214,187.82983
41.171097,188.61346
41.18556,188.61346
41.203396,193.53839
41.221214,193.53839
41.235924,193.53839
41.252716,195.15253
41.269722,195.15253
41.285053,194.78131
41.304424,194.78131
41.320152,194.78131
41.33754,177.80267
41.352943,177.80267
41.369923,181.93982
41.385044,181.93982
41.40438,178.6258
41.420574,178.6258
41.435028,178.6258
41.454563,177.91217
41.469383,177.91217
41.48758,178.47205
41.502934,178.47205
41.519215,178.47205
41.536186,174.46313
41.55207,174.46313
41.56985,185.33868
41.58491,185.33868
41.605946,173.74152
41.621277,173.74152
41.63496,173.74152
41.654385,186.80328
41.668114,186.80328
41.686577,190.08276
41.704483,190.08276
41.719204,190.08276
41.737823,187.52045
41.752605,187.52045
41.770992,185.00195
41.7869,185.00195
41.803886,178.17584
41.820316,178.17584
41.835373,178.17584
41.854458,180.71588
41.86902,180.71588
41.88553,184.35449
41.902782,184.35449
41.920216,184.35449
41.937428,174.97705
41.951283,174.97705
41.97126,168.53796
41.98592,168.53796
42.002148,168.53796
42.02,171.7207
42.035645,171.7207
42.05553,177.38214
42.068993,177.38214
42.085773,175.781
42.10295,175.781
42.11929,175.781
42.137375,178.23053
42.151745,178.23053
42.16869,179.307
42.187305,179.307
42.202282,179.307
42.22075,183.55267
42.236153,183.55267
42.25613,181.92346
42.26949,181.92346
42.285534,175.3841
42.303444,175.3841
42.319084,175.3841
42.336166,175.99316
42.35125,175.99316
42.368908,172.98602
42.3858,172.98602
42.40187,172.98602
42.419792,179.49097
42.43561,179.49097
42.453762,178.25867
42.468746,178.25867
42.491608,177.08209
42.50176,177.08209
42.51965,177.08209
42.536076,184.02881
42.553005,184.02881
42.56993,178.99371
42.585083,178.99371
42.60353,179.86444
42.619404,179.86444
42.634666,179.86444
42.653694,180.27094
42.670216,180.27094
42.686325,176.58832
42.702873,176.58832
42.718925,176.58832
42.736523,178.969
42.751633,178.969
42.7686,169.41156
42.78477,169.41156
42.803215,172.72168
42.821224,172.72168
42.836353,172.72168
42.853943,168.21094
42.868263,168.21094
42.887497,170.25153
42.901176,170.25153
42.919563,170.25153
42.938198,176.8335
42.95149,176.8335
42.969654,184.232
42.98567,184.232
43.001827,184.232
43.01987,175.89209
43.03474,175.89209
43.0537,179.34625
43.070194,179.34625
43.090683,173.66217
43.101475,173.66217
43.118484,173.66217
43.140778,173.75739
43.151676,173.75739
43.170094,181.81409
43.18573,181.81409
43.203583,181.72284
43.219215,181.72284
43.23579,181.72284
43.252663,176.25098
43.26987,176.25098
43.28642,169.97119
43.303867,169.97119
43.319843,169.97119
43.339413,160.04962
43.354473,160.04962
43.370686,170.35797
43.385868,170.35797
43.40183,170.35797
43.420784,173.044
43.43658,173.044
43.457176,166.4718
43.46858,166.4718
43.486897,172.23749
43.50301,172.23749
43.520073,172.23749
43.538216,175.5166
43.552917,175.5166
43.572243,184.61969
43.584732,184.61969
43.603416,173.6789
43.620968,173.6789
43.636494,173.6789
43.65416,168.39197
43.668552,168.39197
43.687927,167.6836
43.70272,167.6836
43.71974,167.6836
43.73765,162.5633
43.752544,162.5633
43.76949,155.50342
43.78552,155.50342
43.802372,155.50342
43.819553,162.88464
43.83651,162.88464
43.854633,167.10217
43.86978,167.10217
43.886684,156.4989
43.90368,156.4989
43.920708,156.4989
43.937233,169.45624
43.953007,169.45624
43.970913,168.92828
43.98591,168.92828
44.00249,168.92828
44.021286,154.14178
44.041462,154.14178
44.05513,168.4466
44.068756,168.4466
44.087265,153.31458
44.10103,153.31458
44.11988,153.31458
44.137314,143.83502
44.15236,143.83502
44.170418,146.17267
44.1868,146.17267
44.203022,146.17267
44.220497,155.92908
44.235527,155.92908
44.25452,151.80414
44.26826,151.80414
44.28768,145.97766
44.301666,145.97766
44.31841,145.97766
44.337017,152.13324
44.35172,152.13324
44.370304,146.53052
44.385906,146.53052
44.40427,147.56042
44.41968,147.56042
44.439137,147.56042
44.45698,149.75928
44.471867,149.75928
44.489548,146.56073
44.502495,146.56073
44.519802,146.56073
44.538006,154.45374
44.552387,154.45374
44.570274,148.01227
44.58641,148.01227
44.605007,142.27515
44.620277,142.27515
44.636642,142.27515
44.654007,140.32715
44.67013,140.32715
44.687523,141.64368
44.705017,141.64368
44.721462,141.64368
44.738056,144.32477
44.753384,144.32477
44.772617,139.3128
44.78732,139.3128
44.804794,140.66254
44.821247,140.66254
44.83617,140.66254
44.8573,148.32141
44.869007,148.32141
44.88689,152.26581
44.903786,152.26581
44.91961,152.26581
44.94002,147.69495
44.953293,147.69495
44.971104,145.71393
44.986397,145.71393
45.0034,144.82367
45.018936,144.82367
45.035843,144.82367
45.05291,145.01483
45.06985,145.01483
45.08775,136.46643
45.10276,136.46643
45.11891,136.46643
45.13773,129.33289
45.153645,129.33289
45.173965,133.10529
45.18601,133.10529
45.202995,131.05182
45.220055,131.05182
45.23538,131.05182
45.25441,143.43604
45.270267,143.43604
45.288944,145.4032
45.30286,145.4032
45.317783,145.4032
45.33683,141.30078
45.352474,141.30078
45.37093,143.38214
45.38482,143.38214
45.403095,130.45544
45.42036,130.45544
45.43551,130.45544
45.453796,127.930786
45.469242,127.930786
45.48751,127.54578
45.504234,127.54578
45.519234,127.54578
45.538044,121.3609
45.55359,121.3609
45.570133,131.68707
45.58543,131.68707
45.604694,133.45746
45.62442,133.45746
45.63568,133.45746
45.65273,129.96307
45.669453,129.96307
45.685513,126.769226
45.704227,126.769226
45.719337,126.769226
45.73773,127.48309
45.751812,127.48309
45.7699,128.88928
45.786606,128.88928
45.804295,123.74768
45.82081,123.74768
45.83627,123.74768
45.856033,125.13861
45.875244,125.13861
45.886963,122.99585
45.903934,122.99585
45.918938,122.99585
45.938488,122.17493
45.952335,122.17493
45.96956,123.85907
45.988777,123.85907
46.004246,122.120544
46.019917,122.120544
46.036694,122.120544
46.054913,124.74762
46.068947,124.74762
46.08812,121.67029
46.102943,121.67029
46.11813,121.67029
46.137638,116.00354
46.152058,116.00354
46.169342,120.61096
46.186043,120.61096
46.202248,120.61096
46.218937,120.513
46.236412,120.513
46.256844,119.20111
46.270172,119.20111
46.287186,124.79028
46.301937,124.79028
46.319927,124.79028
46.338707,118.64703
46.35175,118.64703
46.37121,132.19714
46.384903,132.19714
46.402027,132.19714
46.419956,123.935
46.43648,123.935
46.452423,126.14563
46.470985,126.14563
46.4883,126.33209
46.50394,126.33209
46.51949,126.33209
46.539925,120.65381
46.55318,120.65381
46.571373,119.98108
46.585323,119.98108
46.60153,119.98108
46.622063,118.74005
46.635414,118.74005
46.654327,117.22308
46.6692,117.22308
46.685555,123.6604
46.703354,123.6604
46.719597,123.6604
46.73678,121.10333
46.752796,121.10333
46.770428,123.22235
46.784595,123.22235
46.803837,120.901
46.820114,120.901
46.836323,120.901
46.855537,123.06128
46.868412,123.06128
46.888073,124.645325
46.901974,124.645325
46.920444,124.645325
46.93884,121.30109
46.953026,121.30109
46.97155,117.5943
46.98551,117.5943
47.00194,117.5943
47.019917,120.35492
47.035526,120.35492
47.0539,116.18805
47.068935,116.18805
47.087276,116.18561
47.102837,116.18561
47.119698,116.18561
47.138096,116.38403
47.15191,116.38403
47.17444,117.815125
47.18556,117.815125
47.201817,117.815125
47.220627,120.87152
47.234604,120.87152
47.254494,120.073364
47.268993,120.073364
47.2866,117.93231
47.304005,117.93231
47.319923,117.93231
47.33772,119.09375
47.35273,119.09375
47.369762,115.47699
47.386024,115.47699
47.419502,118.33392
47.432827,118.33392
47.446762,113.07135
47.463814,113.07135
47.47673,113.07135
47.496582,116.175964
47.510723,116.175964
47.531235,115.19513
47.544983,115.19513
47.561756,115.19513
47.57764,120.19818
47.594723,120.19818
47.61271,119.907715
47.62784,119.907715
47.64393,114.81763
47.66294,114.81763
47.678337,114.81763
47.695187,116.6131
47.712563,116.6131
47.73209,120.73395
47.745125,120.73395
47.760773,120.73395
47.782116,120.42328
47.794212,120.42328
47.812477,120.86261
47.827858,120.86261
47.844273,119.261475
47.861286,119.261475
47.878784,119.261475
47.8956,118.2561
47.911064,118.2561
47.93344,115.84607
47.943398,115.84607
47.96139,115.84607
47.979553,125.32831
47.994343,125.32831
48.012005,128.48364
48.02674,128.48364
48.04653,129.92493
48.061493,129.92493
48.077953,129.92493
48.09617,130.38934
48.109726,130.38934
48.134026,125.49707
48.143944,125.49707
48.16078,125.49707
48.180042,123.02106
48.194286,123.02106
48.213055,125.002075
48.22761,125.002075
48.244053,127.77789
48.262383,127.77789
48.277473,127.77789
48.296406,125.99298
48.311245,125.99298
48.335518,120.4306
48.346798,120.4306
48.362064,120.4306
48.38033,124.552
48.394474,124.552
48.413902,132.177
48.428272,132.177
48.447754,122.85809
48.463707,122.85809
48.477592,122.85809
48.496777,121.36713
48.511032,121.36713
48.528225,115.822266
48.544636,115.822266
48.56006,115.822266
48.579014,116.88977
48.59506,116.88977
48.613174,117.66858
48.62875,117.66858
48.6446,119.05066
48.66132,119.05066
48.67758,119.05066
48.69536,123.59955
48.711487,123.59955
48.731144,119.92224
48.744072,119.92224
48.76165,119.92224
48.77961,127.76227
48.79411,127.76227
48.81323,119.78009
48.827766,119.78009
48.844418,124.99597
48.860638,124.99597
48.87857,124.99597
48.894882,121.89746
48.910995,121.89746
48.93247,125.83569
48.943928,125.83569
48.961643,125.83569
48.981213,124.159424
48.993626,124.159424
49.01377,124.43298
49.028088,124.43298
49.044712,124.71045
49.06152,124.71045
49.07745,124.71045
49.095432,120.70465
49.112194,120.70465
49.129997,119.80188
49.145016,119.80188
49.160152,119.80188
49.18138,123.99567
49.1937,123.99567
49.216606,124.34631
49.228252,124.34631
49.24488,125.05707
49.262917,125.05707
49.278187,125.05707
49.29651,120.59979
49.311146,120.59979
49.33137,127.20172
49.34473,127.20172
49.36078,127.20172
49.380028,129.04645
49.394703,129.04645
49.41216,129.28076
49.42736,129.28076
49.444008,125.79669
49.46253,125.79669
49.477646,125.79669
49.496758,123.92645
49.51162,123.92645
49.530186,125.93341
49.546524,125.93341
49.561794,125.93341
49.579273,123.31708
49.59425,123.31708
49.611835,125.53162
49.62861,125.53162
49.64458,123.34442
49.66277,123.34442
49.678703,123.34442
49.69559,127.53522
49.71076,127.53522
49.72965,129.81299
49.74386,129.81299
49.761894,129.81299
49.782562,138.75616
49.79531,138.75616
49.81225,131.23328
49.829285,131.23328
49.84687,137.3089
49.86311,137.3089
49.877438,137.3089
49.89528,137.08258
49.9125,137.08258
49.929855,136.12769
49.945446,136.12769
49.964775,143.61829
49.981045,143.61829
49.99563,143.61829
50.015503,133.65271
50.029007,133.65271
50.047615,133.65271
50.066288,140.7143
50.078934,140.7143
50.09658,153.79626
50.111736,153.79626
50.130035,148.79205
50.144615,148.79205
50.160034,148.79205
50.17979,152.86633
50.19484,152.86633
50.212196,145.47711
50.227703,145.47711
50.244778,149.77234
50.262367,149.77234
50.277798,149.77234
50.29713,151.6911
50.310875,151.6911
50.332108,147.83813
50.344566,147.83813
50.360657,147.83813
50.379894,156.68091
50.39366,156.68091
50.412346,156.29236
50.42778,156.29236
50.44487,143.19202
50.463108,143.19202
50.476917,143.19202
50.49487,144.59491
50.524895,144.59491
50.54084,150.49396
50.55023,150.49396
50.56778,150.9425
50.584248,150.9425
50.59888,150.9425
50.61754,144.70905
50.632645,144.70905
50.649826,144.03522
50.666454,144.03522
50.684376,148.02612
50.70017,148.02612
50.716824,148.02612
50.733974,144.63904
50.749348,144.63904
50.77031,146.04852
50.7824,146.04852
50.79892,146.04852
50.817905,148.0769
50.832836,148.0769
50.85069,149.2591
50.86564,149.2591
50.883682,152.39655
50.900723,152.39655
50.917168,152.39655
50.934677,145.73676
50.949974,145.73676
50.967754,148.19409
50.982964,148.19409
50.999046,148.19409
51.017914,154.55402
51.034946,154.55402
51.05451,151.81152
51.070084,151.81152
51.084892,161.30615
51.100155,161.30615
51.11611,161.30615
51.13491,166.82971
51.149265,166.82971
51.167824,158.54102
51.18409,158.54102
51.200043,158.54102
51.21687,167.10388
51.232605,167.10388
51.251904,171.7138
51.265835,171.7138
51.283398,169.70044
51.300274,169.70044
51.317043,169.70044
51.334743,173.42523
51.349113,173.42523
51.366985,175.14423
51.383102,175.14423
51.399128,175.14423
51.418423,173.57831
51.43247,173.57831
51.451305,168.99335
51.466446,168.99335
51.48261,168.99335
51.50018,167.36816
51.51586,167.36816
51.534557,170.25812
51.548267,170.25812
51.57065,174.11328
51.583923,174.11328
51.599056,174.11328
51.61765,172.51886
51.63386,172.51886
51.65225,182.35553
51.66663,182.35553
51.68244,182.35553
51.700195,186.71362
51.71685,186.71362
51.735264,177.99548
51.750877,177.99548
51.768677,173.17328
51.783382,173.17328
51.80063,173.17328
51.818375,180.94043
51.832287,180.94043
51.85425,185.56146
51.86575,185.56146
51.883472,178.59363
51.900753,178.59363
51.91864,178.59363
51.935246,186.09344
51.948807,186.09344
51.96761,189.35944
51.98267,189.35944
51.999645,189.35944
52.01808,188.76318
52.03291,188.76318
52.05173,188.4234
52.06611,188.4234
52.0842,198.69183
52.10023,198.69183
52.116947,198.69183
52.134434,201.71204
52.150013,201.71204
52.16506,200.44128
52.18277,200.44128
52.199,200.44128
52.21801,201.81824
52.2336,201.81824
52.249958,187.80109
52.2665,187.80109
52.28378,205.30634
52.30087,205.30634
52.316998,205.30634
52.33385,214.54358
52.34887,214.54358
52.366894,188.27777
52.383076,188.27777
52.39981,188.27777
52.41787,185.7976
52.433167,185.7976
52.453663,197.35571
52.465572,197.35571
52.48324,204.15442
52.501377,204.15442
52.519127,204.15442
52.534904,185.96014
52.549355,185.96014
52.56609,193.54584
52.584133,193.54584
52.59933,193.54584
52.617176,207.85828
52.63384,207.85828
52.650204,193.22467
52.66652,193.22467
52.683655,202.21466
52.701164,202.21466
52.717197,202.21466
52.733856,199.17932
52.74862,199.17932
52.76966,204.95508
52.784046,204.95508
52.799103,204.95508
52.8188,201.61572
52.8333,201.61572
52.851234,195.13104
52.865845,195.13104
52.882435,195.13104
52.900692,190.82196
52.91697,190.82196
52.934113,196.04608
52.94864,196.04608
52.96759,189.98169
52.983715,189.98169
52.99969,189.98169
53.018356,186.11407
53.03431,186.11407
53.05081,180.97748
53.066067,180.97748
53.082172,180.97748
53.100662,192.24646
53.115974,192.24646
53.13736,184.76355
53.149914,184.76355
53.168804,187.95953
53.18699,187.95953
53.20093,187.95953
53.217342,180.13147
53.23354,180.13147
53.251442,181.685
53.26631,181.685
53.283592,184.62122
53.300373,184.62122
53.315685,184.62122
53.335243,191.17834
53.3488,191.17834
53.368202,188.39984
53.38405,188.39984
53.39976,188.39984
53.419727,191.17548
53.43381,191.17548
53.45069,190.3263
53.467487,190.3263
53.48371,187.53052
53.5006,187.53052
53.516254,187.53052
53.53695,181.11469
53.54972,181.11469
53.56611,188.49164
53.584778,188.49164
53.60038,188.49164
53.617306,184.08289
53.632786,184.08289
53.65025,189.58759
53.66761,189.58759
53.684242,185.31158
53.701294,185.31158
53.71654,185.31158
53.736847,179.63416
53.750248,179.63416
53.77012,179.08026
53.78285,179.08026
53.79949,179.08026
53.817894,174.2851
53.833305,174.2851
53.85515,174.22345
53.86708,174.22345
53.884243,171.22931
53.9009,171.22931
53.91707,171.22931
53.938454,174.80054
53.949898,174.80054
53.96802,175.62897
53.983074,175.62897
53.999004,175.62897
54.01921,180.29932
54.033165,180.29932
54.050133,179.64954
54.06722,179.64954
54.083553,178.69122
54.10218,178.69122
54.116653,178.69122
54.135246,170.81122
54.15006,170.81122
54.167244,175.42767
54.182182,175.42767
54.200172,175.42767
54.218037,171.99664
54.23308,171.99664
54.25069,165.4123
54.26615,165.4123
54.283363,169.65582
54.301746,169.65582
54.319145,169.65582
54.334732,169.10303
54.350506,169.10303
54.36715,170.39056
54.38241,170.39056
54.400455,170.39056
54.416363,170.75195
54.432373,170.75195
54.45044,176.38843
54.465664,176.38843
54.483353,173.17041
54.50177,173.17041
54.515884,173.17041
54.534504,164.11786
54.54955,164.11786
54.568302,165.38867
54.582874,165.38867
54.600655,165.38867
54.61822,172.20996
54.63368,172.20996
54.65035,169.65552
54.66537,169.65552
54.682446,169.65552
54.70111,157.29614
54.71729,157.29614
54.734203,163.70728
54.750385,163.70728
54.76726,158.78424
54.782883,158.78424
54.79972,158.78424
54.816864,156.36182
54.83264,156.36182
54.8539,163.63501
54.866188,163.63501
54.882484,163.63501
54.90153,163.41046
54.918106,163.41046
54.93484,160.99481
54.95019,160.99481
54.971077,159.03558
54.98254,159.03558
54.998436,159.03558
55.017303,167.73218
55.03193,167.73218
55.051067,172.78717
55.066006,172.78717
55.0832,162.86902
55.099678,162.86902
55.1162,162.86902
55.134735,160.60498
55.149216,160.60498
55.167404,157.89093
55.182617,157.89093
55.199883,157.89093
55.21714,162.09363
55.2336,162.09363
55.251827,168.4552
55.26621,168.4552
55.283974,173.90314
55.305004,173.90314
55.317127,173.90314
55.33414,162.7143
55.35048,162.7143
55.368073,174.85083
55.383373,174.85083
55.40074,174.85083
55.418324,173.71619
55.433533,173.71619
55.450703,164.41333
55.46712,164.41333
55.483288,158.18036
55.50091,158.18036
55.516075,158.18036
55.53578,158.39178
55.54998,158.39178
55.56737,156.54376
55.583923,156.54376
55.599747,156.54376
55.616863,158.36157
55.634186,158.36157
55.650883,160.08917
55.66659,160.08917
55.684586,160.62445
55.701687,160.62445
55.71696,160.62445
55.73507,151.151
55.750065,151.151
55.768753,154.4206
55.782707,154.4206
55.800014,154.4206
55.81806,153.22803
55.83331,153.22803
55.855064,147.22046
55.86646,147.22046
55.88326,153.02942
55.899582,153.02942
55.91688,153.02942
55.935337,142.96356
55.95088,142.96356
55.96761,153.8617
55.98315,153.8617
55.998844,153.8617
56.017677,151.33136
56.03332,151.33136
56.05308,150.19781
56.07032,150.19781
56.08332,153.42426
56.099648,153.42426
56.117657,153.42426
56.133972,147.5321
56.148933,147.5321
56.17791,148.46497
56.19055,148.46497
56.201767,148.46497
56.219894,135.34357
56.23545,135.34357
56.253906,133.9544
56.26924,133.9544
56.285053,135.50171
56.302555,135.50171
56.31822,135.50171
56.337543,134.68866
56.35144,134.68866
56.370228,136.4715
56.38589,136.4715
56.402004,136.4715
56.419605,134.03699
56.435566,134.03699
56.45419,143.84387
56.467663,143.84387
56.485405,136.53833
56.50177,136.53833
56.52003,136.53833
56.538605,137.87292
56.553043,137.87292
56.569912,136.31793
56.585434,136.31793
56.602005,136.31793
56.618546,136.09595
56.634827,136.09595
56.653732,130.1867
56.66863,130.1867
56.684887,128.74585
56.70324,128.74585
56.71844,128.74585
56.737156,123.99042
56.75262,123.99042
56.769775,123.849304
56.785427,123.849304
56.804546,126.298096
56.81897,126.298096
56.836052,126.298096
56.856434,130.74774
56.867783,130.74774
56.88536,127.63196
56.90242,127.63196
56.91896,127.63196
56.936848,123.82062
56.95203,123.82062
56.9733,125.13867
56.984966,125.13867
57.00192,125.13867
57.01944,124.24707
57.036522,124.24707
57.05221,123.15967
57.06905,123.15967
57.090412,124.77759
57.102345,124.77759
57.11878,124.77759
57.141617,127.187256
57.152992,127.187256
57.172886,127.207214
57.1864,127.207214
57.201782,127.207214
57.22037,122.888306
57.23538,122.888306
57.253944,121.367004
57.26981,121.367004
57.286247,117.59967
57.303223,117.59967
57.31909,117.59967
57.337265,112.189575
57.35236,112.189575
57.371223,111.45868
57.38531,111.45868
57.40093,111.45868
57.419857,121.22534
57.434326,121.22534
57.453377,117.56677
57.46848,117.56677
57.486042,112.78284
57.50194,112.78284
57.518467,112.78284
57.53836,114.37695
57.551327,114.37695
57.569866,109.322205
57.585197,109.322205
57.603607,111.31464
57.618828,111.31464
57.63849,111.31464
57.655514,106.42212
57.67234,106.42212
57.687645,103.70911
57.7038,103.70911
57.7197,103.70911
57.73636,100.71326
57.75331,100.71326
57.769222,101.161194
57.78424,101.161194
57.804108,103.79144
57.81965,103.79144
57.83672,103.79144
57.85427,101.71564
57.868576,101.71564
57.884884,104.290955
57.902298,104.290955
57.917774,104.290955
57.9369,106.100525
57.95076,106.100525
57.96982,101.662476
57.984688,101.662476
58.001984,101.662476
58.019524,102.443726
58.036057,102.443726
58.053745,102.049805
58.068687,102.049805
58.085453,102.555786
58.103012,102.555786
58.118332,102.555786
58.137196,101.83197
58.150833,101.83197
58.169113,101.543274
58.1859,101.543274
58.20198,101.543274
58.21938,93.93396
58.236416,93.93396
58.25318,94.446106
58.268196,94.446106
58.290955,99.50226
58.30237,99.50226
58.31915,99.50226
58.337242,95.60425
58.352535,95.60425
58.37087,95.77307
58.385887,95.77307
58.403534,96.29614
58.421215,96.29614
58.43553,96.29614
58.452976,93.791565
58.469044,93.791565
58.48648,94.52423
58.50411,94.52423
58.518997,94.52423
58.53696,92.0
58.552864,92.0
58.570457,91.84064
58.60399,91.84064
58.619434,89.30371
58.63132,89.30371
58.64791,88.19513
58.663685,88.19513
58.681232,88.19513
58.69719,91.01483
58.71402,91.01483
58.73413,91.548645
58.746544,91.548645
58.763454,89.85541
58.77985,89.85541
58.796616,89.85541
58.81317,91.739624
58.82966,91.739624
58.850513,87.06055
58.86963,87.06055
58.882153,87.06055
58.898132,85.6767
58.91402,85.6767
58.932396,82.58032
58.946182,82.58032
58.963234,83.650635
58.979774,83.650635
58.99558,83.650635
59.015255,89.00647
59.029392,89.00647
59.046482,88.3786
59.064568,88.3786
59.08042,88.3786
59.09591,87.90027
59.113377,87.90027
59.1312,90.987915
59.145958,90.987915
59.163876,86.54883
59.18093,86.54883
59.197582,86.54883
59.21843,85.55182
59.23153,85.55182
59.251953,84.34973
59.262726,84.34973
59.280807,84.34973
59.29827,81.08087
59.311607,81.08087
59.334,79.60858
59.34644,79.60858
59.364826,77.79645
59.381077,77.79645
59.39632,77.79645
59.4167,84.09979
59.43025,84.09979
59.450928,83.57025
59.464226,83.57025
59.47908,83.57025
59.499546,79.174194
59.5126,79.174194
59.53137,78.14789
59.54644,78.14789
59.564404,71.12402
59.58162,71.12402
59.59613,71.12402
59.619457,70.57715
59.62993,70.57715
59.64536,67.62799
59.66505,67.62799
59.680065,67.62799
59.698174,66.92688
59.713108,66.92688
59.73104,65.43451
59.747112,65.43451
59.763695,63.704407
59.780807,63.704407
59.797028,63.704407
59.814194,60.04828
59.829617,60.04828
59.847588,60.558838
59.863064,60.558838
59.88427,59.23352
59.8996,59.23352
59.915146,59.23352
59.932034,58.2536
59.94651,58.2536
59.963478,54.196777
59.981705,54.196777
59.997288,54.196777
60.0,54.196777
