0.27594215,107.13794
0.2865209,107.595764
0.30399063,107.595764
0.31864092,107.595764
0.3361226,111.56
0.35257512,111.56
0.37199843,111.56
0.3941231,112.79999
0.40235892,112.79999
0.42034972,112.25641
0.4355638,112.25641
0.45471293,108.42859
0.470425,108.42859
0.48528156,111.31372
0.50337595,111.31372
0.51918423,111.31372
0.53727204,110.25
0.5527729,110.25
0.5751282,111.83331
0.58575445,111.83331
0.6019081,111.83331
0.62133616,114.400024
0.6369738,114.400024
0.65423787,116.66669
0.66797596,116.66669
0.6864444,113.14288
0.70319045,113.14288
0.7205762,113.14288
0.7369441,113.14288
0.7541089,116.76788
0.77126545,113.24591
0.7871144,113.24591
0.8035507,112.89392
0.8210588,112.89392
0.8348851,112.89392
0.8644667,114.95557
0.87456024,114.95557
0.8913252,115.714294
0.90619624,115.714294
0.92487997,119.05884
0.9412401,119.05884
0.9555925,119.05884
0.9747234,116.51019
0.99036753,116.51019
1.0067214,121.7381
1.0248519,121.7381
1.0385271,121.7381
1.0590879,120.09436
1.073961,120.09436
1.0937586,120.964905
1.1069534,120.964905
1.1219906,120.964905
1.1413364,121.616455
1.156144,121.616455
1.1751459,124.079346
1.1895876,124.079346
1.2066247,124.16437
1.2233847,124.16437
1.2395082,124.16437
1.2572416,124.04614
1.2739803,124.04614
1.2913558,126.66669
1.3076341,126.66669
1.3253884,127.079346
1.3419517,127.079346
1.3549033,127.079346
1.3765146,128.08063
1.3896886,128.08063
1.4074299,128.94543
1.4251804,128.94543
1.4404731,128.94543
1.4575679,127.125
1.4735317,127.125
1.4926558,128.57379
1.506473,128.57379
1.5228963,129.07019
1.5418501,129.41382
1.5572736,129.41382
1.5777465,126.9245
1.5900974,126.9245
1.6079801,130.2414
1.6243596,130.2414
1.6401931,130.2414
1.6578543,128.0351
1.6726389,128.0351
1.6913459,129.91669
1.7051425,129.91669
1.7229233,129.91669
1.742327,132.92157
1.7566829,132.92157
1.7755127,131.25488
1.790305,131.25488
1.8077952,131.23639
1.8261834,131.23639
1.8401934,131.23639
1.8586061,132.30908
1.8742019,132.30908
1.8910167,132.16669
1.9082527,132.16669
1.9270059,135.26025
1.9423177,135.26025
1.9577055,135.26025
1.9754748,136.30768
1.9910096,136.30768
2.0076408,137.09088
2.0245364,137.09088
2.0404649,137.09088
2.0587838,136.53845
2.0729148,136.53845
2.0911899,138.76361
2.1054742,138.76361
2.1232765,139.25714
2.1413145,139.25714
2.155496,139.25714
2.1750813,137.29999
2.1894372,137.29999
2.2061934,136.63635
2.2236652,136.63635
2.2398877,136.63635
2.258642,139.7843
2.272975,139.7843
2.2910924,140.25
2.3068318,140.25
2.3227038,136.25
2.3406632,136.25
2.3566556,136.25
2.373545,140.16669
2.3897629,140.16669
2.4082026,141.38892
2.4229574,141.38892
2.4394183,141.38892
2.4576912,138.55103
2.4734454,138.55103
2.4907339,140.94543
2.506783,140.94543
2.5226426,140.94543
2.5410738,142.7143
2.5564725,142.7143
2.5748239,142.04169
2.5883286,142.04169
2.6070974,141.93335
2.6248436,141.93335
2.6386957,141.93335
2.6583858,146.13336
2.6729,146.13336
2.6911075,144.49182
2.7071471,144.49182
2.7236736,146.23999
2.7429981,146.23999
2.7554612,146.23999
2.7773175,144.65149
2.7887437,144.65149
2.8107882,146.01666
2.8223755,146.01666
2.8395512,146.01666
2.861966,146.16669
2.8734124,146.16669
2.8952346,147.37097
2.9101682,147.37097
2.9226665,147.37097
2.9416087,147.31818
2.9566727,147.31818
2.9746687,147.2154
2.9901357,147.2154
3.0051649,147.18866
3.0242872,147.18866
3.0404394,147.18866
3.0581257,147.76471
3.072276,147.76471
3.0936792,144.59998
3.1067603,144.59998
3.1227667,147.46875
3.140774,147.46875
3.1571684,147.46875
3.17612,147.55768
3.1901743,147.55768
3.2078688,142.47827
3.2238667,142.47827
3.24071,142.47827
3.2578719,147.78949
3.2729974,147.78949
3.2909126,146.91382
3.3073554,146.91382
3.324758,141.40912
3.3406484,141.40912
3.3559003,141.40912
3.3752184,143.87756
3.389857,143.87756
3.409799,146.43475
3.4239817,146.43475
3.4398546,146.43475
3.4576805,144.66669
3.472568,144.66669
3.4905791,145.51428
3.5068877,145.51428
3.523222,145.51428
3.5409837,145.93475
3.5562396,145.93475
3.578381,150.13953
3.5901952,150.13953
3.6091568,147.48834
3.6237946,147.48834
3.6404352,147.48834
3.6624236,147.17023
3.6734033,147.17023
3.6968968,146.79999
3.70511,146.79999
3.7244558,147.7857
3.7411098,147.7857
3.7563543,147.7857
3.777987,148.36066
3.790019,148.36066
3.807356,150.12305
3.825498,150.12305
3.8406699,150.12305
3.8575516,151.53333
3.8727913,151.53333
3.890782,151.21277
3.9062102,151.21277
3.9237242,148.4032
3.9401622,148.4032
3.9557517,148.4032
3.9736676,147.98718
3.9892323,147.98718
4.0064616,148.77777
4.023656,148.77777
4.039247,148.77777
4.0563426,149.45612
4.0725884,149.45612
4.09097,149.18365
4.105945,149.18365
4.1224093,149.18365
4.140963,150.90387
4.1569057,150.90387
4.175135,151.70831
4.189414,151.70831
4.2090926,151.21124
4.2238493,151.21124
4.243145,151.21124
4.2578173,154.6087
4.2733483,154.6087
4.291504,151.70001
4.3070207,151.70001
4.3234615,154.14288
4.340682,154.14288
4.357243,154.14288
4.374056,154.77612
4.3898134,154.77612
4.4066534,157.51666
4.424791,157.51666
4.4388657,157.51666
4.4597073,157.02985
4.473081,157.02985
4.496847,159.2174
4.508228,159.2174
4.52449,154.10345
4.5401025,154.10345
4.555455,154.10345
4.578174,157.29822
4.59262,157.29822
4.6058445,158.97919
4.62282,158.97919
4.640322,158.97919
4.6576962,158.81665
4.6723986,158.81665
4.695396,156.44739
4.7054543,156.44739
4.725404,158.29999
4.743246,158.29999
4.7677236,157.37286
4.7757893,157.37286
4.7922,157.37286
4.8085995,162.80328
4.82587,162.80328
4.841826,162.80328
4.859208,160.48334
4.873423,160.48334
4.8925443,160.65149
4.908008,160.65149
4.9248366,165.20001
4.943019,165.20001
4.9589357,165.20001
4.9754643,163.2273
4.9908586,163.2273
5.0092773,166.34784
5.023991,166.34784
5.0421042,166.34784
5.0595183,165.92981
5.075512,165.92981
5.096142,167.74194
5.108267,167.74194
5.12483,168.60315
5.142513,168.60315
5.157234,168.60315
5.1767282,167.60345
5.1914353,167.60345
5.2088327,170.75409
5.2236366,170.75409
5.241372,170.75409
5.258815,169.35297
5.2750945,169.35297
5.2923093,172.64813
5.3088007,172.64813
5.323877,169.44
5.3420753,169.44
5.3581376,169.44
5.375684,170.74359
5.3902297,170.74359
5.408397,171.69568
5.424154,171.69568
5.4422946,171.69568
5.460013,173.35138
5.4740653,173.35138
5.4942493,173.49054
5.5071635,173.49054
5.5255785,171.72858
5.5408344,171.72858
5.558634,171.72858
5.577832,171.44116
5.5945807,171.44116
5.6143384,174.08472
5.6254973,174.08472
5.6428304,174.08472
5.6596055,172.53125
5.674788,172.53125
5.6926713,172.6842
5.708121,172.6842
5.724162,174.85962
5.744892,174.85962
5.7577147,174.85962
5.7762523,175.10144
5.791668,175.10144
5.81248,175.01721
5.8248034,175.01721
5.8425555,175.01721
5.8581843,175.33331
5.8928304,174.94641
5.908841,174.94641
5.9192195,174.94641
5.936009,175.08618
5.951299,175.08618
5.9690185,175.25928
5.9844775,175.25928
6.000371,175.25928
6.0217714,173.83673
6.034123,173.83673
6.0538764,171.7727
6.0685573,171.7727
6.084672,174.2857
6.1032677,174.2857
6.118377,174.2857
6.1368856,180.47827
6.151062,180.47827
6.1704698,179.5769
6.185104,179.5769
6.2002616,179.5769
6.2196894,175.45905
6.2349286,175.45905
6.251986,176.4737
6.267243,176.4737
6.2853227,174.56366
6.3025465,174.56366
6.3188243,174.56366
6.336313,176.91113
6.352437,176.91113
6.369257,174.53967
6.3846483,174.53967
6.4007015,174.53967
6.4198313,172.32074
6.4339914,172.32074
6.452881,176.2157
6.4691544,176.2157
6.4847355,170.78845
6.5027328,170.78845
6.518706,170.78845
6.535706,173.70001
6.5519423,173.70001
6.5694265,168.14636
6.584388,168.14636
6.6008053,168.14636
6.6197543,171.40814
6.6351132,171.40814
6.6534057,169.9123
6.6690273,169.9123
6.6850495,163.82257
6.702563,163.82257
6.719606,163.82257
6.736151,170.59259
6.751857,170.59259
6.770291,166.58728
6.7838664,166.58728
6.8015714,166.58728
6.8187704,167.46875
6.833852,167.46875
6.8531275,165.0857
6.867706,165.0857
6.8855786,161.79712
6.903504,161.79712
6.9177837,161.79712
6.9368663,165.60657
6.9523106,165.60657
6.974123,164.14288
6.985194,164.14288
7.021675,160.96875
7.033798,160.96875
7.048148,162.0351
7.0629697,162.0351
7.0798473,162.0351
7.0951595,162.0351
7.111662,162.0351
7.1309667,157.13794
7.146804,157.13794
7.1632385,155.90625
7.1790323,155.90625
7.196491,155.90625
7.214525,154.64789
7.2293835,154.64789
7.2469497,156.1731
7.263162,156.1731
7.278723,156.1731
7.2971044,159.87274
7.312361,159.87274
7.3296638,153.92859
7.3448963,153.92859
7.3621244,153.92859
7.3799133,155.21948
7.3951254,155.21948
7.4143257,156.93024
7.4285245,156.93024
7.4502134,155.05768
7.4647493,155.05768
7.479796,155.05768
7.4976473,152.77417
7.513107,152.77417
7.5325437,153.9375
7.5461683,153.9375
7.5626955,153.9375
7.5802064,149.21997
7.5952005,149.21997
7.6152854,153.42859
7.6288233,153.42859
7.648145,147.20001
7.6643777,147.20001
7.679045,147.20001
7.6981144,148.5246
7.7126245,148.5246
7.730641,147.86108
7.7467823,147.86108
7.764404,149.41937
7.7792273,149.41937
7.7964215,149.41937
7.814522,147.13464
7.8299036,147.13464
7.8463125,148.32654
7.864223,148.32654
7.8817787,148.32654
7.8977327,145.0
7.912669,145.0
7.933556,146.7818
7.9480867,146.7818
7.9644814,145.5
7.9821987,145.5
7.9955773,145.5
8.014254,142.76788
8.030753,142.76788
8.045992,146.5
8.062801,146.5
8.079947,146.5
8.096907,143.7049
8.113141,143.7049
8.131113,142.87299
8.146039,142.87299
8.163167,144.69092
8.17875,144.69092
8.195283,144.69092
8.214291,140.08826
8.22927,140.08826
8.253543,140.5
8.268986,140.5
8.284378,141.0
8.303627,141.0
8.318147,141.0
8.3366995,137.7843
8.351872,137.7843
8.369425,137.73016
8.384855,137.73016
8.401191,137.73016
8.420163,137.90912
8.434669,137.90912
8.453288,135.92725
8.468809,135.92725
8.4857855,136.375
8.501573,136.375
8.519403,136.375
8.536439,135.7121
8.55245,135.7121
8.570796,135.03387
8.58533,135.03387
8.601687,135.03387
8.619931,138.91998
8.635142,138.91998
8.652443,138.66669
8.667231,138.66669
8.685333,134.89655
8.702311,134.89655
8.719579,134.89655
8.736247,134.89392
8.752723,134.89392
8.770155,135.97015
8.785408,135.97015
8.801484,135.97015
8.819762,134.4483
8.835277,134.4483
8.852821,131.64001
8.869873,131.64001
8.886051,132.86304
8.902537,132.86304
8.918939,132.86304
8.936659,134.4909
8.953267,134.4909
8.973396,130.93549
8.986104,130.93549
9.002042,130.93549
9.019179,131.07794
9.034698,131.07794
9.053663,131.84149
9.068481,131.84149
9.084643,129.9737
9.10378,129.9737
9.118273,129.9737
9.138759,131.65149
9.152244,131.65149
9.170724,130.62903
9.1844015,130.62903
9.20155,130.62903
9.220407,130.07574
9.234122,130.07574
9.252828,132.78949
9.268289,132.78949
9.28507,131.83673
9.303804,131.83673
9.318091,131.83673
9.336803,129.4737
9.353238,129.4737
9.36907,128.91174
9.384805,128.91174
9.403436,128.2464
9.418952,128.2464
9.435141,128.2464
9.452618,127.710144
9.469211,127.710144
9.48585,129.11292
9.503403,129.11292
9.519676,129.11292
9.539242,128.86768
9.552723,128.86768
9.573933,128.07355
9.585472,128.07355
9.603372,126.76471
9.619299,126.76471
9.634905,126.76471
9.653009,128.58728
9.668046,128.58728
9.686038,129.10449
9.702843,129.10449
9.719587,129.10449
9.737255,128.34668
9.751943,128.34668
9.772144,126.359985
9.785797,126.359985
9.803315,126.01538
9.82099,126.01538
9.83504,126.01538
9.854315,128.03772
9.868207,128.03772
9.886036,125.535706
9.902636,125.535706
9.917788,125.535706
9.936783,124.65082
9.952576,124.65082
9.974048,124.148926
9.985611,124.148926
10.003277,124.31036
10.01901,124.31036
10.034545,124.31036
10.055795,122.466675
10.0684595,122.466675
10.086904,122.0
10.103276,122.0
10.118538,122.0
10.136788,119.43286
10.151599,119.43286
10.173517,120.38159
10.185046,120.38159
10.202557,120.38159
10.219576,122.52307
10.234737,122.52307
10.253294,122.76471
10.268031,122.76471
10.287389,122.06152
10.302551,122.06152
10.318843,122.06152
10.337181,120.23285
10.351686,120.23285
10.3701315,121.47888
10.385446,121.47888
10.401873,121.47888
10.41968,120.4754
10.435445,120.4754
10.453951,119.33331
10.468993,119.33331
10.484669,117.74194
10.5023985,117.74194
10.518712,117.74194
10.536419,120.34784
10.55194,120.34784
10.569483,121.48938
10.585344,121.48938
10.60133,121.48938
10.61946,119.05261
10.635097,119.05261
10.65377,118.381836
10.667744,118.381836
10.685437,117.466675
10.702092,117.466675
10.719135,117.466675
10.736984,117.13336
10.751917,117.13336
10.769834,116.12726
10.784958,116.12726
10.803457,117.51666
10.819493,117.51666
10.834831,117.51666
10.853637,115.33331
10.867325,115.33331
10.884964,113.28815
10.903339,113.28815
10.918388,113.28815
10.936207,117.0
10.952573,117.0
10.969576,118.38776
10.9845705,118.38776
11.003858,116.4259
11.0197315,116.4259
11.046054,116.14288
11.058234,116.14288
11.071232,116.14288
11.090986,116.046875
11.104031,116.046875
11.13016,116.61194
11.142463,116.61194
11.157409,116.61194
11.174887,117.23187
11.187509,117.23187
11.205476,116.802795
11.222904,116.802795
11.239468,116.802795
11.25631,114.34668
11.271071,114.34668
11.289202,114.95123
11.305864,114.95123
11.32214,114.95123
11.338887,114.921875
11.356161,114.921875
11.373392,114.337524
11.38856,114.337524
11.4062195,114.101685
11.422327,114.101685
11.438445,114.101685
11.456202,114.63336
11.471582,114.63336
11.490402,113.7547
11.506481,113.7547
11.522163,113.7547
11.538416,114.125
11.554706,114.125
11.572607,113.640625
11.58786,113.640625
11.608972,114.77051
11.622372,114.77051
11.637706,114.77051
11.65586,113.80951
11.672711,113.80951
11.690037,114.171875
11.705613,114.171875
11.721895,114.171875
11.74074,114.935486
11.755535,114.935486
11.773016,114.83606
11.789392,114.83606
11.80621,114.39728
11.823296,114.39728
11.838628,114.39728
11.857284,114.21619
11.8727,114.21619
11.889905,112.09589
11.908461,112.09589
11.922772,112.09589
11.939354,112.6579
11.955419,112.6579
11.975007,110.68573
11.988935,110.68573
12.007632,111.015625
12.022509,111.015625
12.03973,111.015625
12.05758,112.9375
12.073111,112.9375
12.090168,110.59088
12.106219,110.59088
12.122091,110.59088
12.139538,114.39703
12.155589,114.39703
12.175098,112.88678
12.187993,112.88678
12.205059,114.421875
12.221705,114.421875
12.238241,114.421875
12.25654,114.272705
12.271788,114.272705
12.293477,112.23529
12.306541,112.23529
12.322212,112.23529
12.339511,112.020386
12.355546,112.020386
12.372695,113.17743
12.388049,113.17743
12.404335,112.730774
12.421419,112.730774
12.438237,112.730774
12.454932,115.94031
12.47098,115.94031
12.489716,112.20734
12.505905,112.20734
12.522249,112.20734
12.539581,112.36365
12.554953,112.36365
12.573014,111.64288
12.589229,111.64288
12.606575,114.197205
12.623526,114.197205
12.638247,114.197205
12.656693,114.72882
12.671529,114.72882
12.693763,114.26758
12.705518,114.26758
12.720865,114.26758
12.7391405,112.456116
12.7590065,112.456116
12.7762375,115.258606
12.78901,115.258606
12.808659,111.85962
12.823022,111.85962
12.83795,111.85962
12.855768,114.25
12.87207,114.25
12.889845,114.269226
12.904923,114.269226
12.922209,114.269226
12.939795,116.214294
12.954844,116.214294
12.974794,122.5
12.988312,122.5
13.0042925,117.83563
13.021745,117.83563
13.03726,117.83563
13.055969,120.26965
13.072115,120.26965
13.089873,123.48053
13.105091,123.48053
13.121225,123.48053
13.140024,120.85553
13.155742,120.85553
13.173858,121.90588
13.188024,121.90588
13.20574,122.404785
13.222266,122.404785
13.23854,122.404785
13.256107,125.49414
13.271692,125.49414
13.288412,126.0
13.304977,126.0
13.321855,126.0
13.340497,126.16901
13.35542,126.16901
13.373384,127.48102
13.3880415,127.48102
13.405674,128.40002
13.421983,128.40002
13.438576,128.40002
13.457475,127.30261
13.470965,127.30261
13.493677,128.77332
13.505551,128.77332
13.521428,128.77332
13.539789,128.73975
13.555301,128.73975
13.573079,129.28748
13.588003,129.28748
13.60496,129.95776
13.623284,129.95776
13.638456,129.95776
13.656447,129.16455
13.672149,129.16455
13.690153,129.01495
13.705218,129.01495
13.724443,128.81482
13.740526,128.81482
13.75602,128.81482
13.773171,130.11597
13.7880745,130.11597
13.805068,126.434326
13.821753,126.434326
13.837725,126.434326
13.857047,130.9524
13.872038,130.9524
13.892212,132.19751
13.904933,132.19751
13.923339,135.13116
13.93964,135.13116
13.955465,135.13116
13.972516,135.97101
13.9891615,135.97101
14.006869,132.09998
14.022306,132.09998
14.039223,132.09998
14.055225,134.32
14.071498,134.32
14.090001,134.7561
14.106469,134.7561
14.124168,134.55847
14.140185,134.55847
14.15425,134.55847
14.172593,135.90479
14.188821,135.90479
14.206225,137.02856
14.221581,137.02856
14.239586,137.02856
14.256745,139.23529
14.272895,139.23529
14.289339,136.41248
14.305806,136.41248
14.321728,136.41248
14.339228,136.57648
14.355374,136.57648
14.373545,136.25641
14.388666,136.25641
14.40466,138.8941
14.422292,138.8941
14.438621,138.8941
14.455879,139.49274
14.471645,139.49274
14.489422,137.69232
14.505734,137.69232
14.520647,137.69232
14.53917,138.40002
14.554775,138.40002
14.572703,140.38751
14.588157,140.38751
14.605997,138.2727
14.623126,138.2727
14.638417,138.2727
14.65856,140.09998
14.67174,140.09998
14.694206,142.27777
14.705196,142.27777
14.723325,142.27777
14.739578,143.8551
14.755855,143.8551
14.773235,144.86841
14.789,144.86841
14.806208,144.86108
14.822456,144.86108
14.839361,144.86108
14.855626,147.06848
14.872812,147.06848
14.889596,143.58752
14.904906,143.58752
14.923956,147.27777
14.939854,147.27777
14.9549675,147.27777
14.972824,145.96588
14.989044,145.96588
15.004796,145.48529
15.021816,145.48529
15.038962,145.48529
15.0571575,147.15717
15.072803,147.15717
15.090374,149.49182
15.106087,149.49182
15.121051,149.49182
15.139983,148.47827
15.155542,148.47827
15.172971,149.24194
15.188701,149.24194
15.204903,148.03748
15.222634,148.03748
15.239941,148.03748
15.256926,150.38708
15.272046,150.38708
15.2888,145.6875
15.306222,145.6875
15.32136,145.6875
15.339701,145.14062
15.355205,145.14062
15.372596,144.7121
15.387303,144.7121
15.405066,149.6604
15.422159,149.6604
15.43856,149.6604
15.458206,150.13464
15.47126,150.13464
15.489826,148.01514
15.504394,148.01514
15.523639,149.62024
15.538975,149.62024
15.555904,149.62024
15.576494,147.17645
15.591665,147.17645
15.60763,150.52173
15.622168,150.52173
15.638999,150.52173
15.659394,149.9737
15.671921,149.9737
15.693687,148.5
15.7064495,148.5
15.723587,149.1781
15.742011,149.1781
15.755277,149.1781
15.77492,150.06409
15.790156,150.06409
15.806371,152.66669
15.824315,152.66669
15.838414,152.66669
15.856715,152.44305
15.871862,152.44305
15.889842,154.05261
15.905859,154.05261
15.921954,154.05261
15.9394245,154.79034
15.953821,154.79034
15.97446,153.3421
15.988295,153.3421
16.0052,157.04053
16.02166,157.04053
16.039135,157.04053
16.05605,157.2237
16.071186,157.2237
16.090546,156.68353
16.104273,156.68353
16.123415,157.83331
16.14089,157.83331
16.15548,157.83331
16.174013,158.84613
16.188787,158.84613
16.204935,160.09637
16.222897,160.09637
16.238247,160.09637
16.256342,159.9367
16.271738,159.9367
16.29315,159.14447
16.305922,159.14447
16.32249,159.14447
16.340752,159.12195
16.354736,159.12195
16.375212,160.20312
16.389326,160.20312
16.411194,163.05798
16.42197,163.05798
16.439196,163.05798
16.456686,162.66669
16.472673,162.66669
16.490414,164.18964
16.505558,164.18964
16.522242,164.18964
16.540667,162.16174
16.555729,162.16174
16.5773,162.25
16.587482,162.25
16.604958,164.52002
16.623318,164.52002
16.640266,164.52002
16.658583,163.98749
16.672651,163.98749
16.689896,164.4674
16.706871,164.4674
16.722565,164.4674
16.74134,168.46051
16.754713,168.46051
16.77786,165.56757
16.789076,165.56757
16.806696,167.18683
16.822979,167.18683
16.83909,167.18683
16.857286,169.66248
16.871601,169.66248
16.889332,170.92407
16.906334,170.92407
16.923748,168.89746
16.940722,168.89746
16.956707,168.89746
16.972803,173.91028
16.989006,173.91028
17.004631,171.37805
17.023958,171.37805
17.039198,171.37805
17.056858,174.68921
17.071974,174.68921
17.08968,172.02246
17.106329,172.02246
17.121632,172.02246
17.139286,174.33783
17.15524,174.33783
17.174494,173.7442
17.188606,173.7442
17.206808,174.66669
17.222155,174.66669
17.23927,174.66669
17.256395,175.76831
17.272127,175.76831
17.293898,174.18604
17.30552,174.18604
17.323446,177.6795
17.339972,177.6795
17.356436,177.6795
17.373314,175.98749
17.389437,175.98749
17.405575,174.89014
17.422688,174.89014
17.43807,174.89014
17.457294,174.76056
17.472364,174.76056
17.490068,175.49365
17.506052,175.49365
17.52216,175.49365
17.539896,175.3421
17.555733,175.3421
17.574013,173.82257
17.588644,173.82257
17.607962,174.14062
17.622538,174.14062
17.638502,174.14062
17.656336,174.89856
17.671759,174.89856
17.68944,177.169
17.704338,177.169
17.722612,177.169
17.742151,180.56061
17.754305,180.56061
17.774115,179.46552
17.788097,179.46552
17.806183,179.08331
17.821829,179.08331
17.837973,179.08331
17.857,178.8158
17.871965,178.8158
17.889694,178.69305
17.905119,178.69305
17.938585,181.5
17.953936,181.5
17.964254,181.36584
17.981775,181.36584
17.997074,181.36584
18.01532,181.70667
18.03117,181.70667
18.047937,182.05481
18.064058,182.05481
18.080738,182.05481
18.100586,181.95776
18.113752,181.95776
18.131647,180.5658
18.147396,180.5658
18.164028,181.31708
18.184475,181.31708
18.19826,181.31708
18.216528,179.61536
18.231285,179.61536
18.249043,181.47272
18.264917,181.47272
18.280203,181.47272
18.29892,179.4386
18.314228,179.4386
18.335648,177.09839
18.346945,177.09839
18.36601,175.0
18.380968,175.0
18.396336,175.0
18.415655,174.74713
18.430084,174.74713
18.452217,174.42621
18.465183,174.42621
18.480844,174.42621
18.49883,173.71155
18.513754,173.71155
18.534,173.7536
18.547354,173.7536
18.565907,173.41895
18.5816,173.41895
18.598028,173.41895
18.61542,169.05817
18.631908,169.05817
18.653399,170.0
18.664715,170.0
18.680748,170.0
18.69906,170.84283
18.714111,170.84283
18.733578,167.91248
18.74793,167.91248
18.782568,168.81158
18.796442,168.81158
18.809708,167.78687
18.825481,167.78687
18.843359,166.09375
18.85885,166.09375
18.87463,166.09375
18.892029,164.9367
18.906815,164.9367
18.924934,166.17908
18.94228,166.17908
18.957657,166.17908
18.976109,164.4342
18.98993,164.4342
19.00837,162.974
19.02369,162.974
19.041443,162.974
19.059368,164.0119
19.074335,164.0119
19.092928,161.95947
19.107693,161.95947
19.125732,163.14752
19.142412,163.14752
19.156464,163.14752
19.17552,162.54932
19.190428,162.54932
19.209688,163.03333
19.224533,163.03333
19.24025,163.03333
19.259096,159.10712
19.275217,159.10712
19.291023,157.79266
19.307484,157.79266
19.32386,160.56964
19.341621,160.56964
19.358347,160.56964
19.376396,159.26025
19.389862,159.26025
19.409079,157.83563
19.423916,157.83563
19.44232,157.83563
19.458744,156.66278
19.474062,156.66278
19.494467,156.04169
19.509056,156.04169
19.525179,156.31079
19.542837,156.31079
19.557882,156.31079
19.575464,152.8081
19.590843,152.8081
19.61243,155.37177
19.62424,155.37177
19.641201,155.37177
19.660028,151.49365
19.67407,151.49365
19.692719,150.73132
19.70909,150.73132
19.726892,150.66235
19.741177,150.66235
19.75634,150.66235
19.777763,147.86884
19.791698,147.86884
19.80919,146.5
19.824007,146.5
19.840347,146.5
19.85815,146.21918
19.87396,146.21918
19.893263,145.01562
19.908026,145.01562
19.927069,143.18054
19.94169,143.18054
19.957054,143.18054
19.976183,145.09802
19.991137,145.09802
20.008738,144.03387
20.02389,144.03387
20.040846,144.03387
20.059504,140.65277
20.075457,140.65277
20.093243,140.4054
20.108547,140.4054
20.123596,138.92981
20.142517,138.92981
20.15816,138.92981
20.175472,136.61646
20.190351,136.61646
20.209229,136.98633
20.223642,136.98633
20.240387,136.98633
20.259068,137.65216
20.275381,137.65216
20.292032,135.39685
20.307236,135.39685
20.329987,136.26666
20.34473,136.26666
20.357792,136.26666
20.376198,134.56946
20.39188,134.56946
20.40887,135.02985
20.425053,135.02985
20.441929,135.02985
20.459293,133.35938
20.475187,133.35938
20.492596,133.9403
20.50687,133.9403
20.525251,129.67926
20.541088,129.67926
20.557129,129.67926
20.576036,131.39288
20.589699,131.39288
20.608696,127.82141
20.624079,127.82141
20.640076,127.82141
20.658846,126.27588
20.67391,126.27588
20.694723,124.53027
20.710804,124.53027
20.724072,126.86365
20.741879,126.86365
20.757433,126.86365
20.780497,123.90277
20.791866,123.90277
20.80901,122.36249
20.823713,122.36249
20.841393,122.36249
20.858206,121.72601
20.874811,121.72601
20.893635,121.44153
20.90717,121.44153
20.923801,118.29089
20.941603,118.29089
20.957716,118.29089
20.97582,117.859985
20.9913,117.859985
21.011003,121.246155
21.02383,121.246155
21.041763,121.246155
21.059406,120.119995
21.073767,120.119995
21.092754,119.07501
21.107534,119.07501
21.12509,118.95294
21.141895,118.95294
21.157356,118.95294
21.174587,122.150024
21.19148,122.150024
21.209898,119.033325
21.223463,119.033325
21.240181,119.033325
21.259205,118.51514
21.274958,118.51514
21.294579,117.61536
21.307932,117.61536
21.325539,118.69385
21.342762,118.69385
21.35783,118.69385
21.375992,116.21155
21.392075,116.21155
21.40868,117.596985
21.423918,117.596985
21.442122,117.596985
21.459002,118.44
21.474117,118.44
21.493378,116.186035
21.507109,116.186035
21.524273,116.439026
21.542006,116.439026
21.558462,116.439026
21.577127,116.65454
21.59089,116.65454
21.607393,113.632935
21.624727,113.632935
21.640436,113.632935
21.657799,115.2381
21.674757,115.2381
21.691628,115.612915
21.706589,115.612915
21.727428,115.19696
21.743195,115.19696
21.75666,115.19696
21.776247,114.98462
21.791964,114.98462
21.809061,115.2879
21.825562,115.2879
21.840687,115.2879
21.858747,114.0
21.874487,114.0
21.893324,113.53027
21.908176,113.53027
21.925407,114.3288
21.943628,114.3288
21.95908,114.3288
21.977112,112.04108
21.990961,112.04108
22.013384,111.32855
22.024221,111.32855
22.04024,111.32855
22.05872,111.405396
22.075026,111.405396
22.093454,111.9881
22.107779,111.9881
22.125843,110.599976
22.141449,110.599976
22.156708,110.599976
22.176277,110.383545
22.191753,110.383545
22.211384,109.52942
22.224552,109.52942
22.241356,109.52942
22.259998,110.17108
22.275848,110.17108
22.29143,110.89856
22.309164,110.89856
22.328133,110.89856
22.342962,109.07141
22.358751,109.07141
22.37519,109.38464
22.39209,109.38464
22.408367,109.64862
22.42467,109.64862
22.442043,109.64862
22.459402,109.439575
22.475338,109.439575
22.49296,108.79309
22.508942,108.79309
22.524483,107.69891
22.54179,107.69891
22.557495,107.69891
22.576797,107.82611
22.591259,107.82611
22.613585,107.747375
22.624218,107.747375
22.640022,107.747375
22.658989,107.89795
22.674105,107.89795
22.692924,109.55127
22.707293,109.55127
22.726183,109.64862
22.741425,109.64862
22.758547,109.64862
22.775698,106.38666
22.791796,106.38666
22.813435,106.54547
22.824493,106.54547
22.840918,106.54547
22.858889,106.026306
22.873482,106.026306
22.892025,107.072266
22.907831,107.072266
22.924995,108.567566
22.94136,108.567566
22.957611,108.567566
22.976032,109.69623
22.991026,109.69623
23.010698,109.88403
23.023691,109.88403
23.0476,109.88403
23.059484,109.599976
23.07418,109.599976
23.093012,109.917786
23.107748,109.917786
23.124968,109.61902
23.142551,109.61902
23.15795,109.61902
23.175308,111.025024
23.18988,111.025024
23.208914,111.83331
23.224253,111.83331
23.240698,111.83331
23.25956,108.63953
23.274446,108.63953
23.29273,108.47058
23.307919,108.47058
23.32615,107.913574
23.341433,107.913574
23.357538,107.913574
23.375881,108.46912
23.391224,108.46912
23.409794,109.38269
23.42341,109.38269
23.44897,108.03705
23.462456,108.03705
23.47444,108.03705
23.492138,108.47998
23.508183,108.47998
23.525448,107.40741
23.541948,107.40741
23.558352,107.40741
23.57644,109.33331
23.589817,109.33331
23.609749,108.10809
23.625069,108.10809
23.642044,108.10809
23.657541,108.32001
23.673784,108.32001
23.69372,108.972595
23.707838,108.972595
23.726295,110.42645
23.743174,110.42645
23.758509,110.42645
23.77648,110.27869
23.79182,110.27869
23.809725,109.69739
23.824465,109.69739
23.841082,109.69739
23.858686,109.44153
23.873693,109.44153
23.891937,110.43616
23.906866,110.43616
23.925213,109.5
23.940475,109.5
23.957542,109.5
23.976948,109.8125
23.990993,109.8125
24.009182,110.095764
24.024027,110.095764
24.041906,110.095764
24.058033,108.66315
24.074066,108.66315
24.092688,108.095764
24.108307,108.095764
24.124746,108.65851
24.1428,108.65851
24.157013,108.65851
24.17652,107.730774
24.191156,107.730774
24.207457,107.04492
24.22426,107.04492
24.241465,107.04492
24.257814,107.23456
24.274162,107.23456
24.29119,107.97467
24.307463,107.97467
24.325846,111.20227
24.343014,111.20227
24.357622,111.20227
24.37771,110.84338
24.39189,110.84338
24.408445,110.69
24.424805,110.69
24.441307,110.69
24.458641,110.22583
24.473621,110.22583
24.491581,109.87952
24.5079,109.87952
24.527876,108.58142
24.54136,108.58142
24.558348,108.58142
24.576176,111.55127
24.592216,111.55127
24.609314,112.4483
24.624908,112.4483
24.642435,112.4483
24.659445,112.80768
24.674778,112.80768
24.691738,113.16925
24.708885,113.16925
24.723825,112.36249
24.743515,112.36249
24.757195,112.36249
24.77605,114.55554
24.790545,114.55554
24.812696,113.42859
24.825096,113.42859
24.843561,114.29413
24.857956,114.29413
24.873833,114.29413
24.893032,115.92633
24.906797,115.92633
24.925291,114.927734
24.94203,114.927734
24.957523,114.927734
24.97677,113.535706
24.99061,113.535706
25.008806,116.51282
25.024714,116.51282
25.040792,116.51282
25.059649,116.791016
25.074108,116.791016
25.091837,117.74286
25.108051,117.74286
25.124704,118.10809
25.143274,118.10809
25.157093,118.10809
25.175924,116.0
25.190943,116.0
25.208824,119.39191
25.224037,119.39191
25.240908,119.39191
25.260098,118.02942
25.275139,118.02942
25.292337,118.47058
25.307377,118.47058
25.323484,118.26318
25.34188,118.26318
25.359066,118.26318
25.376328,118.14923
25.3906,118.14923
25.409582,122.45831
25.424782,122.45831
25.441488,122.45831
25.463722,120.38202
25.474056,120.38202
25.493046,121.39703
25.508368,121.39703
25.5285,121.05951
25.542177,121.05951
25.558187,121.05951
25.578688,122.58331
25.59084,122.58331
25.608702,125.0
25.624767,125.0
25.642368,125.0
25.658344,123.29852
25.67469,123.29852
25.693235,122.5224
25.708963,122.5224
25.726137,124.33331
25.742907,124.33331
25.7569,124.33331
25.77647,126.86957
25.790983,126.86957
25.812408,127.65332
25.825207,127.65332
25.842035,127.65332
25.859436,128.53333
25.875183,128.53333
25.892832,126.888916
25.907614,126.888916
25.925404,128.67072
25.941235,128.67072
25.957825,128.67072
25.97586,127.495056
25.991127,127.495056
26.009178,129.18842
26.025698,129.18842
26.0407,129.18842
26.058893,129.54053
26.074875,129.54053
26.093594,130.60565
26.108175,130.60565
26.125668,132.35382
26.14207,132.35382
26.157288,132.35382
26.176918,132.92773
26.191502,132.92773
26.208977,131.42108
26.22518,131.42108
26.24131,131.42108
26.259384,132.5484
26.274036,132.5484
26.29279,135.0769
26.307892,135.0769
26.327187,136.25421
26.342962,136.25421
26.35778,136.25421
26.375807,133.86536
26.391747,133.86536
26.409826,133.50702
26.424128,133.50702
26.440964,133.50702
26.459637,138.61969
26.473795,138.61969
26.491592,139.87097
26.507893,139.87097
26.524548,138.31946
26.542511,138.31946
26.557808,138.31946
26.57646,139.80487
26.590723,139.80487
26.614206,137.75
26.629206,137.75
26.64172,137.75
26.659496,140.76923
26.674522,140.76923
26.692526,138.15387
26.708492,138.15387
26.728493,141.37683
26.742771,141.37683
26.757544,141.37683
26.777252,142.68921
26.791492,142.68921
26.809381,143.5965
26.82447,143.5965
26.84309,146.90625
26.860003,146.90625
26.874678,146.90625
26.891151,152.09998
26.908222,152.09998
26.926264,147.5614
26.941216,147.5614
26.95841,147.5614
26.97572,149.6087
26.991154,149.6087
27.011404,151.38959
27.024923,151.38959
27.04142,151.38959
27.059074,154.5238
27.075392,154.5238
27.09562,152.60315
27.10787,152.60315
27.125696,154.79102
27.143364,154.79102
27.159437,154.79102
27.179255,154.65851
27.191746,154.65851
27.209667,159.32257
27.22579,159.32257
27.242579,159.32257
27.261232,158.17108
27.275858,158.17108
27.29382,157.2763
27.308075,157.2763
27.3265,158.32855
27.341747,158.32855
27.359434,158.32855
27.37684,162.52875
27.392258,162.52875
27.41284,159.57306
27.425497,159.57306
27.44123,159.57306
27.460125,158.82977
27.475021,158.82977
27.494234,156.84058
27.508043,156.84058
27.525375,159.3913
27.544142,159.3913
27.557724,159.3913
27.576946,164.83075
27.591894,164.83075
27.609682,163.79071
27.624807,163.79071
27.641602,163.79071
27.659327,166.69513
27.674538,166.69513
27.693556,169.30261
27.708857,169.30261
27.725794,171.5921
27.741287,171.5921
27.757679,171.5921
27.781712,171.22076
27.79268,171.22076
27.812983,171.75311
27.825235,171.75311
27.841589,171.75311
27.859615,172.67072
27.875805,172.67072
27.892214,172.44592
27.90813,172.44592
27.925312,174.375
27.94257,174.375
27.959387,174.375
27.976217,172.25317
27.990828,172.25317
28.009214,174.61444
28.024904,174.61444
28.041058,174.61444
28.05986,176.88892
28.074503,176.88892
28.09369,174.7215
28.109264,174.7215
28.123886,175.13098
28.142967,175.13098
28.157728,175.13098
28.176252,177.44446
28.191065,177.44446
28.210135,177.0
28.22469,177.0
28.241924,177.0
28.259014,174.77081
28.273972,174.77081
28.292643,177.0
28.308922,177.0
28.324535,179.75409
28.342897,179.75409
28.358644,179.75409
28.37683,178.98279
28.390703,178.98279
28.40858,178.7945
28.424644,178.7945
28.440802,178.7945
28.459734,177.3924
28.47473,177.3924
28.496338,180.07043
28.507965,180.07043
28.524874,177.95587
28.543242,177.95587
28.559263,177.95587
28.577435,177.76813
28.59131,177.76813
28.612394,179.34723
28.62539,179.34723
28.643078,180.72412
28.659992,180.72412
28.674248,180.72412
28.693594,180.14288
28.707945,180.14288
28.725525,181.40625
28.742872,181.40625
28.757122,181.40625
28.775526,179.08063
28.790373,179.08063
28.810005,179.55383
28.824924,179.55383
28.84107,179.55383
28.859432,177.74243
28.89009,176.23077
28.90497,176.23077
28.915766,176.23077
28.9327,176.96106
28.947536,176.96106
28.964792,177.52002
28.982985,177.52002
28.999409,177.52002
29.016748,178.82611
29.030191,178.82611
29.050936,178.48486
29.065605,178.48486
29.081034,178.48486
29.100815,180.77417
29.115532,180.77417
29.133644,180.57379
29.14806,180.57379
29.165335,178.66669
29.183207,178.66669
29.199001,178.66669
29.217094,178.22668
29.231506,178.22668
29.249502,176.78876
29.26503,176.78876
29.281584,176.78876
29.299809,177.5968
29.315794,177.5968
29.333082,177.2373
29.34844,177.2373
29.366274,178.91937
29.383207,178.91937
29.397364,178.91937
29.419577,177.73438
29.437983,177.73438
29.451874,176.42188
29.464664,176.42188
29.481573,176.42188
29.499588,173.28986
29.515305,173.28986
29.53296,175.0658
29.549154,175.0658
29.565765,176.0
29.582348,176.0
29.598228,176.0
29.616175,173.84125
29.631292,173.84125
29.65413,174.10529
29.6658,174.10529
29.68093,174.10529
29.69983,175.91937
29.717373,175.91937
29.73401,175.75928
29.748083,175.75928
29.767487,176.36841
29.782848,176.36841
29.79773,176.36841
29.817413,175.23639
29.832937,175.23639
29.850393,174.24194
29.86472,174.24194
29.8828,174.24194
29.90019,173.64618
29.914936,173.64618
29.933895,174.22858
29.947792,174.22858
29.966665,176.8393
29.981522,176.8393
29.998034,176.8393
30.017096,176.9375
30.031185,176.9375
30.049221,172.01447
30.068596,172.01447
30.084705,174.28333
30.100264,174.28333
30.11517,174.28333
30.132828,171.16669
30.147844,171.16669
30.166569,170.45587
30.183208,170.45587
30.1996,170.45587
30.21686,170.28766
30.231354,170.28766
30.250002,170.6579
30.264154,170.6579
30.281443,170.6579
30.298758,167.59998
30.31588,167.59998
30.332863,167.21313
30.348507,167.21313
30.366161,166.54095
30.383192,166.54095
30.39846,166.54095
30.4163,166.74286
30.432053,166.74286
30.449963,161.51666
30.465609,161.51666
30.48287,161.51666
30.49977,162.3692
30.516365,162.3692
30.532585,164.34918
30.549007,164.34918
30.56743,164.0
30.584171,164.0
30.598246,164.0
30.61683,166.05194
30.630808,166.05194
30.64929,165.77612
30.664307,165.77612
30.681824,165.77612
30.70041,168.0
30.716858,168.0
30.735037,168.15149
30.748625,168.15149
30.766785,165.42645
30.783567,165.42645
30.797726,165.42645
30.816538,165.61768
30.832766,165.61768
30.850817,163.24097
30.866175,163.24097
30.881678,163.24097
30.899776,163.91895
30.915773,163.91895
30.932869,161.66669
30.947704,161.66669
30.966543,161.48389
30.98237,161.48389
30.998669,161.48389
31.016758,161.6604
31.037401,161.6604
31.050367,160.52081
31.065022,160.52081
31.08175,160.52081
31.100555,157.54901
31.114834,157.54901
31.132385,158.71875
31.148603,158.71875
31.165485,156.43903
31.18295,156.43903
31.19758,156.43903
31.217442,159.77966
31.23126,159.77966
31.249887,153.58331
31.26519,153.58331
31.281439,153.58331
31.29906,153.7727
31.315475,153.7727
31.335371,152.875
31.349129,152.875
31.365637,151.3125
31.383825,151.3125
31.398973,151.3125
31.417799,153.46936
31.431253,153.46936
31.44936,152.51666
31.466562,152.51666
31.481415,152.51666
31.49976,151.98389
31.51515,151.98389
31.537262,147.8451
31.547886,147.8451
31.565187,146.84747
31.582426,146.84747
31.59798,146.84747
31.620434,151.36737
31.631842,151.36737
31.6519,148.2857
31.665276,148.2857
31.682484,148.2857
31.699621,146.4898
31.716991,146.4898
31.734009,148.37708
31.748442,148.37708
31.76501,143.26788
31.782764,143.26788
31.798885,143.26788
31.817963,139.34918
31.832798,139.34918
31.85097,141.5
31.865303,141.5
31.88206,141.5
31.900387,136.87299
31.916359,136.87299
31.93392,136.73773
31.948748,136.73773
31.966005,136.82092
31.98517,136.82092
31.998623,136.82092
32.01697,134.87878
32.03213,134.87878
32.050148,132.65118
32.066086,132.65118
32.081474,132.65118
32.099503,131.32306
32.116287,131.32306
32.133446,130.5517
32.149166,130.5517
32.166466,132.09436
32.183655,132.09436
32.19805,132.09436
32.217167,133.57446
32.231598,133.57446
32.248833,132.02563
32.265293,132.02563
32.282143,132.02563
32.300446,130.42029
32.31519,130.42029
32.33276,130.2807
32.347935,130.2807
32.365276,131.93475
32.38288,131.93475
32.39805,131.93475
32.416454,129.47058
32.43189,129.47058
32.44909,125.19513
32.464645,125.19513
32.481346,125.19513
32.499752,125.80554
32.51664,125.80554
32.53425,127.05884
32.54796,127.05884
32.565193,125.0
32.583763,125.0
32.599197,125.0
32.61702,125.41174
32.631947,125.41174
32.651173,125.966125
32.664463,125.966125
32.682365,125.966125
32.699417,121.786865
32.71458,121.786865
32.734043,122.72919
32.74873,122.72919
32.765556,122.46973
32.78248,122.46973
32.797867,122.46973
32.816746,123.888916
32.832817,123.888916
32.852474,124.19641
32.865955,124.19641
32.881264,124.19641
32.89982,121.57776
32.9148,121.57776
32.934834,122.898315
32.94787,122.898315
32.965168,123.63464
32.984085,123.63464
32.998848,123.63464
33.017136,122.29999
33.030884,122.29999
33.048565,119.10419
33.064964,119.10419
33.08119,119.10419
33.099968,121.034485
33.11399,121.034485
33.134354,119.98041
33.148453,119.98041
33.164745,119.29822
33.18281,119.29822
33.19882,119.29822
33.21798,119.612915
33.2317,119.612915
33.24855,116.5
33.264687,116.5
33.283695,117.57776
33.299103,117.57776
33.31496,117.57776
33.333683,115.0
33.347942,115.0
33.3674,117.913025
33.383636,117.913025
33.39814,117.913025
33.416897,115.244446
33.433636,115.244446
33.45248,113.96924
33.464924,113.96924
33.481766,113.96924
33.498997,116.0
33.51599,116.0
33.536617,112.5968
33.548695,112.5968
33.566074,112.375
33.582993,112.375
33.597446,112.375
33.61691,112.296326
33.631584,112.296326
33.64977,112.868835
33.6652,112.868835
33.68248,112.868835
33.700794,111.70911
33.715775,111.70911
33.735947,109.5
33.749123,109.5
33.76509,111.209656
33.781174,111.209656
33.799644,111.209656
33.817234,110.27869
33.83267,110.27869
33.850033,108.90411
33.86585,108.90411
33.88099,108.90411
33.89914,110.2157
33.915867,110.2157
33.93488,111.88336
33.94822,111.88336
33.964638,108.46478
33.983265,108.46478
33.99789,108.46478
34.01704,106.887085
34.031155,106.887085
34.0493,109.71997
34.065163,109.71997
34.08207,109.71997
34.0997,109.2807
34.11665,109.2807
34.134518,108.66669
34.14955,108.66669
34.166294,109.2041
34.18227,109.2041
34.19913,109.2041
34.217133,106.87756
34.231415,106.87756
34.249172,103.12903
34.264828,103.12903
34.283142,104.434204
34.300755,104.434204
34.31612,104.434204
34.335846,105.984375
34.349346,105.984375
34.365204,106.58618
34.38204,106.58618
34.41727,103.4762
34.42912,103.4762
34.441216,103.4762
34.458233,104.73999
34.47466,104.73999
34.492584,102.69385
34.507675,102.69385
34.5249,103.37286
34.54133,103.37286
34.557533,103.37286
34.576977,99.87097
34.59062,99.87097
34.609375,99.21875
34.62448,99.21875
34.641468,99.21875
34.65901,99.90161
34.67347,99.90161
34.691673,99.125
34.707027,99.125
34.724777,100.348816
34.74393,100.348816
34.756367,100.348816
34.77649,99.78723
34.791843,99.78723
34.813084,95.86273
34.825314,95.86273
34.841248,95.86273
34.858807,98.53491
34.874367,98.53491
34.89329,98.06
34.90805,98.06
34.92514,98.822205
34.94169,98.822205
34.957607,98.822205
34.9765,97.827576
34.990883,97.827576
35.008816,97.448975
35.023926,97.448975
35.04126,97.448975
35.059753,98.07245
35.07373,98.07245
35.09307,96.1449
35.10766,96.1449
35.12428,95.83606
35.142056,95.83606
35.156353,95.83606
35.176483,94.34247
35.191307,94.34247
35.208443,94.256775
35.224308,94.256775
35.241516,94.256775
35.259846,95.97827
35.27377,95.97827
35.292778,95.64288
35.307613,95.64288
35.325226,95.91431
35.341347,95.91431
35.356586,95.91431
35.37581,95.092285
35.39159,95.092285
35.409485,97.07843
35.425434,97.07843
35.44053,97.07843
35.45876,100.05359
35.47419,100.05359
35.495598,93.33331
35.5077,93.33331
35.524704,93.246155
35.543438,93.246155
35.557507,93.246155
35.57643,92.91937
35.590546,92.91937
35.60969,91.159424
35.624184,91.159424
35.640392,91.159424
35.657177,90.28845
35.674446,90.28845
35.692516,90.86273
35.707607,90.86273
35.728283,87.1579
35.74341,87.1579
35.757492,87.1579
35.775265,89.45099
35.79086,89.45099
35.808613,87.25
35.824577,87.25
35.840355,87.25
35.858345,86.56525
35.87541,86.56525
35.89254,84.18866
35.908306,84.18866
35.92431,83.70911
35.941223,83.70911
35.95768,83.70911
35.97397,84.83331
35.991783,84.83331
36.008995,82.0741
36.023792,82.0741
36.04071,82.0741
36.05929,81.375
36.073795,81.375
36.092773,84.77551
36.10889,84.77551
36.1236,82.97015
36.141766,82.97015
36.157417,82.97015
36.177326,83.18518
36.19146,83.18518
36.208435,79.285706
36.22458,79.285706
36.24196,79.285706
36.259644,83.0741
36.274044,83.0741
36.291485,85.111084
36.30758,85.111084
36.32541,85.02002
36.34325,85.02002
36.3573,85.02002
36.37945,80.28888
36.39126,80.28888
36.412544,78.7547
36.425385,78.7547
36.4404,78.7547
36.459015,83.890625
36.473698,83.890625
36.49225,84.31665
36.507343,84.31665
36.525326,83.18182
36.542526,83.18182
36.557262,83.18182
36.577755,86.19672
36.590565,86.19672
36.60962,88.01721
36.624783,88.01721
36.641716,88.01721
36.66019,88.04108
36.67492,88.04108
36.69323,89.67926
36.70768,89.67926
36.726105,89.70001
36.741505,89.70001
36.757385,89.70001
36.775253,89.03174
36.790947,89.03174
36.808746,90.183105
36.824467,90.183105
36.842426,90.183105
36.857788,90.47888
36.874226,90.47888
36.892357,92.42468
36.908855,92.42468
36.92623,95.47998
36.94312,95.47998
36.958733,95.47998
36.977615,92.253174
36.99078,92.253174
37.01318,94.6712
37.023907,94.6712
37.04103,94.6712
37.059914,97.89331
37.074974,97.89331
37.09213,97.30139
37.10688,97.30139
37.125137,98.94873
37.142384,98.94873
37.158016,98.94873
37.17566,100.24658
37.191006,100.24658
37.212578,97.17743
37.224136,97.17743
37.24321,100.38574
37.259052,100.38574
37.273964,100.38574
37.29332,99.324646
37.308548,99.324646
37.32548,98.46771
37.34185,98.46771
37.35789,98.46771
37.375748,99.8219
37.391174,99.8219
37.40894,98.42029
37.424145,98.42029
37.440742,98.42029
37.458794,97.30768
37.474487,97.30768
37.491997,96.79413
37.508358,96.79413
37.524868,97.5246
37.54319,97.5246
37.557922,97.5246
37.577675,100.285706
37.59099,100.285706
37.608883,100.0625
37.624405,100.0625
37.64002,100.0625
37.657955,99.7619
37.674263,99.7619
37.693356,100.93848
37.707626,100.93848
37.723953,104.86841
37.741886,104.86841
37.757294,104.86841
37.776615,104.053345
37.79222,104.053345
37.808968,104.43286
37.824085,104.43286
37.841606,104.43286
37.859238,107.65997
37.874756,107.65997
37.892918,105.32001
37.908722,105.32001
37.924816,107.490906
37.942207,107.490906
37.95703,107.490906
37.975666,107.94342
37.990185,107.94342
38.013,109.528564
38.02488,109.528564
38.040718,109.528564
38.0599,106.88464
38.074905,106.88464
38.09576,109.44928
38.10848,109.44928
38.126125,111.888916
38.142433,111.888916
38.159122,111.888916
38.177414,112.1839
38.19136,112.1839
38.209743,110.80951
38.224503,110.80951
38.24213,110.80951
38.259644,113.42108
38.27384,113.42108
38.291664,112.79999
38.30888,112.79999
38.32639,114.41571
38.3431,114.41571
38.358418,114.41571
38.37647,115.65387
38.390823,115.65387
38.408646,120.52704
38.425663,120.52704
38.44072,120.52704
38.45849,119.014465
38.47457,119.014465
38.496113,120.35211
38.507603,120.35211
38.524254,120.10297
38.543888,120.10297
38.5573,120.10297
38.575634,122.013306
38.591637,122.013306
38.60872,124.2771
38.627403,124.2771
38.64133,124.2771
38.65771,121.80487
38.67452,121.80487
38.692368,121.10846
38.707363,121.10846
38.72732,123.33734
38.743286,123.33734
38.758026,123.33734
38.775894,122.76251
38.792393,122.76251
38.808037,127.5932
38.82505,127.5932
38.840694,127.5932
38.858814,124.203125
38.874523,124.203125
38.891922,124.81818
38.906876,124.81818
38.924736,125.57379
38.941143,125.57379
38.95809,125.57379
38.975796,127.546875
38.99153,127.546875
39.010105,128.79034
39.024395,128.79034
39.040638,128.79034
39.05912,128.03387
39.074093,128.03387
39.093216,129.5893
39.10834,129.5893
39.124954,131.01282
39.14238,131.01282
39.15704,131.01282
39.176136,130.25806
39.190414,130.25806
39.20829,129.26868
39.224483,129.26868
39.2412,129.26868
39.25927,128.76318
39.274418,128.76318
39.292572,128.94287
39.308426,128.94287
39.325256,128.0133
39.34573,128.0133
39.357956,128.0133
39.376102,126.16669
39.39104,126.16669
39.408813,131.7273
39.424847,131.7273
39.44105,131.7273
39.459003,132.84375
39.474327,132.84375
39.49283,131.86584
39.508488,131.86584
39.52446,132.15717
39.541046,132.15717
39.558064,132.15717
39.576477,129.64178
39.59197,129.64178
39.60953,128.73254
39.625084,128.73254
39.64171,128.73254
39.65936,131.43213
39.6741,131.43213
39.692432,130.13043
39.707447,130.13043
39.72634,132.23285
39.74374,132.23285
39.757816,132.23285
39.776367,135.37335
39.790962,135.37335
39.807957,133.07794
39.826385,133.07794
39.842304,133.07794
39.8605,133.01251
39.87455,133.01251
39.893005,131.55261
39.908646,131.55261
39.925682,134.48279
39.942207,134.48279
39.958256,134.48279
39.976654,134.35297
39.990917,134.35297
40.013348,134.80249
40.02458,134.80249
40.041763,134.80249
40.059658,130.05554
40.07479,130.05554
40.093025,132.36902
40.10728,132.36902
40.124416,132.80768
40.14234,132.80768
40.158344,132.80768
40.175735,132.1507
40.190548,132.1507
40.209618,133.67145
40.225254,133.67145
40.240517,133.67145
40.259373,132.0
40.27583,132.0
40.294296,131.98334
40.30846,131.98334
40.32579,131.64514
40.342777,131.64514
40.358814,131.64514
40.377,131.05798
40.3919,131.05798
40.409348,130.63379
40.42575,130.63379
40.440624,130.63379
40.459595,131.026
40.47411,131.026
40.492893,130.01111
40.508816,130.01111
40.52492,129.57648
40.542553,129.57648
40.557693,129.57648
40.57646,132.73334
40.5913,132.73334
40.60942,134.46667
40.625507,134.46667
40.640896,134.46667
40.66002,133.29413
40.67585,133.29413
40.69438,131.81427
40.708843,131.81427
40.724846,129.39508
40.74386,129.39508
40.757587,129.39508
40.774323,133.14514
40.79302,133.14514
40.80851,130.20288
40.825672,130.20288
40.84214,130.20288
40.85872,129.3205
40.873615,129.3205
40.89216,131.0492
40.90756,131.0492
40.925663,133.64789
40.94243,133.64789
40.957493,133.64789
40.976868,133.55713
40.991764,133.55713
41.012962,132.875
41.024727,132.875
41.04124,132.875
41.05959,131.13336
41.07455,131.13336
41.092903,134.67926
41.108826,134.67926
41.123966,132.75409
41.1412,132.75409
41.15788,132.75409
41.175903,129.75
41.19165,129.75
41.208664,131.01447
41.2248,131.01447
41.242058,131.01447
41.259464,131.26471
41.27472,131.26471
41.29567,132.72583
41.30857,132.72583
41.324787,131.0
41.342068,131.0
41.35807,131.0
41.37826,129.15582
41.3925,129.15582
41.409294,128.42426
41.425068,128.42426
41.44123,128.42426
41.459843,131.48486
41.474,131.48486
41.49349,124.27539
41.50877,124.27539
41.525127,124.20001
41.542107,124.20001
41.557983,124.20001
41.57761,127.04053
41.590775,127.04053
41.608257,128.34283
41.624565,128.34283
41.64109,128.34283
41.659428,125.506836
41.674908,125.506836
41.695663,124.506836
41.708557,124.506836
41.727406,122.84808
41.742752,122.84808
41.757694,122.84808
41.775898,122.21686
41.791397,122.21686
41.809074,123.91669
41.82455,123.91669
41.842106,123.91669
41.858006,123.57648
41.873734,123.57648
41.893707,122.32855
41.90973,122.32855
41.92682,122.08435
41.943924,122.08435
41.959503,122.08435
41.977596,120.86902
41.991142,120.86902
42.009018,120.67468
42.02528,120.67468
42.042988,120.67468
42.061386,120.012634
42.07538,120.012634
42.093143,119.57306
42.10798,119.57306
42.12539,118.712524
42.14209,118.712524
42.157516,118.712524
42.17724,118.61041
42.190315,118.61041
42.20812,114.563354
42.22428,114.563354
42.241417,114.563354
42.259197,116.492065
42.27507,116.492065
42.292675,118.078125
42.30812,118.078125
42.326138,114.84375
42.342106,114.84375
42.357994,114.84375
42.375603,113.212524
42.39159,113.212524
42.40855,116.41382
42.42487,116.41382
42.441063,116.41382
42.459755,115.074646
42.47384,115.074646
42.49522,115.88403
42.511955,115.88403
42.524647,110.7738
42.542595,110.7738
42.559185,110.7738
42.57947,111.56702
42.591583,111.56702
42.61217,111.29169
42.624218,111.29169
42.643764,109.79999
42.658386,109.79999
42.674606,109.79999
42.695225,112.53845
42.708145,112.53845
42.728554,111.0
42.742077,111.0
42.758118,111.0
42.776947,106.339294
42.792095,106.339294
42.812275,107.599976
42.826725,107.599976
42.842304,107.599976
42.85885,105.96924
42.87564,105.96924
42.892593,104.98212
42.90835,104.98212
42.924686,104.76666
42.94241,104.76666
42.958572,104.76666
42.975494,104.927246
42.992374,104.927246
43.011295,100.160706
43.024307,100.160706
43.042152,100.160706
43.058617,101.82977
43.09374,102.465515
43.11141,102.465515
43.12559,100.6308
43.13875,100.6308
43.153553,100.6308
43.171688,102.274536
43.186573,102.274536
43.204178,100.71698
43.221935,100.71698
43.23732,100.71698
43.25545,98.704895
43.27047,98.704895
43.28574,96.14862
43.304817,96.14862
43.32013,96.14862
43.33782,95.448975
43.353767,95.448975
43.375187,96.40985
43.387886,96.40985
43.40376,98.36664
43.421448,98.36664
43.437435,98.36664
43.45731,95.87756
43.47075,95.87756
43.48689,97.80884
43.50512,97.80884
43.51997,97.80884
43.5383,96.596985
43.553528,96.596985
43.571316,96.5625
43.58691,96.5625
43.603836,93.94446
43.619705,93.94446
43.636227,93.94446
43.65544,93.68628
43.669014,93.68628
43.69162,94.586975
43.703625,94.586975
43.72223,94.586975
43.73844,92.74469
43.75327,92.74469
43.77134,87.979614
43.7873,87.979614
43.803802,89.0
43.82093,89.0
43.836224,89.0
43.854237,87.1579
43.86931,87.1579
43.890408,84.72339
43.9033,84.72339
43.919235,84.72339
43.937687,86.9032
43.953304,86.9032
43.971615,90.813965
43.99557,90.813965
44.00626,88.727295
44.021034,88.727295
44.03718,88.727295
44.05464,85.69641
44.07,85.69641
44.087875,85.03845
44.102818,85.03845
44.120857,85.03845
44.137207,82.2439
44.15272,82.2439
44.17217,84.86365
44.18599,84.86365
44.203403,85.794495
44.22024,85.794495
44.236332,85.794495
44.25473,85.40912
44.26981,85.40912
44.286682,83.037476
44.30481,83.037476
44.32019,83.037476
44.337505,84.53247
44.35233,84.53247
44.371223,84.59375
44.38648,84.59375
44.40311,81.2923
44.420147,81.2923
44.437366,81.2923
44.4542,80.13849
44.469448,80.13849
44.49179,81.06665
44.50202,81.06665
44.519234,81.06665
44.538113,81.5614
44.553307,81.5614
44.570175,81.78003
44.58664,81.78003
44.603916,80.533325
44.621517,80.533325
44.635574,80.533325
44.654583,79.75
44.669865,79.75
44.68797,81.099976
44.703316,81.099976
44.721306,81.099976
44.74034,82.75
44.754326,82.75
44.77141,79.59418
44.78756,79.59418
44.804573,78.29852
44.820972,78.29852
44.836014,78.29852
44.855904,75.87805
44.870167,75.87805
44.891273,78.01886
44.903202,78.01886
44.92098,78.01886
44.93823,78.94641
44.952007,78.94641
44.971745,80.04169
44.9864,80.04169
45.00346,76.13336
45.021984,76.13336
45.03593,76.13336
45.05455,77.21277
45.07003,77.21277
45.08779,77.42859
45.1042,77.42859
45.119705,77.42859
45.13857,78.03174
45.153793,78.03174
45.170876,78.27399
45.187054,78.27399
45.204365,79.285706
45.221745,79.285706
45.236904,79.285706
45.255035,77.092285
45.270897,77.092285
45.287815,76.01282
45.30329,76.01282
45.32095,76.01282
45.338745,74.20831
45.353687,74.20831
45.3712,75.94592
45.386818,75.94592
45.40391,75.734924
45.42032,75.734924
45.43745,75.734924
45.457756,75.03705
45.473637,75.03705
45.49146,75.769226
45.50404,75.769226
45.522617,75.769226
45.53791,77.5
45.553616,77.5
45.575443,73.04761
45.587105,73.04761
45.6062,71.263916
45.620846,71.263916
45.638805,71.263916
45.6556,74.03845
45.670494,74.03845
45.68679,73.46936
45.70493,73.46936
45.719227,73.46936
45.74145,74.0
45.754,74.0
45.77095,69.95001
45.787098,69.95001
45.80378,74.5686
45.824806,74.5686
45.835636,74.5686
45.856487,72.786865
45.86973,72.786865
45.89097,69.41382
45.90402,69.41382
45.920853,69.41382
45.937557,69.619995
45.95355,69.619995
45.97165,71.64404
45.9863,71.64404
46.003418,72.117676
46.022354,72.117676
46.037163,72.117676
46.055912,68.66669
46.06922,68.66669
46.090084,68.53229
46.10375,68.53229
46.120667,68.53229
46.138496,66.48151
46.1537,66.48151
46.173286,67.59155
46.187523,67.59155
46.207115,66.6582
46.224476,66.6582
46.239716,66.6582
46.25669,67.94031
46.270638,67.94031
46.29109,65.46576
46.306683,65.46576
46.32073,65.46576
46.337814,63.333313
46.354637,63.333313
46.371906,65.30139
46.387974,65.30139
46.404602,64.30768
46.42137,64.30768
46.43739,64.30768
46.454292,65.86536
46.47082,65.86536
46.48954,62.107666
46.50542,62.107666
46.52062,62.107666
46.539135,61.79413
46.5521,61.79413
46.572464,62.918396
46.588688,62.918396
46.605213,65.15625
46.62087,65.15625
46.637108,65.15625
46.65424,61.528564
46.670177,61.528564
46.688137,60.265625
46.70315,60.265625
46.72106,60.265625
46.738304,60.445923
46.752888,60.445923
46.775684,61.563354
46.786816,61.563354
46.804382,60.84613
46.82056,60.84613
46.837025,60.84613
46.85537,63.52832
46.86974,63.52832
46.88818,58.828125
46.903805,58.828125
46.9213,58.828125
46.938263,58.67694
46.953266,58.67694
46.97507,57.34668
46.986977,57.34668
47.00396,59.882324
47.021835,59.882324
47.038082,59.882324
47.055786,56.79413
47.070187,56.79413
47.088173,57.076904
47.103733,57.076904
47.119904,57.076904
47.137756,57.614014
47.152122,57.614014
47.17094,56.708313
47.18693,56.708313
47.204525,53.564575
47.220924,53.564575
47.23634,53.564575
47.25529,50.916626
47.269363,50.916626
47.287033,50.589233
47.304047,50.589233
47.31965,50.589233
47.338436,52.612915
47.356625,52.612915
47.372482,52.375
47.38687,52.375
47.40564,50.34326
47.421677,50.34326
47.43838,50.34326
47.456894,49.970093
47.47177,49.970093
47.49027,47.885254
47.504047,47.885254
47.521896,47.885254
47.53756,50.259277
47.553314,50.259277
47.57067,50.333374
47.586475,50.333374
47.60364,50.315796
47.621223,50.315796
47.63574,50.315796
47.654404,52.72339
47.670155,52.72339
47.68644,52.37256
47.70373,52.37256
47.720753,52.37256
47.73851,49.617065
47.753082,49.617065
47.77168,50.579956
47.787045,50.579956
47.803993,51.725464
47.82147,51.725464
47.836716,51.725464
47.85503,52.130493
47.869267,52.130493
47.89198,52.0
47.903896,52.0
47.920895,52.0
47.93811,48.28943
47.953003,48.28943
47.985836,50.30005
47.996933,50.30005
48.01056,47.69226
48.02618,47.69226
48.045147,50.883667
48.060898,50.883667
48.07691,50.883667
48.096046,48.30432
48.11038,48.30432
48.12801,49.42224
48.143597,49.42224
48.158936,49.42224
48.178295,49.113647
48.19364,49.113647
48.216457,50.78723
48.227272,50.78723
48.244537,49.115356
48.259563,49.115356
48.276196,49.115356
48.295765,49.760864
48.31155,49.760864
48.32904,50.159058
48.343006,50.159058
48.359756,50.159058
48.37807,50.06128
48.39311,50.06128
48.410164,46.84314
48.42638,46.84314
48.44427,49.729126
48.46018,49.729126
48.47665,49.729126
48.495804,50.48938
48.51201,50.48938
48.52855,50.87036
48.542355,50.87036
48.560158,50.87036
48.57854,50.26001
48.592453,50.26001
48.61396,52.5
48.626286,52.5
48.64352,50.48645
48.660877,50.48645
48.675507,50.48645
48.69506,49.189697
48.710327,49.189697
48.730637,49.535767
48.74393,49.535767
48.75945,49.535767
48.77909,51.02173
48.792385,51.02173
48.811546,46.359985
48.827114,46.359985
48.846245,51.270874
48.860947,51.270874
48.87698,51.270874
48.895687,52.363647
48.90923,52.363647
48.927193,50.611084
48.943745,50.611084
48.9598,50.611084
48.97831,51.769287
48.992874,51.769287
49.01128,49.650757
49.027447,49.650757
49.043243,48.93335
49.060955,48.93335
49.076412,48.93335
49.094532,49.964233
49.108982,49.964233
49.132114,50.12964
49.143257,50.12964
49.159157,50.12964
49.17898,49.16394
49.193565,49.16394
49.211254,51.1167
49.2272,51.1167
49.242096,51.1167
49.25994,50.530273
49.276894,50.530273
49.294327,50.58728
49.31035,50.58728
49.32923,51.76465
49.344036,51.76465
49.36067,51.76465
49.377872,50.464233
49.39373,50.464233
49.412125,50.050903
49.42737,50.050903
49.4438,52.121216
49.460663,52.121216
49.477814,52.121216
49.495426,52.681763
49.510895,52.681763
49.531853,54.263184
49.542812,54.263184
49.56017,54.263184
49.578472,54.64917
49.593834,54.64917
49.615562,55.657837
49.626705,55.657837
49.6437,56.30359
49.660282,56.30359
49.675533,56.30359
49.694733,58.67389
49.710773,58.67389
49.728256,57.460022
49.74267,57.460022
49.76048,57.460022
49.77978,58.19049
49.795887,58.19049
49.811634,57.863647
49.826485,57.863647
49.84307,58.47827
49.86159,58.47827
49.875664,58.47827
49.895382,58.461548
49.909466,58.461548
49.931202,60.40625
49.94279,60.40625
49.95972,60.40625
49.978203,60.637695
49.993404,60.637695
50.011982,59.842102
50.02566,59.842102
50.04385,61.07318
50.06068,61.07318
50.077133,61.07318
50.09525,59.837524
50.11097,59.837524
50.13257,58.483887
50.143738,58.483887
50.15959,58.483887
50.17763,60.548767
50.194027,60.548767
50.21068,61.740234
50.233963,61.740234
50.245068,59.357117
50.260513,59.357117
50.27768,59.357117
50.294773,58.83606
50.30977,58.83606
50.33132,62.682922
50.343197,62.682922
50.360992,62.682922
50.37881,61.68573
50.393333,61.68573
50.4114,61.65576
50.42711,61.65576
50.44452,63.79309
50.462414,63.79309
50.47658,63.79309
50.495323,62.599976
50.510433,62.599976
50.529095,62.059692
50.543648,62.059692
50.559692,62.059692
50.578964,62.612915
50.595238,62.612915
50.612026,63.941162
50.62803,63.941162
50.643414,64.75952
50.660835,64.75952
50.676125,64.75952
50.69427,64.91803
50.71115,64.91803
50.731083,63.036377
50.74296,63.036377
50.75877,63.036377
50.776947,66.7121
50.79411,66.7121
50.811333,66.05768
50.826202,66.05768
50.843685,63.016663
50.860836,63.016663
50.87625,63.016663
50.89415,66.423706
50.911526,66.423706
50.928516,62.892883
50.944107,62.892883
50.960205,62.892883
50.97808,64.25488
50.993313,64.25488
51.012615,64.54999
51.02725,64.54999
51.044075,67.27588
51.060123,67.27588
51.076935,67.27588
51.096245,65.26532
51.111748,65.26532
51.13092,68.52728
51.142647,68.52728
51.15982,68.52728
51.178226,68.53705
51.193954,68.53705
51.21431,69.79486
51.22692,69.79486
51.243206,67.015625
51.26208,67.015625
51.275818,67.015625
51.29489,67.63159
51.30988,67.63159
51.330544,72.2157
51.344566,72.2157
51.359726,72.2157
51.377834,69.95239
51.393444,69.95239
51.413998,67.358215
51.426426,67.358215
51.44348,72.62689
51.461723,72.62689
51.47623,72.62689
51.49572,70.98334
51.51143,70.98334
51.531113,73.29999
51.54408,73.29999
51.561222,73.29999
51.578186,67.032776
51.594406,67.032776
51.61113,70.4762
51.627804,70.4762
51.644104,71.10297
51.66175,71.10297
51.67735,71.10297
51.6953,70.61969
51.709927,70.61969
51.731293,71.82538
51.74304,71.82538
51.760193,71.82538
51.78179,72.657166
51.793938,72.657166
51.815063,72.61426
51.826584,72.61426
51.844517,72.42169
51.860615,72.42169
51.875782,72.42169
51.89572,72.337524
51.911724,72.337524
51.926624,72.76831
51.946854,72.76831
51.96158,72.76831
51.9795,72.611084
51.99236,72.611084
52.010605,74.94519
52.027985,74.94519
52.04378,77.1781
52.06038,77.1781
52.076492,77.1781
52.095177,76.7027
52.109867,76.7027
52.12757,77.01697
52.14262,77.01697
52.159588,77.01697
52.178757,75.50745
52.193645,75.50745
52.21508,76.35614
52.226654,76.35614
52.2441,77.14288
52.260384,77.14288
52.278015,77.14288
52.29599,77.888916
52.30974,77.888916
52.32815,78.64935
52.343754,78.64935
52.35991,78.64935
52.377968,77.95386
52.393402,77.95386
52.41343,77.453125
52.427055,77.453125
52.44344,78.349976
52.461582,78.349976
52.476852,78.349976
52.495693,77.71643
52.510098,77.71643
52.53178,78.763916
52.542408,78.763916
52.56035,78.763916
52.578373,77.60675
52.59282,77.60675
52.615,77.4483
52.626835,77.4483
52.644093,78.38983
52.66169,78.38983
52.676792,78.38983
52.694878,78.595764
52.71082,78.595764
52.728424,78.34918
52.74478,78.34918
52.760017,78.34918
52.77708,79.41431
52.794094,79.41431
52.81507,78.13336
52.825874,78.13336
52.844868,78.5647
52.861042,78.5647
52.878067,78.5647
52.894966,77.597534
52.910007,77.597534
52.928593,78.443054
52.94378,78.443054
52.959496,78.443054
52.97877,78.443054
52.99248,78.443054
53.010777,78.62714
53.02656,78.62714
53.04567,80.42468
53.0617,80.42468
53.07757,80.42468
53.094597,79.49255
53.11079,79.49255
53.128193,79.67645
53.14438,79.67645
53.15919,79.67645
53.17711,76.37311
53.194683,76.37311
53.21287,78.092285
53.227417,78.092285
53.24364,79.15387
53.26243,79.15387
53.276264,79.15387
53.295235,78.76001
53.310444,78.76001
53.330067,79.53027
53.34418,79.53027
53.360016,79.53027
53.378216,79.66174
53.39371,79.66174
53.415195,78.98114
53.426826,78.98114
53.44483,81.43103
53.461864,81.43103
53.4774,81.43103
53.494373,79.888916
53.51131,79.888916
53.5279,80.18182
53.542866,80.18182
53.56009,80.18182
53.578693,78.39392
53.59257,78.39392
53.611702,82.349976
53.626766,82.349976
53.644302,83.83331
53.66143,83.83331
53.676617,83.83331
53.6954,83.786865
53.710014,83.786865
53.7297,81.7121
53.743782,81.7121
53.759445,81.7121
53.778908,83.85712
53.79488,83.85712
53.811455,81.48212
53.826508,81.48212
53.843906,83.285706
53.861244,83.285706
53.87728,83.285706
53.89446,82.53845
53.91007,82.53845
53.926773,82.410706
53.94308,82.410706
53.959053,82.410706
53.978294,85.75806
53.993652,85.75806
54.012077,87.57971
54.027145,87.57971
54.04385,85.033325
54.060726,85.033325
54.077312,85.033325
54.095455,84.40582
54.111137,84.40582
54.12832,83.77356
54.14367,83.77356
54.16063,83.77356
54.17843,84.78461
54.193596,84.78461
54.210686,82.75
54.22778,82.75
54.244404,83.58972
54.26559,83.58972
54.27892,83.58972
54.29646,83.62067
54.31125,83.62067
54.330917,84.76471
54.34404,84.76471
54.36075,84.76471
54.378075,83.285706
54.39359,83.285706
54.411644,85.22223
54.426453,85.22223
54.443695,81.25354
54.460182,81.25354
54.476437,81.25354
54.49615,79.54797
54.51039,79.54797
54.527866,79.22974
54.54502,79.22974
54.56069,79.22974
54.577957,78.25354
54.59352,78.25354
54.610455,79.51514
54.62772,79.51514
54.644115,79.01349
54.661564,79.01349
54.694595,76.5224
54.70687,76.5224
54.72139,76.5224
54.73746,75.61902
54.75331,75.61902
54.77393,75.29169
54.787033,75.29169
54.804283,76.95062
54.820866,76.95062
54.835857,76.95062
54.855213,73.188416
54.869507,73.188416
54.89094,72.74664
54.90354,72.74664
54.91956,72.74664
54.941635,71.12677
54.95432,71.12677
54.973183,72.03076
54.985886,72.03076
55.00319,70.4762
55.02099,70.4762
55.036243,70.4762
55.054916,74.96295
55.06969,74.96295
55.08826,71.7619
55.103382,71.7619
55.11945,71.7619
55.13847,69.58569
55.152554,69.58569
55.170177,68.1579
55.186108,68.1579
55.20315,70.08472
55.221294,70.08472
55.235832,70.08472
55.255486,67.75
55.269894,67.75
55.286366,66.77777
55.303852,66.77777
55.319347,66.77777
55.33703,61.064514
55.352974,61.064514
55.3701,64.89288
55.386486,64.89288
55.402443,64.89288
55.42014,65.37738
55.435825,65.37738
55.454845,65.24072
55.469196,65.24072
55.488445,61.45099
55.502293,61.45099
55.518845,61.45099
55.537476,62.285706
55.553238,62.285706
55.570587,63.78949
55.585354,63.78949
55.60372,62.907715
55.62051,62.907715
55.63691,62.907715
55.65404,65.25806
55.66948,65.25806
55.687218,65.76471
55.704365,65.76471
55.71978,65.76471
55.73947,63.595764
55.75274,63.595764
55.771023,64.70215
55.78591,64.70215
55.8035,62.4386
55.822624,62.4386
55.836235,62.4386
55.853733,62.527283
55.86855,62.527283
55.888016,62.97998
55.903553,62.97998
55.91854,62.97998
55.937492,62.755127
55.952705,62.755127
55.97122,62.659546
55.98545,62.659546
56.00372,62.659546
56.020027,61.803894
56.03543,61.803894
56.054913,61.354187
56.070507,61.354187
56.08625,63.391296
56.104153,63.391296
56.119606,63.391296
56.1388,64.30615
56.152714,64.30615
56.170586,63.799988
56.18631,63.799988
56.203163,57.77191
56.21961,57.77191
56.236088,57.77191
56.253494,60.680847
56.270348,60.680847
56.285637,55.714233
56.305374,55.714233
56.319756,55.714233
56.33782,55.29785
56.3535,55.29785
56.370895,56.666687
56.386627,56.666687
56.40244,56.666687
56.419727,54.763184
56.436764,54.763184
56.45472,54.20459
56.469933,54.20459
56.488136,54.67566
56.50213,54.67566
56.519596,54.67566
56.537525,55.12903
56.553436,55.12903
56.574467,54.11316
56.58632,54.11316
56.603317,51.857178
56.621082,51.857178
56.636555,51.857178
56.654297,51.80005
56.670193,51.80005
56.6864,50.229126
56.704205,50.229126
56.721577,50.229126
56.73721,50.047607
56.752235,50.047607
56.770996,49.829834
56.790195,49.829834
56.804214,47.17505
56.821503,47.17505
56.836914,47.17505
56.854874,44.966675
56.868084,44.966675
56.886097,45.54834
56.90509,45.54834
56.92093,45.54834
56.938377,49.136353
56.953957,49.136353
56.97378,47.957397
56.987156,47.957397
57.003574,44.473633
57.021214,44.473633
57.035606,44.473633
57.0547,44.333374
57.06969,44.333374
57.088924,48.26526
57.1027,48.26526
57.118065,48.26526
57.13888,50.431763
57.153847,50.431763
57.17027,49.116333
57.185143,49.116333
57.20417,48.333374
57.22034,48.333374
57.23618,48.333374
57.254196,47.957397
57.269844,47.957397
57.286472,48.099976
57.30541,48.099976
57.319683,48.099976
57.338425,50.25
57.35338,50.25
57.3703,46.54712
57.38649,46.54712
57.40337,48.634155
57.42122,48.634155
57.436295,48.634155
57.453743,47.452393
57.469055,47.452393
57.486336,45.673096
57.50278,45.673096
57.518425,45.673096
57.53822,47.418213
57.552853,47.418213
57.570526,51.28003
57.58501,51.28003
57.603195,50.64612
57.621162,50.64612
57.637596,50.64612
57.65407,51.408203
57.670845,51.408203
57.691063,51.15381
57.703117,51.15381
57.719803,51.15381
57.736877,46.36841
57.751812,46.36841
57.771114,47.507446
57.79037,47.507446
57.803806,47.044434
57.820457,47.044434
57.836716,47.044434
57.854637,47.438965
57.869343,47.438965
57.88827,49.458984
57.904152,49.458984
57.9194,49.458984
57.93739,50.607178
57.953285,50.607178
57.972237,50.333374
57.987076,50.333374
58.002464,50.333374
58.021385,52.448242
58.03655,52.448242
58.055927,51.55713
58.07118,51.55713
58.086548,52.65222
58.104137,52.65222
58.119877,52.65222
58.137794,47.54541
58.153217,47.54541
58.17096,46.944458
58.186977,46.944458
58.204056,50.25
58.21949,50.25
58.254196,47.612915
58.265526,47.612915
58.27786,47.612915
58.296272,48.107178
58.31116,48.107178
58.329838,47.583374
58.345985,47.583374
58.362343,47.583374
58.3797,48.30005
58.395687,48.30005
58.41335,47.104126
58.429,47.104126
58.445423,49.574097
58.46335,49.574097
58.478615,49.574097
58.495583,50.43994
58.51284,50.43994
58.531773,45.019287
58.54427,45.019287
58.561657,45.019287
58.579964,45.74463
58.594112,45.74463
58.613148,47.384644
58.628048,47.384644
58.64473,45.467773
58.662025,45.467773
58.678177,45.467773
58.697414,46.333374
58.712193,46.333374
58.73235,46.40735
58.745834,46.40735
58.761192,46.40735
58.779953,42.1698
58.795425,42.1698
58.81243,42.89087
58.82956,42.89087
58.84602,45.71704
58.86267,45.71704
58.877857,45.71704
58.896763,43.69812
58.911148,43.69812
58.92945,37.913086
58.944935,37.913086
58.9623,37.913086
58.979603,41.333374
58.994816,41.333374
59.012867,42.689697
59.027794,42.689697
59.046196,43.89087
59.06178,43.89087
59.079254,43.89087
59.095955,38.67798
59.113167,38.67798
59.134613,41.392212
59.144745,41.392212
59.16349,43.03076
59.180355,43.03076
59.195362,43.03076
59.213043,44.111084
59.228672,44.111084
59.24574,42.840576
59.264103,42.840576
59.278816,42.840576
59.296806,42.361084
59.312965,42.361084
59.3301,42.611084
59.345078,42.611084
59.362392,42.611084
59.379868,42.618164
59.39663,42.618164
59.413227,41.714233
59.429134,41.714233
59.447605,41.76001
59.462437,41.76001
59.478443,41.76001
59.496822,43.618164
59.511505,43.618164
59.53041,42.159058
59.545246,42.159058
59.561447,42.159058
59.580402,40.87268
59.596657,40.87268
59.613533,40.983276
59.62748,40.983276
59.64509,38.769287
59.66224,38.769287
59.679897,38.769287
59.699806,38.23999
59.712776,38.23999
59.730324,40.404785
59.744823,40.404785
59.761497,40.404785
59.78083,41.095215
59.794678,41.095215
59.812653,42.081665
59.829212,42.081665
59.847473,43.5968
59.860657,43.5968
59.887394,42.78943
59.90133,42.78943
59.912148,42.78943
59.929657,42.40625
59.944565,42.40625
59.962997,40.833374
59.97901,40.833374
59.99506,40.833374
60.0,40.833374
