0.12,323.9167
0.16,322.4839
0.2,322.44446
0.24,323.88892
0.27035448,323.88892
0.28,324.25
0.30921274,325.63892
0.32199427,325.63892
0.34977904,319.05713
0.36293802,319.05713
0.38036823,319.24243
0.39648938,319.24243
0.41454563,322.6286
0.43363386,322.6286
0.44912612,323.85712
0.46329403,323.85712
0.4782464,323.85712
0.4968334,323.24243
0.51146436,323.24243
0.5298304,323.2414
0.54570633,323.2414
0.56179225,323.2414
0.57960683,324.19232
0.5946898,324.19232
0.6166477,325.8205
0.6281882,325.8205
0.6446996,323.72974
0.6622265,323.72974
0.67763054,323.72974
0.6973005,325.56665
0.71255213,325.56665
0.7305321,325.68964
0.7440264,325.68964
0.7602907,325.68964
0.78073967,326.46344
0.7942616,326.46344
0.81349605,327.03925
0.82770175,327.03925
0.8446905,326.20514
0.8634175,326.20514
0.8788816,326.20514
0.89835495,325.1053
0.9115014,325.1053
0.93076104,326.1667
0.9457402,326.1667
0.9604241,326.1667
0.98397464,327.35138
0.9951326,327.35138
1.0139557,327.4651
1.0355041,327.4651
1.0474861,330.0833
1.062598,330.0833
1.0781778,330.0833
1.0955895,329.3333
1.1119206,329.3333
1.1299851,327.5484
1.1450561,327.5484
1.1618813,327.5484
1.18074,329.74072
1.1963264,329.74072
1.21371,330.43335
1.2278869,330.43335
1.2454047,331.86487
1.2623824,331.86487
1.2796845,331.86487
1.2981695,329.65308
1.3116314,329.65308
1.3324323,330.57776
1.3451352,330.57776
1.3632065,330.57776
1.380107,331.4878
1.3967069,331.4878
1.414978,331.4878
1.431511,335.3333
1.4477961,333.73846
1.4636501,333.73846
1.4778411,333.73846
1.4966937,333.77588
1.5121152,333.77588
1.5306311,332.84998
1.5456815,332.84998
1.5620208,332.84998
1.57957,337.74
1.5953629,337.74
1.6128213,335.8333
1.6279217,335.8333
1.644771,339.38464
1.6629012,339.38464
1.6779449,339.38464
1.6964176,339.0213
1.7115119,339.0213
1.7305318,339.0476
1.7449157,339.0476
1.7625921,339.0476
1.7837176,339.8333
1.7966487,339.8333
1.8165586,342.76923
1.8288193,342.76923
1.8452313,342.3958
1.862915,342.3958
1.8781304,342.3958
1.8975139,345.09802
1.9122862,345.09802
1.9291961,347.25928
1.9446557,347.25928
1.9617735,347.25928
1.9816394,346.0741
1.9950823,346.0741
2.0116608,346.0741
2.0301857,349.85712
2.04441,350.70587
2.0639246,350.70587
2.0783532,350.70587
2.0972106,355.0952
2.1106758,355.0952
2.1313572,354.06976
2.1459866,354.06976
2.1612473,354.06976
2.1797361,352.4643
2.1951942,352.4643
2.2122512,355.11865
2.2291114,355.11865
2.2455432,354.7708
2.2630465,354.7708
2.2790866,354.7708
2.2999823,353.37036
2.3135576,353.37036
2.3302004,355.43634
2.3455036,355.43634
2.3621755,355.43634
2.3780825,356.87036
2.3955166,356.87036
2.4120877,355.52545
2.4288967,355.52545
2.445333,356.3269
2.4638586,356.3269
2.4789712,356.3269
2.4975493,356.61536
2.5108638,356.61536
2.5300236,356.4035
2.5457835,356.4035
2.5652351,357.13635
2.5784345,357.13635
2.597198,357.13635
2.615302,360.46875
2.6293843,360.46875
2.647057,361.2143
2.6633568,361.2143
2.6793242,361.2143
2.696845,360.5
2.7131019,360.5
2.7293525,358.36
2.7449663,358.36
2.7615771,358.36
2.7834985,359.06384
2.7954397,359.06384
2.8125205,358.22412
2.8280804,358.22412
2.8450408,359.86957
2.8625321,359.86957
2.8775883,359.86957
2.897489,366.76788
2.9112685,366.76788
2.930221,364.15094
2.944674,364.15094
2.961817,364.15094
2.9787438,366.16394
2.9952877,366.16394
3.012887,367.0
3.028158,367.0
3.0449781,367.31036
3.0618188,367.31036
3.0777981,367.31036
3.0977697,364.7619
3.1121678,364.7619
3.1309931,367.1731
3.1451855,367.1731
3.1617672,367.1731
3.1799822,368.11322
3.1953409,368.11322
3.2130997,366.15387
3.2284713,366.15387
3.2445607,368.1277
3.2628424,368.1277
3.2778177,368.1277
3.2986214,368.94543
3.312199,368.94543
3.329784,370.5714
3.344729,370.5714
3.3615716,370.5714
3.380917,373.44684
3.3949852,373.44684
3.4123378,372.52502
3.4277563,372.52502
3.44492,378.96667
3.4635034,378.96667
3.4785762,378.96667
3.4964778,374.68182
3.5126784,374.68182
3.529642,373.74
3.5442584,373.74
3.5621223,373.74
3.578086,374.25
3.595485,374.25
3.6136756,375.6667
3.6277254,375.6667
3.6468773,377.2564
3.6620524,377.2564
3.6779315,377.2564
3.6975834,377.4286
3.7107944,377.4286
3.7299879,377.55
3.7443705,377.55
3.7610238,377.55
3.7801223,378.64862
3.7945304,378.64862
3.8138118,375.93335
3.828387,375.93335
3.844952,378.41028
3.8621247,378.41028
3.8796751,378.41028
3.8976922,379.13635
3.9125543,379.13635
3.931643,377.70734
3.9442549,377.70734
3.9612913,377.70734
3.9797983,381.73682
3.9938483,381.73682
4.014189,382.5741
4.0293665,382.5741
4.044917,385.5238
4.062782,385.5238
4.0766935,385.5238
4.096388,384.64447
4.111795,384.64447
4.129561,388.14288
4.1448097,388.14288
4.160722,388.14288
4.180128,390.2381
4.195858,390.2381
4.2136364,389.48834
4.2278457,389.48834
4.2443137,388.81818
4.2623115,388.81818
4.277855,388.81818
4.2979016,391.1129
4.312992,391.1129
4.329525,391.5122
4.345037,391.5122
4.3631134,391.5122
4.37966,391.20587
4.39479,391.20587
4.4144154,394.0526
4.42882,394.0526
4.44717,394.8039
4.461974,394.8039
4.478987,394.8039
4.496124,394.3333
4.515566,394.3333
4.53391,394.9355
4.5441895,394.9355
4.563463,394.9355
4.5795445,397.75
4.5953727,397.75
4.6132736,395.40912
4.6280127,395.40912
4.645364,394.7436
4.661661,394.7436
4.679277,394.7436
4.6990433,392.06665
4.710659,392.06665
4.7354507,395.47168
4.747155,395.47168
4.7617373,395.47168
4.779036,397.09088
4.794858,397.09088
4.813001,395.4259
4.828676,395.4259
4.84585,395.4143
4.864045,395.4143
4.8789663,395.4143
4.8983636,396.43634
4.9106092,396.43634
4.928979,397.14
4.945285,397.14
4.9610515,397.14
4.9807158,397.79663
4.994885,397.79663
5.0119576,400.3393
5.0280433,400.3393
5.0459995,394.40912
5.0635066,394.40912
5.077372,394.40912
5.097033,397.425
5.1129904,397.425
5.1331415,396.56366
5.1452804,396.56366
5.1619096,396.56366
5.1798406,397.18842
5.195078,397.18842
5.213772,401.45715
5.2283993,401.45715
5.2446756,401.45715
5.2633204,397.97223
5.2812843,397.97223
5.296105,399.81482
5.3122196,399.81482
5.3287067,401.30304
5.344916,401.30304
5.36228,401.30304
5.3791084,398.40625
5.3962116,398.40625
5.411686,398.70966
5.427795,398.70966
5.44531,399.12
5.4629636,399.12
5.4801984,399.12
5.4969597,399.2917
5.5111527,399.2917
5.529042,402.8947
5.545766,402.8947
5.5615315,402.8947
5.5794287,403.5476
5.5937767,403.5476
5.6139627,401.7049
5.62779,401.7049
5.645186,403.0923
5.6623187,403.0923
5.678459,403.0923
5.6966715,404.53845
5.711459,404.53845
5.7305555,404.84442
5.7565165,404.84442
5.7678843,406.47998
5.7822013,406.47998
5.799117,406.47998
5.816515,408.0
5.8321714,408.0
5.850732,406.2143
5.865099,406.2143
5.8820763,406.2143
5.899168,408.48938
5.9152174,408.48938
5.933346,408.0476
5.9476514,408.0476
5.9650655,407.79688
5.9831104,407.79688
5.9984355,407.79688
6.016266,408.97223
6.031756,408.97223
6.0493755,410.13513
6.064585,410.13513
6.0835257,410.13513
6.09982,411.1754
6.1149626,411.1754
6.1333838,409.85107
6.148468,409.85107
6.1639132,411.4107
6.181521,411.4107
6.197383,411.4107
6.2164326,413.22034
6.2308583,413.22034
6.250721,416.18182
6.2651796,416.18182
6.2818947,416.18182
6.3029065,415.62
6.315131,415.62
6.332221,414.82855
6.3468986,414.82855
6.364752,411.21875
6.3818393,411.21875
6.3991637,411.21875
6.4171925,410.1087
6.4309473,410.1087
6.447335,414.6667
6.4649644,414.6667
6.482113,414.6667
6.4991703,409.77777
6.5142436,409.77777
6.532867,409.8421
6.548106,409.8421
6.565054,409.1087
6.581845,409.1087
6.5992413,409.1087
6.6162148,410.8333
6.631874,410.8333
6.6503677,411.1778
6.6638045,411.1778
6.681746,411.1778
6.6998525,410.8913
6.714896,410.8913
6.731635,408.02704
6.7637377,408.02704
6.7810507,412.6286
6.7906175,412.6286
6.8064194,409.70587
6.8233385,409.70587
6.839816,409.70587
6.856443,408.4651
6.872539,408.4651
6.891042,409.3617
6.9063454,409.3617
6.9222126,409.3617
6.9396977,407.39392
6.955853,407.39392
6.973029,405.12
6.987941,405.12
7.0053487,403.57892
7.0231476,403.57892
7.0380282,403.57892
7.0577965,406.5476
7.072839,406.5476
7.089641,406.5476
7.105503,406.5476
7.12,406.28204
7.140496,401.4048
7.1556,401.4048
7.173807,404.875
7.1892233,404.875
7.206645,403.11108
7.2239146,403.11108
7.2391367,403.11108
7.257121,403.14
7.273225,403.14
7.292071,404.81396
7.306523,404.81396
7.323879,400.60785
7.3399453,400.60785
7.3557286,400.60785
7.3737264,399.86792
7.389681,399.86792
7.4088006,404.11768
7.4296613,404.11768
7.4426384,404.11768
7.456672,402.11365
7.472728,402.11365
7.4907675,400.8913
7.505481,400.8913
7.5226417,400.8913
7.540637,400.35895
7.5554314,400.35895
7.5735307,399.3778
7.5897613,399.3778
7.605728,397.49017
7.624177,397.49017
7.639676,397.49017
7.6578064,396.90564
7.671956,396.90564
7.69333,394.80853
7.7059336,394.80853
7.722611,394.80853
7.7402387,394.1667
7.7557297,394.1667
7.77476,397.08508
7.7899094,397.08508
7.8067303,392.59088
7.8232365,392.59088
7.8390694,392.59088
7.8566303,393.53656
7.8720026,393.53656
7.890839,393.1892
7.9068074,393.1892
7.924461,394.52942
7.9401317,394.52942
7.9557576,394.52942
7.9745393,390.94592
7.9893436,390.94592
8.008037,391.46002
8.02287,391.46002
8.039739,391.46002
8.056916,392.40424
8.073065,392.40424
8.093475,391.5
8.105483,391.5
8.122894,391.5
8.140538,390.15387
8.155316,390.15387
8.174212,388.5111
8.189273,388.5111
8.206664,386.47455
8.223329,386.47455
8.238656,386.47455
8.257936,389.5263
8.272682,389.5263
8.2914505,384.3617
8.306908,384.3617
8.324873,385.375
8.339401,385.375
8.356674,385.375
8.373619,387.44446
8.388655,387.44446
8.40781,383.47827
8.422896,383.47827
8.438556,383.47827
8.456226,386.44116
8.472767,386.44116
8.492461,384.375
8.505685,384.375
8.523971,380.2083
8.539533,380.2083
8.556642,380.2083
8.574371,380.95453
8.588865,380.95453
8.605667,384.0
8.624237,384.0
8.63994,384.0
8.657492,381.0645
8.672687,381.0645
8.693335,380.09753
8.705832,380.09753
8.724146,378.8222
8.74013,378.8222
8.756584,378.8222
8.773337,376.56366
8.790948,376.56366
8.806626,373.2093
8.822194,373.2093
8.83915,373.2093
8.857167,373.38098
8.872272,373.38098
8.8909855,374.10205
8.906172,374.10205
8.9222355,374.10205
8.942061,374.62793
8.956027,374.62793
8.9764385,371.36536
8.988895,371.36536
9.00564,373.41382
9.024737,373.41382
9.038952,373.41382
9.0570345,370.12726
9.073303,370.12726
9.089925,369.74512
9.106083,369.74512
9.1241,369.4032
9.140989,369.4032
9.156377,369.4032
9.174785,371.0926
9.188888,371.0926
9.206439,368.31482
9.22243,368.31482
9.238915,368.31482
9.25664,369.16174
9.272045,369.16174
9.291842,366.61017
9.306575,366.61017
9.322932,366.61017
9.340423,366.84613
9.355964,366.84613
9.373917,365.56604
9.389394,365.56604
9.408247,364.32355
9.422778,364.32355
9.43914,364.32355
9.456917,366.65912
9.472535,366.65912
9.491691,363.5349
9.50552,363.5349
9.524901,361.6977
9.540475,361.6977
9.556274,361.6977
9.573898,362.32434
9.589218,362.32434
9.604995,362.32434
9.625058,357.56818
9.63907,357.56818
9.658172,359.80853
9.673172,359.80853
9.689686,359.09998
9.70635,359.09998
9.722592,359.09998
9.740136,358.9756
9.755619,358.9756
9.774095,360.92108
9.790607,360.92108
9.806272,359.70215
9.823611,359.70215
9.839176,359.70215
9.856848,358.125
9.873075,358.125
9.88995,357.36737
9.905147,357.36737
9.923677,357.61902
9.940772,357.61902
9.956345,357.61902
9.975973,356.48834
9.989172,356.48834
10.006541,355.95917
10.0237,355.95917
10.03945,355.95917
10.056844,353.9483
10.072713,353.9483
10.0903635,355.2807
10.106493,355.2807
10.122278,355.2807
10.140615,354.1667
10.156221,354.1667
10.173647,355.04254
10.19028,355.04254
10.207231,355.1698
10.223398,355.1698
10.238648,355.1698
10.258651,354.65002
10.272604,354.65002
10.290551,353.11426
10.306795,353.11426
10.324356,353.40002
10.339664,353.40002
10.355238,353.40002
10.374176,353.77777
10.390238,353.77777
10.405363,349.5208
10.42404,349.5208
10.439369,349.5208
10.458334,350.11627
10.4725895,350.11627
10.491551,351.65387
10.506585,351.65387
10.523748,351.13794
10.539958,351.13794
10.556227,351.13794
10.575278,351.45947
10.590337,351.45947
10.610942,349.18182
10.624144,349.18182
10.640547,349.18182
10.658037,348.53998
10.674705,348.53998
10.692867,347.4074
10.706062,347.4074
10.724144,348.13953
10.741458,348.13953
10.757099,348.13953
10.775541,347.7907
10.790588,347.7907
10.8067875,346.57892
10.825084,346.57892
10.840022,346.57892
10.858058,345.5091
10.873033,345.5091
10.893411,347.89288
10.905767,347.89288
10.923624,346.03174
10.940653,346.03174
10.954748,346.03174
10.974082,346.51062
10.98869,346.51062
11.006277,346.73077
11.024062,346.73077
11.0395775,346.73077
11.0599785,346.55768
11.074055,346.55768
11.09532,346.7647
11.107074,346.7647
11.125384,347.0204
11.141389,347.0204
11.156779,347.0204
11.174328,346.37738
11.19038,346.37738
11.209116,343.46936
11.223895,343.46936
11.240019,343.46936
11.25801,343.32556
11.272895,343.32556
11.295177,344.11108
11.3067465,344.11108
11.325013,344.02222
11.341404,344.02222
11.357046,344.02222
11.374379,343.06897
11.389313,343.06897
11.406437,342.17743
11.423076,342.17743
11.439228,342.17743
11.455969,344.0
11.473186,344.0
11.491312,342.6087
11.506219,342.6087
11.522402,342.6087
11.540211,340.92108
11.555417,340.92108
11.573195,338.5263
11.58849,338.5263
11.60581,339.70587
11.62421,339.70587
11.63924,339.70587
11.657833,340.5227
11.672517,340.5227
11.694469,341.88232
11.706735,341.88232
11.724753,339.06976
11.741695,339.06976
11.757662,339.06976
11.773149,339.2364
11.788973,339.2364
11.806556,338.96002
11.823517,338.96002
11.839957,338.96002
11.857189,339.26532
11.87209,339.26532
11.892784,338.39392
11.905529,338.39392
11.921631,338.39392
11.940354,340.875
11.956599,340.875
11.973812,339.43182
11.99074,339.43182
12.007352,337.65118
12.023947,337.65118
12.0392065,337.65118
12.056904,338.2727
12.073255,338.2727
12.0907545,337.55933
12.106165,337.55933
12.124536,337.9107
12.140145,337.9107
12.1553755,337.9107
12.174244,336.70148
12.188466,336.70148
12.208085,337.20337
12.222261,337.20337
12.239904,337.20337
12.257858,336.69232
12.27363,336.69232
12.29195,335.04443
12.306352,335.04443
12.326878,337.05408
12.341234,337.05408
12.355446,337.05408
12.374426,336.5102
12.389252,336.5102
12.408082,338.5484
12.423211,338.5484
12.440192,338.5484
12.457204,337.1129
12.473273,337.1129
12.491961,336.80304
12.506553,336.80304
12.522896,336.80304
12.540136,337.6607
12.556506,337.6607
12.577821,337.58142
12.59023,337.58142
12.610568,336.81635
12.622016,336.81635
12.638875,336.81635
12.657171,338.04877
12.673261,338.04877
12.691497,337.7561
12.707526,337.7561
12.724202,337.40002
12.740274,337.40002
12.755915,337.40002
12.774652,336.84088
12.788656,336.84088
12.806369,338.74194
12.823993,338.74194
12.8399105,338.74194
12.856918,337.75
12.872505,337.75
12.891001,337.9286
12.906035,337.9286
12.923799,334.64813
12.939681,334.64813
12.956263,334.64813
12.976331,338.96075
12.990271,338.96075
13.010283,339.3125
13.022282,339.3125
13.040006,339.3125
13.057094,338.30188
13.073962,338.30188
13.092077,337.61816
13.105778,337.61816
13.123893,337.5526
13.13951,337.5526
13.155658,337.5526
13.172914,337.51282
13.189833,337.51282
13.211778,338.77502
13.225115,338.77502
13.238651,338.77502
13.257813,336.88232
13.271654,336.88232
13.291371,339.86047
13.306997,339.86047
13.322761,339.86047
13.341921,335.75677
13.3554,335.75677
13.374349,339.5227
13.389368,339.5227
13.4084,337.18866
13.423371,337.18866
13.438269,337.18866
13.457847,338.5968
13.473158,338.5968
13.493497,341.0
13.506375,341.0
13.52391,340.97827
13.539726,340.97827
13.557109,340.97827
13.573817,341.34918
13.589182,341.34918
13.605047,341.44
13.6269455,341.44
13.639167,341.44
13.658253,341.82355
13.671983,341.82355
13.68981,341.2807
13.707029,341.2807
13.723271,341.2807
13.739639,341.82
13.755897,341.82
13.77715,341.65912
13.790735,341.65912
13.806239,340.7458
13.824192,340.7458
13.838788,340.7458
13.857461,342.19147
13.873346,342.19147
13.894087,344.7647
13.907209,344.7647
13.924453,342.44684
13.940898,342.44684
13.9556465,342.44684
13.976062,342.44
13.989004,342.44
14.005745,345.75
14.0223055,345.75
14.039321,345.75
14.058469,345.76
14.072333,345.76
14.090305,344.5208
14.10648,344.5208
14.12372,344.6308
14.140873,344.6308
14.156518,344.6308
14.173968,344.18866
14.190094,344.18866
14.205704,345.25928
14.223289,345.25928
14.240739,345.25928
14.257899,346.43475
14.272977,346.43475
14.292049,347.32
14.306611,347.32
14.323975,347.41382
14.341559,347.41382
14.356343,347.41382
14.374397,347.5111
14.3886795,347.5111
14.410241,345.24445
14.424051,345.24445
14.440349,345.24445
14.457259,348.13953
14.474268,348.13953
14.491884,347.23914
14.508714,347.23914
14.524173,346.8205
14.541657,346.8205
14.556326,346.8205
14.575326,348.26416
14.589798,348.26416
14.607033,349.6383
14.623979,349.6383
14.640648,349.6383
14.658264,350.62964
14.674356,350.62964
14.691775,350.56
14.706897,350.56
14.723554,348.84003
14.73967,348.84003
14.75724,348.84003
14.774376,348.4762
14.7907505,348.4762
14.808059,350.76666
14.825005,350.76666
14.838986,350.76666
14.856889,351.4054
14.874372,351.4054
14.893848,348.0208
14.9072075,348.0208
14.923745,350.0
14.941092,350.0
14.956295,350.0
14.974135,349.3913
14.989965,349.3913
15.005536,352.5238
15.022806,352.5238
15.039979,352.5238
15.057476,354.6667
15.072157,354.6667
15.093104,353.8421
15.106078,353.8421
15.125891,353.8421
15.14339,355.5091
15.158232,355.5091
15.175548,355.14
15.190465,355.14
15.207895,351.59998
15.223137,351.59998
15.240364,351.59998
15.256941,353.76923
15.272288,353.76923
15.291032,353.25
15.306654,353.25
15.322666,353.25
15.340699,354.7213
15.35494,354.7213
15.373857,354.34723
15.388747,354.34723
15.407802,356.05457
15.422624,356.05457
15.438967,356.05457
15.458064,354.62903
15.473255,354.62903
15.491671,355.89288
15.505756,355.89288
15.521983,355.89288
15.540398,356.89795
15.557278,356.89795
15.575229,357.2143
15.589277,357.2143
15.607811,356.61108
15.623404,356.61108
15.639366,356.61108
15.657365,356.13794
15.673466,356.13794
15.692335,356.03705
15.705529,356.03705
15.72264,356.03705
15.741204,356.94446
15.756681,356.94446
15.774127,359.17645
15.789421,359.17645
15.806408,359.35852
15.824876,359.35852
15.839541,359.35852
15.858419,359.29547
15.873562,359.29547
15.891312,361.30615
15.90704,361.30615
15.924554,360.6491
15.939855,360.6491
15.956224,360.6491
15.9742775,360.45453
15.991479,360.45453
16.010572,358.06897
16.022177,358.06897
16.040005,358.06897
16.058128,359.67242
16.073551,359.67242
16.09114,360.61816
16.107124,360.61816
16.123968,361.46002
16.141483,361.46002
16.156328,361.46002
16.175516,360.0923
16.190609,360.0923
16.205513,360.8421
16.224827,360.8421
16.239527,360.8421
16.257793,358.1803
16.273396,358.1803
16.290836,358.90002
16.307047,358.90002
16.324444,362.7234
16.344624,362.7234
16.357704,362.7234
16.37665,363.8542
16.39063,363.8542
16.411726,364.88678
16.422909,364.88678
16.43937,364.88678
16.457985,364.5741
16.472027,364.5741
16.495026,364.05554
16.506216,364.05554
16.523735,362.125
16.541754,362.125
16.557556,362.125
16.574745,363.26416
16.590057,363.26416
16.606989,361.5
16.624237,361.5
16.64017,361.5
16.658014,363.89362
16.672384,363.89362
16.694447,363.8913
16.707214,363.8913
16.724115,364.0769
16.741787,364.0769
16.756094,364.0769
16.775385,364.01642
16.790344,364.01642
16.808582,365.4032
16.824516,365.4032
16.840586,365.4032
16.856703,363.87274
16.873508,363.87274
16.89093,363.386
16.90602,363.386
16.924694,363.76
16.940998,363.76
16.956245,363.76
16.975372,368.06818
16.989014,368.06818
17.006199,367.56
17.024157,367.56
17.039263,367.56
17.056465,366.93475
17.074608,366.93475
17.09445,366.7447
17.105738,366.7447
17.122524,366.7447
17.140299,365.27454
17.156284,365.27454
17.175543,365.15387
17.189623,365.15387
17.205975,365.7917
17.224836,365.7917
17.240007,365.7917
17.257463,367.21277
17.273134,367.21277
17.29165,365.58905
17.307459,365.58905
17.323925,366.0597
17.340746,366.0597
17.355995,366.0597
17.374573,366.0625
17.388884,366.0625
17.408081,367.0
17.423988,367.0
17.440126,367.0
17.457865,367.93445
17.472963,367.93445
17.49093,365.94342
17.507061,365.94342
17.524815,366.31482
17.541708,366.31482
17.556087,366.31482
17.574575,365.86273
17.589134,365.86273
17.60622,365.3333
17.625305,365.3333
17.639038,365.3333
17.657986,367.03772
17.67291,367.03772
17.69306,367.64404
17.706514,367.64404
17.724663,370.5692
17.73927,370.5692
17.75577,370.5692
17.773521,370.09088
17.791018,370.09088
17.807207,370.45068
17.831226,370.45068
17.843117,370.45068
17.8589,370.2121
17.873695,370.2121
17.892044,369.84998
17.906546,369.84998
17.923834,367.7727
17.94157,367.7727
17.957844,367.7727
17.974405,368.7708
17.989967,368.7708
18.007837,371.15912
18.021942,371.15912
18.03925,371.15912
18.05806,371.4359
18.074142,371.4359
18.090899,367.4146
18.107498,367.4146
18.124672,368.53656
18.141172,368.53656
18.155869,368.53656
18.174812,368.19568
18.189142,368.19568
18.206408,367.8333
18.223892,367.8333
18.239265,367.8333
18.258224,367.65912
18.272327,367.65912
18.295048,369.9524
18.306099,369.9524
18.323948,370.7083
18.340809,370.7083
18.35762,370.7083
18.375532,369.8
18.389366,369.8
18.408075,366.8333
18.422636,366.8333
18.439701,366.8333
18.457804,364.13336
18.473698,364.13336
18.491653,368.0
18.506323,368.0
18.523766,367.64288
18.539799,367.64288
18.556536,367.64288
18.574854,367.43396
18.589556,367.43396
18.606531,369.12244
18.622755,369.12244
18.639746,369.12244
18.657984,368.63416
18.673643,368.63416
18.69051,366.74512
18.705776,366.74512
18.723604,365.4259
18.739553,365.4259
18.7561,365.4259
18.774778,365.89093
18.789957,365.89093
18.80725,363.11627
18.823805,363.11627
18.840153,363.11627
18.857512,362.82355
18.883553,362.82355
18.896158,362.62714
18.908266,362.62714
18.924871,361.55225
18.943542,361.55225
18.95843,361.55225
18.97881,362.6458
18.991755,362.6458
19.009708,358.1087
19.02504,358.1087
19.058384,360.43182
19.07211,360.43182
19.08428,360.9048
19.101353,360.9048
19.11696,360.9048
19.135267,360.51282
19.150297,360.51282
19.16623,360.84088
19.183598,360.84088
19.199085,360.84088
19.217714,359.70178
19.233522,359.70178
19.251883,359.39532
19.266504,359.39532
19.2845,360.3333
19.302408,360.3333
19.316456,360.3333
19.336653,355.6889
19.350376,355.6889
19.36718,356.64447
19.384714,356.64447
19.400337,356.64447
19.418493,357.75385
19.4341,357.75385
19.452614,356.94232
19.46766,356.94232
19.483994,357.82355
19.501373,357.82355
19.517284,357.82355
19.534613,356.30646
19.550367,356.30646
19.567705,356.14636
19.583967,356.14636
19.600607,356.14636
19.616884,352.86206
19.634813,352.86206
19.651798,352.86273
19.666489,352.86273
19.686172,353.56
19.701103,353.56
19.7158,353.56
19.735535,354.4231
19.749853,354.4231
19.780396,350.35712
19.791887,350.35712
19.805487,351.6667
19.822237,351.6667
19.837416,351.6667
19.856028,354.61902
19.871801,354.61902
19.891392,351.63263
19.905987,351.63263
19.921238,351.63263
19.939594,352.6667
19.953808,352.6667
19.972504,352.3617
19.987865,352.3617
20.004265,349.9474
20.021729,349.9474
20.038353,349.9474
20.05659,348.2909
20.07219,348.2909
20.089273,348.29413
20.105963,348.29413
20.121328,348.29413
20.138832,347.2295
20.154736,347.2295
20.175882,345.29034
20.187708,345.29034
20.211445,345.5
20.222765,345.5
20.237898,345.5
20.256279,345.29785
20.271168,345.29785
20.291359,343.84906
20.305157,343.84906
20.322184,343.84906
20.339693,344.46936
20.354233,344.46936
20.373083,344.73468
20.388042,344.73468
20.405205,347.0526
20.42209,347.0526
20.438253,347.0526
20.455904,346.40002
20.46997,346.40002
20.489067,342.5965
20.503819,342.5965
20.521528,342.5965
20.539331,343.41998
20.556122,343.41998
20.57099,340.3542
20.588078,340.3542
20.605188,342.47058
20.623302,342.47058
20.638153,342.47058
20.65712,340.78333
20.671112,340.78333
20.692404,341.0345
20.706022,341.0345
20.722092,341.0345
20.740679,340.38892
20.754677,340.38892
20.774483,339.90387
20.787928,339.90387
20.804966,340.0526
20.82245,340.0526
20.837765,340.0526
20.855522,340.6585
20.872334,340.6585
20.889769,340.17072
20.903788,340.17072
20.920937,340.17072
20.939754,339.5
20.954575,339.5
20.975359,339.25
20.987818,339.25
21.005281,338.05658
21.021725,338.05658
21.038342,338.05658
21.05565,337.7083
21.071663,337.7083
21.08981,337.68085
21.105911,337.68085
21.123573,337.68085
21.13916,337.86536
21.155,337.86536
21.173082,338.58826
21.187843,338.58826
21.204992,336.2708
21.221376,336.2708
21.238424,336.2708
21.255928,337.25
21.271696,337.25
21.291956,335.93182
21.308651,335.93182
21.320858,335.93182
21.339972,335.93182
21.35489,335.93182
21.372934,337.4737
21.388767,337.4737
21.405163,336.9643
21.421556,336.9643
21.438713,336.9643
21.454649,336.91113
21.470598,336.91113
21.489666,335.875
21.504677,335.875
21.521755,335.875
21.539034,336.3111
21.554478,336.3111
21.575912,332.23407
21.587019,332.23407
21.604958,334.1739
21.621628,334.1739
21.63766,334.1739
21.655022,333.40002
21.67093,333.40002
21.689415,334.86
21.70502,334.86
21.721176,334.86
21.738005,335.84784
21.754145,335.84784
21.772276,333.35297
21.789669,333.35297
21.806536,333.49017
21.821901,333.49017
21.837782,333.49017
21.856743,331.34088
21.871485,331.34088
21.890015,330.61902
21.90501,330.61902
21.92187,330.61902
21.939941,331.55554
21.954803,331.55554
21.972744,331.11902
21.98817,331.11902
22.005346,332.32434
22.022985,332.32434
22.038006,332.32434
22.055674,333.34283
22.071123,333.34283
22.089401,332.34882
22.104546,332.34882
22.121054,332.34882
22.14039,332.08887
22.1544,332.08887
22.172737,332.9773
22.187407,332.9773
22.204556,333.1316
22.222343,333.1316
22.238014,333.1316
22.256903,332.15558
22.271147,332.15558
22.289726,332.82928
22.306398,332.82928
22.32133,332.82928
22.339062,331.91895
22.355127,331.91895
22.377209,332.10254
22.388666,332.10254
22.405802,329.73682
22.422943,329.73682
22.437647,329.73682
22.456326,328.91113
22.471163,328.91113
22.489307,329.51062
22.50474,329.51062
22.522388,329.51062
22.538403,329.60468
22.55417,329.60468
22.573727,331.13336
22.58827,331.13336
22.604212,331.68964
22.623102,331.68964
22.63859,331.68964
22.655132,332.3421
22.670979,332.3421
22.688005,332.64105
22.704636,332.64105
22.72161,332.64105
22.7393,329.35895
22.755043,329.35895
22.771885,328.51166
22.787107,328.51166
22.805077,329.7755
22.823017,329.7755
22.837524,329.7755
22.856916,329.7755
22.871675,329.7755
22.891165,328.38776
22.905323,328.38776
22.92157,328.38776
22.9396,327.9375
22.954983,327.9375
22.97274,325.5
22.987886,325.5
23.005072,325.7917
23.022987,325.7917
23.037868,325.7917
23.056755,328.11426
23.071844,328.11426
23.09319,329.5349
23.104973,329.5349
23.121506,329.5349
23.13942,329.15558
23.155388,329.15558
23.17258,328.617
23.189129,328.617
23.2047,329.875
23.222677,329.875
23.23761,329.875
23.25571,330.19147
23.270794,330.19147
23.301287,328.43243
23.313772,328.43243
23.326992,326.81818
23.342155,326.81818
23.358658,326.81818
23.375896,328.93182
23.393564,328.93182
23.409866,329.0476
23.425518,329.0476
23.444736,327.41998
23.460289,327.41998
23.477388,327.41998
23.494972,327.17023
23.508255,327.17023
23.526459,327.51428
23.54405,327.51428
23.55842,327.51428
23.577267,327.5122
23.592407,327.5122
23.611193,324.61365
23.626194,324.61365
23.642311,324.61365
23.659157,325.7105
23.675457,325.7105
23.697681,326.625
23.71023,326.625
23.725225,325.7273
23.742645,325.7273
23.757887,325.7273
23.776993,326.7843
23.791744,326.7843
23.809761,326.84613
23.825354,326.84613
23.841722,326.84613
23.8606,327.51788
23.879686,327.51788
23.894642,327.68518
23.909964,327.68518
23.926056,325.5161
23.943815,325.5161
23.958803,325.5161
23.976528,324.82977
23.992414,324.82977
24.01028,325.15686
24.02672,325.15686
24.042158,325.15686
24.06001,325.86206
24.076302,325.86206
24.094788,323.5238
24.108091,323.5238
24.129482,323.5238
24.143236,323.5238
24.159195,323.5238
24.176985,324.41302
24.193483,324.41302
24.209595,324.4792
24.22592,324.4792
24.242125,324.4792
24.260794,324.12823
24.275139,324.12823
24.294712,324.59998
24.309334,324.59998
24.327702,326.51282
24.341558,326.51282
24.35857,326.51282
24.376463,326.5854
24.391735,326.5854
24.408892,326.78003
24.424845,326.78003
24.442146,326.78003
24.4596,327.69385
24.475756,327.69385
24.495,326.19568
24.510324,326.19568
24.526814,326.88635
24.542795,326.88635
24.559912,326.88635
24.578539,326.34003
24.592176,326.34003
24.611116,326.18964
24.62589,326.18964
24.643879,325.44263
24.658827,325.44263
24.675245,325.44263
24.694244,328.11322
24.709515,328.11322
24.72563,329.2766
24.742067,329.2766
24.758442,329.2766
24.776451,329.51166
24.792852,329.51166
24.812803,327.94592
24.82632,327.94592
24.841824,327.94592
24.86046,327.3333
24.875872,327.3333
24.894758,329.44116
24.908052,329.44116
24.928703,330.38892
24.94181,330.38892
24.958828,330.38892
24.97834,330.96075
24.99201,330.96075
25.00957,331.1795
25.027262,331.1795
25.043257,331.1795
25.059624,330.76923
25.075386,330.76923
25.093119,331.14288
25.109486,331.14288
25.128067,330.28302
25.142702,330.28302
25.158545,330.28302
25.176706,330.84906
25.191803,330.84906
25.210403,332.51923
25.225626,332.51923
25.242994,332.51923
25.260845,331.74512
25.274672,331.74512
25.292809,333.28302
25.310467,333.28302
25.324638,333.12
25.34301,333.12
25.359997,333.12
25.376556,334.93475
25.391909,334.93475
25.41055,334.93616
25.424858,334.93616
25.442484,334.93616
25.46052,334.32074
25.47513,334.32074
25.493414,334.383
25.509754,334.383
25.525005,335.44
25.543455,335.44
25.558832,335.44
25.577211,334.3333
25.592463,334.3333
25.61181,335.87036
25.626625,335.87036
25.641953,335.87036
25.660845,336.96667
25.676561,336.96667
25.692907,337.2292
25.710184,337.2292
25.727919,336.91174
25.743204,336.91174
25.759737,336.91174
25.777962,335.7414
25.79267,335.7414
25.813643,335.89093
25.826714,335.89093
25.842909,335.89093
25.860447,338.8
25.875196,338.8
25.894547,340.64404
25.909988,340.64404
25.925323,339.13635
25.94251,339.13635
25.958336,339.13635
25.976913,339.31915
25.99263,339.31915
26.012558,337.875
26.026625,337.875
26.042341,337.875
26.06105,342.1579
26.076002,342.1579
26.094406,343.375
26.108109,343.375
26.12546,340.31915
26.143448,340.31915
26.158588,340.31915
26.17725,342.617
26.192635,342.617
26.209343,343.4583
26.225813,343.4583
26.241842,343.4583
26.259377,343.74548
26.276676,343.74548
26.294428,345.44067
26.310715,345.44067
26.325476,346.25488
26.34341,346.25488
26.36014,346.25488
26.376352,346.5526
26.393673,346.5526
26.409286,347.64447
26.424582,347.64447
26.44258,347.64447
26.460592,347.0769
26.476038,347.0769
26.49281,349.90198
26.508469,349.90198
26.525383,348.7273
26.542852,348.7273
26.571625,349.0
26.582853,349.0
26.596258,349.0
26.614351,351.19446
26.630056,351.19446
26.646423,351.88098
26.662783,351.88098
26.678001,351.88098
26.697826,351.1316
26.712215,351.1316
26.73514,349.8222
26.745598,349.8222
26.762085,349.8222
26.78028,349.4314
26.796873,349.4314
26.814354,353.58826
26.83006,353.58826
26.84552,355.0323
26.863981,355.0323
26.87958,355.0323
26.897535,351.68292
26.912054,351.68292
26.929422,353.40002
26.94585,353.40002
26.963957,350.5714
26.980923,350.5714
26.995096,350.5714
27.015104,354.2093
27.029268,354.2093
27.04946,352.90625
27.062029,352.90625
27.078894,352.90625
27.097403,353.5172
27.112007,353.5172
27.133781,351.2857
27.145052,351.2857
27.162716,351.2857
27.181126,354.58698
27.197544,354.58698
27.214441,358.6667
27.229984,358.6667
27.244879,354.31708
27.263105,354.31708
27.280598,354.31708
27.299797,354.31708
27.316992,356.85712
27.330866,358.87878
27.346386,358.87878
27.362446,358.87878
27.380178,358.24445
27.396387,358.24445
27.413225,359.20514
27.430195,359.20514
27.446915,359.63263
27.463993,359.63263
27.478148,359.63263
27.497265,359.38892
27.512058,359.38892
27.52913,358.68085
27.54591,358.68085
27.564087,359.4375
27.579597,359.4375
27.595135,359.4375
27.613342,357.8919
27.63017,357.8919
27.646952,357.4474
27.664022,357.4474
27.680252,357.4474
27.697254,360.24243
27.711897,360.24243
27.730227,358.94287
27.746965,358.94287
27.762068,358.94287
27.77976,358.0227
27.795443,358.0227
27.814095,360.81482
27.828783,360.81482
27.846706,359.4655
27.86284,359.4655
27.878658,359.4655
27.897177,358.38892
27.91299,358.38892
27.930334,360.3
27.947252,360.3
27.97819,359.01752
27.990019,359.01752
28.002708,359.01752
28.01879,358.09613
28.036413,358.09613
28.056688,359.40002
28.069208,359.40002
28.087318,359.80646
28.103941,359.80646
28.118841,359.80646
28.137892,362.614
28.153055,362.614
28.173567,360.35938
28.185577,360.35938
28.203726,361.31342
28.22072,361.31342
28.235998,361.31342
28.253222,360.3
28.268852,360.3
28.285086,360.7547
28.304415,360.7547
28.31991,360.7547
28.337889,361.97998
28.353092,361.97998
28.370977,361.69232
28.386997,361.69232
28.402058,361.69232
28.420961,362.45612
28.43592,362.45612
28.453842,362.06897
28.468933,362.06897
28.486797,362.81537
28.50235,362.81537
28.51795,362.81537
28.53686,362.51562
28.552181,362.51562
28.570688,361.14038
28.585548,361.14038
28.602108,361.14038
28.621374,361.60345
28.635653,361.60345
28.654478,360.96362
28.66907,360.96362
28.689137,360.9818
28.701534,360.9818
28.719015,360.9818
28.737898,360.2683
28.752224,360.2683
28.769743,361.84613
28.78523,361.84613
28.802332,361.84613
28.820185,362.80853
28.836712,362.80853
28.853783,362.5238
28.86966,362.5238
28.885698,363.0227
28.90337,363.0227
28.91929,363.0227
28.937815,361.97778
28.954268,361.97778
28.970942,358.73682
28.985685,358.73682
29.002853,358.73682
29.020304,359.8
29.035227,359.8
29.054499,361.43396
29.069323,361.43396
29.08848,361.43396
29.103992,361.43396
29.118444,361.43396
29.14056,360.9815
29.15307,360.9815
29.172148,359.5968
29.187057,359.5968
29.201973,359.5968
29.221052,358.90002
29.236752,358.90002
29.253128,358.90002
29.268875,358.90002
29.286526,360.4483
29.306175,360.4483
29.319452,360.4483
29.337654,360.4483
29.353209,360.4483
29.37111,360.0351
29.385956,360.0351
29.403946,359.8246
29.421444,359.8246
29.43628,359.8246
29.456507,359.03387
29.469435,359.03387
29.48684,360.2727
29.50604,360.2727
29.521235,360.2727
29.539062,362.24072
29.553143,362.24072
29.572515,362.32
29.586643,362.32
29.602295,362.32
29.619844,361.97675
29.635744,361.97675
29.654163,361.11902
29.669256,361.11902
29.686186,358.95453
29.703205,358.95453
29.718714,358.95453
29.736954,357.46808
29.753487,357.46808
29.770443,359.2
29.787354,359.2
29.80256,359.2
29.821404,356.10712
29.83709,356.10712
29.853254,356.70215
29.87063,356.70215
29.88597,356.70215
29.902594,356.70215
29.920181,356.70215
29.93645,357.03705
29.952925,357.03705
29.97393,357.0755
29.985748,357.0755
30.002552,357.0755
30.021467,358.39215
30.035807,358.39215
30.057148,359.95917
30.069563,359.95917
30.08683,361.0238
30.103437,361.0238
30.119236,361.0238
30.137762,361.11365
30.153238,361.11365
30.169888,359.77356
30.186117,359.77356
30.201897,359.77356
30.220808,359.92725
30.235052,359.92725
30.258188,358.84906
30.269558,358.84906
30.285349,358.9815
30.304024,358.9815
30.318933,358.9815
30.337563,359.0182
30.351841,359.0182
30.370779,358.9643
30.385372,358.9643
30.404047,356.5932
30.421204,356.5932
30.436197,356.5932
30.453817,356.03278
30.469997,356.03278
30.485418,356.0185
30.50356,356.0185
30.520145,356.0185
30.538311,356.37933
30.553032,356.37933
30.569984,357.0
30.586288,357.0
30.603535,353.55713
30.619692,353.55713
30.635265,353.55713
30.656158,354.63635
30.669313,354.63635
30.68862,352.59998
30.702707,352.59998
30.719578,352.59998
30.738964,353.6515
30.754824,353.6515
30.771406,353.95312
30.785677,353.95312
30.803633,353.72412
30.820303,353.72412
30.836418,353.72412
30.854143,353.4237
30.870205,353.4237
30.885838,352.43335
30.903433,352.43335
30.919168,352.43335
30.937387,352.98334
30.952858,352.98334
30.971315,351.69568
30.984856,351.69568
31.004429,351.22974
31.021015,351.22974
31.034906,351.22974
31.053955,353.46667
31.069275,353.46667
31.088041,353.125
31.10327,353.125
31.11945,353.125
31.137983,352.73608
31.152721,352.73608
31.170599,352.64
31.185698,352.64
31.20432,352.0769
31.220425,352.0769
31.235867,352.0769
31.256296,351.6129
31.26891,351.6129
31.286184,352.03333
31.30695,352.03333
31.319149,352.03333
31.337267,351.5
31.351542,351.5
31.36988,350.49152
31.386032,350.49152
31.40253,350.49152
31.420603,349.48334
31.435358,349.48334
31.454092,350.07812
31.469044,350.07812
31.486494,350.4179
31.503653,350.4179
31.519264,350.4179
31.537188,351.6842
31.551498,351.6842
31.570875,351.64288
31.58665,351.64288
31.603582,350.5968
31.621002,350.5968
31.635916,350.5968
31.655273,350.29688
31.67689,350.29688
31.688553,350.0274
31.703625,350.0274
31.718712,350.0274
31.737398,350.92188
31.752293,350.92188
31.769598,347.53967
31.785913,347.53967
31.802343,347.53967
31.820606,347.20636
31.83632,347.20636
31.853727,345.12164
31.869932,345.12164
31.885279,345.40582
31.9045,345.40582
31.92162,345.40582
31.937675,346.14288
31.952377,346.14288
31.970592,346.28003
31.98554,346.28003
32.003727,347.69623
32.02085,347.69623
32.035645,347.69623
32.056416,347.04108
32.068634,347.04108
32.086224,348.69232
32.10428,348.69232
32.118942,348.69232
32.137302,347.63635
32.152115,347.63635
32.171143,347.73492
32.186684,347.73492
32.20429,348.01392
32.22115,348.01392
32.23589,348.01392
32.255295,347.38574
32.268448,347.38574
32.28634,348.28204
32.303703,348.28204
32.320744,348.28204
32.340218,346.22223
32.35314,346.22223
32.369976,345.95386
32.387096,345.95386
32.408226,344.47888
32.422077,344.47888
32.437107,344.47888
32.454327,345.67743
32.46936,345.67743
32.487724,346.25
32.503796,346.25
32.52019,346.25
32.53931,347.06665
32.5518,347.06665
32.57128,344.2917
32.58661,344.2917
32.602497,344.2917
32.62087,343.53845
32.63566,343.53845
32.655422,344.47296
32.66918,344.47296
32.685463,344.8919
32.703136,344.8919
32.719418,344.8919
32.737553,345.05634
32.752926,345.05634
32.771282,344.0133
32.785347,344.0133
32.80243,344.0133
32.821316,344.68182
32.836567,344.68182
32.854553,344.5625
32.86944,344.5625
32.886692,345.0946
32.903545,345.0946
32.920036,345.0946
32.937252,344.36365
32.9528,344.36365
32.971706,344.4483
32.985516,344.4483
33.003815,344.44263
33.020878,344.44263
33.036007,344.44263
33.05596,344.18335
33.06931,344.18335
33.08663,344.0492
33.10284,344.0492
33.118927,344.0492
33.1367,344.22583
33.15233,344.22583
33.170517,343.59998
33.185863,343.59998
33.20249,343.59998
33.220863,341.86884
33.23498,341.86884
33.254223,340.23077
33.268833,340.23077
33.28777,340.61194
33.303062,340.61194
33.31975,340.61194
33.33825,340.2464
33.352665,340.2464
33.36986,341.7121
33.385185,341.7121
33.403526,341.67566
33.42042,341.67566
33.43703,341.67566
33.45376,340.8095
33.46969,340.8095
33.48627,340.4776
33.50401,340.4776
33.519836,340.4776
33.53788,340.0658
33.551945,340.0658
33.572548,340.44116
33.5852,340.44116
33.603516,339.14862
33.6202,339.14862
33.63615,339.14862
33.65611,339.15942
33.669685,339.15942
33.686455,338.0492
33.70344,338.0492
33.720203,338.0492
33.73703,338.4237
33.75314,338.4237
33.770615,337.74548
33.787003,337.74548
33.804478,336.84058
33.820446,336.84058
33.837204,336.84058
33.85518,338.44446
33.868908,338.44446
33.885437,338.44446
33.90462,338.44446
33.918976,338.44446
33.937412,337.84058
33.951733,337.84058
33.97258,338.01495
33.9872,338.01495
34.00232,338.01495
34.02031,337.9853
34.037216,337.9853
34.054634,337.83606
34.06983,337.83606
34.08825,338.44446
34.103146,338.44446
34.128086,338.44446
34.139206,338.54547
34.153393,338.54547
34.174366,336.0984
34.18644,336.0984
34.202805,336.0984
34.220795,336.2857
34.23566,336.2857
34.256638,336.0606
34.26968,336.0606
34.285786,335.91937
34.304775,335.91937
34.320637,335.91937
34.337975,336.91302
34.35239,336.91302
34.370514,336.74628
34.38594,336.74628
34.404022,335.60297
34.421467,335.60297
34.435974,335.60297
34.454624,336.1875
34.470875,336.1875
34.487965,336.32202
34.505573,336.32202
34.520626,336.32202
34.53719,335.14514
34.553192,335.14514
34.569572,333.92426
34.58679,333.92426
34.60438,333.98505
34.62092,333.98505
34.635906,333.98505
34.655807,335.22223
34.67029,335.22223
34.6892,334.7121
34.704174,334.7121
34.72107,334.7121
34.738903,334.1549
34.752407,334.1549
34.771038,334.4923
34.78854,334.4923
34.803474,335.0833
34.821514,335.0833
34.83677,335.0833
34.853992,334.85248
34.869637,334.85248
34.886356,335.34485
34.90281,335.34485
34.921173,335.34485
34.940735,335.34485
34.95551,335.34485
34.971092,335.55933
34.986683,335.55933
35.00485,335.08063
35.021152,335.08063
35.03744,335.08063
35.0543,331.3393
35.06922,331.3393
35.087124,331.3393
35.103165,331.3393
35.120407,331.3393
35.13803,332.16132
35.15223,332.16132
35.170715,331.20636
35.18521,331.20636
35.202393,331.20636
35.22083,331.0952
35.253372,330.93445
35.26921,330.93445
35.281418,330.93445
35.295975,331.9123
35.312157,331.9123
35.3299,331.9123
35.344666,331.9123
35.36207,331.9123
35.379623,332.1905
35.39499,332.1905
35.411777,330.48077
35.428967,330.48077
35.445644,332.79633
35.46386,332.79633
35.47834,332.79633
35.495937,331.58185
35.511047,331.58185
35.52981,331.6607
35.54613,331.6607
35.56183,331.6607
35.580116,332.0926
35.595478,332.0926
35.612743,332.451
35.62856,332.451
35.64531,332.451
35.661774,332.451
35.67966,332.451
35.696304,331.3542
35.711857,331.3542
35.731014,332.5227
35.745895,332.5227
35.762417,332.5227
35.780094,331.35712
35.79614,331.35712
35.81296,332.04443
35.828842,332.04443
35.844727,331.82538
35.862877,331.82538
35.878014,331.82538
35.89749,331.59375
35.91074,331.59375
35.930115,332.0141
35.945435,332.0141
35.962227,332.0141
35.98144,331.10938
35.994873,331.10938
36.013046,331.84747
36.029053,331.84747
36.048138,332.91803
36.06314,332.91803
36.0801,332.91803
36.096382,335.25
36.112556,335.25
36.130184,335.25317
36.145493,335.25317
36.162464,335.25317
36.17911,335.50745
36.19528,335.50745
36.21392,334.51514
36.227978,334.51514
36.244835,332.79034
36.263466,332.79034
36.278206,332.79034
36.296738,331.9508
36.3124,331.9508
36.3307,334.15002
36.345825,334.15002
36.363373,334.15002
36.379745,334.71252
36.39521,334.71252
36.41272,337.46838
36.42944,337.46838
36.44538,338.05798
36.46361,338.05798
36.47897,338.05798
36.49728,337.13116
36.511265,337.13116
36.531033,337.2857
36.545307,337.2857
36.56016,337.2857
36.58052,339.86768
36.59454,339.86768
36.613365,338.38354
36.62791,338.38354
36.64665,339.63232
36.662697,339.63232
36.67867,339.63232
36.697056,340.0
36.71196,340.0
36.729847,342.50946
36.745842,342.50946
36.761227,342.50946
36.783474,341.65576
36.794926,341.65576
36.814167,342.5238
36.82866,342.5238
36.844765,344.12164
36.862698,344.12164
36.877502,344.12164
36.89738,344.28815
36.912605,344.28815
36.929405,345.56714
36.94598,345.56714
36.962246,345.56714
36.98021,347.2
36.99413,347.2
37.013393,345.77942
37.028976,345.77942
37.048225,345.0678
37.063053,345.0678
37.079067,345.0678
37.09685,344.36505
37.112995,344.36505
37.130077,344.6778
37.14507,344.6778
37.16191,344.6778
37.179672,345.92108
37.19598,345.92108
37.215744,347.54547
37.22924,347.54547
37.245167,347.1053
37.263226,347.1053
37.27864,347.1053
37.299717,347.4231
37.31245,347.4231
37.331284,348.3684
37.3449,348.3684
37.36225,348.3684
37.3801,350.24615
37.395542,350.24615
37.414238,350.13232
37.429184,350.13232
37.445038,348.25
37.461746,348.25
37.478252,348.25
37.495853,350.79364
37.51096,350.79364
37.52985,350.46973
37.545307,350.46973
37.56288,350.46973
37.579323,350.9375
37.594162,350.9375
37.613472,348.7213
37.62802,348.7213
37.645916,348.7213
37.662853,348.7213
37.678764,348.7213
37.696087,353.25
37.712543,353.25
37.730774,353.8806
37.746235,353.8806
37.76291,353.8806
37.780632,351.23077
37.79538,351.23077
37.81396,350.5968
37.829105,350.5968
37.84606,353.274
37.86441,353.274
37.88109,353.274
37.899097,354.4167
37.91255,354.4167
37.929523,351.83752
37.946648,351.83752
37.962406,351.83752
37.980606,353.59155
37.99524,353.59155
38.013245,354.0
38.02942,354.0
38.04562,357.43286
38.062412,357.43286
38.079674,357.43286
38.096813,355.70148
38.11209,355.70148
38.13057,355.8
38.14524,355.8
38.16189,355.8
38.180923,358.51562
38.195206,358.51562
38.213062,358.08105
38.22853,358.08105
38.24547,358.2381
38.264336,358.2381
38.27906,358.2381
38.297844,360.92957
38.311413,360.92957
38.33043,361.6286
38.34612,361.6286
38.36231,361.6286
38.380043,359.8
38.39516,359.8
38.414566,360.73975
38.429695,360.73975
38.446228,361.0
38.462635,361.0
38.478256,361.0
38.496635,359.6875
38.51369,359.6875
38.530235,360.65454
38.54549,360.65454
38.56367,360.65454
38.580997,358.24
38.59566,358.24
38.6146,361.44928
38.628838,361.44928
38.64498,360.90668
38.662666,360.90668
38.677856,360.90668
38.698,361.61902
38.712,361.61902
38.72906,359.47296
38.74465,359.47296
38.762226,359.47296
38.779842,362.22534
38.7948,362.22534
38.814266,363.58826
38.829556,363.58826
38.846203,362.13922
38.86691,362.13922
38.880413,362.13922
38.899513,366.01788
38.913082,366.01788
38.93212,364.7143
38.945507,364.7143
38.96358,366.3051
38.979195,366.3051
38.99549,366.3051
39.012688,366.7846
39.044926,366.7846
39.058315,365.65625
39.07065,365.65625
39.088974,366.726
39.104115,366.726
39.120567,366.726
39.138477,368.11108
39.152603,368.11108
39.17164,367.8
39.186726,367.8
39.203884,366.80518
39.221012,366.80518
39.236683,366.80518
39.25683,367.76056
39.270824,367.76056
39.29145,369.20514
39.30438,369.20514
39.32108,369.20514
39.338608,369.82666
39.35253,369.82666
39.372257,369.17188
39.386383,369.17188
39.402977,369.17188
39.4207,371.18842
39.436207,371.18842
39.453884,372.74286
39.470825,372.74286
39.491627,373.25757
39.505085,373.25757
39.52115,373.25757
39.53946,374.68115
39.553436,374.68115
39.572376,375.51666
39.5871,375.51666
39.604378,374.20966
39.621185,374.20966
39.636116,374.20966
39.65654,373.23608
39.671055,373.23608
39.686523,373.05713
39.70412,373.05713
39.719166,373.05713
39.73824,375.08698
39.752556,375.08698
39.77212,374.9286
39.78625,374.9286
39.804134,375.76562
39.82109,375.76562
39.837334,375.76562
39.85447,375.42255
39.86966,375.42255
39.887337,376.3158
39.904705,376.3158
39.92022,376.3158
39.938362,376.41333
39.95252,376.41333
39.971348,377.18054
39.986923,377.18054
40.004635,377.0952
40.0213,377.0952
40.037273,377.0952
40.057053,377.31647
40.069527,377.31647
40.088684,376.3288
40.10351,376.3288
40.120056,376.3288
40.138096,376.22858
40.154278,376.22858
40.171894,376.49384
40.18669,376.49384
40.204014,377.8625
40.220688,377.8625
40.237164,377.8625
40.256645,377.2771
40.27084,377.2771
40.286106,377.9394
40.305946,377.9394
40.32124,377.9394
40.338726,378.7273
40.353806,378.7273
40.372093,376.78082
40.388058,376.78082
40.404408,378.42255
40.422276,378.42255
40.438168,378.42255
40.455215,378.44
40.471424,378.44
40.489166,377.8933
40.50446,377.8933
40.5201,377.8933
40.537766,378.8816
40.55287,378.8816
40.570866,379.77777
40.586758,379.77777
40.603764,380.22223
40.62077,380.22223
40.636143,380.22223
40.655632,379.30865
40.671062,379.30865
40.68629,378.84723
40.704945,378.84723
40.719906,378.84723
40.739258,377.28918
40.755436,377.28918
40.77373,380.1053
40.78706,380.1053
40.803947,380.69012
40.819588,380.69012
40.837276,380.69012
40.856804,380.97058
40.869244,380.97058
40.888535,376.55072
40.90574,376.55072
40.92202,376.55072
40.939125,377.86566
40.953148,377.86566
40.97365,378.64178
40.986935,378.64178
41.00472,377.10962
41.020363,377.10962
41.03676,377.10962
41.054596,379.11475
41.069733,379.11475
41.08957,379.56897
41.103752,379.56897
41.12019,379.56897
41.139038,380.06897
41.15398,380.06897
41.17176,380.06897
41.187077,380.06897
41.203075,380.06897
41.220634,379.3125
41.23726,379.3125
41.255802,377.6125
41.27081,377.6125
41.29031,378.83826
41.30396,378.83826
41.31987,378.83826
41.33845,378.0417
41.353195,378.0417
41.373035,378.6667
41.386444,378.6667
41.404217,378.44928
41.421036,378.44928
41.436573,378.44928
41.454464,376.85297
41.470432,376.85297
41.487736,376.86768
41.50443,376.86768
41.519947,376.86768
41.538025,375.34326
41.55387,375.34326
41.572716,375.67743
41.587406,375.67743
41.604557,376.2027
41.621986,376.2027
41.637947,376.2027
41.654922,377.01495
41.671413,377.01495
41.688103,376.86902
41.70321,376.86902
41.719547,376.86902
41.73895,377.39508
41.7548,377.39508
41.771954,375.6173
41.786285,375.6173
41.80634,376.08972
41.82183,376.08972
41.836494,376.08972
41.85497,376.0678
41.86992,376.0678
41.88633,376.0968
41.90429,376.0968
41.920868,376.0968
41.93905,373.8875
41.9539,373.8875
41.972187,374.23285
41.98742,374.23285
42.00412,372.15875
42.020393,372.15875
42.037743,372.15875
42.054523,371.97144
42.070175,371.97144
42.093037,371.98572
42.10395,371.98572
42.12027,371.98572
42.139595,372.3125
42.15512,372.3125
42.175396,373.2105
42.187523,373.2105
42.204563,373.65515
42.222115,373.65515
42.236534,373.65515
42.255745,373.8542
42.271217,373.8542
42.2876,374.3396
42.305454,374.3396
42.32043,374.3396
42.33861,374.7234
42.353195,374.7234
42.373154,374.01642
42.386986,374.01642
42.40477,373.75
42.421734,373.75
42.437267,373.75
42.456783,373.0
42.47136,373.0
42.488346,372.80884
42.503593,372.80884
42.51983,372.80884
42.53815,371.56897
42.554176,371.56897
42.572662,371.82758
42.587612,371.82758
42.604538,370.19116
42.620586,370.19116
42.637684,370.19116
42.65541,370.46667
42.670265,370.46667
42.688473,368.59998
42.704254,368.59998
42.720406,368.59998
42.73881,369.16455
42.754063,369.16455
42.77186,368.34998
42.787025,368.34998
42.803963,370.23438
42.820503,370.23438
42.83758,370.23438
42.855232,367.6974
42.87141,367.6974
42.88658,367.53162
42.904613,367.53162
42.920715,367.53162
42.938065,367.42255
42.954205,367.42255
42.972412,367.41095
42.98745,367.41095
43.004303,368.12
43.021915,368.12
43.036953,368.12
43.055065,365.8028
43.07008,365.8028
43.08716,366.4605
43.107887,366.4605
43.12477,366.15387
43.139153,366.15387
43.15588,366.15387
43.17482,365.6377
43.187645,365.6377
43.20467,363.25677
43.22107,363.25677
43.23742,363.25677
43.25528,363.54547
43.27027,363.54547
43.2885,363.50818
43.30435,363.50818
43.321445,363.50818
43.33915,362.63934
43.35325,362.63934
43.3717,362.82092
43.38732,362.82092
43.403683,361.33868
43.42186,361.33868
43.436935,361.33868
43.455013,359.5
43.471405,359.5
43.48894,359.06555
43.50348,359.06555
43.520134,359.06555
43.542736,359.5172
43.5538,359.5172
43.57325,362.14038
43.58712,362.14038
43.605534,358.26025
43.62195,358.26025
43.636974,358.26025
43.65612,357.72546
43.670494,357.72546
43.68955,359.4167
43.704227,359.4167
43.719913,359.4167
43.738533,357.30884
43.754204,357.30884
43.77544,358.17908
43.790813,358.17908
43.806023,355.2586
43.821915,355.2586
43.83868,355.2586
43.855457,356.69354
43.87133,356.69354
43.888924,357.013
43.904255,357.013
43.92099,357.013
43.938427,355.25317
43.95476,355.25317
43.971798,357.06152
43.987633,357.06152
44.00489,356.2182
44.021572,356.2182
44.037155,356.2182
44.056034,355.88635
44.07002,355.88635
44.088852,354.5357
44.104053,354.5357
44.12013,354.5357
44.137886,354.58063
44.154083,354.58063
44.17163,353.50647
44.18799,353.50647
44.204224,352.77924
44.221924,352.77924
44.237854,352.77924
44.2571,352.33765
44.27188,352.33765
44.28963,351.875
44.30523,351.875
44.322453,351.875
44.338814,353.0
44.35437,353.0
44.372536,353.1045
44.387318,353.1045
44.404514,352.597
44.422,352.597
44.44012,352.597
44.45852,351.61816
44.471886,351.61816
44.49201,349.51514
44.50495,349.51514
44.520943,349.51514
44.54051,349.4762
44.553894,349.4762
44.573395,351.16418
44.586414,351.16418
44.60349,349.62164
44.621296,349.62164
44.637173,349.62164
44.654037,347.64404
44.67106,347.64404
44.687927,348.4483
44.703205,348.4483
44.721413,348.4483
44.739628,347.86108
44.75511,347.86108
44.771942,347.8025
44.78725,347.8025
44.804253,345.89655
44.821423,345.89655
44.837517,345.89655
44.85537,346.386
44.870693,346.386
44.888275,345.68335
44.903896,345.68335
44.9203,345.68335
44.9379,345.85486
44.95411,345.85486
44.971714,344.59015
44.988113,344.59015
45.007797,344.88892
45.022984,344.88892
45.03771,344.88892
45.056217,345.86768
45.07075,345.86768
45.088634,343.20337
45.105724,343.20337
45.12162,343.20337
45.141094,341.9048
45.153793,341.9048
45.17308,341.0
45.187603,341.0
45.204716,340.1579
45.222412,340.1579
45.2384,340.1579
45.257168,339.69696
45.27158,339.69696
45.29123,341.0755
45.305294,341.0755
45.322292,341.0755
45.341583,337.92426
45.35427,337.92426
45.37228,338.84998
45.387917,338.84998
45.406013,338.5088
45.42268,338.5088
45.438606,338.5088
45.45712,337.54388
45.477394,337.54388
45.489754,336.2069
45.5073,336.2069
45.521427,336.2069
45.539402,335.24243
45.555035,335.24243
45.573364,336.39685
45.58838,336.39685
45.605743,334.79663
45.622093,334.79663
45.637928,334.79663
45.65507,334.36505
45.672016,334.36505
45.6923,334.55383
45.706608,334.55383
45.72177,334.55383
45.738922,335.30646
45.754673,335.30646
45.77277,332.8772
45.787453,332.8772
45.80567,331.4179
45.822876,331.4179
45.838974,331.4179
45.85677,331.25
45.87175,331.25
45.89036,330.831
45.904083,330.831
45.921955,330.831
45.93909,332.16418
45.956467,332.16418
45.972298,332.3919
45.987717,332.3919
46.005344,332.68573
46.02175,332.68573
46.038006,332.68573
46.058468,333.32758
46.072113,333.32758
46.09316,328.6667
46.106216,328.6667
46.12076,328.6667
46.141216,330.0893
46.154278,330.0893
46.172985,329.7619
46.18795,329.7619
46.20736,329.95312
46.22144,329.95312
46.23798,329.95312
46.257996,332.75
46.271866,332.75
46.29129,331.1667
46.307262,331.1667
46.321293,331.1667
46.341785,333.125
46.355545,333.125
46.374477,332.5625
46.386757,332.5625
46.40502,333.16925
46.421864,333.16925
46.437138,333.16925
46.454887,332.4262
46.471233,332.4262
46.48805,332.05084
46.50347,332.05084
46.5219,332.05084
46.53897,330.81482
46.554585,330.81482
46.573254,330.26
46.5882,330.26
46.604336,330.07812
46.623215,330.07812
46.638348,330.07812
46.655247,328.831
46.67082,328.831
46.68905,330.21875
46.70286,330.21875
46.721165,330.21875
46.739136,329.25
46.753483,329.25
46.773464,328.7541
46.78796,328.7541
46.803852,329.3333
46.82151,329.3333
46.837154,329.3333
46.855846,328.95386
46.87129,328.95386
46.888103,329.20337
46.904926,329.20337
46.9202,329.20337
46.93925,329.3036
46.95348,329.3036
46.972862,329.5172
46.988453,329.5172
47.004505,329.62122
47.02106,329.62122
47.038246,329.62122
47.055412,329.44592
47.070385,329.44592
47.08888,329.9375
47.104412,329.9375
47.12136,329.9375
47.138985,329.81665
47.154133,329.81665
47.172577,329.03278
47.188473,329.03278
47.20411,327.9737
47.222023,327.9737
47.23726,327.9737
47.25663,328.02985
47.27141,328.02985
47.288124,328.7846
47.30533,328.7846
47.32265,328.7846
47.339027,328.69232
47.353928,328.69232
47.37555,329.59998
47.386612,329.59998
47.404964,330.07355
47.421314,330.07355
47.45067,329.37683
47.464355,329.37683
47.47682,329.37683
47.497692,329.60938
47.50962,329.60938
47.52702,329.18182
47.54499,329.18182
47.560467,329.18182
47.57734,330.29413
47.593502,330.29413
47.610043,330.5147
47.62618,330.5147
47.643597,331.81354
47.660206,331.81354
47.67522,331.81354
47.69407,330.56525
47.70919,330.56525
47.72744,331.24194
47.743546,331.24194
47.759968,331.24194
47.777794,329.61426
47.7935,329.61426
47.810448,329.4923
47.82557,329.4923
47.842632,329.4923
47.860634,329.78687
47.875546,329.78687
47.895267,328.8714
47.9091,328.8714
47.92555,328.68
47.944695,328.68
47.95872,328.68
47.9778,330.4167
47.992897,330.4167
48.011703,328.24323
48.02564,328.24323
48.04305,328.24323
48.06097,327.24323
48.07614,327.24323
48.096375,327.5
48.11019,327.5
48.12854,328.93445
48.142574,328.93445
48.160736,328.93445
48.17865,327.81665
48.194786,327.81665
48.211494,327.52307
48.226097,327.52307
48.242077,327.52307
48.26013,329.12677
48.27607,329.12677
48.296276,328.64862
48.30977,328.64862
48.327984,328.15942
48.342575,328.15942
48.35968,328.15942
48.377644,328.65082
48.394123,328.65082
48.410137,329.3214
48.425514,329.3214
48.4441,329.38464
48.464657,329.38464
48.477448,329.38464
48.494728,328.81482
48.509773,328.81482
48.527737,329.9828
48.542778,329.9828
48.558945,329.9828
48.578094,330.22388
48.592045,330.22388
48.610348,330.8393
48.626244,330.8393
48.643612,330.44775
48.660866,330.44775
48.676693,330.44775
48.696495,332.5119
48.70953,332.5119
48.728424,334.32306
48.742935,334.32306
48.76028,334.32306
48.77709,331.34283
48.793423,331.34283
48.813614,332.74243
48.826473,332.74243
48.843983,333.10938
48.86167,333.10938
48.87527,333.10938
48.893387,332.88135
48.909496,332.88135
48.92588,335.30646
48.944946,335.30646
48.959732,335.30646
48.97778,336.23608
48.99361,336.23608
49.011745,336.98737
49.0411,336.98737
49.05556,335.72858
49.067474,335.72858
49.084385,339.0417
49.10265,339.0417
49.116753,339.0417
49.13612,336.85712
49.15074,336.85712
49.166332,338.12305
49.185143,338.12305
49.1996,338.12305
49.21824,339.2381
49.2334,339.2381
49.253403,341.18573
49.266857,341.18573
49.283783,340.51898
49.305183,340.51898
49.317726,340.51898
49.336166,341.40625
49.350113,341.40625
49.3725,342.5857
49.383137,342.5857
49.40014,342.5857
49.418373,341.7162
49.43333,341.7162
49.45328,343.22974
49.467896,343.22974
49.484444,345.15277
49.50155,345.15277
49.51859,345.15277
49.536316,344.1194
49.550766,344.1194
49.56785,348.33826
49.584248,348.33826
49.599785,348.33826
49.618374,349.40912
49.633,349.40912
49.654133,348.9605
49.666386,348.9605
49.687405,350.43335
49.701836,350.43335
49.71635,350.43335
49.734898,351.85712
49.748833,351.85712
49.76679,351.5625
49.78454,351.5625
49.80056,351.5625
49.818142,352.64062
49.83332,352.64062
49.85271,352.65216
49.866806,352.65216
49.885273,353.64105
49.900875,353.64105
49.916576,353.64105
49.9355,354.92206
49.948887,354.92206
49.970127,355.72058
49.984104,355.72058
50.000603,355.72058
50.01882,355.34918
50.034035,355.34918
50.050297,357.31647
50.067215,357.31647
50.101444,357.02985
50.11262,357.02985
50.125534,359.83752
50.142357,359.83752
50.15987,359.83752
50.17803,359.5833
50.19244,359.5833
50.21212,360.32892
50.22598,360.32892
50.24226,360.32892
50.260174,361.73975
50.276047,361.73975
50.294216,360.63495
50.309547,360.63495
50.33144,363.67694
50.34199,363.67694
50.359577,363.67694
50.378105,363.86792
50.39376,363.86792
50.41061,365.4865
50.425877,365.4865
50.44516,366.54932
50.460487,366.54932
50.47552,366.54932
50.49408,367.125
50.509037,367.125
50.52597,369.02533
50.542328,369.02533
50.55966,369.02533
50.577515,367.63513
50.591812,367.63513
50.61056,367.85712
50.62667,367.85712
50.643673,368.7647
50.66017,368.7647
50.676655,368.7647
50.694305,368.95453
50.709675,368.95453
50.728153,368.24286
50.74251,368.24286
50.758892,368.24286
50.780247,370.66217
50.793213,370.66217
50.80972,370.92206
50.825687,370.92206
50.842575,370.92206
50.860287,371.2564
50.8774,371.2564
50.893536,372.2727
50.908955,372.2727
50.92805,373.54053
50.943756,373.54053
50.959263,373.54053
50.977966,374.0526
50.992958,374.0526
51.011738,374.67188
51.02575,374.67188
51.041588,374.67188
51.06132,376.8933
51.07572,376.8933
51.096214,377.02942
51.109543,377.02942
51.126366,374.2895
51.144073,374.2895
51.159313,374.2895
51.177746,375.45947
51.19429,375.45947
51.210674,376.7317
51.225956,376.7317
51.243122,376.7317
51.259956,375.40625
51.275455,375.40625
51.295086,378.0208
51.31021,378.0208
51.324745,377.46875
51.343742,377.46875
51.359943,377.46875
51.37721,378.73407
51.393917,378.73407
51.410652,377.98938
51.426727,377.98938
51.4429,377.98938
51.459667,378.3977
51.476902,378.3977
51.4936,379.3012
51.50943,379.3012
51.52619,380.2564
51.54248,380.2564
51.55982,380.2564
51.577953,382.10962
51.592323,382.10962
51.610012,380.8026
51.625862,380.8026
51.64219,380.8026
51.660667,380.7838
51.6761,380.7838
51.69512,380.12677
51.710033,380.12677
51.7269,380.1739
51.74327,380.1739
51.758556,380.1739
51.77751,380.7627
51.793465,380.7627
51.8101,378.47888
51.82606,378.47888
51.843674,381.3913
51.860893,381.3913
51.875076,381.3913
51.894222,381.02777
51.90941,381.02777
51.92802,381.66132
51.942078,381.66132
51.95948,381.66132
51.97811,380.8333
51.992928,380.8333
52.01098,379.51318
52.02729,379.51318
52.04232,379.51318
52.05993,380.49255
52.07724,380.49255
52.09527,380.62317
52.10968,380.62317
52.13536,380.2174
52.147213,380.2174
52.158848,380.2174
52.177834,380.68182
52.193893,380.68182
52.209328,381.57355
52.22603,381.57355
52.24395,382.65082
52.26137,382.65082
52.275246,382.65082
52.296715,380.81946
52.309525,380.81946
52.32541,380.3913
52.34356,380.3913
52.360245,380.3913
52.377663,380.51428
52.39304,380.51428
52.41,380.74628
52.425663,380.74628
52.442364,380.74628
52.460175,380.69696
52.476646,380.69696
52.493786,380.15942
52.50934,380.15942
52.52617,380.5
52.542526,380.5
52.558876,380.5
52.577515,383.78125
52.594105,383.78125
52.610794,384.4815
52.626675,384.4815
52.642437,384.4815
52.66329,383.43243
52.68013,383.43243
52.69543,383.50647
52.709816,383.50647
52.7265,383.05554
52.743687,383.05554
52.75978,383.05554
52.777637,384.88574
52.792656,384.88574
52.81317,385.38574
52.825447,385.38574
52.843517,385.97296
52.859997,385.97296
52.875957,385.97296
52.89491,386.20288
52.90947,386.20288
52.928215,385.3333
52.94195,385.3333
52.959263,385.3333
52.97839,384.66235
52.994286,384.66235
53.01017,386.09723
53.026077,386.09723
53.042873,386.09723
53.06022,384.63495
53.076363,384.63495
53.097904,383.74243
53.109875,383.74243
53.12615,384.2381
53.143295,384.2381
53.159206,384.2381
53.17865,383.85712
53.192913,383.85712
53.213963,385.72498
53.22656,385.72498
53.24402,385.1772
53.26044,385.1772
53.277477,385.1772
53.29366,385.4074
53.310623,385.4074
53.33025,385.4074
53.343212,385.4074
53.359943,385.4074
53.378033,385.7439
53.393208,385.7439
53.410553,385.59015
53.42674,385.59015
53.444576,384.5714
53.461197,384.5714
53.47634,384.5714
53.494568,384.5606
53.508698,384.5606
53.526466,385.06348
53.542873,385.06348
53.560165,385.06348
53.577194,382.11597
53.593353,382.11597
53.611267,382.45764
53.626072,382.45764
53.64263,382.45764
53.66085,382.2
53.677544,382.2
53.69535,382.03894
53.708904,382.03894
53.73103,382.39746
53.74285,382.39746
53.759624,382.39746
53.777786,382.5821
53.79271,382.5821
53.811554,383.08954
53.82562,383.08954
53.842712,383.08954
53.861427,382.6286
53.877327,382.6286
53.895733,381.93243
53.90909,381.93243
53.927174,382.05798
53.94447,382.05798
53.962326,382.05798
53.97836,382.05798
53.992096,382.05798
54.00996,383.0
54.025707,383.0
54.044827,382.80823
54.0605,382.80823
54.076984,382.80823
54.093998,382.67163
54.110703,382.67163
54.129456,381.73608
54.14426,381.73608
54.183468,379.3333
54.2,379.3333
54.21254,379.5
54.22854,379.5
54.244007,382.1974
54.25972,382.1974
54.277336,382.1974
54.295296,381.69135
54.311195,381.69135
54.327106,382.66235
54.344284,382.66235
54.36092,382.66235
54.37783,381.58667
54.392654,381.58667
54.410706,381.25714
54.42605,381.25714
54.442997,381.25714
54.460606,380.15277
54.47624,380.15277
54.495014,379.0
54.51149,379.0
54.52909,379.64557
54.54351,379.64557
54.5603,379.64557
54.57735,380.59998
54.59233,380.59998
54.61149,380.36987
54.62744,380.36987
54.644444,379.45715
54.661556,379.45715
54.676674,379.45715
54.694954,376.54797
54.710785,376.54797
54.728416,377.93243
54.74454,377.93243
54.759995,377.93243
54.77667,377.03748
54.793533,377.03748
54.811058,378.65753
54.826015,378.65753
54.84282,378.65753
54.86106,378.26758
54.876183,378.26758
54.89337,376.83563
54.909843,376.83563
54.928055,376.89874
54.944393,376.89874
54.960342,376.89874
54.979645,377.0141
54.994316,377.0141
55.01215,376.71234
55.026077,376.71234
55.044567,376.45
55.06151,376.45
55.077324,376.45
55.095642,375.09753
55.109722,375.09753
55.12815,374.32892
55.143173,374.32892
55.15926,374.32892
55.1785,372.97223
55.19436,372.97223
55.212234,373.14288
55.226757,373.14288
55.244343,373.7917
55.261627,373.7917
55.27618,373.7917
55.29812,374.08105
55.31047,374.08105
55.327442,371.44928
55.343945,371.44928
55.360584,371.44928
55.378063,371.76715
55.392445,371.76715
55.412426,372.5606
55.426083,372.5606
55.442745,372.5606
55.46172,368.83868
55.476845,368.83868
55.49373,368.23376
55.509174,368.23376
55.52868,369.11108
55.544033,369.11108
55.55922,369.11108
55.578136,370.44232
55.592587,370.44232
55.610817,366.06592
55.62776,366.06592
55.64294,366.06592
55.6617,367.31647
55.67612,367.31647
55.69535,366.5
55.710106,366.5
55.73253,365.95178
55.742683,365.95178
55.759792,365.95178
55.779106,365.37708
55.794174,365.37708
55.811558,367.08142
55.826473,367.08142
55.843216,367.08142
55.862526,366.70422
55.878365,366.70422
55.896393,364.7143
55.908806,364.7143
55.92865,362.8955
55.943897,362.8955
55.95964,362.8955
55.97853,364.09723
55.99377,364.09723
56.01415,363.80304
56.027946,363.80304
56.04371,363.4464
56.061825,363.4464
56.076527,363.4464
56.09729,361.8036
56.109894,361.8036
56.12638,361.96295
56.143776,361.96295
56.16117,361.96295
56.17809,358.45764
56.194324,358.45764
56.212383,359.4754
56.226864,359.4754
56.244007,361.25452
56.259758,361.25452
56.276123,361.25452
56.297466,360.0625
56.309513,360.0625
56.327583,358.2931
56.343735,358.2931
56.358585,358.2931
56.377956,357.83075
56.394344,357.83075
56.41149,357.39215
56.42656,357.39215
56.442932,357.39215
56.461624,358.36
56.475296,358.36
56.495804,354.61224
56.510536,354.61224
56.526184,355.30908
56.544662,355.30908
56.559555,355.30908
56.578945,355.78333
56.593136,355.78333
56.61199,356.4762
56.627678,356.4762
56.644196,351.98462
56.660557,351.98462
56.675472,351.98462
56.694336,353.46375
56.710133,353.46375
56.726536,353.75
56.743145,353.75
56.76032,353.75
56.778255,350.87274
56.794003,350.87274
56.809734,352.4516
56.82753,352.4516
56.84363,352.40912
56.86228,352.40912
56.891155,347.8
56.90508,347.8
56.916107,347.8
56.93446,350.10297
56.949673,350.10297
56.96499,348.7458
56.984512,348.7458
56.99866,348.7458
57.018734,345.807
57.032963,345.807
57.051655,348.74628
57.065357,348.74628
57.084583,344.86365
57.10033,344.86365
57.11692,344.86365
57.135483,345.35382
57.14944,345.35382
57.165085,345.47144
57.182827,345.47144
57.199326,345.47144
57.216896,346.37708
57.23319,346.37708
57.25042,344.39062
57.265892,344.39062
57.28263,344.39062
57.304104,344.67163
57.316498,344.67163
57.33365,343.5
57.350117,343.5
57.365524,342.55933
57.38398,342.55933
57.40015,342.55933
57.417885,340.0
57.43226,340.0
57.45047,341.4533
57.46776,341.4533
57.483566,341.32892
57.50037,341.32892
57.516594,341.32892
57.53717,342.5769
57.548153,342.5769
57.567093,340.5968
57.58369,340.5968
57.599636,340.5968
57.6171,341.37738
57.632904,341.37738
57.651314,341.96075
57.665264,341.96075
57.68386,340.3333
57.701096,340.3333
57.715553,340.3333
57.733932,340.0678
57.74968,340.0678
57.766933,340.3333
57.78515,340.3333
57.798607,340.3333
57.818333,339.55933
57.8334,339.55933
57.85228,337.49255
57.866405,337.49255
57.884686,337.7727
57.90099,337.7727
57.915928,337.7727
57.93361,339.24286
57.949776,339.24286
57.966724,338.17145
57.984486,338.17145
57.999775,338.17145
58.01839,338.65332
58.032547,338.65332
58.0505,339.1507
58.06528,339.1507
58.08329,339.1507
58.10094,338.91248
58.116478,338.91248
58.133297,338.25714
58.149406,338.25714
58.16644,338.8333
58.183193,338.8333
58.198532,338.8333
58.21752,339.1194
58.232666,339.1194
58.250126,335.20312
58.266373,335.20312
58.283543,336.03125
58.301678,336.03125
58.318756,336.03125
58.336952,335.79413
58.35181,335.79413
58.368225,336.16437
58.382824,336.16437
58.399868,336.16437
58.417583,336.35443
58.432884,336.35443
58.450367,336.9041
58.465706,336.9041
58.483395,337.09723
58.49905,337.09723
58.51577,337.09723
58.53366,337.38098
58.55003,337.38098
58.566418,336.15387
58.583424,336.15387
58.598747,336.15387
58.618763,334.9655
58.63259,334.9655
58.652992,334.5625
58.66562,334.5625
58.68201,334.5625
58.701508,334.17462
58.71571,334.17462
58.734177,334.30432
58.748463,334.30432
58.768215,335.0
58.782898,335.0
58.798885,335.0
58.818497,336.58728
58.833275,336.58728
58.851208,336.30646
58.866608,336.30646
58.88195,336.30646
58.900852,333.82812
58.91455,333.82812
58.933212,334.38464
58.949615,334.38464
58.96723,333.48608
58.984474,333.48608
59.000153,333.48608
59.017498,333.45715
59.03421,333.45715
59.050022,333.73334
59.06631,333.73334
59.08177,333.73334
59.10066,334.46478
59.116753,334.46478
59.1362,333.48682
59.14905,333.48682
59.165585,333.62164
59.183376,333.62164
59.199745,333.62164
59.21737,330.23944
59.233444,330.23944
59.251522,330.65277
59.266968,330.65277
59.283646,331.20636
59.301693,331.20636
59.318905,331.20636
59.33441,330.68182
59.348267,330.68182
59.366096,331.30646
59.383354,331.30646
59.398277,331.30646
59.417267,331.73334
59.432266,331.73334
59.450512,331.9355
59.467487,331.9355
59.48405,331.51788
59.501575,331.51788
59.515545,331.51788
59.53725,331.9403
59.55042,331.9403
59.56665,331.8806
59.582848,331.8806
59.598976,331.8806
59.61981,333.08002
59.63238,333.08002
59.651024,332.24072
59.666454,332.24072
59.683243,332.24072
59.70015,333.18518
59.733124,333.5714
59.74641,333.5714
59.76039,333.5714
59.775894,331.82257
59.7927,331.82257
59.810093,333.64062
59.824375,333.64062
59.84083,333.64062
59.859043,333.89392
59.87431,333.89392
59.89221,333.18842
59.908424,333.18842
59.92472,333.4154
59.94352,333.4154
59.95714,333.4154
59.975224,332.92957
59.991497,332.92957
60.0,332.92957
