0.28,185.04108
0.29158002,185.04108
0.30948353,186.4375
0.3240468,185.85486
0.341797,185.85486
0.35752022,185.85486
0.3749828,186.59753
0.38963228,186.59753
0.41751012,190.05408
0.4269514,190.05408
0.4432788,190.05408
0.45963237,193.3205
0.47601014,193.3205
0.49475613,194.3977
0.50858325,194.3977
0.5258058,194.12823
0.543042,194.12823
0.5582649,194.12823
0.5778025,196.2174
0.59213877,196.2174
0.61404556,197.92957
0.627805,197.92957
0.64230573,197.92957
0.66144025,198.86884
0.6748621,198.86884
0.6940116,200.43286
0.708862,200.43286
0.72618264,203.51947
0.74343425,203.51947
0.7591079,203.51947
0.7790293,205.87805
0.79344726,205.87805
0.81010294,207.33331
0.82713366,207.33331
0.84205705,207.33331
0.86108756,209.75
0.87657785,209.75
0.894567,212.33331
0.91048217,212.33331
0.9313912,214.32184
0.94627666,214.32184
0.95942456,214.32184
0.9784007,215.60315
0.99340826,215.60315
1.0115943,218.52502
1.0259886,218.52502
1.0444052,219.22095
1.0618075,219.22095
1.0764228,219.22095
1.0963457,220.22125
1.1083747,220.22125
1.1256943,222.60162
1.1448536,222.60162
1.1584125,222.60162
1.1776251,223.69421
1.1924975,223.69421
1.2102884,225.30841
1.2252553,225.30841
1.2423743,225.30841
1.2607164,228.21277
1.275979,228.21277
1.2944736,229.80432
1.3106184,229.80432
1.327988,230.7168
1.3442532,230.7168
1.3594925,230.7168
1.3774021,233.44
1.3928041,233.44
1.4133897,233.86365
1.4254117,233.86365
1.4446219,233.79816
1.4617597,233.97437
1.4779764,233.97437
1.4966539,236.69318
1.5116985,236.69318
1.5311937,236.69318
1.5501301,237.76544
1.5605173,237.76544
1.5812403,237.32709
1.5928576,237.32709
1.6103953,238.79614
1.6268764,238.79614
1.6418953,238.79614
1.6602476,241.94897
1.6759245,241.94897
1.6946738,242.8866
1.709904,242.8866
1.7265966,244.51666
1.7440037,244.51666
1.7598646,244.51666
1.7782326,244.73505
1.7928414,244.73505
1.8122838,245.12964
1.8266008,245.12964
1.8421313,245.12964
1.8615631,246.646
1.8753738,246.646
1.8991361,247.24445
1.9106671,247.24445
1.9256988,248.24628
1.9449157,248.24628
1.9591897,248.24628
1.9780668,248.6308
1.9919755,248.6308
2.0094886,248.6308
2.0279307,249.11969
2.0435827,250.125
2.0598972,250.125
2.0757785,250.125
2.0940459,251.23334
2.1091306,251.23334
2.1259933,251.54462
2.145103,251.54462
2.159218,251.54462
2.179487,252.46326
2.1932168,252.46326
2.2116773,252.51147
2.2276337,252.51147
2.2421596,252.51147
2.261182,253.62329
2.2750683,253.62329
2.2938633,255.01031
2.3107572,255.01031
2.3256197,256.06482
2.3437455,256.06482
2.3595083,256.06482
2.377877,255.45691
2.3923655,255.45691
2.415037,255.45691
2.4269795,255.45691
2.4434953,255.45691
2.4616325,255.4361
2.4820666,255.4361
2.494953,256.886
2.5093849,256.886
2.530078,255.73999
2.5445123,255.73999
2.5614626,255.73999
2.578901,255.8111
2.5926538,255.8111
2.6101134,256.30096
2.627709,256.30096
2.6424518,256.30096
2.6599336,256.86914
2.6769938,256.86914
2.6949148,258.0833
2.7083826,258.0833
2.7258103,258.03882
2.7428498,258.03882
2.7601297,258.03882
2.778063,257.2453
2.7942564,257.2453
2.8107271,258.75824
2.8254611,258.75824
2.8435788,258.75824
2.8608956,257.0323
2.8760672,257.0323
2.8953843,256.9756
2.9099782,256.9756
2.9296207,258.10315
2.9452245,258.10315
2.9606013,258.10315
2.9788957,257.83783
2.991946,257.83783
3.0083344,257.6198
3.028135,257.6198
3.044098,258.3482
3.0609999,258.3482
3.0767357,258.3482
3.0952036,258.41174
3.1115031,258.41174
3.12766,258.6814
3.1460898,258.6814
3.1590784,258.6814
3.1784477,257.8197
3.1933715,257.8197
3.210284,257.45764
3.2260432,257.45764
3.2428863,257.45764
3.2609024,257.76416
3.275048,257.76416
3.2927647,257.9167
3.311037,257.9167
3.326107,256.2245
3.343033,256.2245
3.3587317,256.2245
3.3780012,257.69794
3.3931055,257.69794
3.4117558,258.2661
3.4256139,258.2661
3.4434848,258.2661
3.459844,257.96802
3.476678,257.96802
3.4944065,257.43225
3.5094686,257.43225
3.5272121,257.44446
3.5434055,257.44446
3.5600848,257.44446
3.5777535,256.28186
3.5933552,256.28186
3.6114488,255.82257
3.6256936,255.82257
3.6433554,255.82257
3.6615353,256.18182
3.676505,256.18182
3.69439,256.3109
3.7104106,256.3109
3.7268186,255.43677
3.7436533,255.43677
3.7591789,255.43677
3.7781527,255.23914
3.7931628,255.23914
3.8101814,255.93054
3.826269,255.93054
3.8420904,255.93054
3.8600554,255.94519
3.8760312,255.94519
3.8955646,255.3714
3.9106429,255.3714
3.929062,255.13446
3.9449377,255.13446
3.9589982,255.13446
3.976809,254.7846
3.9937358,254.7846
4.0114346,255.0921
4.027665,255.0921
4.0426397,255.0921
4.061529,254.8313
4.0776052,254.8313
4.0952444,255.01202
4.1094627,255.01202
4.126626,254.00952
4.1430516,254.00952
4.159731,254.00952
4.1767354,253.53766
4.193095,253.53766
4.2092967,254.06024
4.2261295,254.06024
4.241987,254.06024
4.260319,254.2716
4.2769556,254.2716
4.2960334,253.91919
4.310357,253.91919
4.3265805,252.2688
4.343223,252.2688
4.35997,252.2688
4.3767443,250.8421
4.3917627,250.8421
4.416044,251.34998
4.4269013,251.34998
4.443333,251.34998
4.460128,249.93634
4.4758925,249.93634
4.4943433,250.30206
4.5091786,250.30206
4.532554,250.08038
4.5436025,250.08038
4.5597157,250.08038
4.581045,250.13403
4.591975,250.13403
4.6095934,250.43823
4.6264076,250.43823
4.6476135,250.43823
4.662932,250.33685
4.6766977,250.33685
4.695644,249.17389
4.71023,249.17389
4.7297544,249.22656
4.7439537,249.22656
4.759725,249.22656
4.778383,246.56451
4.7929544,246.56451
4.8100295,246.38135
4.826387,246.38135
4.844917,246.38135
4.8614902,246.32
4.875844,246.32
4.8962812,246.47705
4.9101048,246.47705
4.9276285,246.16486
4.9462843,246.16486
4.959912,246.16486
4.979099,245.95349
4.993884,245.95349
5.0110154,246.56628
5.025527,246.56628
5.0427914,246.56628
5.0613184,244.69696
5.0765,244.69696
5.093313,243.8598
5.1099625,243.8598
5.127289,243.85938
5.145221,243.85938
5.1587133,243.85938
5.176785,243.54944
5.19329,243.54944
5.209891,243.70966
5.226031,243.70966
5.2474093,243.1391
5.2597084,243.1391
5.277821,243.1391
5.2946663,243.35864
5.3091354,243.35864
5.3265705,243.1391
5.343779,243.1391
5.359554,243.1391
5.3774834,242.56714
5.3946104,242.56714
5.4158773,241.40698
5.4262285,241.40698
5.4431357,241.40698
5.4602847,242.51282
5.4763384,242.51282
5.493394,242.47058
5.5106616,242.47058
5.527173,242.47058
5.543386,242.47058
5.5592833,242.47058
5.577335,242.46997
5.5932193,242.46997
5.6105995,243.26807
5.6262655,243.26807
5.643608,242.28088
5.6606283,242.28088
5.6768003,242.28088
5.6949477,241.60828
5.7090697,241.60828
5.725438,242.0625
5.745008,242.0625
5.7590065,242.0625
5.78337,242.03748
5.7933564,242.03748
5.8112264,241.61163
5.8276696,241.61163
5.8423295,241.61163
5.8619866,240.53491
5.8751354,240.53491
5.8962274,240.78949
5.909821,240.78949
5.931347,240.30646
5.946391,240.30646
5.959825,240.30646
5.97835,239.44946
5.992218,239.44946
6.0116677,238.95496
6.0255795,238.95496
6.0437565,238.49182
6.0615973,238.49182
6.0763946,238.49182
6.0950794,238.17896
6.1086397,238.17896
6.1261754,239.17859
6.1449785,239.17859
6.1596303,239.17859
6.177621,238.63751
6.192942,238.63751
6.2103596,239.39325
6.2263546,239.39325
6.242119,239.39325
6.2614536,239.27502
6.2753744,239.27502
6.294402,236.66669
6.3081822,236.66669
6.3252015,235.21552
6.3428035,235.21552
6.359735,235.21552
6.3771715,234.74487
6.392072,234.74487
6.4130483,233.82611
6.4263244,233.82611
6.443786,232.94958
6.4608855,232.94958
6.4750533,232.94958
6.4984193,231.44629
6.511695,231.44629
6.530045,230.09998
6.546283,230.09998
6.55881,230.09998
6.583203,230.08081
6.5926504,230.08081
6.6102366,225.89471
6.626461,225.89471
6.6418304,225.89471
6.6603017,226.98767
6.675427,226.98767
6.6952953,224.70709
6.7100043,224.70709
6.728956,224.19568
6.7438765,224.19568
6.759583,224.19568
6.777131,220.29034
6.791355,220.29034
6.8117294,219.69135
6.826551,219.69135
6.841936,219.69135
6.862018,218.56604
6.8756742,218.56604
6.8931384,215.53333
6.909296,215.53333
6.928317,214.98822
6.945097,214.98822
6.9597883,214.98822
6.978875,214.41669
6.9927006,214.41669
7.010122,210.41962
7.027285,210.41962
7.043999,207.17242
7.061739,207.17242
7.0763845,207.17242
7.095846,207.17242
7.109935,207.17242
7.1309037,203.94794
7.143373,203.94794
7.158589,203.94794
7.178033,200.29034
7.1926723,200.29034
7.214875,200.43835
7.225809,200.43835
7.2415395,200.43835
7.260492,200.69147
7.277096,200.69147
7.295405,198.34344
7.3100243,198.34344
7.3288927,197.5
7.3441315,197.5
7.3595304,197.5
7.3783474,196.55554
7.3941064,196.55554
7.4101887,194.4375
7.4264536,194.4375
7.4443126,193.18811
7.4610167,193.18811
7.4761567,193.18811
7.495853,193.6087
7.510698,193.6087
7.527716,193.05615
7.5439053,193.05615
7.560548,193.05615
7.578006,192.61444
7.592402,192.61444
7.612965,192.25
7.6265335,192.25
7.642208,192.25
7.6597934,189.51788
7.6766996,189.51788
7.696821,188.96228
7.7103577,188.96228
7.726891,187.66174
7.743771,187.66174
7.759945,187.66174
7.7771187,185.69232
7.794127,185.69232
7.811938,186.32141
7.82659,186.32141
7.8435245,185.94623
7.8614926,185.94623
7.876385,185.94623
7.89576,185.37115
7.908729,185.37115
7.9276133,186.09589
7.945067,186.09589
7.9608645,186.09589
7.979119,184.5119
7.9942846,184.5119
8.010769,184.8675
8.027814,184.8675
8.043202,183.10114
8.061903,183.10114
8.078002,183.10114
8.097928,182.5238
8.112268,182.5238
8.127346,181.84003
8.145297,181.84003
8.160389,181.84003
8.1786375,181.5393
8.193442,181.5393
8.210439,180.73566
8.227295,180.73566
8.241919,180.73566
8.261576,180.33765
8.275443,180.33765
8.29434,178.04706
8.30855,178.04706
8.32853,178.1889
8.344819,178.1889
8.35983,178.1889
8.377787,178.1325
8.39157,178.1325
8.41046,177.5
8.426264,177.5
8.443187,177.5534
8.460275,177.58093
8.476009,177.58093
8.494666,176.22333
8.508766,176.22333
8.527529,175.14813
8.542548,175.14813
8.559233,175.14813
8.577984,175.04688
8.593029,175.04688
8.6161175,175.48572
8.626239,175.48572
8.642964,172.77924
8.661014,172.77924
8.676884,172.77924
8.698522,170.5484
8.709969,170.5484
8.726219,171.29071
8.742911,171.29071
8.760337,171.29071
8.778971,171.97333
8.793094,171.97333
8.811641,172.46973
8.826862,172.46973
8.843445,170.28918
8.8642435,170.28918
8.876177,170.28918
8.895621,170.62024
8.910364,170.62024
8.927793,169.8421
8.947436,169.8421
8.959675,169.8421
8.977891,167.96106
8.991944,167.96106
9.01113,168.54413
9.026523,168.54413
9.042739,168.54413
9.05983,166.2857
9.076402,166.2857
9.095313,166.55359
9.109238,166.55359
9.126346,166.86438
9.143855,166.86438
9.158758,166.86438
9.178089,166.80304
9.192244,166.80304
9.211279,168.13696
9.226231,168.13696
9.243391,164.68353
9.260501,164.68353
9.275526,164.68353
9.294367,164.12903
9.310597,164.12903
9.325193,163.35419
9.344075,163.35419
9.359909,163.35419
9.378199,161.59698
9.392503,161.59698
9.409679,162.01471
9.426265,162.01471
9.443122,161.2273
9.459778,161.2273
9.47649,161.2273
9.4960165,158.49414
9.509766,158.49414
9.531582,158.32074
9.544086,158.32074
9.5607605,158.32074
9.577454,160.1579
9.5939865,160.1579
9.616158,161.42499
9.626104,161.42499
9.643664,158.44684
9.66165,158.44684
9.676242,158.44684
9.694729,160.12964
9.710554,160.12964
9.729829,160.0227
9.744182,160.0227
9.759123,160.0227
9.778637,160.08105
9.793268,160.08105
9.815806,157.24445
9.827466,157.24445
9.843562,156.38464
9.861697,156.38464
9.876977,156.38464
9.896455,155.26263
9.908422,155.26263
9.926908,154.48212
9.944507,154.48212
9.960028,154.48212
9.977798,155.57892
9.992806,155.57892
10.015279,155.72412
10.026251,155.72412
10.044297,155.9726
10.062715,155.9726
10.077431,155.9726
10.09522,156.70966
10.108341,156.70966
10.127069,153.84613
10.143446,153.84613
10.160738,153.84613
10.176489,153.38184
10.193304,153.38184
10.210753,153.5484
10.225847,153.5484
10.242755,153.5484
10.2597275,152.75
10.277353,152.75
10.294549,153.45715
10.308305,153.45715
10.325438,153.74194
10.3441515,153.74194
10.358916,153.74194
10.379047,153.30682
10.393167,153.30682
10.409855,154.5733
10.425977,154.5733
10.444752,150.5846
10.461589,150.5846
10.476204,150.5846
10.495465,151.82458
10.50934,151.82458
10.527894,151.05261
10.543598,151.05261
10.563083,151.05261
10.577746,150.32074
10.593847,150.32074
10.613522,152.42859
10.629701,152.42859
10.643636,152.52173
10.660448,152.52173
10.675627,152.52173
10.6990795,152.86487
10.709545,152.86487
10.728426,151.66156
10.744449,151.66156
10.759268,151.66156
10.777959,152.96667
10.792933,152.96667
10.813591,152.38708
10.826094,152.38708
10.843197,153.15942
10.861229,153.15942
10.875244,153.15942
10.894527,151.05359
10.909383,151.05359
10.929177,152.6875
10.944491,152.6875
10.959572,152.6875
10.979231,154.13208
10.993565,154.13208
11.01138,149.7143
11.026367,149.7143
11.042934,149.7143
11.060276,149.57574
11.077193,149.57574
11.094941,151.70422
11.110446,151.70422
11.127249,152.75
11.143938,152.75
11.158689,152.75
11.177617,152.04254
11.193177,152.04254
11.215189,151.3023
11.226943,151.3023
11.242953,151.3023
11.261314,153.25
11.277007,153.25
11.293655,153.26666
11.311098,153.26666
11.327571,150.45715
11.345835,150.45715
11.360814,150.45715
11.378018,147.75
11.3919735,147.75
11.4160385,150.82501
11.425658,150.82501
11.445613,152.53333
11.4608135,152.53333
11.476904,152.53333
11.494831,153.25
11.509647,153.25
11.528518,154.43396
11.543959,154.43396
11.55926,154.43396
11.577476,152.11108
11.592362,152.11108
11.614847,153.32355
11.626951,153.32355
11.643537,149.63794
11.661612,149.63794
11.675972,149.63794
11.69716,151.125
11.710489,151.125
11.730335,148.68628
11.744338,148.68628
11.760777,148.68628
11.779905,149.54053
11.793418,149.54053
11.813351,151.39685
11.826961,151.39685
11.845127,154.45453
11.861012,154.45453
11.877157,154.45453
11.897162,152.4259
11.911272,152.4259
11.928571,150.4259
11.946964,150.4259
11.960067,150.4259
11.97786,151.70001
11.992215,151.70001
12.01546,151.20752
12.026687,151.20752
12.043332,151.59259
12.0609255,151.59259
12.075456,151.59259
12.095518,152.4035
12.109411,152.4035
12.127818,151.63159
12.144161,151.63159
12.159228,151.63159
12.177873,153.11902
12.196073,153.11902
12.211984,152.93103
12.227052,152.93103
12.245313,152.8125
12.260463,152.8125
12.277328,152.8125
12.29401,153.75928
12.310279,153.75928
12.329436,154.25928
12.346047,154.25928
12.360694,154.25928
12.377591,161.30432
12.39502,161.30432
12.4114065,156.22223
12.427375,156.22223
12.44432,155.88678
12.460328,155.88678
12.475639,155.88678
12.494358,155.11902
12.50951,155.11902
12.528665,155.09613
12.544725,155.09613
12.559619,155.09613
12.577246,156.84784
12.59326,156.84784
12.61032,158.46155
12.626425,158.46155
12.6432905,162.3778
12.660955,162.3778
12.676528,162.3778
12.695108,163.33331
12.7109165,163.33331
12.728944,163.41998
12.742492,163.41998
12.7594,163.41998
12.7788105,160.39026
12.794358,160.39026
12.814583,163.18518
12.826721,163.18518
12.84522,163.30768
12.860368,163.30768
12.8759365,163.30768
12.896047,165.17072
12.908631,165.17072
12.928469,170.2121
12.943335,170.2121
12.959593,170.2121
12.978963,169.93256
12.99312,169.93256
13.011464,172.14941
13.025169,172.14941
13.043475,174.84375
13.06144,174.84375
13.077113,174.84375
13.095124,178.76788
13.109848,178.76788
13.133822,180.54639
13.145589,180.54639
13.161858,180.54639
13.177591,184.1695
13.204312,184.1695
13.2162075,187.79999
13.23,187.79999
13.245439,191.56665
13.262398,191.56665
13.279716,191.56665
13.301542,191.63495
13.313324,191.63495
13.330173,193.57446
13.344916,193.57446
13.362777,193.57446
13.381363,196.80432
13.39579,196.80432
13.414339,200.94739
13.429838,200.94739
13.44625,202.7315
13.463999,202.7315
13.479492,202.7315
13.496108,206.16248
13.511758,206.16248
13.531516,209.17645
13.545351,209.17645
13.564304,209.17645
13.581296,210.4433
13.597096,210.4433
13.615227,212.7528
13.629598,212.7528
13.647195,215.82953
13.664267,215.82953
13.681428,215.82953
13.69808,217.43835
13.714042,217.43835
13.731756,221.10785
13.74521,221.10785
13.764298,224.19836
13.780671,224.19836
13.796322,224.19836
13.814661,225.8476
13.828884,225.8476
13.8461685,229.67902
13.863219,229.67902
13.879331,229.67902
13.896326,229.88605
13.912888,229.88605
13.9326725,232.24243
13.946949,232.24243
13.968374,235.00891
13.981936,235.00891
13.996094,235.00891
14.015734,238.52557
14.029548,238.52557
14.046952,241.3269
14.063516,241.3269
14.078289,241.3269
14.097536,244.71051
14.111532,244.71051
14.129337,247.52588
14.145669,247.52588
14.161318,247.52588
14.180766,249.13635
14.195115,249.13635
14.213715,251.16095
14.229996,251.16095
14.245762,253.65588
14.264013,253.65588
14.278427,253.65588
14.30038,254.7547
14.313035,254.7547
14.329439,256.03125
14.345214,256.03125
14.362636,256.03125
14.37994,259.2807
14.395999,259.2807
14.414587,258.92047
14.428167,258.92047
14.447292,261.76666
14.463215,261.76666
14.480706,261.76666
14.497501,264.71997
14.512327,264.71997
14.532236,264.11957
14.54438,264.11957
14.562558,264.11957
14.581237,266.33765
14.595416,266.33765
14.6152935,267.0769
14.628582,267.0769
14.648736,267.00836
14.663957,267.00836
14.680534,267.00836
14.697765,268.8283
14.712696,268.8283
14.729909,267.77356
14.745724,267.77356
14.763385,267.77356
14.77978,268.2909
14.795729,268.2909
14.815096,269.86273
14.82841,269.86273
14.846309,272.2522
14.862636,272.2522
14.879298,272.2522
14.897607,275.10187
14.913228,275.10187
14.931434,276.94684
14.946849,276.94684
14.962966,276.94684
14.9811945,276.79382
14.995632,276.79382
15.013565,276.91895
15.029304,276.91895
15.046134,278.46954
15.0641365,278.46954
15.079379,278.46954
15.098425,278.72223
15.112843,278.72223
15.133173,279.3333
15.146652,279.3333
15.161605,279.3333
15.180161,280.19
15.19578,280.19
15.214707,280.09802
15.229813,280.09802
15.247661,280.52844
15.262409,280.52844
15.27951,280.52844
15.298138,281.01642
15.311424,281.01642
15.331405,280.01288
15.345257,280.01288
15.365688,280.98267
15.3797655,280.98267
15.396646,280.98267
15.413698,280.4148
15.429781,280.4148
15.447049,280.48438
15.465043,280.48438
15.478509,280.48438
15.49656,281.2406
15.513587,281.2406
15.531451,280.30145
15.5445,280.30145
15.561836,280.30145
15.581235,280.39832
15.596887,280.39832
15.615751,280.00867
15.630442,280.00867
15.645758,279.40198
15.663158,279.40198
15.679317,279.40198
15.697928,279.9914
15.712694,279.9914
15.7320795,278.60608
15.746769,278.60608
15.768163,279.30634
15.785962,279.30634
15.798043,279.30634
15.8154955,277.73193
15.832626,277.73193
15.846923,277.19128
15.864954,277.19128
15.8787,277.19128
15.898337,277.71667
15.913729,277.71667
15.93163,277.2124
15.945862,277.2124
15.962553,277.2124
15.980487,276.77893
15.995393,276.77893
16.013868,276.65656
16.030033,276.65656
16.049835,276.00952
16.064085,276.00952
16.078218,276.00952
16.097408,275.0874
16.113537,275.0874
16.130398,274.97894
16.14557,274.97894
16.16131,274.97894
16.180075,274.9048
16.19534,274.9048
16.218441,275.0645
16.230417,275.0645
16.249327,274.57306
16.263985,274.57306
16.280636,274.57306
16.298437,272.9579
16.313562,272.9579
16.330078,272.6739
16.346157,272.6739
16.365461,270.9651
16.381601,270.9651
16.396757,270.9651
16.414486,271.17706
16.43123,271.17706
16.451965,270.41815
16.468096,270.41815
16.480148,270.41815
16.49782,268.34692
16.512062,268.34692
16.531675,268.6579
16.544481,268.6579
16.56398,268.6579
16.579983,267.63727
16.595816,267.63727
16.614464,267.99194
16.63434,267.99194
16.647694,268.4167
16.662474,268.4167
16.679796,268.4167
16.698433,265.79663
16.71256,265.79663
16.730257,265.86365
16.745798,265.86365
16.764668,265.86365
16.781006,264.46667
16.798845,264.46667
16.814402,262.80487
16.830067,262.80487
16.847132,264.2118
16.863554,264.2118
16.87923,264.2118
16.897165,264.11395
16.912573,264.11395
16.93151,265.24097
16.945766,265.24097
16.961664,265.24097
16.981804,263.74023
16.995623,263.74023
17.014051,261.4466
17.029196,261.4466
17.046564,261.4466
17.063742,261.4466
17.080471,261.4466
17.098083,261.1667
17.113857,261.1667
17.131365,260.53845
17.146183,260.53845
17.162952,259.8421
17.180483,259.4037
17.19577,259.4037
17.212606,259.29895
17.229876,259.29895
17.246628,257.52502
17.264784,257.52502
17.28165,257.52502
17.29874,256.36536
17.312536,256.36536
17.331459,255.98059
17.34828,255.98059
17.36331,255.98059
17.38132,255.02472
17.396507,255.02472
17.414639,253.4878
17.42967,253.4878
17.446875,251.7207
17.463295,251.7207
17.479212,251.7207
17.498299,251.03363
17.511946,251.03363
17.531574,251.22986
17.545847,251.22986
17.56198,251.22986
17.581026,249.63
17.596163,249.63
17.615316,249.91754
17.628658,249.91754
17.646896,249.43054
17.663254,249.43054
17.678707,249.43054
17.698881,248.23376
17.712658,248.23376
17.731455,247.13696
17.746693,247.13696
17.763092,247.13696
17.781412,246.41272
17.795416,246.41272
17.81444,245.36047
17.828634,245.36047
17.84643,244.48938
17.863203,244.48938
17.878826,244.48938
17.898224,243.9383
17.913681,243.9383
17.933672,243.21051
17.945362,243.21051
17.963537,241.36438
17.979898,241.36438
17.995472,241.36438
18.015274,240.32709
18.029501,240.32709
18.046625,239.88788
18.06328,239.88788
18.0792,239.88788
18.099049,239.232
18.114168,239.232
18.13165,238.49414
18.146755,238.49414
18.164072,236.8493
18.181107,236.8493
18.195692,236.8493
18.21488,236.04877
18.229877,236.04877
18.246347,235.42859
18.264456,235.42859
18.278868,235.42859
18.299345,235.1795
18.312778,235.1795
18.33741,232.09613
18.349352,232.09613
18.365658,234.54547
18.380878,234.54547
18.39779,234.54547
18.414629,233.23334
18.429092,233.23334
18.446947,229.66669
18.463423,229.66669
18.479689,229.66669
18.498154,228.0
18.513515,228.0
18.535282,227.94806
18.545044,227.94806
18.56332,227.94806
18.58143,227.59998
18.59642,227.59998
18.61431,226.80768
18.62908,226.80768
18.645895,225.17499
18.66406,225.17499
18.679594,225.17499
18.698156,222.75714
18.712612,222.75714
18.730707,222.77191
18.74735,222.77191
18.763699,220.46295
18.780111,220.46295
18.796242,220.46295
18.814823,219.16327
18.828726,219.16327
18.846128,216.66302
18.863695,216.66302
18.879578,216.66302
18.898237,216.75952
18.911863,216.75952
18.932013,216.8158
18.947252,216.8158
18.962938,216.8158
18.980688,215.49298
18.995934,215.49298
19.015854,214.32892
19.028898,214.32892
19.046354,212.1023
19.064842,212.1023
19.079754,212.1023
19.098715,210.55768
19.112207,210.55768
19.129908,209.54944
19.146963,209.54944
19.18165,209.03448
19.19442,209.03448
19.208454,208.24176
19.2246,208.24176
19.24081,208.24176
19.25784,208.8772
19.273046,208.8772
19.291208,205.65881
19.306374,205.65881
19.323854,205.10376
19.341854,205.10376
19.356691,205.10376
19.377432,202.62067
19.39039,202.62067
19.408848,201.1828
19.423458,201.1828
19.440683,201.1828
19.458218,200.55292
19.473555,200.55292
19.495586,197.88605
19.507336,197.88605
19.522373,197.88605
19.54237,195.77216
19.55704,195.77216
19.57768,194.06018
19.591354,194.06018
19.612026,193.20966
19.623978,193.20966
19.64016,193.20966
19.65883,193.45544
19.67301,193.45544
19.690847,192.5263
19.707258,192.5263
19.725256,191.9425
19.742037,191.9425
19.756433,191.9425
19.77532,191.58441
19.788857,191.58441
19.80758,191.4516
19.82449,191.4516
19.840982,191.4516
19.857563,190.60254
19.872656,190.60254
19.890795,188.29999
19.906315,188.29999
19.9259,188.95386
19.940922,188.95386
19.956741,188.95386
19.976215,187.15997
19.990366,187.15997
20.007488,183.91461
20.023664,183.91461
20.040522,183.91461
20.058817,184.49426
20.073296,184.49426
20.09048,183.48041
20.107185,183.48041
20.129185,183.48041
20.14155,184.81354
20.155699,184.81354
20.176018,182.63635
20.189827,182.63635
20.207418,180.36249
20.223675,180.36249
20.240318,180.36249
20.25842,179.32355
20.273533,179.32355
20.291279,178.13849
20.306442,178.13849
20.323423,177.79663
20.34152,177.79663
20.356089,177.79663
20.374353,177.125
20.390038,177.125
20.41049,175.5965
20.424206,175.5965
20.43907,175.5965
20.458324,173.66302
20.473648,173.66302
20.492125,173.26318
20.507833,173.26318
20.523252,171.69135
20.54087,171.69135
20.556839,171.69135
20.574177,172.31866
20.590801,172.31866
20.607859,171.68805
20.624348,171.68805
20.640512,171.68805
20.660095,171.36261
20.673283,171.36261
20.690363,170.44446
20.70751,170.44446
20.723703,171.03528
20.74233,171.03528
20.75789,171.03528
20.77465,169.1449
20.791859,169.1449
20.809298,169.81354
20.824202,169.81354
20.84002,169.81354
20.85822,171.18365
20.873081,171.18365
20.891249,168.08539
20.909073,168.08539
20.928343,167.90002
20.941854,167.90002
20.957535,167.90002
20.976845,165.89288
20.989752,165.89288
21.00811,164.64178
21.02593,164.64178
21.039532,164.64178
21.058004,165.46771
21.072596,165.46771
21.09092,163.59998
21.106916,163.59998
21.124683,163.94202
21.141973,163.94202
21.157118,163.94202
21.175446,162.33844
21.190615,162.33844
21.206938,162.02899
21.22509,162.02899
21.239145,162.02899
21.258305,160.83673
21.274492,160.83673
21.291548,159.67188
21.307682,159.67188
21.32461,161.0769
21.341036,161.0769
21.356539,161.0769
21.374722,161.25928
21.389969,161.25928
21.406693,158.66669
21.425032,158.66669
21.44093,158.66669
21.459326,159.39532
21.473892,159.39532
21.49221,159.53247
21.507505,159.53247
21.523218,159.53247
21.541553,159.14703
21.556723,159.14703
21.575674,156.04169
21.58973,156.04169
21.606333,156.1795
21.624172,156.1795
21.639893,156.1795
21.659012,156.3778
21.673727,156.3778
21.697102,156.7586
21.707052,156.7586
21.72526,155.35632
21.74132,155.35632
21.756325,155.35632
21.77478,153.53845
21.79133,153.53845
21.807802,153.37335
21.82526,153.37335
21.83919,153.37335
21.858793,151.69843
21.873938,151.69843
21.891373,154.73334
21.90651,154.73334
21.926579,151.94641
21.941883,151.94641
21.957273,151.94641
21.974552,155.72583
21.989338,155.72583
22.008581,154.73212
22.023989,154.73212
22.040874,154.73212
22.05762,153.76788
22.073444,153.76788
22.090494,151.23639
22.10717,151.23639
22.124578,151.45453
22.140238,151.45453
22.157087,151.45453
22.17492,151.12
22.19081,151.12
22.207348,149.8421
22.22373,149.8421
22.249367,151.53748
22.260962,151.53748
22.276035,151.53748
22.29335,149.62024
22.308712,149.62024
22.325394,149.92981
22.342665,149.92981
22.358826,149.92981
22.376986,149.44775
22.391365,149.44775
22.408651,150.44617
22.424608,150.44617
22.442259,150.44617
22.464361,149.86884
22.474195,149.86884
22.49355,150.73468
22.508446,150.73468
22.525349,151.4737
22.54196,151.4737
22.558846,151.4737
22.578424,153.93335
22.591637,153.93335
22.612684,149.83582
22.6248,149.83582
22.64248,149.83582
22.65972,149.03448
22.675085,149.03448
22.693544,149.88403
22.708572,149.88403
22.725203,148.26416
22.742266,148.26416
22.758335,148.26416
22.77895,149.05554
22.791521,149.05554
22.81005,150.8772
22.824492,150.8772
22.840494,150.8772
22.859772,149.72308
22.874233,149.72308
22.891882,149.7193
22.909199,149.7193
22.92753,150.04547
22.942846,150.04547
22.958189,150.04547
22.976143,149.52112
22.991371,149.52112
23.009562,148.7143
23.024368,148.7143
23.042118,148.7143
23.057877,147.3125
23.075464,147.3125
23.092491,147.59088
23.10932,147.59088
23.12656,146.59698
23.143646,146.59698
23.160143,146.59698
23.178837,147.82812
23.19104,147.82812
23.20775,146.80951
23.22489,146.80951
23.240881,146.80951
23.2591,148.93024
23.27415,148.93024
23.292345,146.9184
23.307684,146.9184
23.32482,148.43182
23.343363,148.43182
23.357803,148.43182
23.375893,146.60974
23.390707,146.60974
23.408379,144.87756
23.425005,144.87756
23.441423,144.87756
23.45898,144.55316
23.474972,144.55316
23.49297,143.98822
23.508423,143.98822
23.52918,142.83331
23.542501,142.83331
23.55841,142.83331
23.57864,144.3291
23.592022,144.3291
23.608042,143.63892
23.626883,143.63892
23.641556,143.63892
23.660212,144.3269
23.674856,144.3269
23.694134,143.54688
23.70804,143.54688
23.727478,143.67444
23.743889,143.67444
23.759333,143.67444
23.77544,142.3778
23.791481,142.3778
23.812584,142.17072
23.825085,142.17072
23.841497,142.17072
23.86016,143.27026
23.875813,143.27026
23.893421,142.94446
23.91003,142.94446
23.925512,148.59375
23.944414,148.59375
23.959002,148.59375
23.975515,144.15686
23.990599,144.15686
24.00905,145.18
24.025126,145.18
24.041142,145.18
24.058945,145.67072
24.074783,145.67072
24.094894,147.64703
24.107344,147.64703
24.125122,146.23914
24.14143,146.23914
24.158573,146.23914
24.17649,146.59998
24.191502,146.59998
24.210175,147.28003
24.22489,147.28003
24.242426,147.28003
24.258701,147.10168
24.274475,147.10168
24.29155,149.65997
24.309414,149.65997
24.32467,147.51807
24.342161,147.51807
24.35762,147.51807
24.378887,147.99097
24.39099,147.99097
24.414639,149.45203
24.424809,149.45203
24.442045,149.45203
24.45887,150.58618
24.474892,150.58618
24.493,153.07141
24.508781,153.07141
24.524088,153.33899
24.542654,153.33899
24.557882,153.33899
24.578682,154.7627
24.592232,154.7627
24.615526,157.6712
24.62511,157.6712
24.640461,157.6712
24.66066,158.5357
24.674341,158.5357
24.692646,159.81079
24.70751,159.81079
24.72522,162.09088
24.742188,162.09088
24.758371,162.09088
24.776915,162.83075
24.792307,162.83075
24.807844,164.88464
24.825743,164.88464
24.842178,164.88464
24.859621,170.42499
24.874907,170.42499
24.895802,170.32837
24.907862,170.32837
24.927567,173.93335
24.943787,173.93335
24.956984,173.93335
24.97634,177.94342
24.99078,177.94342
25.007233,180.29633
25.02471,180.29633
25.043047,180.29633
25.059772,184.84747
25.074102,184.84747
25.092525,191.54999
25.10741,191.54999
25.124905,193.77051
25.14153,193.77051
25.157442,193.77051
25.17643,199.27869
25.190699,199.27869
25.209286,200.375
25.226143,200.375
25.24296,200.375
25.259462,203.21503
25.274952,203.21503
25.294231,206.60242
25.308493,206.60242
25.325447,207.32654
25.342176,207.32654
25.358294,207.32654
25.376175,210.4107
25.39178,210.4107
25.40933,212.32477
25.424843,212.32477
25.441946,212.32477
25.459393,214.5534
25.475271,214.5534
25.493444,217.84705
25.508005,217.84705
25.525328,221.11237
25.542597,221.11237
25.558836,221.11237
25.576311,223.64368
25.593138,223.64368
25.609423,226.87933
25.62553,226.87933
25.642342,226.87933
25.659065,228.72528
25.674366,228.72528
25.693714,230.7077
25.70838,230.7077
25.724844,232.11108
25.742851,232.11108
25.759178,232.11108
25.782276,233.43335
25.792624,233.43335
25.813639,233.05554
25.825842,233.05554
25.841257,233.05554
25.859951,234.56567
25.874996,234.56567
25.893942,235.65576
25.907919,235.65576
25.926924,238.29291
25.942476,238.29291
25.958708,238.29291
25.977781,240.9259
25.991364,240.9259
26.009438,243.85187
26.025969,243.85187
26.041283,243.85187
26.059828,245.87207
26.074047,245.87207
26.093288,249.54547
26.107948,249.54547
26.124834,252.37665
26.1418,252.37665
26.158474,252.37665
26.175941,254.71051
26.19227,254.71051
26.209892,256.0
26.223673,256.0
26.241497,256.0
26.259966,257.48853
26.27564,257.48853
26.292564,257.97015
26.309488,257.97015
26.326075,261.4828
26.342272,261.4828
26.357893,261.4828
26.3761,259.17047
26.3908,259.17047
26.41004,261.13513
26.425545,261.13513
26.441597,261.13513
26.458895,263.2771
26.474018,263.2771
26.493925,265.13684
26.50918,265.13684
26.525497,267.6988
26.543543,267.6988
26.558622,267.6988
26.577288,270.78314
26.592531,270.78314
26.60992,272.56757
26.625137,272.56757
26.642206,272.56757
26.66102,275.0238
26.67453,275.0238
26.697449,275.12372
26.709322,275.12372
26.729181,275.15533
26.743078,275.15533
26.758692,275.15533
26.78191,277.35162
26.791525,277.35162
26.810352,276.5
26.82485,276.5
26.84153,276.5
26.859194,275.7129
26.873802,275.7129
26.89331,275.30554
26.909323,275.30554
26.929577,275.0526
26.942875,275.0526
26.958918,275.0526
26.978178,274.8899
26.993378,274.8899
27.00829,273.18604
27.025557,273.18604
27.042162,273.18604
27.060232,272.83063
27.075312,272.83063
27.092596,273.04193
27.107424,273.04193
27.125053,272.38806
27.14344,272.38806
27.157701,272.38806
27.177076,272.46313
27.190716,272.46313
27.209612,273.1604
27.226162,273.1604
27.24231,273.1604
27.25983,272.24548
27.273827,272.24548
27.292084,272.56097
27.30845,272.56097
27.325377,272.17206
27.341412,272.17206
27.358,272.17206
27.376934,272.17206
27.39208,272.17206
27.410625,271.4674
27.424927,271.4674
27.441944,271.4674
27.459602,271.6068
27.475266,271.6068
27.493532,271.42572
27.509363,271.42572
27.525883,270.64514
27.541618,270.64514
27.557913,270.64514
27.578585,269.0196
27.593084,269.0196
27.608868,267.05597
27.632635,267.05597
27.642153,267.05597
27.658375,267.63043
27.673435,267.63043
27.691639,267.04443
27.708878,267.04443
27.722855,267.04443
27.741396,265.76117
27.757391,265.76117
27.778969,265.63715
27.79149,265.63715
27.807968,264.07953
27.824194,264.07953
27.841202,264.07953
27.85775,265.0274
27.87451,265.0274
27.890575,265.5929
27.907335,265.5929
27.926268,264.52002
27.940489,264.52002
27.956408,264.52002
27.974768,264.4308
27.98976,264.4308
28.007648,263.74628
28.024477,263.74628
28.039717,263.74628
28.058786,263.41138
28.074741,263.41138
28.091658,263.40833
28.107553,263.40833
28.125168,262.73212
28.141953,262.73212
28.158583,262.73212
28.175432,262.53333
28.190737,262.53333
28.210342,262.4151
28.22374,262.4151
28.2401,262.4151
28.258512,262.96118
28.27388,262.96118
28.291077,262.53894
28.307856,262.53894
28.323782,262.1513
28.342018,262.1513
28.358181,262.1513
28.375189,260.7752
28.389992,260.7752
28.407873,260.77686
28.424253,260.77686
28.439991,260.77686
28.45798,258.8051
28.473242,258.8051
28.491886,257.81982
28.508005,257.81982
28.523714,257.20654
28.542105,257.20654
28.556618,257.20654
28.575863,257.6322
28.591534,257.6322
28.608604,255.80554
28.6247,255.80554
28.64079,255.80554
28.658207,255.88892
28.673754,255.88892
28.691824,255.54901
28.707016,255.54901
28.723852,254.25275
28.74249,254.25275
28.757204,254.25275
28.774353,254.9068
28.793974,254.9068
28.809069,253.4953
28.822973,253.4953
28.840698,253.4953
28.858267,253.39642
28.87302,253.39642
28.891403,254.30206
28.907495,254.30206
28.925556,252.41815
28.942469,252.41815
28.958254,252.41815
28.975431,251.96973
28.991392,251.96973
29.008146,252.33331
29.023973,252.33331
29.040424,252.33331
29.057476,251.46838
29.07473,251.46838
29.09137,251.15582
29.107267,251.15582
29.124367,251.33331
29.141153,251.33331
29.157406,251.33331
29.17533,250.32977
29.191101,250.32977
29.211845,250.47058
29.223305,250.47058
29.240767,250.47058
29.258293,249.41998
29.274155,249.41998
29.29162,250.46991
29.307898,250.46991
29.32383,249.2981
29.341425,249.2981
29.357252,249.2981
29.374767,249.10187
29.391085,249.10187
29.41243,249.08258
29.424572,249.08258
29.44201,249.08258
29.45939,249.15533
29.47468,249.15533
29.49135,248.98767
29.510925,248.98767
29.524422,248.96997
29.540947,248.96997
29.557558,248.96997
29.575447,250.03882
29.590405,250.03882
29.612638,249.51544
29.622578,249.51544
29.63958,249.51544
29.658745,251.8977
29.673424,251.8977
29.69584,250.57294
29.707314,250.57294
29.724554,249.89154
29.741127,249.89154
29.756628,249.89154
29.775833,249.28711
29.791426,249.28711
29.806623,249.9425
29.824778,249.9425
29.841396,249.9425
29.857754,249.61957
29.87356,249.61957
29.891811,247.97113
29.906538,247.97113
29.924458,248.0982
29.94069,248.0982
29.957706,248.0982
29.974596,248.18445
29.98996,248.18445
30.008732,247.81372
30.02487,247.81372
30.04096,247.81372
30.05817,248.7619
30.073006,248.7619
30.091726,248.36365
30.110033,248.36365
30.125011,247.28424
30.141747,247.28424
30.158024,247.28424
30.175804,246.49426
30.189571,246.49426
30.210596,245.89899
30.224718,245.89899
30.239649,245.89899
30.258186,246.72803
30.273058,246.72803
30.290575,244.79266
30.306658,244.79266
30.323774,244.73608
30.340267,244.73608
30.357676,244.73608
30.375805,243.88464
30.390009,243.88464
30.408043,241.12622
30.422894,241.12622
30.440596,241.12622
30.4592,241.18097
30.474033,241.18097
30.49435,239.85059
30.507477,239.85059
30.524197,238.84283
30.543173,238.84283
30.557169,238.84283
30.575214,237.12
30.590506,237.12
30.607244,234.4945
30.624357,234.4945
30.64016,234.4945
30.659327,233.97961
30.674187,233.97961
30.691025,232.0
30.707693,232.0
30.723822,230.59045
30.741802,230.59045
30.75673,230.59045
30.77755,228.82501
30.791096,228.82501
30.808588,227.94617
30.824306,227.94617
30.84076,227.94617
30.857609,226.93475
30.873476,226.93475
30.892576,226.53009
30.90787,226.53009
30.927134,225.0
30.941912,225.0
30.95741,225.0
30.976057,223.19446
30.991009,223.19446
31.007753,221.4079
31.02472,221.4079
31.039589,221.4079
31.0588,219.88098
31.073513,219.88098
31.094322,218.65851
31.106737,218.65851
31.125423,215.19482
31.141434,215.19482
31.156538,215.19482
31.176712,213.61536
31.19048,213.61536
31.20769,212.85107
31.223993,212.85107
31.239956,212.85107
31.258642,211.17743
31.273544,211.17743
31.291813,209.06543
31.306988,209.06543
31.32383,205.46075
31.340216,205.46075
31.358181,205.46075
31.375656,203.60205
31.390465,203.60205
31.41233,200.40424
31.424358,200.40424
31.4415,200.40424
31.457527,199.61469
31.473324,199.61469
31.491179,198.90814
31.506464,198.90814
31.52429,197.18604
31.541315,197.18604
31.558035,197.18604
31.575218,195.04034
31.59041,195.04034
31.609394,193.98505
31.623508,193.98505
31.639742,193.98505
31.658226,193.21979
31.673424,193.21979
31.695786,192.04999
31.707907,192.04999
31.724686,190.72858
31.74103,190.72858
31.75724,190.72858
31.774015,189.79364
31.79333,189.79364
31.812763,187.60712
31.824316,187.60712
31.840527,187.60712
31.858711,186.57532
31.875074,186.57532
31.894503,185.5625
31.908075,185.5625
31.923517,184.38776
31.942734,184.38776
31.957499,184.38776
31.975813,183.07892
31.989801,183.07892
32.00809,182.37708
32.02358,182.37708
32.039864,182.37708
32.05731,180.30432
32.07397,180.30432
32.09066,178.75311
32.10705,178.75311
32.123466,177.4953
32.141582,177.4953
32.15805,177.4953
32.175987,176.53766
32.190266,176.53766
32.215862,174.17242
32.225426,174.17242
32.24098,174.17242
32.258865,173.92645
32.275192,173.92645
32.291813,173.1087
32.307705,173.1087
32.323967,171.63892
32.340538,171.63892
32.35793,171.63892
32.375942,170.46667
32.39053,170.46667
32.411205,170.5
32.424698,170.5
32.439835,170.5
32.460052,167.50745
32.472763,167.50745
32.49079,166.91937
32.507168,166.91937
32.524822,165.61841
32.54157,165.61841
32.558212,165.61841
32.5789,164.88635
32.59081,164.88635
32.61074,164.08331
32.624493,164.08331
32.641254,164.08331
32.65887,165.10608
32.67426,165.10608
32.692398,163.02667
32.70766,163.02667
32.724277,165.0
32.7407,165.0
32.755943,165.0
32.77679,161.9859
32.791317,161.9859
32.808147,162.40741
32.823772,162.40741
32.839855,162.40741
32.8579,160.0
32.874496,160.0
32.893333,157.07141
32.90667,157.07141
32.926426,160.19318
32.943954,160.19318
32.956726,160.19318
32.976517,159.41113
32.991394,159.41113
33.00766,158.375
33.023727,158.375
33.041542,158.375
33.05871,157.89392
33.07435,157.89392
33.09262,155.0185
33.10825,155.0185
33.126152,155.87177
33.142624,155.87177
33.158157,155.87177
33.17603,151.70966
33.190716,151.70966
33.207745,153.5
33.224518,153.5
33.24139,153.5
33.25835,151.3158
33.273575,151.3158
33.29231,152.15387
33.307415,152.15387
33.323994,150.0
33.34116,150.0
33.357983,150.0
33.374626,150.39392
33.389378,150.39392
33.407284,150.33331
33.42386,150.33331
33.43925,150.33331
33.45951,148.2826
33.474518,148.2826
33.491222,145.25
33.506115,145.25
33.526775,146.79663
33.541904,146.79663
33.558105,146.79663
33.57591,147.56366
33.5905,147.56366
33.608704,144.98248
33.623882,144.98248
33.64049,144.98248
33.658165,146.48334
33.674355,146.48334
33.69267,144.81427
33.70821,144.81427
33.72377,144.45099
33.740826,144.45099
33.75726,144.45099
33.77874,144.5849
33.791523,144.5849
33.812004,142.8125
33.824787,142.8125
33.840706,142.8125
33.858364,142.33331
33.873764,142.33331
33.891785,141.69446
33.906635,141.69446
33.92535,140.88135
33.94326,140.88135
33.95717,140.88135
33.975822,143.26318
33.98964,143.26318
34.009026,143.40302
34.023083,143.40302
34.040894,143.40302
34.057804,142.7763
34.075043,142.7763
34.093075,140.63794
34.107357,140.63794
34.123295,141.49255
34.14214,141.49255
34.158226,141.49255
34.174477,141.54932
34.189396,141.54932
34.208317,141.35938
34.223564,141.35938
34.24045,141.35938
34.258415,141.95917
34.27361,141.95917
34.29266,142.65454
34.307335,142.65454
34.323635,143.65997
34.34167,143.65997
34.356777,143.65997
34.37554,139.67499
34.390408,139.67499
34.409065,141.0857
34.424194,141.0857
34.439873,141.0857
34.459003,138.0755
34.473904,138.0755
34.491886,141.13635
34.508125,141.13635
34.525,137.64178
34.54141,137.64178
34.558327,137.64178
34.575077,139.35419
34.590046,139.35419
34.612404,138.03027
34.62375,138.03027
34.641045,138.03027
34.658813,136.5263
34.673218,136.5263
34.69225,134.55316
34.70732,134.55316
34.726395,134.80951
34.74217,134.80951
34.75686,134.80951
34.775875,134.36841
34.790382,134.36841
34.812435,135.75
34.82425,135.75
34.84021,135.75
34.858253,135.31818
34.874855,135.31818
34.89249,137.5
34.9072,137.5
34.92699,137.5
34.944195,135.06122
34.959335,135.06122
34.974987,135.31818
34.99179,135.31818
35.008663,133.6977
35.024826,133.6977
35.040806,133.6977
35.05798,136.73334
35.073593,136.73334
35.091484,137.0227
35.10682,137.0227
35.12503,137.1795
35.14053,137.1795
35.157326,137.1795
35.175503,139.11536
35.19017,139.11536
35.208874,140.40002
35.22422,140.40002
35.240395,140.40002
35.257465,134.15912
35.274467,134.15912
35.29241,138.5238
35.306377,138.5238
35.323883,134.13794
35.34162,134.13794
35.35734,134.13794
35.375294,135.76923
35.390743,135.76923
35.40782,134.63043
35.424473,134.63043
35.441257,134.63043
35.45824,135.13562
35.473537,135.13562
35.492855,132.98248
35.50825,132.98248
35.52444,133.8421
35.540707,133.8421
35.557526,133.8421
35.574833,133.20618
35.590134,133.20618
35.61198,134.63635
35.626755,134.63635
35.64015,134.63635
35.658806,135.84375
35.675385,135.84375
35.69141,133.14752
35.70751,133.14752
35.72478,134.96075
35.741413,134.96075
35.757378,134.96075
35.77575,133.44641
35.78994,133.44641
35.812023,134.79309
35.825317,134.79309
35.84091,134.79309
35.85751,136.25
35.87451,136.25
35.894714,134.79102
35.90842,134.79102
35.92442,136.38232
35.9443,136.38232
35.958332,136.38232
35.975414,135.32788
35.9907,135.32788
36.010525,136.51788
36.024998,136.51788
36.041573,136.51788
36.05772,137.31946
36.074684,137.31946
36.091682,137.58826
36.107166,137.58826
36.123966,136.46155
36.142143,136.46155
36.158085,136.46155
36.174625,137.02081
36.19171,137.02081
36.208454,136.70587
36.223812,136.70587
36.240772,136.70587
36.25788,136.51611
36.27395,136.51611
36.29164,135.7857
36.306858,135.7857
36.32459,138.9231
36.341473,138.9231
36.357437,138.9231
36.37554,138.80432
36.39043,138.80432
36.41229,140.33868
36.423862,140.33868
36.44035,140.33868
36.459,140.01587
36.473896,140.01587
36.492798,140.0
36.507935,140.0
36.524925,140.73334
36.541565,140.73334
36.556763,140.73334
36.574795,141.36902
36.59068,141.36902
36.608784,142.85529
36.62467,142.85529
36.63946,142.85529
36.658604,143.0
36.67354,143.0
36.693504,143.3913
36.707607,143.3913
36.724228,144.76392
36.742287,144.76392
36.75901,144.76392
36.775,145.24243
36.790073,145.24243
36.808,147.24072
36.824043,147.24072
36.841743,147.24072
36.857452,148.69336
36.873474,148.69336
36.892693,150.49274
36.907265,150.49274
36.925053,157.2857
36.941746,157.2857
36.958553,157.2857
36.976654,156.15625
36.990685,156.15625
37.00872,162.37933
37.024826,162.37933
37.039734,162.37933
37.05923,163.35486
37.07425,163.35486
37.092834,160.91113
37.108925,160.91113
37.12518,163.60938
37.14121,163.60938
37.156555,163.60938
37.17578,164.17389
37.190975,164.17389
37.209835,167.5625
37.224808,167.5625
37.240646,167.5625
37.25735,169.89551
37.273743,169.89551
37.29259,171.94641
37.306404,171.94641
37.324448,172.81134
37.341984,172.81134
37.357166,172.81134
37.376587,176.82
37.391113,176.82
37.407986,174.91138
37.424324,174.91138
37.441257,174.91138
37.45737,178.11536
37.473225,178.11536
37.49203,179.88403
37.508213,179.88403
37.525837,180.55072
37.540855,180.55072
37.55742,180.55072
37.575287,184.53088
37.591072,184.53088
37.608814,185.95123
37.62404,185.95123
37.64021,185.95123
37.65879,188.69623
37.673847,188.69623
37.69583,190.86456
37.707703,190.86456
37.725967,193.61664
37.74192,193.61664
37.7577,193.61664
37.775738,195.06665
37.791126,195.06665
37.80828,197.92755
37.824226,197.92755
37.84121,197.92755
37.85885,199.36707
37.87514,199.36707
37.892395,198.85712
37.91018,198.85712
37.92541,203.30591
37.94214,203.30591
37.958256,203.30591
37.97641,204.7193
37.991447,204.7193
38.009174,207.72882
38.024105,207.72882
38.040367,207.72882
38.058453,209.59521
38.07322,209.59521
38.092323,210.31958
38.10903,210.31958
38.125446,210.67706
38.142406,210.67706
38.159306,210.67706
38.17496,213.30377
38.19124,213.30377
38.208134,213.61224
38.224537,213.61224
38.24171,213.61224
38.259636,214.63855
38.273716,214.63855
38.296417,217.10974
38.307938,217.10974
38.32474,217.16669
38.340996,217.16669
38.357258,217.16669
38.376507,218.36633
38.390495,218.36633
38.40898,218.19568
38.424744,218.19568
38.441204,218.19568
38.45909,220.5326
38.473373,220.5326
38.491535,221.1778
38.506535,221.1778
38.52448,223.72412
38.542362,223.72412
38.557434,223.72412
38.57464,224.35486
38.590588,224.35486
38.60935,226.26666
38.62367,226.26666
38.641075,226.26666
38.65879,228.2771
38.67394,228.2771
38.691795,228.83545
38.70789,228.83545
38.72403,230.53534
38.742928,230.53534
38.7571,230.53534
38.780186,231.7215
38.79115,231.7215
38.812637,233.82812
38.823868,233.82812
38.842403,233.82812
38.858303,233.62024
38.87385,233.62024
38.891968,235.0
38.906868,235.0
38.925102,236.80304
38.942333,236.80304
38.957703,236.80304
38.976566,237.01447
38.992004,237.01447
39.00679,239.32184
39.025578,239.32184
39.04146,239.32184
39.058838,239.05884
39.074398,239.05884
39.092834,240.64581
39.108185,240.64581
39.125576,242.15051
39.14182,242.15051
39.15792,242.15051
39.175793,241.57849
39.190678,241.57849
39.212368,241.57849
39.22405,241.57849
39.24277,241.57849
39.259632,241.45795
39.27482,241.45795
39.292072,241.92224
39.308224,241.92224
39.328278,241.82477
39.34216,241.82477
39.358383,241.82477
39.376476,242.2558
39.39429,242.2558
39.413597,241.6706
39.42729,241.6706
39.44506,242.84808
39.46158,242.84808
39.475285,242.84808
39.493095,242.83563
39.50762,242.83563
39.526405,242.23999
39.542393,242.23999
39.558994,242.23999
39.575485,242.08246
39.591217,242.08246
39.612175,243.54218
39.62524,243.54218
39.644115,242.98059
39.659416,242.98059
39.674072,242.98059
39.694405,243.0404
39.70808,243.0404
39.72686,242.29413
39.74192,242.29413
39.758617,242.29413
39.78033,242.71997
39.79204,242.71997
39.811115,240.53522
39.82497,240.53522
39.841824,240.53522
39.86011,240.2464
39.87458,240.2464
39.89265,239.79169
39.910355,239.79169
39.9284,239.86456
39.944416,239.86456
39.9589,239.86456
39.97734,242.13892
39.992325,242.13892
40.01244,241.25
40.025257,241.25
40.04117,241.25
40.06219,241.47559
40.07517,241.47559
40.092083,239.16278
40.108505,239.16278
40.12517,238.48914
40.141754,238.48914
40.157696,238.48914
40.176163,238.27777
40.190666,238.27777
40.210163,236.7439
40.223637,236.7439
40.24154,236.7439
40.258316,236.63098
40.275642,236.63098
40.29188,238.29999
40.307564,238.29999
40.325134,238.31708
40.341805,238.31708
40.35788,238.31708
40.37597,236.79071
40.391396,236.79071
40.409367,236.32391
40.42367,236.32391
40.44078,236.32391
40.459805,236.48517
40.474358,236.48517
40.491646,235.97894
40.5068,235.97894
40.524986,234.92792
40.541725,234.92792
40.557476,234.92792
40.576313,235.32074
40.590508,235.32074
40.608746,233.72815
40.623817,233.72815
40.641064,233.72815
40.659058,234.30768
40.675423,234.30768
40.691807,233.25
40.707542,233.25
40.724083,232.39081
40.742252,232.39081
40.758114,232.39081
40.780117,233.50433
40.789986,233.50433
40.808006,234.43213
40.824757,234.43213
40.841316,234.43213
40.859447,232.46155
40.87368,232.46155
40.896896,232.21918
40.907604,232.21918
40.925728,231.86365
40.94273,231.86365
40.95656,231.86365
40.976746,230.76624
40.99071,230.76624
41.007347,230.12659
41.02477,230.12659
41.041866,230.12659
41.059845,230.20001
41.073627,230.20001
41.091877,229.98956
41.107475,229.98956
41.12487,229.41907
41.142754,229.41907
41.157433,229.41907
41.17711,229.37347
41.19157,229.37347
41.209225,229.73077
41.225296,229.73077
41.240147,229.73077
41.260117,228.92792
41.27414,228.92792
41.293503,229.7976
41.308537,229.7976
41.323853,228.11395
41.341717,228.11395
41.357006,228.11395
41.37595,227.92108
41.391117,227.92108
41.40867,226.90912
41.425262,226.90912
41.44111,226.90912
41.45889,224.10962
41.47548,224.10962
41.492905,224.2973
41.50707,224.2973
41.5254,223.53162
41.542713,223.53162
41.558685,223.53162
41.575867,224.07141
41.590805,224.07141
41.607494,224.07141
41.62493,224.07141
41.642,224.07141
41.658665,221.78888
41.67464,221.78888
41.692364,222.21179
41.707558,222.21179
41.724102,219.01562
41.742477,219.01562
41.75846,219.01562
41.77507,219.49274
41.791756,219.49274
41.80905,220.8125
41.825127,220.8125
41.841335,220.8125
41.85789,221.14288
41.874866,221.14288
41.89279,219.89581
41.90789,219.89581
41.92527,219.01868
41.941776,219.01868
41.956947,219.01868
41.976456,219.53467
41.990856,219.53467
42.007988,219.7041
42.025158,219.7041
42.04015,219.7041
42.05851,217.74646
42.07304,217.74646
42.092316,217.39697
42.10699,217.39697
42.127678,216.66669
42.142162,216.66669
42.15738,216.66669
42.17688,216.24323
42.19056,216.24323
42.20893,214.5299
42.22585,214.5299
42.2412,214.5299
42.25911,213.5
42.275352,213.5
42.291832,215.23077
42.308414,215.23077
42.324818,212.7453
42.342865,212.7453
42.3577,212.7453
42.37625,212.27417
42.392193,212.27417
42.40944,210.37933
42.42601,210.37933
42.44126,210.37933
42.459354,208.92499
42.47453,208.92499
42.49107,208.13159
42.50705,208.13159
42.524487,206.84692
42.541016,206.84692
42.558647,206.84692
42.576584,205.95496
42.59121,205.95496
42.60883,205.10846
42.625435,205.10846
42.640938,205.10846
42.6603,203.55292
42.673954,203.55292
42.693,202.4458
42.70682,202.4458
42.726406,201.49335
42.741783,201.49335
42.758133,201.49335
42.780495,199.75
42.791378,199.75
42.809,199.28918
42.82393,199.28918
42.84139,199.28918
42.858776,198.13232
42.874226,198.13232
42.89389,196.27368
42.90689,196.27368
42.927574,193.0
42.94235,193.0
42.957005,193.0
42.97599,192.03613
42.990704,192.03613
43.010212,194.07355
43.024384,194.07355
43.03989,194.07355
43.059494,191.78876
43.07366,191.78876
43.093094,188.64368
43.108578,188.64368
43.12516,188.11957
43.143177,188.11957
43.157898,188.11957
43.178185,184.58618
43.191425,184.58618
43.207848,183.69446
43.22443,183.69446
43.240482,183.69446
43.258427,183.55554
43.27499,183.55554
43.293182,180.36261
43.30782,180.36261
43.325012,180.36469
43.34175,180.36469
43.357887,180.36469
43.376026,178.51166
43.391678,178.51166
43.409935,176.64209
43.425747,176.64209
43.439857,176.64209
43.46255,176.97644
43.474373,176.97644
43.490692,174.71832
43.50721,174.71832
43.527534,174.71832
43.54393,173.44739
43.558548,173.44739
43.576424,172.79047
43.591022,172.79047
43.6089,171.57141
43.625435,171.57141
43.640846,171.57141
43.658524,171.70001
43.674576,171.70001
43.69323,171.45361
43.707245,171.45361
43.725883,171.3457
43.743294,171.3457
43.757774,171.3457
43.775734,169.67212
43.791557,169.67212
43.809116,169.13336
43.82499,169.13336
43.842205,169.13336
43.858585,167.11664
43.87483,167.11664
43.893215,169.09802
43.908653,169.09802
43.927116,169.39215
43.9428,169.39215
43.959564,169.39215
43.97724,169.16437
43.992416,169.16437
44.009594,169.17047
44.023624,169.17047
44.041534,169.17047
44.059223,169.60345
44.07531,169.60345
44.09275,167.5
44.10878,167.5
44.12385,164.06451
44.1426,164.06451
44.158638,164.06451
44.17803,164.37256
44.192295,164.37256
44.209606,166.0658
44.22521,166.0658
44.245026,165.53088
44.25976,165.53088
44.273716,165.53088
44.294746,163.37897
44.307823,163.37897
44.325058,163.08234
44.34187,163.08234
44.357983,163.08234
44.374863,164.21979
44.39223,164.21979
44.40903,162.5238
44.424156,162.5238
44.441025,162.5238
44.459824,163.16132
44.47568,163.16132
44.493076,163.16132
44.50694,163.16132
44.524445,162.60657
44.541706,162.60657
44.557804,162.60657
44.57602,160.5
44.591686,160.5
44.609818,160.64703
44.624054,160.64703
44.642193,160.64703
44.658733,160.45715
44.673813,160.45715
44.692463,159.7619
44.70772,159.7619
44.728764,158.39606
44.74283,158.39606
44.758617,158.39606
44.779514,159.0
44.790665,159.0
44.80954,158.79749
44.82563,158.79749
44.8405,158.79749
44.85912,159.72058
44.87426,159.72058
44.892338,158.01587
44.908527,158.01587
44.925617,155.69232
44.942284,155.69232
44.95804,155.69232
44.97634,155.93652
44.99081,155.93652
45.008507,154.9259
45.025906,154.9259
45.042458,154.9259
45.059242,155.0476
45.07487,155.0476
45.093235,153.11902
45.10863,153.11902
45.125175,155.73077
45.14291,155.73077
45.158478,155.73077
45.17734,155.68628
45.191395,155.68628
45.21265,154.44263
45.2255,154.44263
45.2422,154.44263
45.259937,156.17072
45.274746,156.17072
45.294125,158.84998
45.30916,158.84998
45.327553,155.63159
45.342567,155.63159
45.35833,155.63159
45.379047,154.34375
45.392338,154.34375
45.41171,152.89093
45.425613,152.89093
45.441525,152.89093
45.458843,155.76593
45.474228,155.76593
45.494495,148.53656
45.50847,148.53656
45.5249,150.0
45.54173,150.0
45.55838,150.0
45.577164,148.67694
45.592224,148.67694
45.61343,148.13434
45.624405,148.13434
45.640564,148.13434
45.66022,147.96613
45.674713,147.96613
45.6938,148.39685
45.71082,148.39685
45.727955,148.75
45.74428,148.75
45.75949,148.75
45.77807,147.40985
45.79312,147.40985
45.81153,146.84784
45.826824,146.84784
45.84272,146.84784
45.8607,146.58618
45.875626,146.58618
45.89443,144.61536
45.908554,144.61536
45.9264,143.88525
45.945683,143.88525
45.960793,143.88525
45.97746,142.44183
45.991955,142.44183
46.01105,143.67273
46.028214,143.67273
46.041122,143.67273
46.060196,143.08472
46.07445,143.08472
46.09556,143.86273
46.10859,143.86273
46.12756,144.1961
46.14347,144.1961
46.158695,144.1961
46.1777,143.86792
46.191883,143.86792
46.209503,141.67859
46.22559,141.67859
46.241753,141.67859
46.2597,141.67926
46.27575,141.67926
46.29221,140.3913
46.308853,140.3913
46.325043,140.3913
46.342724,140.3913
46.358765,140.3913
46.377064,141.14288
46.392704,141.14288
46.410137,140.71832
46.42442,140.71832
46.44184,140.71832
46.459198,140.0
46.47529,140.0
46.49204,139.7857
46.507347,139.7857
46.5264,139.21948
46.54177,139.21948
46.55896,139.21948
46.57481,140.25714
46.59134,140.25714
46.608955,137.38892
46.627594,137.38892
46.6419,137.38892
46.659744,137.47168
46.67577,137.47168
46.693016,138.88232
46.708412,138.88232
46.726494,140.32812
46.743095,140.32812
46.758457,140.32812
46.77636,139.18866
46.79221,139.18866
46.810158,138.46552
46.825592,138.46552
46.841557,138.46552
46.85967,140.10254
46.87523,140.10254
46.894974,140.15002
46.9091,140.15002
46.92599,139.2973
46.94599,139.2973
46.959114,139.2973
46.979015,138.87177
46.991673,138.87177
47.00995,136.6308
47.0246,136.6308
47.042465,136.6308
47.062565,137.27081
47.07455,137.27081
47.09404,136.96771
47.108448,136.96771
47.12778,138.02039
47.1428,138.02039
47.159397,138.02039
47.17729,137.64105
47.19267,137.64105
47.20955,135.0185
47.225655,135.0185
47.241394,135.0185
47.260715,137.77142
47.275196,137.77142
47.295452,135.09521
47.308746,135.09521
47.32483,135.92859
47.342377,135.92859
47.358532,135.92859
47.37665,137.32355
47.393265,137.32355
47.40946,136.36066
47.424694,136.36066
47.44172,136.36066
47.45916,136.3778
47.474613,136.3778
47.491726,137.88678
47.5074,137.88678
47.525017,139.11902
47.542095,139.11902
47.558987,139.11902
47.576008,137.56604
47.591156,137.56604
47.609856,136.7091
47.62399,136.7091
47.642162,136.7091
47.65954,137.30432
47.67605,137.30432
47.693012,135.29333
47.7081,135.29333
47.725296,137.35297
47.74202,137.35297
47.758705,137.35297
47.776623,135.88464
47.79133,135.88464
47.808617,137.8125
47.823315,137.8125
47.842205,137.8125
47.857914,135.72095
47.873756,135.72095
47.893024,138.76593
47.907753,138.76593
47.927666,137.0
47.942974,137.0
47.957687,137.0
47.97673,136.75
47.99082,136.75
48.010212,135.53333
48.026077,135.53333
48.04256,135.53333
48.05804,135.94641
48.07493,135.94641
48.09223,135.8305
48.10872,135.8305
48.126892,136.84747
48.142654,136.84747
48.158157,136.84747
48.177357,136.14581
48.191586,136.14581
48.209377,136.8772
48.224586,136.8772
48.240536,136.8772
48.259636,138.03772
48.273827,138.03772
48.292416,137.57379
48.308895,137.57379
48.32416,140.41382
48.342133,140.41382
48.35858,140.41382
48.378513,139.63263
48.391636,139.63263
48.408566,140.20001
48.4254,140.20001
48.44131,140.20001
48.459927,141.18964
48.47444,141.18964
48.4923,140.88
48.508614,140.88
48.52428,140.39655
48.542366,140.39655
48.55767,140.39655
48.5769,140.91669
48.59042,140.91669
48.609272,139.48572
48.624657,139.48572
48.640987,139.48572
48.659763,143.45099
48.67409,143.45099
48.69639,144.49298
48.708252,144.49298
48.726112,144.47058
48.742603,144.47058
48.757652,144.47058
48.77574,147.35596
48.791607,147.35596
48.808514,148.68335
48.823547,148.68335
48.840572,148.68335
48.859005,151.3023
48.87444,151.3023
48.892204,151.81079
48.90797,151.81079
48.92391,153.52502
48.94309,153.52502
48.95794,153.52502
48.976593,155.40424
48.990623,155.40424
49.01335,153.5625
49.023537,153.5625
49.041786,153.5625
49.0597,156.88232
49.075916,156.88232
49.09158,158.59998
49.108658,158.59998
49.13445,158.98114
49.144493,158.98114
49.1578,158.98114
49.176643,159.9643
49.19112,159.9643
49.213768,164.41302
49.22553,164.41302
49.24175,164.41302
49.25984,168.37738
49.275887,168.37738
49.292316,170.93616
49.30829,170.93616
49.324444,174.98077
49.34354,174.98077
49.35828,174.98077
49.376263,179.3269
49.391552,179.3269
49.408974,182.65167
49.426025,182.65167
49.4405,182.65167
49.459377,183.62262
49.474606,183.62262
49.49504,185.8028
49.509285,185.8028
49.52542,188.88
49.542248,188.88
49.55875,188.88
49.576397,192.81946
49.592175,192.81946
49.60888,194.39026
49.625023,194.39026
49.641273,194.39026
49.657936,195.96973
49.6746,195.96973
49.69384,199.08142
49.70815,199.08142
49.72514,200.11902
49.741573,200.11902
49.758945,200.11902
49.775917,203.75555
49.79099,203.75555
49.808857,204.0
49.825363,204.0
49.8416,204.0
49.859657,204.35999
49.87416,204.35999
49.894135,207.63751
49.908726,207.63751
49.926857,209.70831
49.94259,209.70831
49.95775,209.70831
49.97797,208.26581
49.99513,208.26581
50.01281,209.59998
50.025517,209.59998
50.042248,209.59998
50.0591,210.5
50.074966,210.5
50.093937,213.50562
50.10883,213.50562
50.125057,213.64935
50.14281,213.64935
50.157856,213.64935
50.17721,214.88708
50.190933,214.88708
50.213688,214.77954
50.2241,214.77954
50.242443,214.77954
50.259926,218.16669
50.27493,218.16669
50.29282,219.0617
50.307888,219.0617
50.325436,220.90363
50.34351,220.90363
50.35803,220.90363
50.377247,224.84088
50.391068,224.84088
50.40971,224.9231
50.424767,224.9231
50.442192,224.9231
50.458874,227.15277
50.47599,227.15277
50.495964,229.64404
50.50868,229.64404
50.52504,228.0274
50.54341,228.0274
50.55765,228.0274
50.577095,230.16473
50.592724,230.16473
50.613003,231.84283
50.6242,231.84283
50.642273,231.84283
50.659145,231.85553
50.674335,231.85553
50.693172,232.8219
50.707882,232.8219
50.7251,233.14606
50.74155,233.14606
50.75775,233.14606
50.780087,234.89215
50.792168,234.89215
50.809437,234.70105
50.82459,234.70105
50.842266,234.70105
50.859642,233.94934
50.87479,233.94934
50.892952,236.9524
50.907684,236.9524
50.925007,237.44446
50.943947,237.44446
50.957714,237.44446
50.978046,238.13
50.9915,238.13
51.00952,238.69513
51.02548,238.69513
51.04155,238.69513
51.05909,240.51166
51.074432,240.51166
51.092834,240.48834
51.10874,240.48834
51.124992,239.70117
51.1413,239.70117
51.15855,239.70117
51.176193,240.11456
51.19181,240.11456
51.2095,239.89258
51.22511,239.89258
51.24105,239.89258
51.25955,239.96747
51.274803,239.96747
51.29379,238.95612
51.30841,238.95612
51.325268,240.33331
51.342434,240.33331
51.357883,240.33331
51.376244,239.32953
51.391766,239.32953
51.408768,239.50702
51.42545,239.50702
51.44178,239.50702
51.45845,239.59753
51.47504,239.59753
51.492874,239.08331
51.507904,239.08331
51.526146,240.2923
51.541973,240.2923
51.560345,240.2923
51.577324,240.75409
51.59283,240.75409
51.609768,241.37683
51.62642,241.37683
51.642475,241.37683
51.659344,241.3587
51.67435,241.3587
51.69277,241.44446
51.707745,241.44446
51.731342,242.02887
51.742546,242.02887
51.757973,242.02887
51.777496,241.73999
51.791615,241.73999
51.80926,241.13953
51.824253,241.13953
51.841484,241.13953
51.86139,240.96106
51.875504,240.96106
51.893787,241.53748
51.907326,241.53748
51.927265,240.7973
51.94458,240.7973
51.95855,240.7973
51.97619,240.63531
51.992146,240.63531
52.013527,241.09576
52.02542,241.09576
52.041397,241.09576
52.059788,239.21649
52.074764,239.21649
52.093506,239.28235
52.109604,239.28235
52.126095,235.29785
52.14224,235.29785
52.158436,235.29785
52.17689,236.80768
52.190517,236.80768
52.209568,234.9895
52.224586,234.9895
52.24182,234.9895
52.260376,236.15051
52.27462,236.15051
52.29262,235.12195
52.30971,235.12195
52.324627,235.883
52.34354,235.883
52.358192,235.883
52.37671,234.1977
52.39147,234.1977
52.41224,235.41333
52.42663,235.41333
52.440933,235.41333
52.463627,231.7857
52.475792,231.7857
52.493393,231.27173
52.50805,231.27173
52.525864,230.64044
52.543198,230.64044
52.557976,230.64044
52.576763,229.9245
52.5924,229.9245
52.6087,228.60437
52.625225,228.60437
52.641914,228.60437
52.658566,228.85419
52.674892,228.85419
52.693817,228.14142
52.708687,228.14142
52.727436,228.96973
52.742893,228.96973
52.758205,228.96973
52.779896,228.56757
52.792503,228.56757
52.81377,227.74023
52.825302,227.74023
52.842514,227.74023
52.85998,228.03094
52.87561,228.03094
52.89412,228.60657
52.90859,228.60657
52.926685,226.8305
52.942833,226.8305
52.957863,226.8305
52.97726,226.20636
52.99185,226.20636
53.012615,226.45001
53.026043,226.45001
53.040905,226.45001
53.06051,223.94519
53.07527,223.94519
53.092087,224.97589
53.109234,224.97589
53.12628,225.08331
53.143673,225.08331
53.159576,225.08331
53.176224,225.38269
53.1905,225.38269
53.208725,224.58105
53.224785,224.58105
53.241096,224.58105
53.25961,224.39392
53.275635,224.39392
53.29351,223.26154
53.307453,223.26154
53.32474,222.60437
53.342407,222.60437
53.35744,222.60437
53.376724,222.1839
53.391327,222.1839
53.40946,222.96588
53.42477,222.96588
53.441994,222.96588
53.45931,221.6803
53.47509,221.6803
53.495777,221.0
53.50768,221.0
53.52463,220.73077
53.5422,220.73077
53.5585,220.73077
53.576527,220.38947
53.59251,220.38947
53.613293,220.83331
53.625477,220.83331
53.641834,220.83331
53.66023,219.03772
53.674835,219.03772
53.695415,219.0971
53.707596,219.0971
53.724957,219.82477
53.74136,219.82477
53.75917,219.82477
53.776363,219.92108
53.794662,219.92108
53.809345,217.99066
53.824493,217.99066
53.84278,217.99066
53.861458,217.81915
53.87491,217.81915
53.894196,215.87738
53.908173,215.87738
53.92669,216.72815
53.942566,216.72815
53.957947,216.72815
53.97725,214.95453
53.991646,214.95453
54.009506,216.67163
54.025925,216.67163
54.041805,216.67163
54.059113,214.70117
54.07535,214.70117
54.091866,215.26807
54.10865,215.26807
54.126053,213.08789
54.141426,213.08789
54.159077,213.08789
54.177258,212.69
54.191135,212.69
54.20965,211.79486
54.224762,211.79486
54.242325,211.79486
54.25885,211.62964
54.275,211.62964
54.29418,209.78845
54.307743,209.78845
54.325466,209.81708
54.34265,209.81708
54.357826,209.81708
54.377205,208.51135
54.391697,208.51135
54.410774,208.03845
54.425274,208.03845
54.442432,208.03845
54.460136,207.45715
54.475494,207.45715
54.494152,205.20587
54.508354,205.20587
54.524353,204.46155
54.54205,204.46155
54.558548,204.46155
54.575138,202.25757
54.590946,202.25757
54.608868,200.4375
54.625587,200.4375
54.642292,200.4375
54.65985,198.91302
54.67565,198.91302
54.694115,199.44617
54.707535,199.44617
54.725998,197.5968
54.74214,197.5968
54.75885,197.5968
54.780834,197.19446
54.796658,197.19446
54.81353,196.96924
54.825005,196.96924
54.84372,195.83118
54.858383,195.83118
54.874367,195.83118
54.893738,194.55951
54.908707,194.55951
54.924862,193.0
54.943012,193.0
54.958145,193.0
54.97784,191.30273
54.991833,191.30273
55.00984,191.75
55.02449,191.75
55.041256,191.75
55.05874,188.76056
55.0751,188.76056
55.09587,189.03125
55.10813,189.03125
55.125843,187.23407
55.142773,187.23407
55.158737,187.23407
55.176193,183.91174
55.1916,183.91174
55.20836,184.20587
55.22466,184.20587
55.244278,181.5769
55.26037,181.5769
55.27575,181.5769
55.29341,180.06946
55.308483,180.06946
55.324654,178.92859
55.34328,178.92859
55.359024,178.92859
55.378212,178.80518
55.39184,178.80518
55.40931,178.54547
55.42486,178.54547
55.442783,178.54547
55.45894,178.8125
55.47465,178.8125
55.492855,175.13635
55.50895,175.13635
55.529213,173.65424
55.543625,173.65424
55.5597,173.65424
55.576862,171.34344
55.59183,171.34344
55.60862,169.80951
55.626198,169.80951
55.641476,169.80951
55.659363,170.13922
55.67461,170.13922
55.692825,171.18085
55.708416,171.18085
55.725452,168.67145
55.742004,168.67145
55.758457,168.67145
55.779427,169.03448
55.7918,169.03448
55.81293,166.75
55.82441,166.75
55.843407,169.08643
55.860126,169.08643
55.875774,169.08643
55.89453,165.69092
55.908527,165.69092
55.925583,167.6286
55.942287,167.6286
55.95837,167.6286
55.977985,164.11938
55.992935,164.11938
56.00929,164.32812
56.026005,164.32812
56.043476,164.61334
56.059673,164.61334
56.07471,164.61334
56.094025,164.22095
56.108006,164.22095
56.125042,163.78314
56.14285,163.78314
56.157875,163.78314
56.177273,163.68292
56.191044,163.68292
56.209934,162.0
56.22429,162.0
56.241413,162.0
56.259956,162.56525
56.275913,162.56525
56.296986,159.27081
56.309135,159.27081
56.325268,160.22583
56.342266,160.22583
56.35885,160.22583
56.375736,157.28204
56.390762,157.28204
56.408768,159.0238
56.42496,159.0238
56.442524,159.0238
56.459892,155.4375
56.47457,155.4375
56.49341,154.64001
56.508636,154.64001
56.52536,155.37933
56.542526,155.37933
56.558796,155.37933
56.57783,153.17023
56.592686,153.17023
56.610596,154.56097
56.624825,154.56097
56.64195,154.56097
56.659607,153.52173
56.67629,153.52173
56.691746,154.88062
56.707943,154.88062
56.7249,152.53656
56.742958,152.53656
56.75844,152.53656
56.777668,151.66669
56.79168,151.66669
56.81238,150.06
56.824577,150.06
56.84328,149.09998
56.859497,149.09998
56.876106,149.09998
56.893463,149.91302
56.90912,149.91302
56.927166,151.5
56.9423,151.5
56.958096,151.5
56.97775,150.52002
56.9919,150.52002
57.009438,150.09088
57.025368,150.09088
57.041534,150.09088
57.05909,150.09088
57.075397,150.09088
57.09253,147.21155
57.107895,147.21155
57.124714,147.73584
57.142654,147.73584
57.158638,147.73584
57.177128,147.73529
57.192234,147.73529
57.20973,147.85297
57.225796,147.85297
57.241943,147.85297
57.259377,148.02667
57.274998,148.02667
57.292942,146.82141
57.307835,146.82141
57.32605,146.94116
57.34273,146.94116
57.35846,146.94116
57.377956,147.36365
57.39179,147.36365
57.408176,145.54346
57.426228,145.54346
57.440903,145.54346
57.460114,147.65515
57.47523,147.65515
57.49297,146.70148
57.508236,146.70148
57.526337,145.98334
57.54254,145.98334
57.55993,145.98334
57.577343,145.68292
57.592785,145.68292
57.608704,147.32654
57.625355,147.32654
57.640823,147.32654
57.65955,144.31708
57.675343,144.31708
57.69355,144.3023
57.708244,144.3023
57.72516,143.84485
57.743458,143.84485
57.75801,143.84485
57.77749,145.47168
57.792107,145.47168
57.81304,142.79999
57.825115,142.79999
57.84345,143.90479
57.859875,143.90479
57.87464,143.90479
57.893997,145.17499
57.907665,145.17499
57.926075,143.39532
57.94319,143.39532
57.957443,143.39532
57.97751,142.95001
57.99253,142.95001
58.009457,140.37933
58.025604,140.37933
58.04167,140.37933
58.05918,144.12067
58.076668,144.12067
58.09392,141.6222
58.109673,141.6222
58.12681,143.46509
58.142784,143.46509
58.159653,143.46509
58.1767,143.46509
58.19116,143.46509
58.210262,142.6222
58.225643,142.6222
58.24214,142.6222
58.259785,144.5769
58.27623,144.5769
58.293728,143.01666
58.30998,143.01666
58.32583,141.9375
58.342983,141.9375
58.358257,141.9375
58.37646,142.65625
58.392086,142.65625
58.41259,143.0
58.424408,143.0
58.442303,143.0
58.460136,143.38098
58.47497,143.38098
58.497852,142.96295
58.509842,142.96295
58.526295,141.3125
58.542114,141.3125
58.55932,141.3125
58.576393,141.3125
58.59152,141.3125
58.608322,140.59998
58.62574,140.59998
58.643906,140.29547
58.660664,140.29547
58.67411,140.29547
58.694054,142.0857
58.7082,142.0857
58.725605,138.33331
58.74419,138.33331
58.759357,138.33331
58.77624,141.96002
58.79133,141.96002
58.810005,142.65515
58.825104,142.65515
58.843506,143.84613
58.860443,143.84613
58.874714,143.84613
58.893887,142.70734
58.90982,142.70734
58.928608,143.68054
58.944237,143.68054
58.958572,143.68054
58.97652,143.04443
58.992496,143.04443
59.010468,144.57141
59.02563,144.57141
59.04327,142.6731
59.058987,142.6731
59.075478,142.6731
59.092518,143.34064
59.10903,143.34064
59.125946,144.3158
59.14253,144.3158
59.15885,144.3158
59.176697,143.13464
59.191696,143.13464
59.209835,142.55103
59.22487,142.55103
59.242287,142.55103
59.259727,144.01923
59.275055,144.01923
59.2948,142.60657
59.30782,142.60657
59.32483,142.37933
59.34288,142.37933
59.35868,142.37933
59.376705,142.85999
59.39173,142.85999
59.41351,142.81818
59.42456,142.81818
59.442455,142.81818
59.46062,143.83868
59.474964,143.83868
59.49478,140.44
59.508595,140.44
59.52561,140.67346
59.543762,140.67346
59.558094,140.67346
59.577282,139.62262
59.59205,139.62262
59.609135,141.92859
59.62524,141.92859
59.641247,141.92859
59.659046,140.90479
59.68161,140.90479
59.694504,141.0
59.708397,141.0
59.72581,139.26831
59.742924,139.26831
59.75937,139.26831
59.77547,140.94446
59.79112,140.94446
59.809837,142.54285
59.82585,142.54285
59.843407,138.8222
59.859596,138.8222
59.874554,138.8222
59.895634,138.86957
59.90963,138.86957
59.92502,139.26831
59.94341,139.26831
59.959244,139.26831
59.97662,138.94543
59.992596,138.94543
60.0,138.94543
