0.2996409,371.52924
0.31065115,371.52924
0.32,371.6795
0.34744316,370.792
0.35982478,370.792
0.37825736,371.12775
0.393121,371.12775
0.41482383,371.68542
0.4330129,371.68542
0.44969758,373.46857
0.46516848,373.46857
0.48293576,373.46857
0.49900377,373.62164
0.5154625,373.62164
0.5328063,373.43964
0.54719406,373.43964
0.5681692,375.70978
0.5831145,375.70978
0.5986342,375.70978
0.61702573,377.62616
0.6312153,377.62616
0.6522194,378.26898
0.6662577,378.26898
0.68348616,378.26898
0.7004442,379.44702
0.71392906,379.44702
0.73319083,379.44702
0.75053596,380.2798
0.764315,380.2798
0.7824788,380.96814
0.7996487,380.96814
0.8180056,383.53314
0.83226645,383.53314
0.8508629,385.4655
0.8660298,385.4655
0.88141483,385.4655
0.9013843,388.1147
0.9163273,388.1147
0.9347931,390.8496
0.9480184,390.8496
0.96515924,390.92328
0.9861435,390.92328
0.9978391,390.92328
1.0171179,392.71216
1.0321001,392.71216
1.0527903,395.61407
1.0657209,395.61407
1.0813918,395.61407
1.1007764,396.5968
1.1148373,396.5968
1.1336619,398.33075
1.1489989,398.33075
1.1644471,400.2173
1.1830565,400.2173
1.1991589,400.2173
1.2158478,402.5691
1.231394,402.5691
1.2498915,403.9973
1.2662619,403.9973
1.2826039,403.9973
1.2995311,406.0578
1.3160615,406.0578
1.335105,408.03412
1.347646,408.03412
1.3649409,409.74518
1.3824852,409.74518
1.3984131,409.74518
1.4170694,411.4834
1.4320316,411.4834
1.4494663,413.17432
1.4659803,413.17432
1.4821146,413.17432
1.5001503,415.19684
1.5157123,415.19684
1.5351043,417.2149
1.548595,417.2149
1.5649823,418.82275
1.5831956,418.82275
1.5983413,418.82275
1.6160486,421.30212
1.6443896,421.30212
1.6591704,423.28876
1.6726365,423.28876
1.6896884,424.2962
1.7036725,424.2962
1.7205758,424.2962
1.7387872,427.05743
1.7540061,427.05743
1.7712555,428.41754
1.7890813,428.41754
1.8045852,429.79645
1.8220667,429.79645
1.8370727,429.79645
1.8564165,432.4812
1.8712038,432.4812
1.8884466,434.8
1.9038916,434.8
1.9207637,434.8
1.9382528,437.38196
1.9540298,437.38196
1.9763482,439.5199
1.9873433,439.5199
2.004158,441.17664
2.0218735,441.17664
2.0373545,441.17664
2.0554464,444.8036
2.070243,444.8036
2.088551,448.03644
2.10321,448.03644
2.120621,448.03644
2.1392074,450.6781
2.154377,450.6781
2.1717129,452.45404
2.186705,452.45404
2.204589,455.1042
2.222401,455.1042
2.2369947,455.1042
2.2560592,458.13782
2.27074,458.13782
2.2885418,460.4428
2.3047276,460.4428
2.3214755,460.4428
2.3386073,463.95282
2.3533618,463.95282
2.3733726,465.90094
2.3876495,465.90094
2.4042423,466.51562
2.422732,466.51562
2.437513,466.51562
2.4568586,469.56555
2.4712648,469.56555
2.4927597,471.37433
2.5044713,471.37433
2.52217,471.37433
2.5390701,474.94238
2.5540376,474.94238
2.5724401,477.55414
2.5882823,477.55414
2.6051185,479.93524
2.6212783,479.93524
2.6364899,479.93524
2.6567736,482.7921
2.670999,482.7921
2.6894586,485.96063
2.7032275,485.96063
2.720233,485.96063
2.7377098,488.35413
2.7536216,488.35413
2.77346,491.45203
2.7882102,491.45203
2.8043962,493.65796
2.821911,493.65796
2.8368545,493.65796
2.854899,496.51788
2.8715284,496.51788
2.8890128,496.92072
2.9034555,496.92072
2.919471,496.92072
2.9393332,498.74408
2.9551065,498.74408
2.9725327,499.28784
2.9885705,499.28784
3.004285,501.0293
3.0223079,501.0293
3.038582,501.0293
3.0553741,504.04803
3.070149,504.04803
3.0916886,505.7599
3.1040635,505.7599
3.1211226,505.7599
3.1376746,505.80157
3.154038,505.80157
3.1737993,506.13226
3.1872613,506.13226
3.2043407,507.11414
3.221656,507.11414
3.2379944,507.11414
3.2567441,508.14825
3.2713537,508.14825
3.2887397,508.10986
3.3051705,508.10986
3.3201308,508.10986
3.3389068,507.68805
3.3538592,507.68805
3.3719833,507.25568
3.3877885,507.25568
3.404964,507.19135
3.422786,507.19135
3.4379656,507.19135
3.455508,506.289
3.4715626,506.289
3.489614,506.739
3.5068383,506.739
3.5247443,505.9328
3.5399494,505.9328
3.5541787,505.9328
3.5732727,505.64
3.5878563,505.64
3.6051674,505.10986
3.6216729,505.10986
3.6380506,505.10986
3.6555436,505.6162
3.6718788,505.6162
3.6883757,504.30664
3.7043662,504.30664
3.7209492,504.30664
3.738914,504.6385
3.753558,504.6385
3.7728114,503.97052
3.7875946,503.97052
3.8048484,503.96667
3.821477,503.96667
3.837349,503.96667
3.8564224,503.93866
3.869625,503.93866
3.8867383,504.08136
3.9045572,504.08136
3.9205093,504.08136
3.938352,504.5238
3.9535553,504.5238
3.9724128,504.47748
3.9876719,504.47748
4.0037136,502.9292
4.0224314,502.9292
4.037375,502.9292
4.055801,502.69513
4.0713735,502.69513
4.087882,503.71252
4.1035414,503.71252
4.1221375,503.71252
4.1389294,503.7414
4.153929,503.7414
4.1729517,503.31714
4.188106,503.31714
4.204443,503.09448
4.2216907,503.09448
4.237326,503.09448
4.2587476,501.83594
4.271257,501.83594
4.2925134,501.8822
4.305753,501.8822
4.324558,501.8822
4.3406916,501.07214
4.3549585,501.07214
4.3734655,501.5396
4.3877177,501.5396
4.4050126,501.8449
4.422028,501.8449
4.4374638,501.8449
4.4558535,501.60797
4.4710684,501.60797
4.48724,501.28888
4.5050755,501.28888
4.5204663,501.28888
4.539192,502.0987
4.5544715,502.0987
4.5723376,502.4806
4.5880766,502.4806
4.6115756,503.8202
4.6251254,503.8202
4.637251,503.8202
4.65944,503.62292
4.671226,503.62292
4.6898127,502.01447
4.703048,502.01447
4.721272,502.01447
4.739052,501.43524
4.7543006,501.43524
4.770938,501.36218
4.7884355,501.36218
4.804578,501.73352
4.821813,501.73352
4.8380113,501.73352
4.856167,501.65942
4.8703947,501.65942
4.888987,501.41925
4.9041147,501.41925
4.9207125,501.41925
4.938993,501.3437
4.953283,501.3437
4.9901752,501.5374
5.0,501.5374
5.019006,500.9286
5.032358,500.9286
5.0503135,500.45544
5.064201,500.45544
5.080877,500.45544
5.100412,500.6767
5.116159,500.6767
5.134422,500.74493
5.148073,500.74493
5.165372,499.77924
5.1828337,499.77924
5.1979094,499.77924
5.2172046,499.9737
5.2312474,499.9737
5.2721953,499.52673
5.28,499.52673
5.305966,499.33948
5.317305,499.33948
5.335058,499.33948
5.349054,499.33948
5.3677692,499.89258
5.3837647,499.89258
5.3992634,499.89258
5.417628,499.68274
5.4327855,499.68274
5.451223,499.29572
5.468057,499.29572
5.4839673,499.14246
5.500082,499.14246
5.5175304,499.14246
5.534562,498.1579
5.549875,498.1579
5.56984,497.91058
5.5845814,497.91058
5.6009398,497.91058
5.617682,498.28613
5.6363673,498.28613
5.6516795,498.40057
5.6696405,498.40057
5.6847224,498.27155
5.7012496,498.27155
5.7174726,498.27155
5.73348,498.8863
5.7504215,498.8863
5.768969,497.76147
5.783752,497.76147
5.8001223,497.76147
5.8187838,498.2232
5.834379,498.2232
5.853743,497.87463
5.8683777,497.87463
5.885109,497.24707
5.9012966,497.24707
5.9167137,497.24707
5.9367113,498.1778
5.9491568,498.1778
5.9708,497.89838
5.983141,497.89838
6.000126,497.89838
6.0180044,498.4134
6.0335426,498.4134
6.0536585,498.3427
6.066524,498.3427
6.084088,498.45068
6.1016264,498.45068
6.1158547,498.45068
6.1351056,498.229
6.1513777,498.229
6.167998,498.33502
6.1828237,498.33502
6.2004824,498.33502
6.2190094,498.33502
6.234649,498.33502
6.2523,497.70654
6.2674513,497.70654
6.284036,497.432
6.301753,497.432
6.316402,497.432
6.334121,496.8164
6.3506227,496.8164
6.366858,495.24866
6.385257,495.24866
6.4002943,495.24866
6.417851,494.2088
6.4329123,494.2088
6.4512033,490.63452
6.4698124,490.63452
6.483749,487.62384
6.5013742,487.62384
6.5164742,487.62384
6.5342255,485.98474
6.5504594,485.98474
6.569558,485.08685
6.583932,485.08685
6.599496,485.08685
6.6181974,483.52942
6.633447,483.52942
6.6527147,481.45172
6.6676917,481.45172
6.685601,478.7071
6.7022223,478.7071
6.717937,478.7071
6.7346582,476.15125
6.7499075,476.15125
6.768604,474.0791
6.7828407,474.0791
6.801608,474.0791
6.8178387,471.64703
6.8339167,471.64703
6.8546686,469.72083
6.8654885,469.72083
6.883302,469.72083
6.901328,467.96912
6.915963,467.96912
6.933231,466.5
6.9503174,466.5
6.9674187,463.36127
6.9843664,463.36127
6.9998283,463.36127
7.018379,461.59235
7.033372,461.59235
7.054866,459.69025
7.06721,459.69025
7.0835466,459.69025
7.1011844,459.69025
7.1166143,458.37018
7.1368766,456.08453
7.150695,456.08453
7.168026,452.76898
7.183593,452.76898
7.200422,452.76898
7.2187905,451.4629
7.233451,451.4629
7.250451,449.72546
7.2680655,449.72546
7.2838845,447.87573
7.300602,447.87573
7.3168764,447.87573
7.3339605,446.41943
7.350475,446.41943
7.3684473,444.24414
7.383453,444.24414
7.401484,444.24414
7.4187903,441.67462
7.4332414,441.67462
7.4545813,440.15118
7.4664583,440.15118
7.484295,439.4438
7.501495,439.4438
7.517487,439.4438
7.534152,437.26154
7.5503583,437.26154
7.5675945,434.80817
7.583913,434.80817
7.5992727,434.80817
7.6189594,433.352
7.634437,433.352
7.6516895,431.22473
7.666804,431.22473
7.6858673,431.6919
7.700457,431.6919
7.716862,431.6919
7.7376328,429.48798
7.7504864,429.48798
7.7720184,428.36957
7.7833443,428.36957
7.799678,428.36957
7.817789,426.78894
7.83331,426.78894
7.8527865,426.14697
7.8670893,426.14697
7.885004,425.4073
7.901021,425.4073
7.9161353,425.4073
7.935394,423.91064
7.9506607,423.91064
7.9720507,422.95703
7.9831476,422.95703
7.999447,422.95703
8.017712,421.28125
8.033713,421.28125
8.053517,420.06915
8.067063,420.06915
8.084122,419.5705
8.102007,419.5705
8.116526,419.5705
8.13874,418.65393
8.149689,418.65393
8.166159,416.90033
8.184888,416.90033
8.200458,416.90033
8.219312,416.25464
8.233462,416.25464
8.25302,414.06757
8.266625,414.06757
8.2843895,414.30865
8.303189,414.30865
8.316802,414.30865
8.3349905,413.4926
8.349693,413.4926
8.368135,413.2536
8.382619,413.2536
8.400283,413.2536
8.418647,411.9618
8.433922,411.9618
8.4618225,411.24518
8.472784,411.24518
8.4866085,410.7788
8.506309,410.7788
8.521288,410.7788
8.539995,410.161
8.554158,410.161
8.572135,408.39148
8.587189,408.39148
8.604534,409.0
8.622354,409.0
8.637191,409.0
8.655749,407.97186
8.671491,407.97186
8.689638,408.12427
8.705168,408.12427
8.720991,408.12427
8.738565,406.2807
8.752931,406.2807
8.771753,405.54004
8.786321,405.54004
8.804629,404.789
8.822233,404.789
8.838222,404.789
8.854352,403.93652
8.8698435,403.93652
8.892123,403.57318
8.905576,403.57318
8.91968,403.57318
8.938842,403.656
8.953572,403.656
8.975071,402.85944
8.98738,402.85944
9.005158,404.11078
9.022051,404.11078
9.037452,404.11078
9.054831,402.8117
9.075967,402.8117
9.089565,403.36572
9.103809,403.36572
9.121471,403.36572
9.138781,402.01807
9.153818,402.01807
9.171591,400.72583
9.187237,400.72583
9.205628,400.5509
9.221286,400.5509
9.237657,400.5509
9.257404,400.64368
9.269618,400.64368
9.289482,400.63397
9.304207,400.63397
9.320476,400.63397
9.337815,400.35486
9.354607,400.35486
9.371176,399.80756
9.387262,399.80756
9.404458,399.82812
9.420887,399.82812
9.437415,399.82812
9.455135,399.04053
9.471097,399.04053
9.486506,398.96857
9.504719,398.96857
9.521587,398.96857
9.539582,398.52026
9.55419,398.52026
9.571265,398.45392
9.587207,398.45392
9.604214,398.88818
9.620929,398.88818
9.637231,398.88818
9.656635,398.76025
9.672808,398.76025
9.691603,399.1258
9.704104,399.1258
9.720845,399.1258
9.737813,399.1258
9.753327,399.1258
9.771554,398.31293
9.78857,398.31293
9.804265,398.34235
9.821806,398.34235
9.837153,398.34235
9.855314,397.90607
9.8695755,397.90607
9.888664,397.42584
9.90366,397.42584
9.921435,397.42584
9.940158,397.6034
9.952903,397.6034
9.973804,397.6034
9.987354,397.6034
10.003767,397.9049
10.022295,397.9049
10.037632,397.9049
10.0557,397.58673
10.071056,397.58673
10.089572,397.64154
10.10434,397.64154
10.120991,397.64154
10.13973,397.64154
10.153624,397.64154
10.172075,397.33008
10.188069,397.33008
10.203013,397.33008
10.22109,397.18182
10.23657,397.18182
10.2546215,396.9359
10.26943,396.9359
10.288229,396.9359
10.304252,396.9359
10.347396,397.69495
10.36,397.69495
10.381653,397.9632
10.3954315,397.9632
10.4112215,397.2038
10.4278555,397.2038
10.444092,397.24585
10.465289,397.24585
10.476924,397.24585
10.497441,397.15436
10.510922,397.15436
10.528982,397.4984
10.5467,397.4984
10.560419,397.4984
10.579636,396.7215
10.593799,396.7215
10.611135,396.60193
10.627036,396.60193
10.644755,396.3642
10.663953,396.3642
10.679744,396.3642
10.697221,396.5047
10.710672,396.5047
10.729292,396.15997
10.743657,396.15997
10.7613535,396.15997
10.779868,395.9569
10.794123,395.9569
10.812189,396.0
10.828162,396.0
10.844842,396.12177
10.864229,396.12177
10.876604,396.12177
10.896262,396.73462
10.911737,396.73462
10.928547,396.90704
10.944131,396.90704
10.959971,396.90704
10.978971,396.64575
10.993397,396.64575
11.011128,396.92236
11.026126,396.92236
11.044084,396.58826
11.0620165,396.58826
11.080219,396.58826
11.096559,396.64508
11.111412,396.64508
11.128556,396.5357
11.145056,396.5357
11.160124,396.5357
11.179547,396.60645
11.194831,396.60645
11.21563,396.05035
11.226015,396.05035
11.243351,396.05035
11.26119,395.76794
11.276944,395.76794
11.299378,395.26715
11.310805,395.26715
11.330588,395.625
11.343384,395.625
11.362526,395.625
11.379324,395.55707
11.393659,395.55707
11.412106,395.98096
11.425983,395.98096
11.443878,395.98096
11.46018,394.96527
11.476223,394.96527
11.496474,394.86713
11.511243,394.86713
11.529738,395.1786
11.544245,395.1786
11.560268,395.1786
11.578968,395.17535
11.594144,395.17535
11.611802,395.54126
11.626365,395.54126
11.644285,395.58417
11.66342,395.58417
11.677468,395.58417
11.696216,395.77777
11.711341,395.77777
11.728827,395.73523
11.744053,395.73523
11.759644,395.73523
11.779436,395.81787
11.792966,395.81787
11.812097,395.86536
11.827353,395.86536
11.844034,395.7365
11.860925,395.7365
11.876172,395.7365
11.8958235,395.9026
11.910654,395.9026
11.926401,395.70312
11.944347,395.70312
11.959686,395.70312
11.978633,395.6928
11.993951,395.6928
12.012016,395.44952
12.026691,395.44952
12.045244,395.04486
12.062722,395.04486
12.076624,395.04486
12.094979,395.73334
12.110502,395.73334
12.128694,395.59595
12.144488,395.59595
12.160706,395.59595
12.176986,395.83447
12.193175,395.83447
12.214649,395.78406
12.2262745,395.78406
12.244445,395.21228
12.261546,395.21228
12.278003,395.21228
12.296122,395.64423
12.311689,395.64423
12.32991,395.4276
12.344838,395.4276
12.360816,395.4276
12.379576,396.2384
12.394261,396.2384
12.412575,397.46753
12.4265585,397.46753
12.444399,397.2943
12.464296,397.2943
12.477243,397.2943
12.495501,396.73077
12.511194,396.73077
12.531548,396.9345
12.544422,396.9345
12.560389,396.9345
12.578904,396.58276
12.593789,396.58276
12.611859,396.88306
12.627892,396.88306
12.644241,397.64948
12.662922,397.64948
12.67779,397.64948
12.696897,399.2116
12.7113,399.2116
12.726567,399.18604
12.744228,399.18604
12.759551,399.18604
12.778924,401.34937
12.794292,401.34937
12.8126545,401.26935
12.82652,401.26935
12.843707,403.3659
12.861265,403.3659
12.877302,403.3659
12.896081,405.07825
12.910968,405.07825
12.928672,406.56604
12.943504,406.56604
12.960673,406.56604
12.977488,406.43896
12.995087,406.43896
13.013123,408.67505
13.027695,408.67505
13.044212,410.4261
13.0615,410.4261
13.078033,410.4261
13.096687,412.213
13.111782,412.213
13.132227,414.0854
13.146835,414.0854
13.161508,414.0854
13.178438,414.8308
13.195006,414.8308
13.2115,415.5849
13.226491,415.5849
13.245071,417.83063
13.26042,417.83063
13.276155,417.83063
13.296599,418.6598
13.310076,418.6598
13.329902,419.7107
13.343813,419.7107
13.360278,419.7107
13.37781,421.91046
13.393733,421.91046
13.414619,423.2478
13.426618,423.2478
13.446169,425.4489
13.461467,425.4489
13.477729,425.4489
13.495057,426.69568
13.509856,426.69568
13.530169,427.10608
13.543537,427.10608
13.559913,427.10608
13.579885,429.51422
13.594181,429.51422
13.6129265,429.84796
13.626936,429.84796
13.643911,431.1324
13.661527,431.1324
13.678009,431.1324
13.695003,432.29633
13.71076,432.29633
13.7287655,433.3272
13.743797,433.3272
13.760901,433.3272
13.77832,434.97418
13.796727,434.97418
13.811709,436.47412
13.826965,436.47412
13.844926,437.42932
13.862107,437.42932
13.876912,437.42932
13.895941,439.3634
13.910409,439.3634
13.928523,440.84357
13.943972,440.84357
13.961164,440.84357
13.978988,442.94885
13.994342,442.94885
14.014218,444.01416
14.027397,444.01416
14.044633,445.68
14.061974,445.68
14.077741,445.68
14.094787,447.31128
14.110421,447.31128
14.128761,448.12634
14.143457,448.12634
14.163389,448.12634
14.179212,449.20538
14.194561,449.20538
14.211429,451.6045
14.227555,451.6045
14.244705,451.6045
14.260133,452.91943
14.276696,452.91943
14.298008,453.47736
14.310846,453.47736
14.329953,456.04492
14.3434305,456.04492
14.3599205,456.04492
14.378293,457.5738
14.393781,457.5738
14.4112215,457.24316
14.4261055,457.24316
14.44481,458.55554
14.460716,458.55554
14.477095,458.55554
14.496128,460.0846
14.511101,460.0846
14.528379,462.27686
14.542871,462.27686
14.560077,462.27686
14.578722,463.974
14.593046,463.974
14.613448,465.34552
14.626846,465.34552
14.645009,465.08594
14.662159,465.08594
14.677725,465.08594
14.695675,465.528
14.709632,465.528
14.728419,466.19946
14.7443905,466.19946
14.760069,466.19946
14.778829,467.2011
14.79571,467.2011
14.812442,468.14166
14.828343,468.14166
14.844874,468.98956
14.860925,468.98956
14.877797,468.98956
14.895873,469.57965
14.910993,469.57965
14.92844,471.66083
14.943609,471.66083
14.960467,471.66083
14.979285,471.3086
14.994112,471.3086
15.011982,472.39606
15.027727,472.39606
15.045619,473.85638
15.062123,473.85638
15.077383,473.85638
15.09628,475.55078
15.109983,475.55078
15.127476,474.91174
15.143609,474.91174
15.1612425,474.91174
15.178636,474.997
15.194065,474.997
15.211563,475.65454
15.227497,475.65454
15.244838,476.43927
15.261028,476.43927
15.277181,476.43927
15.295791,477.2799
15.311453,477.2799
15.329878,476.9455
15.344335,476.9455
15.360897,476.9455
15.378479,478.2727
15.39238,478.2727
15.41386,479.88318
15.42644,479.88318
15.445112,479.4743
15.461295,479.4743
15.478111,479.4743
15.496116,479.15558
15.510503,479.15558
15.528268,478.81628
15.544081,478.81628
15.56146,478.81628
15.580065,479.35785
15.594327,479.35785
15.613703,478.1225
15.626203,478.1225
15.644611,478.36694
15.663252,478.36694
15.677911,478.36694
15.695536,478.36023
15.710798,478.36023
15.728054,478.36023
15.743086,478.36023
15.760326,478.36023
15.779435,478.54987
15.793694,478.54987
15.814282,478.79376
15.827508,478.79376
15.844226,478.8283
15.862469,478.8283
15.878527,478.8283
15.895874,478.55328
15.911707,478.55328
15.929804,477.67572
15.952362,477.67572
15.963694,477.67572
15.978147,477.7212
15.994559,477.7212
16.011951,475.43567
16.027456,475.43567
16.04673,476.12054
16.063423,476.12054
16.078022,476.12054
16.096157,475.8388
16.109741,475.8388
16.130503,475.96594
16.143124,475.96594
16.160522,475.96594
16.178944,475.64386
16.193716,475.64386
16.21511,475.54944
16.227,475.54944
16.245918,475.00287
16.262209,475.00287
16.277462,475.00287
16.296011,474.40228
16.310196,474.40228
16.329678,474.7904
16.344158,474.7904
16.361017,474.7904
16.378965,474.71466
16.393522,474.71466
16.416792,474.826
16.426674,474.826
16.444923,474.765
16.462296,474.765
16.477007,474.765
16.49558,474.48102
16.510044,474.48102
16.528528,474.44586
16.54478,474.44586
16.561134,474.44586
16.579645,474.03607
16.593872,474.03607
16.612926,473.7979
16.626732,473.7979
16.651304,473.7979
16.66441,474.2345
16.677423,474.2345
16.695494,474.19568
16.710938,474.19568
16.72692,473.48694
16.746037,473.48694
16.760914,473.48694
16.77787,473.56598
16.794136,473.56598
16.812464,473.01703
16.827164,473.01703
16.845018,473.06165
16.862276,473.06165
16.877275,473.06165
16.896132,471.6916
16.911335,471.6916
16.928524,471.61707
16.945517,471.61707
16.961227,471.61707
16.97961,471.284
16.995403,471.284
17.012508,471.81696
17.027153,471.81696
17.043646,471.9458
17.062647,471.9458
17.078276,471.9458
17.095833,471.5952
17.11072,471.5952
17.128897,471.86304
17.144402,471.86304
17.16113,471.86304
17.17809,471.61578
17.194418,471.61578
17.21129,471.0963
17.227951,471.0963
17.246336,470.98877
17.262367,470.98877
17.27612,470.98877
17.298424,471.36475
17.31026,471.36475
17.330368,471.7395
17.344595,471.7395
17.360048,471.7395
17.381458,470.32635
17.394302,470.32635
17.41242,470.30408
17.427437,470.30408
17.444494,470.69568
17.462048,470.69568
17.47775,470.69568
17.4973,470.5562
17.509329,470.5562
17.529516,470.04156
17.544373,470.04156
17.560566,470.04156
17.580408,469.5229
17.593954,469.5229
17.614346,468.8125
17.627914,468.8125
17.643774,468.57184
17.663628,468.57184
17.677406,468.57184
17.69447,467.94476
17.711138,467.94476
17.731052,467.65668
17.745556,467.65668
17.759966,467.65668
17.779818,467.0929
17.795012,467.0929
17.814062,467.149
17.826925,467.149
17.844212,467.13177
17.861828,467.13177
17.877892,467.13177
17.895586,467.44775
17.910294,467.44775
17.92888,467.40106
17.945898,467.40106
17.959621,467.40106
17.979065,466.825
17.994852,466.825
18.011673,466.81866
18.026924,466.81866
18.044867,466.43274
18.0632,466.43274
18.078045,466.43274
18.093605,465.67584
18.110321,465.67584
18.129633,466.23462
18.145134,466.23462
18.162552,466.23462
18.178526,465.1941
18.195154,465.1941
18.215227,465.372
18.228231,465.372
18.245743,464.9469
18.26176,464.9469
18.277521,464.9469
18.299229,464.6411
18.312563,464.6411
18.330143,464.51123
18.342918,464.51123
18.360653,464.51123
18.379053,463.4093
18.394602,463.4093
18.413195,462.4948
18.428381,462.4948
18.445127,460.82477
18.462866,460.82477
18.476824,460.82477
18.496983,459.27545
18.51006,459.27545
18.52989,457.87787
18.544605,457.87787
18.56262,457.87787
18.58056,456.30084
18.594032,456.30084
18.614382,454.53516
18.627249,454.53516
18.644535,452.47076
18.663113,452.47076
18.678133,452.47076
18.695541,451.45477
18.710537,451.45477
18.727438,450.2613
18.743671,450.2613
18.759363,450.2613
18.779613,449.3614
18.794369,449.3614
18.813694,447.32434
18.828104,447.32434
18.844383,446.49377
18.862364,446.49377
18.876654,446.49377
18.89603,444.11798
18.911118,444.11798
18.927805,442.88385
18.943893,442.88385
18.961536,442.88385
18.97822,441.3288
18.994057,441.3288
19.014078,440.21295
19.028742,440.21295
19.044117,438.81622
19.060131,438.81622
19.077627,438.81622
19.09654,436.80792
19.110523,436.80792
19.128963,435.8333
19.143013,435.8333
19.160515,435.8333
19.179457,433.5135
19.193521,433.5135
19.211231,432.1598
19.227137,432.1598
19.245173,431.2594
19.263062,431.2594
19.277,431.2594
19.29607,429.28918
19.31199,429.28918
19.330868,427.61182
19.343365,427.61182
19.361134,427.61182
19.379053,426.95697
19.393934,426.95697
19.41301,425.2013
19.426317,425.2013
19.446636,424.11505
19.462933,424.11505
19.476614,424.11505
19.494549,422.67084
19.510172,422.67084
19.528511,422.32306
19.544409,422.32306
19.56091,422.32306
19.579065,421.19244
19.595173,421.19244
19.613165,419.5407
19.62746,419.5407
19.644255,418.10315
19.66322,418.10315
19.678528,418.10315
19.69877,417.3189
19.711641,417.3189
19.732477,417.16235
19.744389,417.16235
19.761456,417.16235
19.779797,415.23303
19.795332,415.23303
19.811947,414.8584
19.827084,414.8584
19.845037,414.96973
19.861582,414.96973
19.877037,414.96973
19.895247,413.1397
19.912397,413.1397
19.931679,413.57184
19.944304,413.57184
19.96188,413.57184
19.979073,412.04388
19.993156,412.04388
20.01197,410.85925
20.027948,410.85925
20.044636,410.9494
20.060501,410.9494
20.077684,410.9494
20.095984,410.9718
20.111149,410.9718
20.128765,409.67682
20.14309,409.67682
20.160349,409.67682
20.179531,409.38574
20.194466,409.38574
20.210678,408.6087
20.228182,408.6087
20.243748,408.6087
20.260809,406.78754
20.277342,406.78754
20.295012,406.61847
20.311384,406.61847
20.328522,405.07385
20.344725,405.07385
20.35985,405.07385
20.379265,404.989
20.394327,404.989
20.416243,404.7273
20.428156,404.7273
20.446129,403.9079
20.46293,403.9079
20.477655,403.9079
20.494999,402.05957
20.511782,402.05957
20.53003,402.05957
20.545143,401.62726
20.562172,401.62726
20.579268,401.54767
20.594297,401.54767
20.61256,401.4815
20.627367,401.4815
20.647186,399.10034
20.664259,399.10034
20.679134,399.10034
20.695509,398.98206
20.70978,398.98206
20.72819,398.35626
20.744766,398.35626
20.76079,398.35626
20.778715,398.30432
20.794804,398.30432
20.81507,397.44757
20.827515,397.44757
20.845524,397.1678
20.86362,397.1678
20.878277,397.1678
20.89737,396.03668
20.911312,396.03668
20.936264,395.96796
20.946297,395.96796
20.960848,395.96796
20.97986,395.09296
20.993635,395.09296
21.013412,394.511
21.027437,394.511
21.045317,392.35046
21.062159,392.35046
21.07765,392.35046
21.09555,392.99127
21.111372,392.99127
21.132477,392.78815
21.145254,392.78815
21.161512,392.78815
21.177902,392.5407
21.19364,392.5407
21.2115,391.88025
21.226355,391.88025
21.245493,392.87646
21.262201,392.87646
21.277872,392.87646
21.295422,391.91278
21.310324,391.91278
21.331507,391.51428
21.342989,391.51428
21.36057,391.51428
21.378113,391.6761
21.394934,391.6761
21.411612,391.6656
21.428297,391.6656
21.445951,391.05884
21.462101,391.05884
21.477736,391.05884
21.495878,391.49683
21.510874,391.49683
21.529757,390.7492
21.544355,390.7492
21.56166,390.7492
21.581003,391.36584
21.59338,391.36584
21.613255,390.7
21.628504,390.7
21.645914,390.78424
21.663868,390.78424
21.677258,390.78424
21.696774,391.34485
21.712341,391.34485
21.731005,391.40503
21.744545,391.40503
21.761137,391.40503
21.778675,391.21326
21.79467,391.21326
21.812151,391.0692
21.827341,391.0692
21.844168,389.8131
21.861675,389.8131
21.877504,389.8131
21.896078,390.0971
21.911016,390.0971
21.931961,390.50903
21.944057,390.50903
21.961773,390.50903
21.97939,391.07947
21.995163,391.07947
22.014034,390.89038
22.028303,390.89038
22.043869,390.8651
22.062916,390.8651
22.077341,390.8651
22.094648,391.25647
22.111994,391.25647
22.12818,391.21173
22.144613,391.21173
22.16128,391.21173
22.177511,391.18622
22.194487,391.18622
22.21236,391.28888
22.226954,391.28888
22.245974,391.46643
22.261337,391.46643
22.278687,391.46643
22.29934,391.58197
22.311577,391.58197
22.330393,390.61743
22.345285,390.61743
22.360973,390.61743
22.378824,390.97675
22.393633,390.97675
22.412436,390.64777
22.427845,390.64777
22.445707,390.71924
22.462385,390.71924
22.477514,390.71924
22.496094,391.16278
22.51161,391.16278
22.528618,391.16278
22.545181,391.16278
22.560997,391.16278
22.580328,390.65082
22.594837,390.65082
22.613712,390.65082
22.628315,390.65082
22.643864,390.65082
22.66299,390.0381
22.67908,390.0381
22.695772,390.36395
22.710453,390.36395
22.728714,389.98035
22.744118,389.98035
22.761978,389.98035
22.778885,390.02582
22.795202,390.02582
22.81348,390.74084
22.82693,390.74084
22.84593,390.72485
22.86276,390.72485
22.878147,390.72485
22.896152,390.86792
22.91195,390.86792
22.929138,390.86792
22.944616,390.86792
22.961355,390.86792
22.979216,391.0531
22.993862,391.0531
23.012623,390.8532
23.027102,390.8532
23.046225,391.38177
23.062847,391.38177
23.078037,391.38177
23.096266,391.24164
23.110836,391.24164
23.12907,391.7143
23.143696,391.7143
23.161983,391.7143
23.179853,391.6701
23.193754,391.6701
23.212694,391.29846
23.22658,391.29846
23.245197,391.3963
23.263151,391.3963
23.277254,391.3963
23.295113,390.55908
23.31147,390.55908
23.332298,390.55908
23.343641,390.55908
23.361092,390.55908
23.377907,391.55334
23.395016,391.55334
23.41273,391.50336
23.427092,391.50336
23.444386,390.56293
23.461775,390.56293
23.477795,390.56293
23.496155,390.7917
23.511639,390.7917
23.52878,391.4319
23.543707,391.4319
23.56075,391.4319
23.581022,391.4319
23.594213,391.4319
23.614697,391.80634
23.628614,391.80634
23.6452,391.57666
23.66312,391.57666
23.677378,391.57666
23.696257,391.13843
23.712029,391.13843
23.728912,391.0467
23.743315,391.0467
23.761997,391.0467
23.782701,390.92682
23.794739,390.92682
23.812801,390.92682
23.827847,390.92682
23.845736,391.1424
23.861494,391.1424
23.8774,391.1424
23.89515,391.1424
23.910717,391.1424
23.93019,391.55682
23.944101,391.55682
23.96103,391.55682
23.97896,391.3382
23.995089,391.3382
24.011654,390.92603
24.02784,390.92603
24.044949,390.53674
24.061205,390.53674
24.079,390.53674
24.095413,390.7447
24.111494,390.7447
24.13111,390.7447
24.14493,390.7447
24.161882,390.7447
24.179039,390.58765
24.194363,390.58765
24.212381,391.06537
24.227583,391.06537
24.245852,391.56616
24.262781,391.56616
24.277584,391.56616
24.296381,391.45624
24.310955,391.45624
24.329443,391.8239
24.343935,391.8239
24.361553,391.8239
24.37886,392.18073
24.395308,392.18073
24.412495,392.60962
24.427788,392.60962
24.444895,392.7041
24.461,392.7041
24.47828,392.7041
24.496723,390.49432
24.51104,390.49432
24.5289,391.77954
24.544033,391.77954
24.561497,391.77954
24.580618,392.47162
24.593493,392.47162
24.612455,391.26788
24.628574,391.26788
24.644547,391.46478
24.664642,391.46478
24.678877,391.46478
24.697447,392.71716
24.71044,392.71716
24.729288,392.54065
24.743954,392.54065
24.761808,392.54065
24.777628,393.5265
24.794992,393.5265
24.815144,393.3609
24.82695,393.3609
24.843966,394.4375
24.86209,394.4375
24.877022,394.4375
24.895609,395.17377
24.911474,395.17377
24.927374,397.17554
24.945473,397.17554
24.961166,397.17554
24.978018,397.29968
24.994616,397.29968
25.012285,399.08887
25.0279,399.08887
25.04566,400.6192
25.062717,400.6192
25.078825,400.6192
25.096003,401.5291
25.110727,401.5291
25.12915,403.4417
25.143482,403.4417
25.162016,403.4417
25.177723,404.315
25.195711,404.315
25.211771,405.7386
25.227825,405.7386
25.24548,407.1183
25.26072,407.1183
25.276903,407.1183
25.295637,408.0946
25.312414,408.0946
25.329105,409.67102
25.344048,409.67102
25.362001,409.67102
25.379608,409.052
25.395693,409.052
25.414244,411.36072
25.427923,411.36072
25.44591,411.62537
25.461344,411.62537
25.476847,411.62537
25.496616,413.00616
25.510695,413.00616
25.53281,413.95197
25.543476,413.95197
25.560621,413.95197
25.57972,415.37225
25.595581,415.37225
25.6129,416.39105
25.627348,416.39105
25.644814,418.1181
25.663015,418.1181
25.679152,418.1181
25.696487,418.98608
25.71397,418.98608
25.731335,421.27393
25.746407,421.27393
25.762274,421.27393
25.779022,422.70166
25.794899,422.70166
25.811928,424.17816
25.827168,424.17816
25.845137,424.53766
25.862568,424.53766
25.877949,424.53766
25.897217,426.6557
25.913258,426.6557
25.928768,426.87537
25.94458,426.87537
25.960287,426.87537
25.9786,428.7367
25.993893,428.7367
26.01474,428.4286
26.02814,428.4286
26.044186,430.14496
26.061363,430.14496
26.078583,430.14496
26.096384,431.3178
26.110918,431.3178
26.129038,434.1164
26.144255,434.1164
26.162388,434.1164
26.177881,435.20184
26.194725,435.20184
26.211988,437.12616
26.22727,437.12616
26.245785,439.1682
26.262201,439.1682
26.27786,439.1682
26.296282,441.21777
26.31029,441.21777
26.329409,442.15405
26.345161,442.15405
26.36159,442.15405
26.37913,444.9909
26.39392,444.9909
26.412388,446.7119
26.427277,446.7119
26.444332,447.5376
26.462181,447.5376
26.47719,447.5376
26.496998,448.9973
26.510921,448.9973
26.533411,451.49744
26.54458,451.49744
26.561945,451.49744
26.579767,452.76807
26.594517,452.76807
26.616018,454.54077
26.627333,454.54077
26.64432,455.39716
26.662796,455.39716
26.679222,455.39716
26.69502,458.11017
26.711063,458.11017
26.729433,460.23505
26.744675,460.23505
26.760084,460.23505
26.779633,463.3471
26.795134,463.3471
26.812561,465.58038
26.828049,465.58038
26.845404,468.11163
26.862198,468.11163
26.87786,468.11163
26.896652,471.07788
26.911198,471.07788
26.928707,475.07635
26.94508,475.07635
26.960835,475.07635
26.979496,477.5
26.994247,477.5
27.016317,480.94086
27.028713,480.94086
27.043798,483.23407
27.062485,483.23407
27.077461,483.23407
27.096424,485.96497
27.111631,485.96497
27.128925,487.89752
27.144087,487.89752
27.161533,487.89752
27.17873,489.94977
27.194597,489.94977
27.21237,491.64496
27.227264,491.64496
27.246284,491.50867
27.262785,491.50867
27.27798,491.50867
27.294683,490.64148
27.31335,490.64148
27.329699,490.55914
27.345491,490.55914
27.36156,490.55914
27.379145,491.17682
27.39395,491.17682
27.415285,491.42133
27.42758,491.42133
27.444498,491.52032
27.464891,491.52032
27.477015,491.52032
27.496738,491.67065
27.510685,491.67065
27.528505,491.48602
27.544224,491.48602
27.56136,491.48602
27.57928,492.073
27.593359,492.073
27.618664,492.073
27.630434,491.58514
27.64525,490.74744
27.662996,490.74744
27.677252,490.74744
27.696459,489.4754
27.711834,489.4754
27.730986,489.3664
27.74519,489.3664
27.761131,489.3664
27.777925,487.5722
27.795933,487.5722
27.81234,487.8509
27.82683,487.8509
27.845852,487.7094
27.861753,487.7094
27.877058,487.7094
27.897083,486.91815
27.911083,486.91815
27.927956,487.76636
27.944265,487.76636
27.961334,487.76636
27.978558,487.56213
27.994478,487.56213
28.015581,486.76923
28.027845,486.76923
28.044538,486.76923
28.062874,486.76923
28.077969,486.76923
28.096792,486.625
28.11108,486.625
28.132748,486.76318
28.144014,486.76318
28.160458,486.76318
28.179832,487.4569
28.194214,487.4569
28.213058,487.35327
28.226887,487.35327
28.24511,486.8723
28.263344,486.8723
28.279243,486.8723
28.295685,486.8369
28.311346,486.8369
28.331696,486.649
28.345852,486.649
28.361624,486.649
28.37888,486.4319
28.39462,486.4319
28.414667,486.0108
28.42749,486.0108
28.446003,486.00537
28.462091,486.00537
28.478262,486.00537
28.49646,485.12024
28.512287,485.12024
28.532755,485.07483
28.544868,485.07483
28.560867,485.07483
28.580126,484.2577
28.594566,484.2577
28.613745,483.67242
28.628412,483.67242
28.644224,483.6422
28.664541,483.6422
28.678164,483.6422
28.697712,483.27576
28.711023,483.27576
28.732794,483.60962
28.74417,483.60962
28.76078,483.60962
28.780014,483.83868
28.795486,483.83868
28.812206,482.6067
28.827953,482.6067
28.844212,482.49396
28.861431,482.49396
28.877438,482.49396
28.894178,483.32825
28.91265,483.32825
28.931541,483.526
28.94343,483.526
28.961582,483.526
28.978931,483.33862
28.994556,483.33862
29.01277,482.48932
29.028551,482.48932
29.044485,483.24622
29.06139,483.24622
29.077675,483.24622
29.096546,483.19818
29.111788,483.19818
29.13344,483.03558
29.14596,483.03558
29.1608,483.03558
29.178345,481.88788
29.194979,481.88788
29.212389,480.95264
29.228268,480.95264
29.246466,480.45483
29.262173,480.45483
29.277878,480.45483
29.294115,479.9485
29.312122,479.9485
29.332708,479.2909
29.34317,479.2909
29.361828,479.2909
29.379198,479.62756
29.394838,479.62756
29.41356,479.8275
29.427055,479.8275
29.445158,479.46155
29.461876,479.46155
29.480745,479.46155
29.496235,479.35773
29.51312,479.35773
29.529636,478.64655
29.544767,478.64655
29.561804,478.64655
29.58085,478.5376
29.595327,478.5376
29.613476,477.24658
29.627487,477.24658
29.643665,477.0937
29.663649,477.0937
29.679073,477.0937
29.698404,475.92383
29.71094,475.92383
29.731678,475.75366
29.74487,475.75366
29.771616,474.5719
29.782862,474.5719
29.795763,474.5719
29.816086,473.33795
29.828653,473.33795
29.846498,473.64673
29.86296,473.64673
29.879005,473.64673
29.896227,472.9298
29.91424,472.9298
29.931747,472.24377
29.945255,472.24377
29.962894,472.24377
29.979815,471.4281
29.995148,471.4281
30.013258,470.59576
30.029535,470.59576
30.048096,470.59576
30.062498,470.59576
30.079477,470.59576
30.10012,470.30945
30.113544,470.30945
30.12936,470.7556
30.147552,470.7556
30.16313,470.7556
30.179178,469.74927
30.196095,469.74927
30.21395,470.07715
30.229694,470.07715
30.248932,470.32928
30.263758,470.32928
30.279339,470.32928
30.297304,470.04034
30.31311,470.04034
30.33041,469.34283
30.34506,469.34283
30.363707,469.34283
30.379147,468.52057
30.39588,468.52057
30.413147,468.41846
30.428598,468.41846
30.446674,467.11273
30.463394,467.11273
30.479532,467.11273
30.498611,465.02155
30.512121,465.02155
30.531693,464.32574
30.545038,464.32574
30.562403,464.32574
30.58132,462.92432
30.595959,462.92432
30.614874,461.57227
30.629692,461.57227
30.648024,459.4486
30.66369,459.4486
30.68101,459.4486
30.699297,457.57477
30.713392,457.57477
30.730978,455.2132
30.746,455.2132
30.764355,453.78857
30.781408,453.78857
30.795843,453.78857
30.815128,450.7896
30.82877,450.7896
30.84538,448.81793
30.864254,448.81793
30.885967,448.81793
30.899038,447.68628
30.912785,447.68628
30.930988,447.17096
30.947662,447.17096
30.963964,446.12268
30.981342,446.12268
30.996368,446.12268
31.013254,445.4508
31.029568,445.4508
31.04557,443.16522
31.064554,443.16522
31.079838,443.16522
31.096151,441.96185
31.113302,441.96185
31.129831,440.01495
31.146017,440.01495
31.162619,440.01495
31.179974,439.47253
31.19643,439.47253
31.213722,437.70093
31.230093,437.70093
31.246487,436.13995
31.263016,436.13995
31.279503,436.13995
31.298155,434.8266
31.312256,434.8266
31.330437,433.61237
31.346153,433.61237
31.363037,433.61237
31.379461,433.06885
31.396666,433.06885
31.415293,430.9876
31.428955,430.9876
31.447548,429.5542
31.463482,429.5542
31.48027,429.5542
31.497168,428.2296
31.51235,428.2296
31.531687,426.56927
31.54653,426.56927
31.562864,426.56927
31.581047,426.39197
31.59612,426.39197
31.614212,425.2456
31.629929,425.2456
31.646404,424.15997
31.664902,424.15997
31.67892,424.15997
31.696865,422.7619
31.71371,422.7619
31.73176,422.77954
31.747017,422.77954
31.76203,422.77954
31.780775,420.92255
31.796946,420.92255
31.814117,421.13922
31.828838,421.13922
31.844883,419.6183
31.863905,419.6183
31.879004,419.6183
31.897865,420.1006
31.912834,420.1006
31.933352,418.53314
31.945496,418.53314
31.96414,418.30652
31.981693,418.30652
31.996225,418.30652
32.015285,416.27216
32.029716,416.27216
32.045326,416.07336
32.064564,416.07336
32.079273,416.07336
32.098984,415.4508
32.113724,415.4508
32.13129,414.8576
32.145752,414.8576
32.162975,414.8576
32.17963,414.28937
32.19542,414.28937
32.214745,414.5426
32.228043,414.5426
32.248173,414.18555
32.26151,414.18555
32.278656,414.18555
32.29872,413.83386
32.313538,413.83386
32.33142,412.0915
32.34735,412.0915
32.364758,411.92572
32.383835,411.92572
32.39817,411.92572
32.414654,409.36096
32.43018,409.36096
32.44877,408.7213
32.463535,408.7213
32.479736,408.7213
32.498833,407.3224
32.513077,407.3224
32.529316,406.67102
32.54505,406.67102
32.562237,406.67102
32.58037,407.44568
32.594982,407.44568
32.615906,406.4251
32.628918,406.4251
32.64672,405.3792
32.66422,405.3792
32.680607,405.3792
32.69699,404.73608
32.712845,404.73608
32.733204,404.47998
32.7459,404.47998
32.762093,404.47998
32.78091,403.7904
32.79626,403.7904
32.815975,402.92737
32.829494,402.92737
32.849255,402.60266
32.86237,402.60266
32.87844,402.60266
32.89876,401.9295
32.913883,401.9295
32.93281,401.4286
32.946888,401.4286
32.964607,400.8224
32.980335,400.8224
32.99585,400.8224
33.014492,400.5749
33.02836,400.5749
33.045715,400.4762
33.06351,400.4762
33.078735,400.4762
33.097363,398.98285
33.11297,398.98285
33.13309,397.82965
33.146133,397.82965
33.164566,397.16614
33.1807,397.16614
33.19777,397.16614
33.213978,396.648
33.229633,396.648
33.246613,396.80768
33.263885,396.80768
33.279297,396.80768
33.29852,395.9887
33.312866,395.9887
33.330124,395.96252
33.34587,395.96252
33.36262,395.96252
33.38052,394.81384
33.395462,394.81384
33.41468,394.90143
33.42968,394.90143
33.461533,394.2138
33.47248,394.2138
33.48642,394.47223
33.50228,394.47223
33.519634,394.47223
33.53816,393.93768
33.55188,393.93768
33.569706,393.73358
33.584816,393.73358
33.60232,393.73358
33.619846,393.3606
33.63642,393.3606
33.65293,393.28412
33.669914,393.28412
33.686996,393.3557
33.703686,393.3557
33.718117,393.3557
33.738117,393.3557
33.752853,393.3557
33.7701,393.18683
33.788963,393.18683
33.80345,393.18683
33.819923,393.6895
33.835163,393.6895
33.85426,392.75848
33.875355,392.75848
33.88788,392.80743
33.902767,392.80743
33.91897,392.80743
33.93677,392.53955
33.95313,392.53955
33.970432,392.95386
33.98626,392.95386
34.002125,392.95386
34.01957,393.0
34.036114,393.0
34.05486,393.09088
34.069035,393.09088
34.08528,392.21832
34.104084,392.21832
34.118404,392.21832
34.13791,392.21832
34.151978,392.21832
34.173462,392.50555
34.18652,392.50555
34.202232,392.50555
34.219276,392.78308
34.235233,392.78308
34.253426,393.16138
34.26935,393.16138
34.28643,393.16138
34.304253,393.16138
34.31924,393.16138
34.336468,392.84076
34.352528,392.84076
34.37062,393.89227
34.385437,393.89227
34.402363,393.89227
34.420345,393.09406
34.435947,393.09406
34.45389,393.31073
34.46844,393.31073
34.48634,393.13654
34.502792,393.13654
34.519157,393.13654
34.537266,393.13654
34.552055,393.13654
34.57025,393.2818
34.585052,393.2818
34.602684,393.2818
34.620842,393.4878
34.637486,393.4878
34.654766,392.00946
34.672226,392.00946
34.68987,392.35175
34.703007,392.35175
34.718956,392.35175
34.738174,391.83118
34.75243,391.83118
34.769867,392.70526
34.78666,392.70526
34.80431,392.3509
34.82052,392.3509
34.83486,392.3509
34.8554,392.1715
34.869484,392.1715
34.88771,391.94202
34.904434,391.94202
34.91852,391.94202
34.9371,392.0769
34.951996,392.0769
34.970383,392.17834
34.98493,392.17834
35.001904,392.17834
35.020206,391.88214
35.03579,391.88214
35.05395,392.20453
35.068726,392.20453
35.086193,392.17914
35.10282,392.17914
35.118034,392.17914
35.14088,392.54852
35.152985,392.54852
35.170753,392.588
35.186687,392.588
35.20375,391.85712
35.22077,391.85712
35.23497,391.85712
35.256104,391.81348
35.270382,391.81348
35.285576,392.38837
35.3048,392.38837
35.319798,392.38837
35.336376,392.38257
35.352776,392.38257
35.374165,392.5318
35.38545,392.5318
35.40267,392.5318
35.420547,391.627
35.4369,391.627
35.452652,392.46454
35.470173,392.46454
35.48623,392.29413
35.502422,392.29413
35.518272,392.29413
35.537903,391.88037
35.553085,391.88037
35.570778,391.87415
35.58559,391.87415
35.60415,392.02216
35.62096,392.02216
35.636154,392.02216
35.65371,392.02216
35.66977,392.02216
35.68709,392.48907
35.703205,392.48907
35.719986,392.48907
35.73747,392.7409
35.75169,392.7409
35.77048,391.88385
35.785767,391.88385
35.803738,391.91205
35.820415,391.91205
35.835186,391.91205
35.854694,391.90814
35.86986,391.90814
35.890926,391.90814
35.904102,391.90814
35.920467,391.90814
35.937225,392.00684
35.952885,392.00684
35.97032,392.11487
35.986195,392.11487
36.003822,391.89136
36.020638,391.89136
36.034576,391.89136
36.05462,391.09827
36.06966,391.09827
36.085205,392.539
36.104877,392.539
36.129986,392.29126
36.142838,392.29126
36.154274,392.29126
36.172695,392.24304
36.19004,392.24304
36.207115,392.82855
36.22136,392.82855
36.23754,392.82855
36.25468,392.48114
36.271477,392.48114
36.28941,392.11664
36.306236,392.11664
36.33935,391.4441
36.35098,391.4441
36.365295,391.8808
36.381367,391.8808
36.398018,391.8808
36.417175,392.3891
36.430683,392.3891
36.45054,393.68164
36.463543,393.68164
36.481697,393.68164
36.49918,393.36523
36.513683,393.36523
36.532867,394.9192
36.54848,394.9192
36.564564,394.68134
36.582428,394.68134
36.596752,394.68134
36.616848,394.68134
36.631752,394.68134
36.65217,394.31818
36.66419,394.31818
36.681797,394.31818
36.700047,395.755
36.715538,395.755
36.732277,396.89642
36.747677,396.89642
36.76573,397.85486
36.785915,397.85486
36.797703,397.85486
36.81592,398.8852
36.831432,398.8852
36.84761,399.8374
36.864826,399.8374
36.881237,399.8374
36.898026,401.08392
36.914787,401.08392
36.933334,403.05707
36.94754,403.05707
36.9637,403.0586
36.983105,403.0586
36.997654,403.0586
37.017254,404.1142
37.03169,404.1142
37.049786,405.68652
37.06475,405.68652
37.081802,405.68652
37.09934,407.09723
37.114643,407.09723
37.13243,408.98956
37.148106,408.98956
37.163757,409.50568
37.1831,409.50568
37.19776,409.50568
37.216084,410.44708
37.231106,410.44708
37.254093,412.00635
37.263855,412.00635
37.28142,412.00635
37.299095,412.6703
37.314228,412.6703
37.333004,413.8852
37.348255,413.8852
37.364555,415.0094
37.382225,415.0094
37.397778,415.0094
37.41656,415.41388
37.43152,415.41388
37.45034,417.16974
37.464294,417.16974
37.482002,417.16974
37.499798,418.79462
37.515076,418.79462
37.538296,419.90332
37.548927,419.90332
37.564564,421.9688
37.583263,421.9688
37.597904,421.9688
37.616436,423.15247
37.630787,423.15247
37.651783,424.8377
37.664867,424.8377
37.681168,424.8377
37.7002,425.4533
37.713646,425.4533
37.732178,427.4779
37.748257,427.4779
37.765686,427.63837
37.782345,427.63837
37.797997,427.63837
37.81609,429.07367
37.83158,429.07367
37.849358,430.2121
37.86429,430.2121
37.881256,430.2121
37.897846,431.6385
37.914272,431.6385
37.93429,433.48712
37.948162,433.48712
37.96622,434.97778
37.98315,434.97778
37.99865,434.97778
38.01607,436.45575
38.030838,436.45575
38.050453,438.36755
38.065323,438.36755
38.081554,438.36755
38.099686,439.31628
38.11491,439.31628
38.13264,441.54205
38.14875,441.54205
38.16794,441.54205
38.188347,442.9052
38.200806,442.9052
38.21681,444.6842
38.23188,444.6842
38.24997,447.10986
38.264008,447.10986
38.280704,447.10986
38.29817,448.41498
38.314316,448.41498
38.332718,449.35236
38.346954,449.35236
38.367188,451.15723
38.3829,451.15723
38.39689,451.15723
38.416313,450.7536
38.430954,450.7536
38.450474,452.727
38.46512,452.727
38.48078,452.727
38.499947,453.3053
38.514538,453.3053
38.532394,454.9478
38.549023,454.9478
38.565754,455.24078
38.582806,455.24078
38.598907,455.24078
38.616985,457.062
38.63071,457.062
38.652454,459.11517
38.663746,459.11517
38.68263,459.11517
38.700275,460.69775
38.713448,460.69775
38.733974,461.57605
38.749287,461.57605
38.76477,464.01685
38.78289,464.01685
38.798546,464.01685
38.81662,464.26074
38.831856,464.26074
38.848415,465.89807
38.864517,465.89807
38.88176,465.89807
38.89848,465.67987
38.913586,465.67987
38.934135,466.62274
38.948254,466.62274
38.964005,467.23547
38.98153,467.23547
38.996506,467.23547
39.015965,467.12848
39.03119,467.12848
39.049732,467.55096
39.065,467.55096
39.081917,467.55096
39.0999,467.63757
39.11428,467.63757
39.13574,467.6087
39.14843,467.6087
39.165966,467.3396
39.1828,467.3396
39.198734,467.3396
39.216915,467.51624
39.230377,467.51624
39.249264,467.64124
39.26532,467.64124
39.282524,467.64124
39.30013,467.15137
39.31482,467.15137
39.33292,467.69214
39.34823,467.69214
39.365574,467.94232
39.3818,467.94232
39.39857,467.94232
39.41633,467.94232
39.431957,467.94232
39.449177,467.50458
39.465137,467.50458
39.48206,467.50458
39.500885,466.76715
39.514866,466.76715
39.531593,467.09857
39.54859,467.09857
39.565804,466.82904
39.583454,466.82904
39.598488,466.82904
39.6163,467.10748
39.630608,467.10748
39.650986,465.98456
39.666153,465.98456
39.682537,465.98456
39.699127,466.50952
39.714413,466.50952
39.73388,466.13257
39.748768,466.13257
39.76657,466.0515
39.782784,466.0515
39.79899,466.0515
39.816452,466.01434
39.840927,466.01434
39.853542,464.51587
39.866314,464.51587
39.88481,464.3971
39.90136,464.3971
39.915344,464.3971
39.935978,464.4806
39.95364,464.4806
39.969524,464.4806
39.984264,464.4806
40.000492,464.4806
40.019623,465.14563
40.034107,465.14563
40.051476,464.5047
40.06654,464.5047
40.08402,464.27618
40.10246,464.27618
40.117085,464.27618
40.13336,464.91315
40.149673,464.91315
40.16747,465.0877
40.183117,465.0877
40.200024,465.0877
40.21855,465.04132
40.234264,465.04132
40.25129,464.5628
40.26758,464.5628
40.284286,464.32343
40.30003,464.32343
40.31608,464.32343
40.332825,464.12646
40.34946,464.12646
40.367054,465.03168
40.383896,465.03168
40.399223,465.03168
40.418365,464.40588
40.43321,464.40588
40.45504,464.477
40.466934,464.477
40.48405,464.84943
40.50169,464.84943
40.51702,464.84943
40.53425,464.8028
40.55005,464.8028
40.56663,463.92535
40.584408,463.92535
40.600258,463.92535
40.617752,463.6914
40.63293,463.6914
40.65117,464.70776
40.669518,464.70776
40.68537,464.9431
40.70085,464.9431
40.717365,464.9431
40.73519,464.33044
40.749847,464.33044
40.768394,464.72302
40.78365,464.72302
40.800117,464.72302
40.819912,464.60272
40.833206,464.60272
40.85161,464.43707
40.8674,464.43707
40.8845,463.58966
40.902084,463.58966
40.91724,463.58966
40.935413,463.6989
40.94989,463.6989
40.969505,463.3628
40.982903,463.3628
40.99882,463.3628
41.018433,463.4204
41.03398,463.4204
41.05071,463.7119
41.066257,463.7119
41.08369,463.69635
41.10103,463.69635
41.117664,463.69635
41.134792,464.2
41.150528,464.2
41.168358,464.2588
41.18427,464.2588
41.200382,464.2588
41.218502,462.46948
41.23332,462.46948
41.250935,462.53516
41.266518,462.53516
41.28384,462.3333
41.301476,462.3333
41.316288,462.3333
41.335457,462.3333
41.35082,462.3333
41.36906,462.6322
41.384937,462.6322
41.399826,462.6322
41.418015,462.6322
41.432915,462.6322
41.45144,462.80743
41.468143,462.80743
41.48403,462.7879
41.501278,462.7879
41.516376,462.7879
41.53301,462.76202
41.55019,462.76202
41.56811,463.03693
41.583664,463.03693
41.60073,463.03693
41.618473,462.9358
41.633953,462.9358
41.650036,462.91718
41.668755,462.91718
41.68488,463.0301
41.702103,463.0301
41.716496,463.0301
41.735218,462.78503
41.749603,462.78503
41.76824,462.30695
41.783653,462.30695
41.800705,462.30695
41.817833,462.12463
41.83334,462.12463
41.852493,462.6327
41.866673,462.6327
41.884583,462.28656
41.90141,462.28656
41.924866,462.28656
41.94143,462.18713
41.95036,462.18713
41.966682,462.18713
41.9844,462.18713
42.0011,462.18713
42.01898,462.6745
42.032776,462.6745
42.052105,461.98206
42.06783,461.98206
42.083984,461.87573
42.09999,461.87573
42.116833,461.87573
42.13545,462.04358
42.15006,462.04358
42.16864,461.0221
42.183323,461.0221
42.19991,461.0221
42.21752,461.08777
42.234013,461.08777
42.25133,461.3504
42.266525,461.3504
42.284054,461.15607
42.30037,461.15607
42.316383,461.15607
42.334316,461.27686
42.3509,461.27686
42.3666,461.00604
42.384224,461.00604
42.400486,461.00604
42.4181,459.648
42.4323,459.648
42.454803,458.2588
42.468475,458.2588
42.48421,456.2751
42.500744,456.2751
42.51701,456.2751
42.53539,455.14105
42.550026,455.14105
42.57201,453.8675
42.583584,453.8675
42.599644,453.8675
42.618484,453.25232
42.633484,453.25232
42.651608,451.56665
42.667473,451.56665
42.684612,449.86627
42.701256,449.86627
42.715664,449.86627
42.73483,448.21716
42.75033,448.21716
42.767994,446.6275
42.78561,446.6275
42.80058,446.6275
42.81766,444.23273
42.83308,444.23273
42.851597,443.1289
42.8668,443.1289
42.883244,443.1289
42.901814,440.56854
42.91577,440.56854
42.93613,438.99445
42.949753,438.99445
42.96672,437.55853
42.984802,437.55853
42.999874,437.55853
43.01814,436.06805
43.032738,436.06805
43.05124,434.5199
43.06812,434.5199
43.084366,432.8595
43.1001,432.8595
43.116524,432.8595
43.135693,432.93085
43.14984,432.93085
43.168564,430.88892
43.1826,430.88892
43.200516,430.88892
43.217113,429.9046
43.233112,429.9046
43.251186,428.01465
43.26775,428.01465
43.285603,426.97443
43.301003,426.97443
43.316265,426.97443
43.33415,426.41217
43.350433,426.41217
43.368275,425.50323
43.383522,425.50323
43.40048,425.50323
43.41734,424.4212
43.43369,424.4212
43.455013,423.2378
43.46685,423.2378
43.482998,423.2378
43.501205,421.57
43.5171,421.57
43.537617,419.69678
43.550068,419.69678
43.56979,419.2857
43.584568,419.2857
43.599934,419.2857
43.61857,418.2898
43.634693,418.2898
43.65218,416.9521
43.665813,416.9521
43.683304,416.9521
43.701927,416.19818
43.71665,416.19818
43.735363,416.31787
43.7492,416.31787
43.767094,414.87695
43.78399,414.87695
43.799847,414.87695
43.81839,414.8354
43.834324,414.8354
43.852707,413.68402
43.86753,413.68402
43.884716,414.18097
43.902557,414.18097
43.915882,414.18097
43.93644,413.4276
43.95101,413.4276
43.969364,412.52704
43.9824,412.52704
43.999878,412.52704
44.018948,411.83386
44.032753,411.83386
44.051533,411.82373
44.06741,411.82373
44.08361,409.86084
44.100533,409.86084
44.11644,409.86084
44.13634,409.32904
44.150463,409.32904
44.16699,407.81635
44.18386,407.81635
44.200184,407.81635
44.21747,407.8098
44.233044,407.8098
44.251457,407.22815
44.266834,407.22815
44.284508,407.06598
44.301376,407.06598
44.31798,407.06598
44.33451,405.97546
44.349293,405.97546
44.36904,405.96765
44.383087,405.96765
44.40061,405.96765
44.418232,405.28766
44.434097,405.28766
44.455112,405.14288
44.467297,405.14288
44.484158,404.15216
44.5009,404.15216
44.517097,404.15216
44.535675,403.34137
44.549797,403.34137
44.568775,402.9796
44.584206,402.9796
44.600327,402.9796
44.618626,403.06494
44.633453,403.06494
44.65212,401.99274
44.667267,401.99274
44.685024,401.72205
44.70199,401.72205
44.716473,401.72205
44.738243,400.758
44.750015,400.758
44.768368,401.09302
44.783684,401.09302
44.799664,401.09302
44.818745,400.69745
44.83281,400.69745
44.852184,400.65576
44.867085,400.65576
44.882393,400.65576
44.90038,399.59546
44.91595,399.59546
44.93451,399.55975
44.95061,399.55975
44.9682,398.87927
44.98507,398.87927
44.99999,398.87927
45.01761,399.04968
45.034073,399.04968
45.052513,399.3813
45.067448,399.3813
45.084408,398.90247
45.101757,398.90247
45.120182,398.90247
45.137394,397.44446
45.149563,397.44446
45.169743,397.4853
45.184204,397.4853
45.203823,397.48627
45.217686,397.48627
45.234653,397.48627
45.251907,397.1283
45.26855,397.1283
45.28725,396.75
45.302162,396.75
45.32209,396.75
45.33747,395.77576
45.351192,395.77576
45.36836,395.98547
45.38588,395.98547
45.40127,395.98547
45.41841,396.06934
45.434288,396.06934
45.454437,395.4577
45.468613,395.4577
45.484848,395.2339
45.50143,395.2339
45.518887,395.2339
45.5353,394.95172
45.55081,394.95172
45.571598,394.93878
45.583855,394.93878
45.60103,394.93878
45.620453,394.6217
45.634785,394.6217
45.65431,394.28998
45.667175,394.28998
45.685947,393.23706
45.70496,393.23706
45.71943,393.23706
45.73782,393.71863
45.753754,393.71863
45.76955,394.69397
45.78621,394.69397
45.803272,394.69397
45.81863,394.22034
45.833527,394.22034
45.85393,393.25848
45.867794,393.25848
45.88561,393.25848
45.902225,393.25848
45.917793,393.25848
45.937645,393.68665
45.95143,393.68665
45.96961,393.80066
45.984398,393.80066
46.001274,393.80066
46.01882,393.30347
46.03482,393.30347
46.05612,393.23694
46.067863,393.23694
46.08435,393.0298
46.101482,393.0298
46.117588,393.0298
46.13838,392.76056
46.15035,392.76056
46.170746,392.99664
46.185745,392.99664
46.20501,393.15332
46.219944,393.15332
46.23611,393.15332
46.254414,393.727
46.268967,393.727
46.284077,393.68237
46.30185,393.68237
46.317745,393.68237
46.336594,393.24762
46.35172,393.24762
46.370464,393.42633
46.384647,393.42633
46.40099,393.42633
46.421036,393.55054
46.433804,393.55054
46.4543,393.42035
46.46902,393.42035
46.486248,393.38623
46.504456,393.38623
46.518074,393.38623
46.53606,393.3542
46.550617,393.3542
46.56912,392.24567
46.583515,392.24567
46.599808,392.24567
46.618706,392.26392
46.6336,392.26392
46.652157,392.53632
46.667355,392.53632
46.68266,392.53632
46.702156,392.72974
46.718327,392.72974
46.73479,393.6397
46.749294,393.6397
46.768917,393.6397
46.78436,393.6397
46.799706,393.6397
46.818684,393.13495
46.833584,393.13495
46.85238,393.1126
46.86733,393.1126
46.884018,393.97998
46.9014,393.97998
46.91694,393.97998
46.9344,393.73468
46.950417,393.73468
46.966633,393.38208
46.9843,393.38208
47.00044,393.38208
47.019882,393.0644
47.034622,393.0644
47.05238,394.00903
47.06634,394.00903
47.08361,394.00903
47.100098,394.00903
47.11786,394.00903
47.13712,393.14288
47.149876,393.14288
47.17041,393.91034
47.18397,393.91034
47.201374,393.91034
47.220016,393.8576
47.23366,393.8576
47.252823,393.89252
47.2676,393.89252
47.284096,393.10687
47.302525,393.10687
47.318306,393.10687
47.33606,393.1577
47.349674,393.1577
47.36847,393.59937
47.383526,393.59937
47.40101,393.59937
47.417526,393.8117
47.43405,393.8117
47.45555,393.73157
47.46791,393.73157
47.48607,393.76068
47.500984,393.76068
47.51703,393.76068
47.53624,393.67114
47.55009,393.67114
47.56861,393.64764
47.584316,393.64764
47.60126,393.64764
47.617474,393.62457
47.63344,393.62457
47.651512,393.6391
47.668,393.6391
47.683125,393.6391
47.70166,392.84412
47.72802,392.84412
47.74462,392.84412
47.753708,392.84412
47.77217,393.10455
47.78603,393.10455
47.804043,393.10455
47.821083,393.10455
47.836433,393.10455
47.85506,392.9677
47.868996,392.9677
47.891266,392.99286
47.903275,392.99286
47.919605,392.99286
47.937836,392.46875
47.9526,392.46875
47.97386,392.46875
47.986813,392.46875
48.004623,393.09998
48.02151,393.09998
48.037834,393.09998
48.05531,393.39636
48.06927,393.39636
48.08796,393.28845
48.10328,393.28845
48.119553,393.28845
48.13728,393.28845
48.15454,393.28845
48.171646,394.0349
48.187057,394.0349
48.202686,394.0349
48.22085,394.45483
48.23775,394.45483
48.255966,394.89404
48.27071,394.89404
48.28792,394.96997
48.303295,394.96997
48.319916,394.96997
48.338623,394.83826
48.35464,394.83826
48.37119,394.8947
48.386024,394.8947
48.40326,394.8947
48.4222,394.72638
48.438114,394.72638
48.4557,396.90594
48.470776,396.90594
48.487194,396.87958
48.50454,396.87958
48.52085,396.87958
48.537888,398.58545
48.55365,398.58545
48.570694,399.53082
48.586052,399.53082
48.602386,399.53082
48.62199,401.8069
48.6365,401.8069
48.655075,402.69153
48.66938,402.69153
48.68745,405.10455
48.70458,405.10455
48.720867,405.10455
48.738033,405.93896
48.753193,405.93896
48.77152,407.63605
48.786186,407.63605
48.80424,409.37573
48.821484,409.37573
48.83626,409.37573
48.85412,411.2121
48.870014,411.2121
48.890446,412.96637
48.905025,412.96637
48.91914,412.96637
48.937958,414.89026
48.952976,414.89026
48.97198,416.31873
48.985794,416.31873
49.00519,417.9842
49.022,417.9842
49.037178,417.9842
49.055893,419.74677
49.06982,419.74677
49.091732,421.22852
49.10321,421.22852
49.121315,421.22852
49.13877,423.38232
49.152847,423.38232
49.16982,424.18207
49.186954,424.18207
49.20273,424.18207
49.22023,424.76947
49.237003,424.76947
49.254353,427.31024
49.26978,427.31024
49.289463,429.50812
49.304134,429.50812
49.319588,429.50812
49.338963,431.12836
49.353725,431.12836
49.37155,432.22125
49.386173,432.22125
49.404076,433.7093
49.42017,433.7093
49.437878,433.7093
49.454826,435.45966
49.47055,435.45966
49.48681,436.75214
49.503906,436.75214
49.51992,436.75214
49.5386,437.11145
49.554474,437.11145
49.571495,438.89227
49.585625,438.89227
49.603645,439.06665
49.621582,439.06665
49.636005,439.06665
49.654896,440.5
49.670593,440.5
49.688858,442.54492
49.70354,442.54492
49.7202,442.54492
49.738464,443.77936
49.75247,443.77936
49.771545,445.8692
49.78646,445.8692
49.804543,448.01685
49.82198,448.01685
49.836433,448.01685
49.855,449.2318
49.869396,449.2318
49.88747,451.32086
49.904087,451.32086
49.91984,451.32086
49.93749,453.09814
49.953537,453.09814
49.973766,454.08002
49.98747,454.08002
50.005314,456.13312
50.022038,456.13312
50.0363,456.13312
50.05709,458.19836
50.07018,458.19836
50.088043,459.34796
50.103367,459.34796
50.119125,459.34796
50.138927,461.5639
50.153255,461.5639
50.174313,461.82214
50.187115,461.82214
50.20235,461.82214
50.221138,463.24573
50.236313,463.24573
50.254513,464.7022
50.271553,464.7022
50.28641,466.92224
50.305527,466.92224
50.3326,467.67554
50.34469,467.67554
50.35731,467.67554
50.374084,469.24872
50.389202,469.24872
50.408867,471.4713
50.423805,471.4713
50.439053,471.4713
50.45737,474.45953
50.474342,474.45953
50.4922,476.54974
50.5067,476.54974
50.52445,479.30872
50.54187,479.30872
50.569416,480.99408
50.583122,480.99408
50.594383,480.99408
50.612766,483.14038
50.62654,483.14038
50.64495,486.04828
50.66335,486.04828
50.680626,486.04828
50.69816,487.80334
50.713947,487.80334
50.728996,490.64227
50.7455,490.64227
50.761086,490.64227
50.77811,493.2423
50.794914,493.2423
50.81183,495.6161
50.82681,495.6161
50.84607,496.59515
50.861164,496.59515
50.877346,496.59515
50.89797,497.5044
50.911224,497.5044
50.932594,497.00574
50.944317,497.00574
50.961105,497.00574
50.978065,497.5808
50.994205,497.5808
51.01198,498.15167
51.026443,498.15167
51.04388,498.66565
51.062378,498.66565
51.077614,498.66565
51.095562,498.43256
51.110737,498.43256
51.12857,498.23322
51.144875,498.23322
51.16093,498.23322
51.178272,497.88037
51.19365,497.88037
51.21238,499.12183
51.22696,499.12183
51.245464,497.62695
51.260525,497.62695
51.27701,497.62695
51.296543,495.9262
51.310684,495.9262
51.328865,496.3689
51.344986,496.3689
51.36212,496.3689
51.37965,495.1773
51.39475,495.1773
51.4128,495.62
51.42743,495.62
51.445763,494.8329
51.461807,494.8329
51.477898,494.8329
51.497738,494.4986
51.510845,494.4986
51.52869,494.87958
51.542953,494.87958
51.56023,494.87958
51.57899,495.49463
51.594463,495.49463
51.612755,495.13068
51.626587,495.13068
51.644398,494.12335
51.662548,494.12335
51.67796,494.12335
51.695683,493.432
51.711643,493.432
51.72772,493.1173
51.743576,493.1173
51.760868,493.1173
51.778717,493.15405
51.795723,493.15405
51.811783,493.1317
51.826687,493.1317
51.843983,491.66858
51.86169,491.66858
51.877983,491.66858
51.896393,492.213
51.912067,492.213
51.93244,491.73175
51.943356,491.73175
51.96165,491.73175
51.979042,491.4375
51.994194,491.4375
52.01592,491.22058
52.026573,491.22058
52.04464,490.67444
52.061802,490.67444
52.077915,490.67444
52.09793,490.232
52.11052,490.232
52.127666,490.84406
52.143646,490.84406
52.159767,490.84406
52.17857,491.58215
52.193573,491.58215
52.21307,491.58215
52.22845,491.58215
52.244244,490.54895
52.262,490.54895
52.27939,490.54895
52.29539,490.76166
52.311966,490.76166
52.328716,490.96674
52.343983,490.96674
52.360813,490.96674
52.378918,490.66302
52.395405,490.66302
52.411842,490.22052
52.42732,490.22052
52.44709,490.52094
52.46278,490.52094
52.478058,490.52094
52.496334,489.8739
52.51087,489.8739
52.528248,489.96124
52.543705,489.96124
52.55976,489.96124
52.580154,489.2337
52.593563,489.2337
52.61261,489.76758
52.629128,489.76758
52.644264,489.17493
52.66439,489.17493
52.679054,489.17493
52.695625,489.36542
52.711266,489.36542
52.730225,488.64386
52.74528,488.64386
52.760082,488.64386
52.778378,488.6491
52.79394,488.6491
52.815704,487.6717
52.82777,487.6717
52.84431,487.74164
52.862095,487.74164
52.87737,487.74164
52.89488,487.974
52.91142,487.974
52.93128,488.114
52.94355,488.114
52.9603,488.114
52.98029,488.56342
52.99474,488.56342
53.01458,488.39697
53.028915,488.39697
53.044373,488.1831
53.06304,488.1831
53.077522,488.1831
53.09583,488.1831
53.110485,488.1831
53.133495,488.08618
53.14356,488.08618
53.16179,488.08618
53.17953,488.08618
53.195274,488.08618
53.21247,487.58203
53.22785,487.58203
53.24402,487.6223
53.262424,487.6223
53.278748,487.6223
53.29482,487.8418
53.31417,487.8418
53.328472,487.75537
53.346195,487.75537
53.361206,487.75537
53.37823,487.74097
53.394527,487.74097
53.414017,488.19873
53.428524,488.19873
53.44566,486.9879
53.46208,486.9879
53.47736,486.9879
53.49541,486.44202
53.510815,486.44202
53.531292,485.5786
53.54447,485.5786
53.56153,485.5786
53.579437,485.2621
53.593555,485.2621
53.613537,485.40656
53.62823,485.40656
53.644623,485.34912
53.663757,485.34912
53.678417,485.34912
53.695797,485.3684
53.7107,485.3684
53.729477,485.2879
53.744644,485.2879
53.760662,485.2879
53.77723,485.57983
53.794674,485.57983
53.81369,485.57983
53.828896,485.57983
53.84828,484.62097
53.86373,484.62097
53.877003,484.62097
53.897293,484.36755
53.911392,484.36755
53.92839,483.53894
53.944073,483.53894
53.960278,483.53894
53.97895,483.53894
53.99394,483.53894
54.01628,483.71185
54.027454,483.71185
54.04441,483.81818
54.063213,483.81818
54.078304,483.81818
54.09709,482.89807
54.111324,482.89807
54.12923,482.83765
54.143864,482.83765
54.16122,482.83765
54.17991,482.5307
54.193775,482.5307
54.21283,482.211
54.226795,482.211
54.245213,482.19202
54.262375,482.19202
54.277153,482.19202
54.296646,482.15338
54.309864,482.15338
54.3301,481.23273
54.344044,481.23273
54.361397,481.23273
54.37878,480.74164
54.39375,480.74164
54.41298,480.51343
54.42746,480.51343
54.4461,477.8012
54.46154,477.8012
54.477562,477.8012
54.496548,475.36365
54.511044,475.36365
54.528713,473.23932
54.54498,473.23932
54.560345,473.23932
54.579468,471.9156
54.594772,471.9156
54.613678,469.45013
54.628338,469.45013
54.644665,467.76257
54.66145,467.76257
54.678288,467.76257
54.69559,466.32965
54.71013,466.32965
54.72827,463.54547
54.742867,463.54547
54.762222,463.54547
54.77926,461.91516
54.795742,461.91516
54.812313,458.8297
54.827076,458.8297
54.84748,457.18066
54.861794,457.18066
54.878185,457.18066
54.89501,456.09772
54.91028,456.09772
54.92896,454.3908
54.94405,454.3908
54.9612,454.3908
54.978477,451.9749
54.995056,451.9749
55.01237,449.7011
55.027016,449.7011
55.04516,447.375
55.0624,447.375
55.07744,447.375
55.09743,446.89545
55.11,446.89545
55.128143,444.6767
55.143433,444.6767
55.16072,444.6767
55.17866,442.0479
55.19543,442.0479
55.212902,441.05396
55.227074,441.05396
55.244793,440.53625
55.26197,440.53625
55.27719,440.53625
55.296482,438.7251
55.31179,438.7251
55.32949,436.5074
55.34435,436.5074
55.360508,436.5074
55.37868,436.45575
55.39491,436.45575
55.412888,435.04236
55.42747,435.04236
55.44524,433.32697
55.46294,433.32697
55.477215,433.32697
55.495495,431.37347
55.511658,431.37347
55.531456,430.92224
55.5447,430.92224
55.56252,430.92224
55.579147,429.9693
55.593964,429.9693
55.611626,429.52185
55.6281,429.52185
55.644245,427.5542
55.664253,427.5542
55.681408,427.5542
55.69593,425.92615
55.71172,425.92615
55.72894,425.4217
55.743767,425.4217
55.760773,425.4217
55.77975,424.5
55.79555,424.5
55.811695,423.14374
55.82969,423.14374
55.84626,422.21503
55.87787,422.21503
55.888103,421.56073
55.903076,421.56073
55.918583,421.56073
55.93919,419.9085
55.951855,419.9085
55.96969,419.40485
55.98572,419.40485
56.000774,419.40485
56.019375,418.79736
56.035587,418.79736
56.053116,418.9525
56.068203,418.9525
56.085117,417.9944
56.10324,417.9944
56.118126,417.9944
56.137154,417.73438
56.150635,417.73438
56.16946,416.54486
56.18469,416.54486
56.200817,416.54486
56.219078,415.32587
56.23593,415.32587
56.252544,415.14484
56.26814,415.14484
56.285908,415.92358
56.30426,415.92358
56.318493,415.92358
56.337654,414.09998
56.352016,414.09998
56.369534,413.59485
56.384636,413.59485
56.401848,413.59485
56.42085,413.05792
56.435017,413.05792
56.453423,413.16248
56.469246,413.16248
56.485813,413.11816
56.502445,413.11816
56.51814,413.11816
56.53677,413.04877
56.551086,413.04877
56.570698,412.1327
56.58483,412.1327
56.60355,411.97278
56.61983,411.97278
56.634716,411.97278
56.655773,410.2724
56.66992,410.2724
56.685986,410.55402
56.703133,410.55402
56.718445,410.55402
56.738197,410.26965
56.750744,410.26965
56.770985,409.55627
56.784985,409.55627
56.802753,409.55627
56.820095,409.1704
56.835217,409.1704
56.852955,409.2774
56.86851,409.2774
56.88927,407.69147
56.902454,407.69147
56.91885,407.69147
56.93732,407.23553
56.952316,407.23553
56.971287,407.9925
56.98531,407.9925
57.001488,407.9925
57.020454,407.96112
57.035873,407.96112
57.054516,407.4839
57.069016,407.4839
57.084953,407.4839
57.10347,407.4839
57.11815,407.4839
57.137215,407.31146
57.151756,407.31146
57.170387,407.31146
57.185448,407.31146
57.20096,407.31146
57.219822,407.32538
57.23589,407.32538
57.25469,407.3175
57.269703,407.3175
57.286148,406.9585
57.304337,406.9585
57.318386,406.9585
57.336403,407.055
57.3527,407.055
57.37586,405.76074
57.388237,405.76074
57.401794,405.76074
57.419827,405.85962
57.434875,405.85962
57.452297,405.5274
57.468216,405.5274
57.486046,405.72205
57.503246,405.72205
57.517998,405.72205
57.537525,404.97552
57.550888,404.97552
57.57058,404.9505
57.58526,404.9505
57.602108,404.9505
57.622765,404.50806
57.63501,404.50806
57.653786,404.50806
57.6684,404.50806
57.685272,404.97852
57.703373,404.97852
57.7188,404.97852
57.73644,404.97852
57.75229,404.97852
57.770336,404.4787
57.785435,404.4787
57.802757,404.4787
57.81999,404.44702
57.8367,404.44702
57.853443,404.7561
57.868404,404.7561
57.88672,404.62347
57.902466,404.62347
57.918087,404.62347
57.936783,404.92444
57.95278,404.92444
57.97052,404.9184
57.98609,404.9184
58.00136,404.9184
58.020103,403.84332
58.034927,403.84332
58.05368,403.89966
58.06949,403.89966
58.08707,404.31714
58.102737,404.31714
58.117825,404.31714
58.13667,404.31714
58.15166,404.31714
58.16973,404.65808
58.184994,404.65808
58.201496,404.65808
58.218765,404.50964
58.2363,404.50964
58.25312,403.87073
58.26879,403.87073
58.2866,403.45264
58.302727,403.45264
58.319244,403.45264
58.337658,403.06207
58.352528,403.06207
58.37308,403.3333
58.385216,403.3333
58.4015,403.3333
58.421078,402.614
58.435394,402.614
58.453926,402.614
58.469505,402.614
58.486008,402.8423
58.50419,402.8423
58.519703,402.8423
58.536728,402.8592
58.551632,402.8592
58.569607,403.18353
58.585087,403.18353
58.601475,403.18353
58.619785,403.18353
58.634583,403.18353
58.653706,402.83936
58.669502,402.83936
58.68682,402.8758
58.703568,402.8758
58.71899,402.8758
58.73564,402.89362
58.75087,402.89362
58.769928,403.2583
58.7849,403.2583
58.801136,403.2583
58.819576,403.20947
58.834972,403.20947
58.855743,403.16895
58.868828,403.16895
58.885784,403.2342
58.90231,403.2342
58.919754,403.2342
58.93518,403.67896
58.950874,403.67896
58.973175,403.17377
58.985355,403.17377
59.001484,403.17377
59.01939,403.0274
59.035263,403.0274
59.054543,402.92883
59.069027,402.92883
59.08423,402.91583
59.10235,402.91583
59.117317,402.91583
59.13665,402.89252
59.151814,402.89252
59.169823,403.15973
59.186405,403.15973
59.202614,403.15973
59.21962,403.1089
59.235695,403.1089
59.252655,403.2055
59.268112,403.2055
59.286064,403.97412
59.302517,403.97412
59.318142,403.97412
59.336426,403.56598
59.35147,403.56598
59.369995,403.41284
59.3852,403.41284
59.402107,403.41284
59.419403,403.52264
59.435177,403.52264
59.453655,403.20123
59.469234,403.20123
59.485687,403.00934
59.503468,403.00934
59.518726,403.00934
59.536736,403.1076
59.55214,403.1076
59.56975,403.274
59.586853,403.274
59.602356,403.274
59.61951,403.29834
59.635674,403.29834
59.65384,402.07825
59.668064,402.07825
59.68719,400.14777
59.703644,400.14777
59.718044,400.14777
59.73779,399.4682
59.75179,399.4682
59.77133,399.3357
59.785233,399.3357
59.801006,399.3357
59.82056,400.01477
59.83477,400.01477
59.85325,400.425
59.869335,400.425
59.885864,400.64075
59.902863,400.64075
59.91891,400.64075
59.93675,401.56592
59.951992,401.56592
59.968994,401.20276
59.985405,401.20276
60.0,401.20276
60.0,401.20276
