0.2932918,347.03693
0.3034556,347.43207
0.31728923,347.43207
0.3343684,347.43207
0.35293123,347.84546
0.36837006,349.36572
0.38327837,349.36572
0.40138072,349.36572
0.41823804,349.77838
0.43419164,349.77838
0.4510558,351.80768
0.4672529,351.80768
0.49287367,351.80768
0.50665987,351.5417
0.51753217,351.5417
0.53798735,354.60406
0.55041,354.60406
0.5729542,355.2365
0.5850121,355.2365
0.6002463,355.2365
0.61926115,356.90997
0.6343297,356.90997
0.65082484,358.23102
0.6669269,358.23102
0.68392426,360.09717
0.7016428,360.09717
0.7175808,360.09717
0.7345124,360.09717
0.7519833,361.87317
0.7684364,362.27588
0.7857252,362.27588
0.8010894,362.27588
0.8189261,364.2536
0.8336248,364.2536
0.85370505,366.89166
0.8707135,366.89166
0.8872161,366.89166
0.9062019,369.00903
0.9177165,369.00903
0.9380964,371.3941
0.95116603,371.3941
0.96800625,372.9289
0.984103,372.9289
1.0013897,372.9289
1.0187565,376.5504
1.0338631,376.5504
1.0510533,378.34998
1.0670382,378.34998
1.0836668,378.49585
1.1018792,378.49585
1.1178143,378.49585
1.13472,380.12738
1.1510915,380.12738
1.1690515,381.54858
1.1840193,381.54858
1.2013915,381.54858
1.2193146,383.79077
1.2341763,383.79077
1.2524025,386.22742
1.2672008,386.22742
1.2857475,387.8329
1.3010927,387.8329
1.3175373,387.8329
1.3360902,388.45905
1.3501838,388.45905
1.3713955,390.365
1.3836558,390.365
1.4024184,390.365
1.419085,391.2
1.4339669,391.2
1.4538735,394.01532
1.468306,394.01532
1.4829406,394.01532
1.502107,396.04614
1.5167952,396.04614
1.5354197,399.53168
1.5510323,399.53168
1.5727445,401.69867
1.584749,401.69867
1.6013396,401.69867
1.6187077,404.7198
1.6340785,404.7198
1.6545858,406.59943
1.6671197,406.59943
1.6854014,409.15448
1.7037735,409.15448
1.7171249,409.15448
1.73503,411.25928
1.7502401,411.25928
1.7689415,414.83118
1.7853673,414.83118
1.8003879,414.83118
1.8186259,418.23016
1.833216,418.23016
1.8544,421.08398
1.8679955,421.08398
1.886313,424.74164
1.9024228,424.74164
1.9178767,424.74164
1.9349647,427.83063
1.9507394,427.83063
1.9692357,430.35016
1.982683,430.35016
2.0021026,430.35016
2.0177464,432.9201
2.0342426,432.9201
2.0513804,435.69452
2.067255,435.69452
2.089257,439.3598
2.1038542,439.3598
2.117643,439.3598
2.134688,442.16577
2.1516745,442.16577
2.1694572,443.9485
2.183299,443.9485
2.201415,443.9485
2.218055,447.409
2.2347207,447.409
2.2514622,451.23096
2.2673302,451.23096
2.2840815,454.49677
2.3016727,454.49677
2.3181162,454.49677
2.3373983,457.77246
2.3515077,457.77246
2.3693445,460.4986
2.3837357,460.4986
2.401348,460.4986
2.4192147,463.15466
2.4347458,463.15466
2.4538567,465.42816
2.4681358,465.42816
2.4849672,467.90295
2.5013838,467.90295
2.5166204,467.90295
2.5345545,468.14014
2.5517437,468.14014
2.5726423,469.36707
2.5852044,469.36707
2.6020617,469.36707
2.6197007,471.39575
2.6347282,471.39575
2.6553154,473.4588
2.6683824,473.4588
2.685409,475.26862
2.703659,475.26862
2.7181153,475.26862
2.7359405,473.46747
2.7520843,473.46747
2.7687907,471.92114
2.7847002,471.92114
2.8012257,471.92114
2.8180802,471.34283
2.8341973,471.34283
2.8522153,471.0606
2.8673563,471.0606
2.884559,470.5088
2.90124,470.5088
2.917831,470.5088
2.9355512,470.34216
2.9513183,470.34216
2.9692833,470.2121
2.9838645,470.2121
3.0010355,470.2121
3.0180047,469.12
3.0328062,469.12
3.0520349,469.0761
3.0670037,469.0761
3.0844536,469.875
3.1010282,469.875
3.1162155,469.875
3.1360567,469.35364
3.1503499,469.35364
3.17313,466.8614
3.1832528,466.8614
3.2001095,466.8614
3.216888,466.73975
3.233935,466.73975
3.2510114,466.7657
3.2670612,466.7657
3.2858336,466.54266
3.303379,466.54266
3.3168268,466.54266
3.334964,466.51312
3.3509047,466.51312
3.3697627,466.34027
3.383498,466.34027
3.401512,466.34027
3.4173915,465.02667
3.4353743,465.02667
3.4514358,464.46686
3.4678156,464.46686
3.4840462,465.7718
3.5020084,465.7718
3.5170817,465.7718
3.5359178,465.2655
3.5508394,465.2655
3.5718632,465.58923
3.5850732,465.58923
3.601833,465.58923
3.6197777,465.84247
3.6336641,465.84247
3.6525202,464.63123
3.6686616,464.63123
3.6845465,465.72137
3.7022781,465.72137
3.7171052,465.72137
3.7356997,464.9795
3.751046,464.9795
3.7728095,463.73785
3.7830205,463.73785
3.8021173,463.73785
3.819221,462.42383
3.833795,462.42383
3.851974,462.15503
3.8681984,462.15503
3.8827863,462.15503
3.9028277,462.5714
3.9169908,462.5714
3.936327,462.45776
3.9507847,462.45776
3.9699187,461.71173
3.9838743,461.71173
4.001896,461.71173
4.018749,461.83386
4.033196,461.83386
4.051403,462.57312
4.068413,462.57312
4.0838356,462.57312
4.101318,462.57312
4.11736,462.57312
4.1345916,462.3603
4.150515,462.3603
4.16762,462.4275
4.1848717,462.4275
4.201218,462.4275
4.2174153,462.01978
4.2336845,462.01978
4.254766,462.07483
4.2676535,462.07483
4.284365,463.00415
4.3010826,463.00415
4.3172746,463.00415
4.335392,463.7732
4.350278,463.7732
4.3667746,463.27057
4.3842783,463.27057
4.400599,463.27057
4.4189873,463.27057
4.4346256,463.27057
4.4520025,463.76923
4.46877,463.76923
4.4844484,462.3557
4.502372,462.3557
4.5180984,462.3557
4.538356,461.09436
4.5497003,461.09436
4.5717173,460.95044
4.5891256,460.95044
4.600791,460.95044
4.6180387,460.83386
4.633655,460.83386
4.651885,460.83386
4.6669407,460.83386
4.684663,461.0
4.7019496,461.0
4.718179,461.0
4.7352667,460.96344
4.7518234,460.96344
4.7680326,461.41284
4.784158,461.41284
4.8013916,461.41284
4.819801,461.41284
4.833962,461.41284
4.8556166,461.4737
4.8666697,461.4737
4.883918,461.4737
4.900953,461.4737
4.917881,461.4737
4.9362516,460.7857
4.95053,460.7857
4.968671,460.7857
4.983884,460.7857
5.0011835,460.7857
5.018201,461.8
5.0347667,461.8
5.050464,461.81207
5.0672975,461.81207
5.08491,461.39325
5.101433,461.39325
5.117626,461.39325
5.135062,461.18005
5.150606,461.18005
5.1668787,460.66785
5.184629,460.66785
5.201604,460.66785
5.218804,460.5
5.233054,460.5
5.2543416,460.3133
5.267272,460.3133
5.283745,458.68152
5.3015213,458.68152
5.316364,458.68152
5.3352313,458.89105
5.350497,458.89105
5.368129,459.3045
5.384605,459.3045
5.400489,459.3045
5.418603,458.59106
5.4353094,458.59106
5.4509354,459.07544
5.4672823,459.07544
5.4836655,459.07544
5.503191,459.42157
5.5165386,459.42157
5.5362515,459.15564
5.551206,459.15564
5.568237,459.95618
5.584209,459.95618
5.60004,459.95618
5.6189294,459.97827
5.6330776,459.97827
5.651223,458.90082
5.667086,458.90082
5.684275,458.8814
5.702675,458.8814
5.71673,458.8814
5.738637,458.73737
5.752029,458.73737
5.773849,458.73737
5.7837677,458.73737
5.801659,458.73737
5.819126,459.01257
5.8330965,459.01257
5.8544536,459.69965
5.8679576,459.69965
5.884651,459.96826
5.904755,459.96826
5.917789,459.96826
5.935439,459.9527
5.951531,459.9527
5.96814,459.57446
5.9836783,459.57446
6.0017657,459.57446
6.019761,459.2874
6.0340447,459.2874
6.051137,458.01587
6.066281,458.01587
6.084674,457.9937
6.1011114,457.9937
6.116241,457.9937
6.1397266,457.4909
6.157809,457.4909
6.1756697,457.16193
6.1835966,457.16193
6.2011547,457.16193
6.217755,458.05597
6.2348022,458.05597
6.254323,457.51813
6.2677093,457.51813
6.284416,457.8551
6.301461,457.8551
6.3180795,457.8551
6.335617,457.2411
6.349641,457.2411
6.3684044,456.02856
6.384693,456.02856
6.4017997,456.02856
6.418719,454.10956
6.433419,454.10956
6.4511747,451.78094
6.466426,451.78094
6.48539,449.9466
6.5012608,449.9466
6.51789,449.9466
6.535321,447.91864
6.5514116,447.91864
6.573436,447.95636
6.5837355,447.95636
6.6016574,447.95636
6.6187587,445.94226
6.6340246,445.94226
6.6548324,443.56885
6.6682496,443.56885
6.6847854,441.41638
6.702203,441.41638
6.717944,441.41638
6.735435,439.438
6.751853,439.438
6.7735367,437.22443
6.785883,437.22443
6.801429,437.22443
6.818725,435.29834
6.8341236,435.29834
6.8515987,433.86914
6.8668995,433.86914
6.88479,431.7981
6.9020114,431.7981
6.917851,431.7981
6.938939,430.17297
6.9546514,430.17297
6.970479,427.63788
6.985302,427.63788
7.0015826,427.63788
7.0183516,424.95563
7.0344024,424.95563
7.0546494,422.5307
7.0681386,422.5307
7.0842175,422.5307
7.1006303,422.5307
7.117363,420.62952
7.1363845,419.65344
7.1497636,419.65344
7.171178,415.96698
7.183982,415.96698
7.2008786,415.96698
7.2177224,414.60748
7.2348747,414.60748
7.2523646,414.17908
7.2669606,414.17908
7.2835703,412.10272
7.3022394,412.10272
7.3177004,412.10272
7.335605,410.18982
7.3496456,410.18982
7.37013,408.4892
7.3834677,408.4892
7.400364,408.4892
7.4194174,407.9702
7.433654,407.9702
7.4510565,405.71326
7.4677067,405.71326
7.4866977,404.60364
7.5036955,404.60364
7.518111,404.60364
7.5352836,403.02686
7.5514565,403.02686
7.5687675,400.91278
7.5833397,400.91278
7.600422,400.91278
7.6189575,398.91724
7.6345463,398.91724
7.6528463,398.5963
7.6669827,398.5963
7.684728,397.12665
7.7019777,397.12665
7.718442,397.12665
7.736019,396.58777
7.749988,396.58777
7.7681503,395.53418
7.783894,395.53418
7.8011737,395.53418
7.8186026,394.03558
7.8354445,394.03558
7.8538356,393.29413
7.867986,393.29413
7.88461,391.8233
7.9044185,391.8233
7.9177732,391.8233
7.938249,391.70343
7.9513044,391.70343
7.9680066,391.7196
7.983634,391.7196
8.001205,391.7196
8.020095,390.03717
8.03546,390.03717
8.053447,390.22546
8.074483,390.22546
8.087063,388.85138
8.1021385,388.85138
8.117856,388.85138
8.135915,387.7406
8.150591,387.7406
8.17024,386.91602
8.184974,386.91602
8.201695,386.91602
8.219776,386.8047
8.234412,386.8047
8.253024,385.6353
8.26777,385.6353
8.2851515,386.6797
8.3027315,386.6797
8.317503,386.6797
8.335768,386.01202
8.350984,386.01202
8.373546,383.99286
8.383784,383.99286
8.400531,383.99286
8.418234,384.56842
8.434329,384.56842
8.452615,384.12408
8.466381,384.12408
8.484421,382.70544
8.501129,382.70544
8.518433,382.70544
8.535697,382.115
8.550893,382.115
8.568806,381.31293
8.583582,381.31293
8.59996,381.31293
8.619958,380.46295
8.63395,380.46295
8.652721,379.9746
8.667976,379.9746
8.684894,379.91504
8.701551,379.91504
8.717451,379.91504
8.734869,379.92365
8.75053,379.92365
8.7690525,378.2033
8.785679,378.2033
8.801307,378.2033
8.818812,378.2033
8.83333,378.2033
8.854419,378.22095
8.866978,378.22095
8.883873,377.84003
8.902135,377.84003
8.919382,377.84003
8.936073,376.7782
8.952222,376.7782
8.972707,376.4157
8.985675,376.4157
9.001248,376.4157
9.01881,375.44354
9.033684,375.44354
9.052328,375.45148
9.067863,375.45148
9.084794,375.7099
9.102258,375.7099
9.117653,375.7099
9.1354475,375.86145
9.1506,375.86145
9.167248,375.9245
9.184725,375.9245
9.2004595,375.9245
9.217766,375.6087
9.235104,375.6087
9.253405,374.7697
9.266724,374.7697
9.28475,374.14038
9.301549,374.14038
9.316848,374.14038
9.3365,373.875
9.351057,373.875
9.3669195,374.60236
9.383738,374.60236
9.400462,374.60236
9.41922,372.79047
9.433733,372.79047
9.452224,372.72223
9.46775,372.72223
9.485236,373.70154
9.50252,373.70154
9.518275,373.70154
9.534649,373.54437
9.550646,373.54437
9.572311,373.56293
9.583909,373.56293
9.600719,373.56293
9.618147,373.2932
9.633328,373.2932
9.653443,373.8228
9.666477,373.8228
9.684259,374.35223
9.701291,374.35223
9.7173605,374.35223
9.736544,373.34802
9.751389,373.34802
9.771111,373.29083
9.788891,373.29083
9.800687,373.29083
9.819338,373.44
9.833291,373.44
9.852415,373.38287
9.866401,373.38287
9.8846655,371.87854
9.902012,371.87854
9.919003,371.87854
9.937323,371.7306
9.951292,371.7306
9.968366,370.75708
9.984685,370.75708
10.002936,370.75708
10.019208,371.0
10.034975,371.0
10.052287,371.542
10.068438,371.542
10.084169,371.55682
10.101748,371.55682
10.116935,371.55682
10.134312,371.3498
10.150072,371.3498
10.170115,370.99573
10.184938,370.99573
10.200776,370.99573
10.219526,371.5714
10.234918,371.5714
10.251644,371.30432
10.267441,371.30432
10.286981,371.30432
10.301572,371.92517
10.317899,371.92517
10.336814,371.94397
10.349847,371.94397
10.367966,371.75342
10.384812,371.75342
10.402144,371.75342
10.420649,371.75342
10.437332,371.41284
10.454877,372.5752
10.471488,372.5752
10.487152,372.37177
10.502384,372.37177
10.518533,372.37177
10.53664,372.24347
10.552489,372.24347
10.568149,372.35468
10.584818,372.35468
10.5998335,372.35468
10.619574,371.3299
10.633952,371.3299
10.652525,371.69202
10.667438,371.69202
10.684535,372.31305
10.703697,372.31305
10.717365,372.31305
10.736443,372.3
10.750953,372.3
10.77242,372.26892
10.784355,372.26892
10.802322,372.26892
10.81784,372.24536
10.833364,372.24536
10.851397,372.50385
10.868125,372.50385
10.88419,372.42267
10.903189,372.42267
10.918168,372.42267
10.935253,371.6266
10.9502945,371.6266
10.969403,371.4317
10.983386,371.4317
11.001491,371.4317
11.019505,371.05957
11.035465,371.05957
11.052964,371.70752
11.067927,371.70752
11.0862,371.73944
11.102624,371.73944
11.117699,371.73944
11.139062,371.73944
11.151413,371.73944
11.172886,370.98895
11.184835,370.98895
11.203475,370.98895
11.219655,370.92334
11.234859,370.92334
11.251511,372.1053
11.268267,372.1053
11.2863245,372.1053
11.301184,372.1053
11.317577,372.1053
11.338932,372.4286
11.3520775,372.4286
11.369757,372.27075
11.38474,372.27075
11.400703,372.27075
11.419409,371.35712
11.433937,371.35712
11.452092,371.03912
11.467241,371.03912
11.48561,370.50787
11.503693,370.50787
11.517454,370.50787
11.535418,370.68048
11.5506525,370.68048
11.568242,371.27466
11.583821,371.27466
11.601033,371.27466
11.618593,371.27466
11.634492,371.27466
11.65455,370.90204
11.668284,370.90204
11.684758,370.9218
11.701786,370.9218
11.717121,370.9218
11.735567,370.919
11.752849,370.919
11.769041,370.0077
11.784459,370.0077
11.802072,370.0077
11.818807,368.33948
11.833746,368.33948
11.852456,367.656
11.86892,367.656
11.885379,368.28888
11.9035225,368.28888
11.91741,368.28888
11.936452,368.04547
11.951182,368.04547
11.971945,366.2766
11.984834,366.2766
12.001037,366.2766
12.018225,366.5915
12.032813,366.5915
12.057915,367.19208
12.066706,367.19208
12.085664,367.4098
12.102945,367.4098
12.117864,367.4098
12.136599,367.06464
12.152067,367.06464
12.168276,367.10303
12.184658,367.10303
12.20076,367.10303
12.219224,367.19104
12.234567,367.19104
12.253151,366.39264
12.268752,366.39264
12.284278,366.86182
12.302867,366.86182
12.317841,366.86182
12.335695,366.75256
12.351196,366.75256
12.369653,366.7727
12.383748,366.7727
12.402093,366.7727
12.419576,367.77515
12.433479,367.77515
12.452752,367.26105
12.467764,367.26105
12.484488,368.98126
12.502868,368.98126
12.518707,368.98126
12.535123,370.94586
12.550483,370.94586
12.568955,372.89087
12.583919,372.89087
12.600288,372.89087
12.618999,375.32
12.63533,375.32
12.652335,374.13336
12.668706,374.13336
12.6877775,376.2461
12.70191,376.2461
12.716841,376.2461
12.737437,376.4856
12.751614,376.4856
12.768728,377.5699
12.785049,377.5699
12.80151,377.5699
12.818721,379.09857
12.834194,379.09857
12.85345,380.59674
12.867298,380.59674
12.885294,382.19635
12.90257,382.19635
12.918929,382.19635
12.937265,384.08948
12.953034,384.08948
12.969885,385.8285
12.985025,385.8285
13.001868,385.8285
13.019493,385.0705
13.033677,385.0705
13.052023,387.0428
13.067808,387.0428
13.085506,388.5442
13.100926,388.5442
13.116701,388.5442
13.1381445,390.80066
13.151672,390.80066
13.170361,392.26648
13.184841,392.26648
13.20084,392.26648
13.219123,392.4286
13.233934,392.4286
13.252046,392.99036
13.268226,392.99036
13.284742,394.5534
13.303009,394.5534
13.318485,394.5534
13.334846,396.45886
13.350921,396.45886
13.368265,397.91644
13.384644,397.91644
13.402076,397.91644
13.420003,398.2107
13.4388895,398.2107
13.452965,400.54156
13.468322,400.54156
13.486872,400.31708
13.502949,400.31708
13.517824,400.31708
13.537081,401.95465
13.551195,401.95465
13.569438,403.4425
13.583157,403.4425
13.623556,404.94574
13.64,404.94574
13.654798,403.96155
13.67019,403.96155
13.685965,404.7254
13.702131,404.7254
13.718182,404.7254
13.7369175,404.87762
13.751424,404.87762
13.770238,405.25818
13.785362,405.25818
13.801307,405.25818
13.819221,405.61603
13.83555,405.61603
13.853606,406.7265
13.868046,406.7265
13.884502,408.56775
13.904706,408.56775
13.918535,408.56775
13.936092,408.56775
13.952256,408.56775
13.970625,407.2323
13.985752,407.2323
14.003836,407.2895
14.018925,407.2895
14.035602,407.2895
14.055835,408.6881
14.067595,408.6881
14.085516,409.23834
14.102361,409.23834
14.119009,409.23834
14.135751,409.0678
14.151928,409.0678
14.169957,409.66168
14.186,409.66168
14.20264,409.66168
14.219608,409.49097
14.235594,409.49097
14.254664,409.48407
14.268895,409.48407
14.284671,409.49335
14.30354,409.49335
14.318528,409.49335
14.337441,409.18665
14.353067,409.18665
14.370412,410.73444
14.384425,410.73444
14.402469,410.73444
14.420062,410.6875
14.435303,410.6875
14.454675,409.6731
14.469223,409.6731
14.484946,409.78796
14.504265,409.78796
14.518596,409.78796
14.53672,409.67035
14.553051,409.67035
14.570466,409.71234
14.585302,409.71234
14.601561,409.71234
14.620469,409.32928
14.635607,409.32928
14.655338,409.2818
14.668408,409.2818
14.685619,409.31763
14.704582,409.31763
14.719611,409.31763
14.736914,409.65955
14.751998,409.65955
14.770725,410.37933
14.786909,410.37933
14.801678,410.37933
14.819435,410.25494
14.8371,410.25494
14.853041,410.6469
14.869408,410.6469
14.884546,410.6469
14.903175,410.6469
14.919763,410.6469
14.937208,410.75903
14.951958,410.75903
14.970363,410.78217
14.985773,410.78217
15.003856,409.83032
15.020367,409.83032
15.035836,409.83032
15.0561495,410.0277
15.0696535,410.0277
15.086177,410.0
15.103378,410.0
15.118502,410.0
15.138063,409.78455
15.151536,409.78455
15.170632,409.97437
15.186024,409.97437
15.203177,409.97437
15.220704,409.83948
15.235112,409.83948
15.25325,410.64343
15.269093,410.64343
15.286688,411.2213
15.304024,411.2213
15.318568,411.2213
15.337916,411.41412
15.351508,411.41412
15.369293,411.61194
15.384741,411.61194
15.402659,411.61194
15.420635,410.3095
15.43521,410.3095
15.454225,410.54523
15.469794,410.54523
15.485336,410.79376
15.504137,410.79376
15.518038,410.79376
15.53721,410.80884
15.55152,410.80884
15.569926,410.48297
15.586326,410.48297
15.60214,410.48297
15.620253,410.31714
15.636066,410.31714
15.652189,409.09686
15.668466,409.09686
15.685704,409.04504
15.703572,409.04504
15.718426,409.04504
15.736066,409.70172
15.752304,409.70172
15.770183,409.26794
15.785279,409.26794
15.802179,409.26794
15.820173,408.04474
15.8369465,408.04474
15.853957,408.28802
15.868636,408.28802
15.888081,409.10266
15.903172,409.10266
15.920046,409.10266
15.93688,409.10266
15.952337,409.10266
15.970245,409.04132
15.985278,409.04132
16.003954,409.33038
16.021017,409.33038
16.03641,409.33038
16.054426,408.18964
16.069162,408.18964
16.086609,408.18964
16.103102,408.18964
16.117918,408.18964
16.137226,409.15308
16.152117,409.15308
16.17162,409.1883
16.18513,409.1883
16.20231,409.1883
16.22015,409.05188
16.23531,409.05188
16.25559,408.73157
16.269089,408.73157
16.285324,408.78442
16.303265,408.78442
16.319168,408.78442
16.337816,409.22858
16.35111,409.22858
16.374546,409.53998
16.38477,409.53998
16.402332,409.53998
16.419601,409.72168
16.436287,409.72168
16.453321,409.17303
16.46874,409.17303
16.487684,409.17303
16.503977,409.17303
16.518793,409.17303
16.536835,409.67712
16.552656,409.67712
16.57143,409.53497
16.584929,409.53497
16.601421,409.53497
16.620068,408.06934
16.63524,408.06934
16.653826,408.21454
16.668066,408.21454
16.686144,408.02344
16.702774,408.02344
16.718018,408.02344
16.737963,408.19183
16.750841,408.19183
16.772964,408.19183
16.7873,406.69116
16.802591,406.69116
16.820274,407.16724
16.836433,407.16724
16.853502,407.35333
16.868301,407.35333
16.885895,407.22186
16.904287,407.22186
16.91924,407.22186
16.938269,406.99384
16.952126,406.99384
16.970587,407.18353
16.984638,407.18353
17.002724,407.18353
17.019772,407.3543
17.03577,407.3543
17.053785,408.74823
17.068296,408.74823
17.086668,407.98737
17.102219,407.98737
17.120705,407.98737
17.136515,407.81555
17.15223,407.81555
17.171513,406.63928
17.18521,406.63928
17.201645,406.63928
17.220316,406.63928
17.23491,406.63928
17.255486,407.21997
17.268915,407.21997
17.286446,406.99426
17.303156,406.99426
17.318266,406.99426
17.336765,406.71204
17.352371,406.71204
17.36985,406.70898
17.385674,406.70898
17.404234,406.4375
17.418964,406.4375
17.435495,406.4375
17.453588,406.54596
17.468891,406.54596
17.490124,406.44348
17.503561,406.44348
17.518623,406.44348
17.53733,405.8059
17.551872,405.8059
17.569479,405.82788
17.584755,405.82788
17.60321,405.82788
17.618408,405.29498
17.634937,405.29498
17.652939,405.53986
17.668974,405.53986
17.685814,405.43652
17.703161,405.43652
17.718452,405.43652
17.735823,406.026
17.752392,406.026
17.771215,406.92657
17.785673,406.92657
17.802084,406.92657
17.819809,406.29712
17.835747,406.29712
17.854237,406.29712
17.8684,406.29712
17.888344,405.9016
17.90457,405.9016
17.919867,405.9016
17.93679,406.39453
17.952991,406.39453
17.97022,405.96094
17.98517,405.96094
18.001339,405.96094
18.020851,405.30353
18.03611,405.30353
18.054085,404.83173
18.067818,404.83173
18.08651,404.83173
18.104273,404.83173
18.119038,404.83173
18.135962,405.09375
18.151978,405.09375
18.169853,405.89655
18.185692,405.89655
18.201973,405.89655
18.221006,404.18317
18.235954,404.18317
18.255585,404.8376
18.269505,404.8376
18.286198,403.68213
18.303505,403.68213
18.318558,403.68213
18.339212,402.56934
18.351719,402.56934
18.368969,399.62866
18.385784,399.62866
18.401865,399.62866
18.420818,398.54346
18.436438,398.54346
18.45294,398.78113
18.468752,398.78113
18.488081,394.84668
18.501652,394.84668
18.519659,394.84668
18.536306,394.11
18.55184,394.11
18.572262,392.5611
18.586342,392.5611
18.6027,392.5611
18.619833,391.521
18.635666,391.521
18.654152,390.20776
18.669962,390.20776
18.685812,387.91113
18.703697,387.91113
18.719078,387.91113
18.737171,386.9698
18.752672,386.9698
18.770952,385.30927
18.78671,385.30927
18.803509,384.69836
18.819145,384.69836
18.836807,384.69836
18.854874,384.13568
18.869305,384.13568
18.886633,383.52173
18.90729,383.52173
18.920555,383.52173
18.937195,382.19867
18.953043,382.19867
18.970196,381.17767
18.985706,381.17767
19.002213,381.17767
19.018764,379.12775
19.03494,379.12775
19.054413,379.15192
19.068377,379.15192
19.08573,378.83972
19.102585,378.83972
19.119427,378.83972
19.140041,378.755
19.151789,378.755
19.172768,376.76923
19.186098,376.76923
19.203909,375.47333
19.21871,375.47333
19.235111,375.47333
19.254292,374.71588
19.269972,374.71588
19.28489,373.9607
19.304499,373.9607
19.319733,373.9607
19.337963,373.0423
19.353342,373.0423
19.3712,372.91382
19.389635,372.91382
19.404987,371.62543
19.420277,371.62543
19.43638,371.62543
19.45391,370.70905
19.469807,370.70905
19.486021,369.55035
19.504324,369.55035
19.518656,369.55035
19.536907,369.26233
19.552645,369.26233
19.569593,369.39526
19.585094,369.39526
19.603401,369.39526
19.619743,369.21637
19.634987,369.21637
19.654972,368.51025
19.668383,368.51025
19.687243,368.42242
19.70327,368.42242
19.719093,368.42242
19.737295,367.33783
19.752134,367.33783
19.771177,366.82294
19.784883,366.82294
19.802828,366.82294
19.819956,366.16614
19.834717,366.16614
19.854548,365.8246
19.869284,365.8246
19.889387,365.0536
19.90575,365.0536
19.92,365.0536
19.93812,364.9068
19.95334,364.9068
19.973486,364.91156
19.98574,364.91156
20.001871,364.91156
20.02057,364.86194
20.035759,364.86194
20.056252,364.537
20.069897,364.537
20.08521,364.25977
20.103857,364.25977
20.119032,364.25977
20.136713,364.14844
20.152054,364.14844
20.16997,363.74304
20.18577,363.74304
20.202066,363.74304
20.220953,364.1493
20.23488,364.1493
20.254585,364.22974
20.269176,364.22974
20.286263,363.3297
20.302006,363.3297
20.318954,363.3297
20.337002,363.29858
20.352814,363.29858
20.370794,362.2458
20.384962,362.2458
20.402164,362.2458
20.41965,361.93817
20.435862,361.93817
20.4539,361.60138
20.469574,361.60138
20.485891,361.11963
20.503986,361.11963
20.519844,361.11963
20.537128,361.0293
20.553045,361.0293
20.570377,361.39935
20.58596,361.39935
20.602474,361.39935
20.619404,359.84644
20.635628,359.84644
20.652405,359.33197
20.670122,359.33197
20.690624,359.26416
20.70203,359.26416
20.719492,359.26416
20.737501,359.27625
20.752398,359.27625
20.769793,359.11523
20.786009,359.11523
20.803562,359.45776
20.820265,359.45776
20.835007,359.45776
20.852913,359.04395
20.868906,359.04395
20.885317,359.28796
20.902582,359.28796
20.918045,359.28796
20.937477,359.28223
20.952873,359.28223
20.974468,359.28223
20.986027,359.28223
21.001905,359.28223
21.020061,359.79346
21.035349,359.79346
21.054369,359.50635
21.068373,359.50635
21.084663,358.75
21.102148,358.75
21.11888,358.75
21.136469,358.75
21.15207,358.75
21.171103,359.1123
21.18669,359.1123
21.2031,359.1123
21.219332,359.6554
21.235903,359.6554
21.254652,358.63794
21.26913,358.63794
21.28551,358.31427
21.304861,358.31427
21.319103,358.31427
21.338087,358.79584
21.352674,358.79584
21.369062,358.82935
21.385448,358.82935
21.402266,358.82935
21.419987,358.77344
21.435389,358.77344
21.45315,358.9806
21.469475,358.9806
21.488205,358.05145
21.502436,358.05145
21.518772,358.05145
21.537148,358.09387
21.55273,358.09387
21.57406,358.88348
21.58531,358.88348
21.602394,358.88348
21.61908,359.102
21.635649,359.102
21.65631,358.89746
21.668314,358.89746
21.685326,358.89746
21.70311,358.89746
21.719538,358.89746
21.73661,359.0912
21.752726,359.0912
21.773123,358.85852
21.786789,358.85852
21.802605,358.85852
21.819738,359.0893
21.835825,359.0893
21.85369,359.0893
21.868507,359.0893
21.8882,359.67834
21.903646,359.67834
21.920698,359.67834
21.93741,359.53406
21.952322,359.53406
21.974909,359.69006
21.984928,359.69006
22.002039,359.69006
22.020954,359.9749
22.03521,359.9749
22.053137,360.06274
22.068907,360.06274
22.08637,360.06274
22.104263,360.06274
22.120308,360.06274
22.137703,360.18842
22.153166,360.18842
22.171515,359.09894
22.184685,359.09894
22.203846,359.2827
22.220045,359.2827
22.235723,359.2827
22.25665,359.33453
22.26831,359.33453
22.287905,358.2414
22.302418,358.2414
22.31921,358.2414
22.337288,358.8227
22.35314,358.8227
22.370922,357.65002
22.385462,357.65002
22.403154,357.65002
22.418972,357.9527
22.436657,357.9527
22.453857,358.5959
22.470541,358.5959
22.486248,358.4533
22.502033,358.4533
22.520098,358.4533
22.537167,359.11218
22.553009,359.11218
22.568968,359.11218
22.585169,359.11218
22.617933,358.86957
22.636005,358.86957
22.644592,358.86957
22.661013,358.86957
22.677235,358.86957
22.69482,359.4272
22.710075,359.4272
22.728596,358.98682
22.742771,358.98682
22.760572,358.98682
22.778046,358.67822
22.79346,358.67822
22.816141,358.67822
22.827406,358.67822
22.84359,358.67822
22.862143,358.35065
22.877733,358.35065
22.898182,358.3711
22.910244,358.3711
22.927235,357.36633
22.944569,357.36633
22.961723,357.36633
22.978107,357.36633
22.992863,357.36633
23.015396,357.64484
23.026663,357.64484
23.044247,358.01636
23.061035,358.01636
23.077328,358.01636
23.095675,357.77887
23.109734,357.77887
23.12987,357.67566
23.143131,357.67566
23.158829,357.67566
23.178476,357.60553
23.193274,357.60553
23.211527,358.0954
23.226599,358.0954
23.242075,358.0954
23.261648,358.25568
23.27671,358.25568
23.295378,358.25568
23.311102,358.25568
23.3299,358.13263
23.343449,358.13263
23.360062,358.13263
23.379086,358.13263
23.394133,358.13263
23.414782,357.96234
23.427267,357.96234
23.44343,358.7492
23.462454,358.7492
23.477264,358.7492
23.495989,358.08563
23.511112,358.08563
23.527498,358.43268
23.54444,358.43268
23.56069,358.43268
23.577444,357.82104
23.59355,357.82104
23.611986,357.4895
23.62757,357.4895
23.644072,357.47424
23.661057,357.47424
23.677202,357.47424
23.695427,357.38324
23.711525,357.38324
23.72885,358.58435
23.743414,358.58435
23.761559,358.58435
23.778812,358.73682
23.794468,358.73682
23.815668,358.99
23.827833,358.99
23.842918,358.99
23.861174,358.99
23.877121,358.99
23.896322,358.68628
23.911308,358.68628
23.932495,358.68628
23.943184,358.68628
23.959599,358.68628
23.978745,357.97534
23.993647,357.97534
24.011868,358.0943
24.026814,358.0943
24.044949,359.18732
24.061049,359.18732
24.077106,359.18732
24.094185,359.18732
24.110472,359.18732
24.129894,358.48608
24.143934,358.48608
24.173058,358.64746
24.187798,358.64746
24.199865,358.64746
24.21767,359.48193
24.231558,359.48193
24.250288,358.91443
24.266418,358.91443
24.282467,358.91443
24.300344,358.98712
24.316242,358.98712
24.336607,358.87653
24.349049,358.87653
24.366337,357.79437
24.383013,357.79437
24.39838,357.79437
24.416676,357.05408
24.432508,357.05408
24.449507,355.7893
24.46538,355.7893
24.481533,355.7893
24.499842,356.49823
24.515394,356.49823
24.537128,357.2099
24.549355,357.2099
24.565796,358.8421
24.583906,358.8421
24.597866,358.8421
24.621168,359.40216
24.631845,359.40216
24.650124,359.91895
24.66591,359.91895
24.680923,359.91895
24.701427,361.4065
24.7146,361.4065
24.73172,363.61676
24.748253,363.61676
24.769224,364.65717
24.783587,364.65717
24.798866,364.65717
24.818207,366.05713
24.831987,366.05713
24.851252,367.0254
24.865961,367.0254
24.8824,367.0254
24.90296,368.5681
24.916512,368.5681
24.934315,369.6584
24.950232,369.6584
24.965086,371.78723
24.983227,371.78723
24.999098,371.78723
25.017056,373.37616
25.03183,373.37616
25.049946,375.3789
25.065006,375.3789
25.082077,375.3789
25.09994,376.4635
25.115019,376.4635
25.132698,377.9643
25.148058,377.9643
25.165554,380.0
25.182163,380.0
25.198917,380.0
25.216824,381.3286
25.232252,381.3286
25.25104,382.21765
25.265263,382.21765
25.28203,382.21765
25.301043,383.4536
25.314808,383.4536
25.33317,384.62457
25.34906,384.62457
25.367409,387.2259
25.383204,387.2259
25.407757,387.64496
25.41982,387.64496
25.432074,387.64496
25.449883,388.50134
25.466925,388.50134
25.484026,389.12952
25.501776,389.12952
25.516844,389.12952
25.535192,390.38293
25.550713,390.38293
25.566021,392.4201
25.585379,392.4201
25.599705,392.4201
25.617453,393.8192
25.634392,393.8192
25.65044,395.8141
25.666227,395.8141
25.685036,397.32465
25.702354,397.32465
25.716917,397.32465
25.734682,397.74567
25.750055,397.74567
25.768726,400.70227
25.785212,400.70227
25.799667,400.70227
25.818321,401.3352
25.833107,401.3352
25.85131,403.6319
25.866299,403.6319
25.883663,404.32104
25.900785,404.32104
25.917828,404.32104
25.935217,406.1704
25.951185,406.1704
25.96917,407.6543
25.983852,407.6543
26.000513,407.6543
26.017935,409.4123
26.033539,409.4123
26.051985,411.46924
26.066706,411.46924
26.08389,411.39948
26.100323,411.39948
26.116323,411.39948
26.13362,412.5103
26.150194,412.5103
26.166702,414.4734
26.18448,414.4734
26.20072,414.4734
26.21753,416.6931
26.233894,416.6931
26.25173,418.78906
26.266506,418.78906
26.28384,419.73315
26.301468,419.73315
26.315563,419.73315
26.334656,421.3604
26.349724,421.3604
26.36573,423.1875
26.38418,423.1875
26.39944,423.1875
26.418146,424.5312
26.433512,424.5312
26.451445,425.78802
26.467392,425.78802
26.483866,427.5135
26.501287,427.5135
26.517467,427.5135
26.537868,429.29578
26.548412,429.29578
26.56961,429.29578
26.585892,430.8197
26.599424,430.8197
26.617954,433.8593
26.634354,433.8593
26.651606,434.1787
26.666466,434.1787
26.682861,434.1787
26.70145,435.82495
26.716364,435.82495
26.736769,436.0442
26.751041,436.0442
26.766237,437.12274
26.783476,437.12274
26.801018,437.12274
26.817696,437.92236
26.832659,437.92236
26.850859,437.54803
26.866745,437.54803
26.882702,437.54803
26.90202,438.73138
26.918766,438.73138
26.936066,438.0951
26.950703,438.0951
26.967424,438.0951
26.986908,438.0951
27.00128,438.0951
27.018791,437.61157
27.03517,437.61157
27.051363,437.94165
27.066431,437.94165
27.084257,438.51874
27.101393,438.51874
27.117554,438.51874
27.136358,438.7127
27.151203,438.7127
27.168425,438.46625
27.184092,438.46625
27.20015,438.46625
27.219587,438.4214
27.234394,438.4214
27.252707,436.91876
27.265657,436.91876
27.283836,436.72125
27.300531,436.72125
27.315878,436.72125
27.334908,437.247
27.348896,437.247
27.366001,437.1717
27.383623,437.1717
27.400442,437.1717
27.418201,437.3233
27.433372,437.3233
27.450941,436.7126
27.467478,436.7126
27.48408,437.279
27.501472,437.279
27.517015,437.279
27.53518,437.42108
27.550058,437.42108
27.565918,437.2284
27.586245,437.2284
27.599876,437.2284
27.617615,437.00946
27.63467,437.00946
27.651667,437.02557
27.667923,437.02557
27.684267,437.0688
27.701054,437.0688
27.716423,437.0688
27.735098,436.29907
27.750639,436.29907
27.76976,436.30377
27.783602,436.30377
27.799707,436.30377
27.817928,436.23102
27.832827,436.23102
27.851242,436.26117
27.868204,436.26117
27.884098,435.62262
27.90526,435.62262
27.916998,435.62262
27.935308,435.94214
27.9499,435.94214
27.96831,435.46442
27.984184,435.46442
28.000917,435.46442
28.018213,435.27618
28.03375,435.27618
28.050356,435.6657
28.06658,435.6657
28.083832,435.67896
28.101126,435.67896
28.115831,435.67896
28.13655,434.74548
28.149607,434.74548
28.166115,434.74548
28.183514,434.74548
28.200058,434.74548
28.216534,434.8863
28.233816,434.8863
28.250332,434.89508
28.267178,434.89508
28.283855,434.7721
28.300516,434.7721
28.317146,434.7721
28.335457,434.8083
28.351229,434.8083
28.368753,433.84857
28.38299,433.84857
28.400927,433.84857
28.419054,434.07507
28.433506,434.07507
28.451353,434.4438
28.466536,434.4438
28.483553,433.8827
28.502043,433.8827
28.516129,433.8827
28.533873,433.016
28.55044,433.016
28.5679,432.9251
28.583212,432.9251
28.599457,432.9251
28.618902,432.45544
28.632677,432.45544
28.652624,431.85248
28.665932,431.85248
28.684284,431.1906
28.701183,431.1906
28.716095,431.1906
28.735092,431.09894
28.751383,431.09894
28.772827,430.72028
28.783085,430.72028
28.799696,430.72028
28.817888,430.89844
28.833841,430.89844
28.852962,430.8941
28.865635,430.8941
28.88453,431.04926
28.904736,431.04926
28.917162,431.04926
28.935303,430.52368
28.95066,430.52368
28.973106,430.52368
28.983213,430.52368
28.99903,430.52368
29.018854,431.14636
29.03342,431.14636
29.050968,431.14636
29.065935,431.14636
29.08415,430.73444
29.099888,430.73444
29.117138,430.73444
29.134205,431.19257
29.150257,431.19257
29.167768,430.65448
29.18367,430.65448
29.200874,430.65448
29.217379,430.7282
29.232784,430.7282
29.251629,430.53845
29.266094,430.53845
29.283852,430.4356
29.299591,430.4356
29.31683,430.4356
29.335154,428.7804
29.350412,428.7804
29.368124,428.8725
29.383041,428.8725
29.399025,428.8725
29.419367,430.47693
29.433947,430.47693
29.450972,430.51428
29.467094,430.51428
29.48349,429.48907
29.50106,429.48907
29.515863,429.48907
29.53373,429.46564
29.551453,429.46564
29.568035,429.25977
29.585075,429.25977
29.59989,429.25977
29.619038,429.5949
29.634617,429.5949
29.655432,429.6975
29.667374,429.6975
29.684309,429.6975
29.701172,429.6975
29.716368,429.6975
29.734907,428.96014
29.750471,428.96014
29.767624,428.96014
29.784746,428.96014
29.801346,428.96014
29.818932,429.06134
29.834085,429.06134
29.851593,428.5266
29.867039,428.5266
29.883955,428.02246
29.901367,428.02246
29.917063,428.02246
29.935047,428.43268
29.94991,428.43268
29.968042,427.31775
29.984676,427.31775
30.000105,427.31775
30.018242,427.26984
30.034527,427.26984
30.051737,427.60828
30.066557,427.60828
30.0826,427.60828
30.101198,427.60828
30.116735,427.60828
30.134491,428.0948
30.14996,428.0948
30.172575,427.62848
30.183023,427.62848
30.201033,427.62848
30.218477,426.58173
30.233566,426.58173
30.253654,427.3761
30.26705,427.3761
30.28676,426.8084
30.302526,426.8084
30.317448,426.8084
30.335505,425.5816
30.350584,425.5816
30.368813,424.37976
30.38446,424.37976
30.401285,424.37976
30.418282,424.15558
30.433687,424.15558
30.451529,422.4077
30.467752,422.4077
30.483763,420.40002
30.502644,420.40002
30.520784,420.40002
30.537718,420.05408
30.551874,420.05408
30.568048,419.63733
30.584345,419.63733
30.600428,419.63733
30.618053,418.52295
30.634333,418.52295
30.650488,417.22186
30.666655,417.22186
30.684708,414.69232
30.701786,414.69232
30.716463,414.69232
30.734573,412.9181
30.750942,412.9181
30.76834,410.20465
30.784021,410.20465
30.800272,410.20465
30.818064,408.85065
30.83412,408.85065
30.85078,408.2088
30.866468,408.2088
30.882822,408.2088
30.901936,406.3543
30.916634,406.3543
30.935644,404.70264
30.950298,404.70264
30.967363,403.31952
30.98449,403.31952
31.001207,403.31952
31.018446,403.01093
31.033888,403.01093
31.050907,401.95667
31.067303,401.95667
31.083868,400.19623
31.101429,400.19623
31.117683,400.19623
31.134815,398.68536
31.150505,398.68536
31.168753,397.38464
31.18439,397.38464
31.200718,397.38464
31.218567,395.5625
31.232868,395.5625
31.252464,394.56757
31.26703,394.56757
31.283884,394.13605
31.299816,394.13605
31.316637,394.13605
31.336401,392.38733
31.351482,392.38733
31.368801,391.30518
31.38301,391.30518
31.399885,391.30518
31.418997,390.86047
31.434282,390.86047
31.45244,390.25183
31.468166,390.25183
31.486061,388.7906
31.501505,388.7906
31.516586,388.7906
31.534443,387.4856
31.549282,387.4856
31.571537,387.3504
31.58432,387.3504
31.599857,387.3504
31.61841,386.36365
31.633589,386.36365
31.652365,385.96527
31.66598,385.96527
31.684042,385.8806
31.701618,385.8806
31.71678,385.8806
31.735205,383.9167
31.750242,383.9167
31.768644,382.17603
31.783867,382.17603
31.800812,382.17603
31.818893,380.24707
31.832546,380.24707
31.851994,379.62866
31.86687,379.62866
31.883001,379.62866
31.900822,379.70544
31.918215,379.70544
31.935656,379.18488
31.949898,379.18488
31.967598,377.0
31.982605,377.0
32.00127,377.0
32.018353,377.66315
32.03349,377.66315
32.05264,377.2
32.06771,377.2
32.085876,377.29657
32.101204,377.29657
32.118324,377.29657
32.13588,376.73334
32.152172,376.73334
32.169083,376.64062
32.18335,376.64062
32.199528,376.64062
32.21809,376.9135
32.234344,376.9135
32.25298,376.00372
32.26654,376.00372
32.282433,376.00372
32.30267,374.3863
32.317276,374.3863
32.33519,374.2342
32.349514,374.2342
32.366673,373.6449
32.384308,373.6449
32.39984,373.6449
32.418606,373.28247
32.433544,373.28247
32.451786,372.56042
32.46655,372.56042
32.48259,372.56042
32.500996,372.0351
32.517853,372.0351
32.535404,371.3244
32.550034,371.3244
32.567852,370.9054
32.58455,370.9054
32.600647,370.9054
32.6228,369.94507
32.63461,369.94507
32.651623,369.94507
32.667984,369.94507
32.684845,369.8092
32.70178,369.8092
32.717518,369.8092
32.735733,370.08508
32.751537,370.08508
32.768566,369.44073
32.782547,369.44073
32.799442,369.44073
32.817554,369.44073
32.8334,369.44073
32.851444,369.1255
32.867794,369.1255
32.88467,368.70587
32.90501,368.70587
32.917828,368.70587
32.93746,369.04333
32.95058,369.04333
32.967815,369.04333
32.98478,369.04333
33.00097,369.04333
33.018253,368.73444
33.03233,368.73444
33.051266,368.3562
33.06634,368.3562
33.08405,367.30865
33.10031,367.30865
33.117218,367.30865
33.134296,366.38678
33.149452,366.38678
33.166935,365.93237
33.185417,365.93237
33.200554,365.93237
33.219563,366.08417
33.233013,366.08417
33.25562,364.5841
33.26621,364.5841
33.284275,363.94824
33.302204,363.94824
33.317287,363.94824
33.337185,364.4281
33.350975,364.4281
33.367725,364.4618
33.382965,364.4618
33.40108,364.4618
33.417763,363.89362
33.43308,363.89362
33.452858,363.8551
33.466705,363.8551
33.48353,363.45117
33.501675,363.45117
33.517544,363.45117
33.53467,364.0896
33.549904,364.0896
33.566887,364.73645
33.58602,364.73645
33.600864,364.73645
33.618546,364.73645
33.63351,364.73645
33.651524,363.89966
33.66832,363.89966
33.684574,363.49042
33.70276,363.49042
33.71845,363.49042
33.73511,363.3261
33.75226,363.3261
33.768234,363.3261
33.78426,363.3261
33.79995,363.3261
33.819023,363.3885
33.83305,363.3885
33.855125,363.46924
33.867847,363.46924
33.88381,362.7677
33.90224,362.7677
33.917286,362.7677
33.935402,362.34766
33.949825,362.34766
33.967636,361.92358
33.983368,361.92358
34.001762,361.92358
34.018887,361.84937
34.03396,361.84937
34.05108,361.76678
34.067524,361.76678
34.084293,361.6786
34.10065,361.6786
34.115944,361.6786
34.135025,361.42444
34.15132,361.42444
34.170155,361.1953
34.184002,361.1953
34.20037,361.1953
34.219494,361.80743
34.23418,361.80743
34.253933,362.04272
34.268085,362.04272
34.28398,361.3355
34.301853,361.3355
34.317238,361.3355
34.335026,360.83557
34.350746,360.83557
34.36835,362.07385
34.384327,362.07385
34.40055,362.07385
34.4186,362.055
34.434143,362.055
34.451538,361.86987
34.46897,361.86987
34.483845,361.80554
34.50134,361.80554
34.51814,361.80554
34.535984,361.0705
34.5502,361.0705
34.568214,361.03546
34.583908,361.03546
34.601585,361.03546
34.61771,360.60425
34.632877,360.60425
34.65199,360.60425
34.666645,360.60425
34.684303,360.4464
34.701855,360.4464
34.716606,360.4464
34.73411,360.2386
34.74999,360.2386
34.76902,360.21088
34.783916,360.21088
34.7998,360.21088
34.817913,360.08246
34.83472,360.08246
34.850685,360.59863
34.867844,360.59863
34.884064,360.59863
34.90206,360.59863
34.917183,360.59863
34.93612,360.38464
34.949986,360.38464
34.96924,360.38464
34.98423,360.38464
35.000504,360.38464
35.0188,359.5985
35.033485,359.5985
35.055286,359.60278
35.06713,359.60278
35.08396,359.62067
35.100235,359.62067
35.117348,359.62067
35.133457,359.62067
35.161827,359.62067
35.173584,359.68347
35.186546,359.68347
35.203903,359.64386
35.22174,359.64386
35.2369,359.64386
35.255653,359.65344
35.27093,359.65344
35.29253,359.65344
35.303963,359.65344
35.31886,359.65344
35.33757,359.46234
35.353695,359.46234
35.371655,359.06995
35.386993,359.06995
35.404026,359.65796
35.421005,359.65796
35.43658,359.65796
35.455223,359.65796
35.470234,359.65796
35.486877,358.8819
35.503407,358.8819
35.519386,358.8819
35.538933,359.20502
35.55429,359.20502
35.570766,359.1939
35.586773,359.1939
35.602863,359.1939
35.621613,359.1856
35.636707,359.1856
35.655067,358.85065
35.67001,358.85065
35.687042,358.63483
35.703957,358.63483
35.71976,358.63483
35.73864,359.0769
35.753876,359.0769
35.77149,358.73193
35.786892,358.73193
35.80394,358.90558
35.82126,358.90558
35.837646,358.90558
35.855835,358.90845
35.870758,358.90845
35.889297,359.25
35.905617,359.25
35.921234,359.25
35.937023,359.2365
35.953598,359.2365
35.970383,360.04858
35.98657,360.04858
36.0045,359.19788
36.021603,359.19788
36.036526,359.19788
36.055027,359.41724
36.069393,359.41724
36.08592,359.33008
36.10418,359.33008
36.121853,359.33008
36.137558,359.13495
36.152977,359.13495
36.17204,359.45203
36.186718,359.45203
36.204166,359.0714
36.220505,359.0714
36.237637,359.0714
36.25417,359.80206
36.27067,359.80206
36.287743,359.89435
36.304787,359.89435
36.319542,359.89435
36.33757,359.89435
36.35381,359.89435
36.376007,359.26642
36.386913,359.26642
36.4026,359.26642
36.421272,358.1297
36.436504,358.1297
36.45604,357.1324
36.470753,357.1324
36.48892,357.372
36.50418,357.372
36.519875,357.372
36.538563,358.2105
36.553883,358.2105
36.57213,359.15356
36.587856,359.15356
36.603943,359.49493
36.62066,359.49493
36.636467,359.49493
36.654716,360.5772
36.670547,360.5772
36.68607,361.24915
36.70367,361.24915
36.72088,361.24915
36.738075,361.53265
36.754753,361.53265
36.770737,360.5326
36.78728,360.5326
36.80425,361.95685
36.821194,361.95685
36.837025,361.95685
36.855644,362.8327
36.870377,362.8327
36.888638,364.09418
36.904327,364.09418
36.921383,364.09418
36.938637,365.25623
36.954178,365.25623
36.970604,366.81207
36.986618,366.81207
37.01167,367.4035
37.02312,367.4035
37.036793,367.4035
37.055706,369.07794
37.071033,369.07794
37.08831,369.8957
37.103436,369.8957
37.120907,369.8957
37.139263,372.44055
37.153194,372.44055
37.170204,373.27576
37.186237,373.27576
37.203796,375.43976
37.220894,375.43976
37.237118,375.43976
37.255898,376.57513
37.269375,376.57513
37.28956,378.23358
37.3046,378.23358
37.320225,378.23358
37.337635,379.1255
37.353287,379.1255
37.37495,380.82355
37.38743,380.82355
37.40433,381.88055
37.420372,381.88055
37.437206,381.88055
37.45426,383.4151
37.46941,383.4151
37.4866,384.03247
37.504353,384.03247
37.51961,384.03247
37.53906,386.38623
37.554634,386.38623
37.576992,387.3263
37.5882,387.3263
37.60543,389.7574
37.622215,389.7574
37.638096,389.7574
37.655712,390.71033
37.670563,390.71033
37.691265,393.0
37.704056,393.0
37.71998,393.0
37.737614,396.0213
37.75358,396.0213
37.770817,396.7975
37.78789,396.7975
37.80399,399.43115
37.820545,399.43115
37.836414,399.43115
37.85466,401.50586
37.869762,401.50586
37.88741,400.91638
37.90372,400.91638
37.92112,400.91638
37.93775,402.73285
37.95259,402.73285
37.971764,403.55328
37.98744,403.55328
38.00423,404.80804
38.021034,404.80804
38.03785,404.80804
38.055435,406.58063
38.069862,406.58063
38.08952,407.21576
38.10387,407.21576
38.12109,407.21576
38.13848,408.72388
38.153873,408.72388
38.171204,409.77655
38.187813,409.77655
38.20384,411.53314
38.222313,411.53314
38.236225,411.53314
38.256126,412.53302
38.270874,412.53302
38.289318,412.74182
38.302937,412.74182
38.319458,412.74182
38.338226,414.1543
38.355133,414.1543
38.37597,415.12573
38.387085,415.12573
38.405136,415.12573
38.422302,415.72675
38.437588,415.72675
38.456753,416.95
38.470913,416.95
38.48786,417.96674
38.503357,417.96674
38.52056,417.96674
38.538727,419.021
38.55364,419.021
38.57083,419.32135
38.586773,419.32135
38.604347,420.3963
38.62145,420.3963
38.637,420.3963
38.65422,420.9734
38.669952,420.9734
38.688053,420.91034
38.703068,420.91034
38.720016,420.91034
38.73755,421.7282
38.75315,421.7282
38.770733,421.3396
38.78703,421.3396
38.80378,422.2541
38.821133,422.2541
38.836864,422.2541
38.854,423.53754
38.870197,423.53754
38.888332,423.0086
38.90533,423.0086
38.920383,423.0086
38.938736,422.39185
38.95376,422.39185
38.97104,422.32806
38.987316,422.32806
39.00264,422.32806
39.021797,422.86945
39.037388,422.86945
39.054573,422.9267
39.070866,422.9267
39.087784,423.16858
39.104794,423.16858
39.12054,423.16858
39.140667,422.91962
39.152737,422.91962
39.17599,422.95947
39.186478,422.95947
39.203953,423.0995
39.221813,423.0995
39.237625,423.0995
39.255474,422.9912
39.270866,422.9912
39.2885,422.7309
39.30304,422.7309
39.321407,422.7309
39.337936,422.56128
39.353493,422.56128
39.37086,422.46594
39.387054,422.46594
39.404594,422.3899
39.421043,422.3899
39.43672,422.3899
39.456657,422.6137
39.47195,422.6137
39.491894,422.66565
39.506756,422.66565
39.52224,422.66565
39.53901,422.86102
39.554455,422.86102
39.570774,423.16718
39.586796,423.16718
39.603825,423.16718
39.620636,423.16718
39.63667,423.16718
39.654903,422.9361
39.670307,422.9361
39.688435,422.68152
39.70364,422.68152
39.719482,422.68152
39.739075,421.00598
39.75377,421.00598
39.77288,420.65894
39.78715,420.65894
39.803936,420.78973
39.82006,420.78973
39.836666,420.78973
39.85588,420.7243
39.871437,420.7243
39.891827,420.88013
39.90399,420.88013
39.919888,420.88013
39.938477,420.8034
39.953922,420.8034
39.97216,420.91266
39.99915,420.91266
40.011734,420.5
40.025585,420.5
40.040043,420.5
40.05941,420.7492
40.073948,420.7492
40.09434,420.61816
40.107216,420.61816
40.124435,421.1371
40.141224,421.1371
40.156845,421.1371
40.176434,420.40454
40.1905,420.40454
40.211777,419.9969
40.223408,419.9969
40.24806,420.18463
40.2609,420.18463
40.273315,420.18463
40.29251,418.6516
40.306835,418.6516
40.323708,419.0528
40.34135,419.0528
40.356808,419.0528
40.37703,418.753
40.39123,418.753
40.407753,419.22064
40.4229,419.22064
40.440075,419.22064
40.458454,418.2945
40.474407,418.2945
40.49186,418.2945
40.506573,418.2945
40.524975,417.8125
40.541424,417.8125
40.556774,417.8125
40.575726,416.93634
40.59196,416.93634
40.606827,416.89136
40.626015,416.89136
40.63922,416.89136
40.657547,417.42377
40.67474,417.42377
40.692215,417.50153
40.70657,417.50153
40.724277,417.45453
40.74083,417.45453
40.756588,417.45453
40.780563,416.91614
40.790436,416.91614
40.806835,416.91614
40.82556,416.91614
40.8417,416.91614
40.858982,416.3559
40.873207,416.3559
40.893913,416.3935
40.907116,416.3935
40.925636,417.14325
40.940804,417.14325
40.956802,417.14325
40.97581,417.02362
40.99081,417.02362
41.00813,417.1369
41.023167,417.1369
41.042706,417.1369
41.058086,416.98804
41.073883,416.98804
41.091904,416.2345
41.10729,416.2345
41.12355,415.61456
41.14175,415.61456
41.15775,415.61456
41.175777,415.6211
41.19051,415.6211
41.206543,415.13354
41.225704,415.13354
41.240284,415.13354
41.257774,414.31305
41.27369,414.31305
41.2913,415.31757
41.308178,415.31757
41.32401,414.919
41.342308,414.919
41.356472,414.919
41.375378,415.07037
41.390636,415.07037
41.4099,415.3485
41.42406,415.3485
41.44088,415.3485
41.45838,415.29065
41.47443,415.29065
41.49256,414.41693
41.507305,414.41693
41.525818,414.36334
41.54068,414.36334
41.557335,414.36334
41.57628,414.3681
41.59117,414.3681
41.608803,413.9071
41.623714,413.9071
41.6415,413.9071
41.65731,414.67444
41.67404,414.67444
41.693172,414.67444
41.706596,414.67444
41.724426,414.1667
41.741505,414.1667
41.757355,414.1667
41.776,414.1667
41.791534,414.1667
41.80697,414.50458
41.825047,414.50458
41.84148,414.50458
41.859516,414.32452
41.874714,414.32452
41.892708,415.32825
41.908657,415.32825
41.925594,415.06647
41.942543,415.06647
41.958546,415.06647
41.976063,414.2751
41.989468,414.2751
42.00858,414.12073
42.024693,414.12073
42.04159,414.12073
42.059864,414.211
42.074753,414.211
42.093468,413.95563
42.108017,413.95563
42.12516,414.36414
42.143406,414.36414
42.157654,414.36414
42.17734,413.7721
42.19063,413.7721
42.208275,413.05194
42.223785,413.05194
42.240414,413.05194
42.25858,413.2577
42.273754,413.2577
42.291733,412.78033
42.307907,412.78033
42.32432,412.57367
42.34193,412.57367
42.357826,412.57367
42.37547,411.60193
42.39117,411.60193
42.407806,411.09003
42.42323,411.09003
42.441074,411.09003
42.458878,410.59406
42.474163,410.59406
42.492188,408.0396
42.50631,408.0396
42.52569,406.70715
42.541767,406.70715
42.557884,406.70715
42.57551,406.90656
42.59046,406.90656
42.60935,404.489
42.629723,404.489
42.64152,404.489
42.65797,402.5
42.673378,402.5
42.692623,402.4364
42.708294,402.4364
42.72492,401.21948
42.741425,401.21948
42.75679,401.21948
42.77612,398.69208
42.792164,398.69208
42.809193,397.02625
42.824512,397.02625
42.84116,397.02625
42.859,395.79498
42.874325,395.79498
42.89359,394.78186
42.907825,394.78186
42.925343,393.70453
42.94201,393.70453
42.956345,393.70453
42.97501,392.77332
42.990204,392.77332
43.00835,390.7127
43.025776,390.7127
43.041904,390.7127
43.057285,390.26263
43.07335,390.26263
43.091522,389.7331
43.107624,389.7331
43.123863,388.52234
43.141445,388.52234
43.158073,388.52234
43.17401,386.91553
43.190605,386.91553
43.21227,386.30872
43.224213,386.30872
43.242012,386.30872
43.259045,385.49493
43.274815,385.49493
43.292713,384.7329
43.307793,384.7329
43.326225,384.7329
43.34442,384.7329
43.360706,383.33972
43.37763,383.23407
43.3897,383.23407
43.40913,381.73572
43.42438,381.73572
43.440414,381.73572
43.45788,379.74896
43.474308,379.74896
43.49114,379.33112
43.507732,379.33112
43.524647,378.84766
43.54074,378.84766
43.557976,378.84766
43.574047,378.8432
43.59216,378.8432
43.60937,378.4198
43.62467,378.4198
43.640957,378.4198
43.6576,376.16937
43.673927,376.16937
43.692295,375.29413
43.706615,375.29413
43.72507,374.938
43.74235,374.938
43.757523,374.938
43.77858,374.15808
43.790695,374.15808
43.808887,372.13806
43.8246,372.13806
43.841393,372.13806
43.858597,372.01398
43.875084,372.01398
43.894073,370.59314
43.90837,370.59314
43.92438,371.45288
43.94207,371.45288
43.95787,371.45288
43.974503,369.79926
43.990875,369.79926
44.009125,369.7445
44.02528,369.7445
44.040478,369.7445
44.057552,369.5017
44.07345,369.5017
44.091846,370.05243
44.107746,370.05243
44.12383,368.24664
44.14179,368.24664
44.157257,368.24664
44.17587,367.0498
44.19089,367.0498
44.207928,367.41785
44.223804,367.41785
44.240513,367.41785
44.258297,367.1123
44.27548,367.1123
44.292698,366.7801
44.30641,366.7801
44.324375,366.255
44.340916,366.255
44.35759,366.255
44.375153,366.57367
44.391125,366.57367
44.407883,365.6314
44.424076,365.6314
44.441128,365.6314
44.458775,365.8949
44.474342,365.8949
44.49476,365.8534
44.50666,365.8534
44.5246,365.28162
44.541397,365.28162
44.558586,365.28162
44.57577,364.9278
44.590363,364.9278
44.608562,363.24097
44.624508,363.24097
44.640194,363.24097
44.659943,363.25305
44.67615,363.25305
44.696102,364.49054
44.707966,364.49054
44.723278,364.49054
44.741585,364.69733
44.757908,364.69733
44.77636,363.29346
44.79221,363.29346
44.809185,363.30432
44.82367,363.30432
44.840588,363.30432
44.858902,363.30768
44.875248,363.30768
44.890976,363.85303
44.908855,363.85303
44.924458,363.81976
44.942345,363.81976
44.957222,363.81976
44.975464,363.81976
44.990185,363.81976
45.006676,363.6051
45.025146,363.6051
45.040596,363.6051
45.058743,363.55206
45.075066,363.55206
45.092846,362.2403
45.107796,362.2403
45.12445,362.62042
45.14296,362.62042
45.15912,362.62042
45.17668,362.1402
45.191586,362.1402
45.20995,362.1402
45.226295,362.1402
45.240963,362.1402
45.25932,360.68164
45.27531,360.68164
45.292297,360.65173
45.308395,360.65173
45.32553,360.47223
45.343052,360.47223
45.358006,360.47223
45.377052,360.57434
45.391167,360.57434
45.412495,360.98755
45.42489,360.98755
45.44114,360.98755
45.45843,360.41583
45.474937,360.41583
45.49283,360.29907
45.508427,360.29907
45.5276,359.55518
45.54256,359.55518
45.55869,359.55518
45.57536,360.22974
45.591293,360.22974
45.61312,360.33783
45.625042,360.33783
45.642357,360.33783
45.65946,360.6278
45.67485,360.6278
45.694923,360.61487
45.70774,360.61487
45.72707,359.54443
45.742313,359.54443
45.7586,359.54443
45.778374,359.48688
45.790558,359.48688
45.809845,359.77203
45.82537,359.77203
45.842346,359.77203
45.858986,359.9577
45.87507,359.9577
45.89362,359.8363
45.907143,359.8363
45.925377,359.7224
45.942738,359.7224
45.958103,359.7224
45.9771,359.48187
45.992428,359.48187
46.009983,358.94427
46.025024,358.94427
46.042263,358.94427
46.059055,359.9206
46.075203,359.9206
46.093304,359.30304
46.10819,359.30304
46.12552,360.23553
46.143795,360.23553
46.15793,360.23553
46.17747,359.373
46.19188,359.373
46.21013,360.01746
46.22485,360.01746
46.241375,360.01746
46.25842,359.33453
46.275455,359.33453
46.2924,358.94647
46.308144,358.94647
46.324837,359.38098
46.343014,359.38098
46.358845,359.38098
46.375984,359.64075
46.390865,359.64075
46.409336,359.72162
46.424892,359.72162
46.44202,359.72162
46.45815,360.04413
46.474747,360.04413
46.49534,360.4029
46.50645,360.4029
46.524815,359.7132
46.543247,359.7132
46.55711,359.7132
46.5765,359.7132
46.59171,359.7132
46.610126,359.71545
46.62448,359.71545
46.63985,359.71545
46.6581,359.44855
46.674152,359.44855
46.69321,360.1051
46.70664,360.1051
46.725403,360.59937
46.741367,360.59937
46.756622,360.59937
46.775284,359.9749
46.79185,359.9749
46.8126,359.0971
46.822678,359.0971
46.839905,359.0971
46.859318,358.97717
46.87475,358.97717
46.89532,359.0429
46.909775,359.0429
46.92488,359.14288
46.942677,359.14288
46.957245,359.14288
46.97536,359.14288
46.99016,359.14288
47.00852,359.4256
47.02493,359.4256
47.041023,359.4256
47.059193,359.22638
47.074078,359.22638
47.093155,359.60852
47.108025,359.60852
47.1253,359.60852
47.143173,359.60852
47.157715,359.60852
47.174572,359.28467
47.191055,359.28467
47.20819,359.28467
47.226517,359.28467
47.240677,359.28467
47.259674,359.74573
47.274036,359.74573
47.293182,359.90002
47.306164,359.90002
47.323994,359.31354
47.341427,359.31354
47.357765,359.31354
47.375618,359.31354
47.39043,359.31354
47.41269,359.37628
47.423706,359.37628
47.44189,359.37628
47.459435,359.37628
47.474785,359.37628
47.491325,359.9442
47.507378,359.9442
47.524315,359.9442
47.542,359.9442
47.55757,359.9442
47.576714,359.01483
47.5921,359.01483
47.608612,359.56738
47.624523,359.56738
47.641785,359.56738
47.659184,360.1089
47.674416,360.1089
47.692722,360.1089
47.708538,360.1089
47.724792,360.37012
47.741055,360.37012
47.757187,360.37012
47.77529,359.6986
47.791393,359.6986
47.808926,360.24915
47.82334,360.24915
47.84123,360.24915
47.85926,360.24915
47.87335,360.24915
47.89526,360.2063
47.90758,360.2063
47.92403,360.30743
47.942,360.30743
47.956924,360.30743
47.976307,360.05975
47.99131,360.05975
48.00736,359.57288
48.024765,359.57288
48.04071,359.57288
48.061165,359.99683
48.07358,359.99683
48.095295,359.99683
48.108456,359.99683
48.12504,359.09686
48.14271,359.09686
48.15797,359.09686
48.176693,359.6286
48.190235,359.6286
48.207733,359.9867
48.224392,359.9867
48.24048,359.9867
48.25862,359.50842
48.27394,359.50842
48.292274,359.5467
48.309044,359.5467
48.32519,359.7835
48.34126,359.7835
48.357998,359.7835
48.375492,360.0598
48.39129,360.0598
48.412605,359.9582
48.42503,359.9582
48.441463,359.9582
48.45876,359.45422
48.47549,359.45422
48.496906,358.8333
48.508915,358.8333
48.52528,360.23157
48.54194,360.23157
48.556843,360.23157
48.575283,361.6458
48.59152,361.6458
48.613003,361.09088
48.62496,361.09088
48.64232,361.09088
48.65886,361.19128
48.676853,361.19128
48.693207,361.74475
48.708595,361.74475
48.725376,362.96417
48.741234,362.96417
48.758907,362.96417
48.77503,363.8153
48.79094,363.8153
48.813744,364.9677
48.82339,364.9677
48.840313,364.9677
48.85969,365.72168
48.875496,365.72168
48.895203,368.12378
48.908348,368.12378
48.925133,367.68665
48.94206,367.68665
48.95781,367.68665
48.975864,369.51678
48.991695,369.51678
49.008793,371.34998
49.023838,371.34998
49.040924,371.34998
49.057903,373.06982
49.075302,373.06982
49.095264,374.08527
49.107273,374.08527
49.124924,374.90314
49.14101,374.90314
49.156853,374.90314
49.175945,375.73126
49.191113,375.73126
49.20788,377.6353
49.22425,377.6353
49.239986,377.6353
49.259445,378.52527
49.27477,378.52527
49.29242,380.9353
49.307594,380.9353
49.325565,380.7196
49.341022,380.7196
49.36476,380.7196
49.377384,382.96948
49.390575,382.96948
49.408043,383.5063
49.42363,383.5063
49.441135,383.5063
49.458847,384.58026
49.474182,384.58026
49.491932,386.33685
49.507187,386.33685
49.525497,387.72278
49.541042,387.72278
49.55739,387.72278
49.576607,389.1327
49.591232,389.1327
49.612137,391.61182
49.624992,391.61182
49.64053,391.61182
49.659412,392.42065
49.675243,392.42065
49.692547,394.77594
49.707745,394.77594
49.72457,395.16266
49.741142,395.16266
49.758316,395.16266
49.776836,397.15735
49.79115,397.15735
49.809425,398.25146
49.823856,398.25146
49.840992,398.25146
49.85908,399.18665
49.872982,399.18665
49.894875,399.9132
49.90699,399.9132
49.92637,401.2271
49.941723,401.2271
49.95664,401.2271
49.976223,401.49066
49.990993,401.49066
50.011425,403.52887
50.02405,403.52887
50.04091,403.52887
50.059032,404.375
50.074917,404.375
50.09218,405.08734
50.107162,405.08734
50.124355,406.7246
50.142387,406.7246
50.156204,406.7246
50.175438,408.1197
50.1909,408.1197
50.209026,409.6814
50.224503,409.6814
50.241302,409.6814
50.258297,411.09088
50.27367,411.09088
50.29099,411.89
50.30771,411.89
50.323765,413.96582
50.341904,413.96582
50.357655,413.96582
50.37664,414.51642
50.39033,414.51642
50.407936,415.43097
50.423256,415.43097
50.44156,415.43097
50.458782,415.74432
50.474567,415.74432
50.4954,415.98322
50.50701,415.98322
50.53892,416.79358
50.549934,416.79358
50.563618,417.83545
50.58038,417.83545
50.597267,417.83545
50.614468,418.05566
50.630432,418.05566
50.646297,418.08862
50.66415,418.08862
50.680042,418.08862
50.697075,418.9511
50.7129,418.9511
50.730774,420.15735
50.746376,420.15735
50.764725,420.16113
50.782326,420.16113
50.79744,420.16113
50.81525,419.95453
50.831722,419.95453
50.846737,420.81073
50.863678,420.81073
50.880123,420.81073
50.89766,421.42358
50.914295,421.42358
50.931995,421.07074
50.94659,421.07074
50.9855,421.07074
51.00236,421.07074
51.013134,421.25995
51.02693,421.25995
51.044163,420.8844
51.060387,420.8844
51.076523,420.8844
51.094875,421.97845
51.10997,421.97845
51.12766,422.15552
51.143566,422.15552
51.15989,422.15552
51.179035,421.62207
51.194115,421.62207
51.211555,421.5625
51.22724,421.5625
51.24544,421.6541
51.26088,421.6541
51.27629,421.6541
51.298874,422.55652
51.310204,422.55652
51.332005,420.73682
51.343975,420.73682
51.361107,420.73682
51.37913,420.5172
51.394203,420.5172
51.412277,421.5343
51.42774,421.5343
51.44279,421.5343
51.461864,421.5423
51.47681,421.5423
51.49593,421.68713
51.51101,421.68713
51.52847,422.3742
51.545628,422.3742
51.56114,422.3742
51.577644,422.62396
51.594193,422.62396
51.611702,422.8706
51.62585,422.8706
51.64444,423.75
51.660637,423.75
51.677845,423.75
51.698475,423.2893
51.70973,423.2893
51.732018,423.7412
51.742653,423.7412
51.759926,423.7412
51.778793,422.94244
51.79419,422.94244
51.81107,423.29327
51.82705,423.29327
51.844536,423.91534
51.860588,423.91534
51.876602,423.91534
51.89627,425.0
51.91117,425.0
51.92962,426.06616
51.9444,426.06616
51.95989,426.06616
51.977707,426.9613
52.00711,428.5161
52.02308,428.5161
52.03244,428.5161
52.049786,429.0
52.06596,429.0
52.084003,430.09937
52.10023,430.09937
52.116764,430.09937
52.13601,429.7234
52.149906,429.7234
52.16614,429.9875
52.183064,429.9875
52.199352,429.9875
52.217697,429.29883
52.2313,429.29883
52.25325,429.24554
52.265545,429.24554
52.28295,429.24554
52.301605,429.44952
52.315475,429.44952
52.33307,429.3791
52.349327,429.3791
52.367535,430.03003
52.383556,430.03003
52.39934,430.03003
52.417,430.73126
52.43152,430.73126
52.449867,431.33533
52.465576,431.33533
52.481274,431.33533
52.500103,431.3805
52.515835,431.3805
52.53289,431.10223
52.549572,431.10223
52.564857,431.07202
52.583088,431.07202
52.598923,431.07202
52.620266,430.93768
52.632484,430.93768
52.65006,430.93768
52.66473,430.93768
52.683823,431.6239
52.700466,431.6239
52.71618,431.6239
52.733047,432.09943
52.74942,432.09943
52.76882,430.20587
52.782482,430.20587
52.80051,430.20587
52.817238,429.99414
52.832264,429.99414
52.85067,430.3863
52.864624,430.3863
52.88205,430.3863
52.902466,430.2434
52.91847,430.2434
52.937206,429.7588
52.948914,429.7588
52.966206,429.36444
52.982666,429.36444
52.99974,429.36444
53.01746,428.96332
53.032116,428.96332
53.054,428.63123
53.065487,428.63123
53.084324,428.79297
53.099197,428.79297
53.114113,428.79297
53.132957,429.4383
53.14809,429.4383
53.16804,429.4079
53.182655,429.4079
53.19823,429.4079
53.216827,429.17548
53.231106,429.17548
53.24961,430.27405
53.26509,430.27405
53.281567,430.27405
53.30021,430.71948
53.31543,430.71948
53.3377,430.67847
53.3494,430.67847
53.365456,430.503
53.38279,430.503
53.398,430.503
53.418026,430.4494
53.4318,430.4494
53.449326,430.22223
53.464443,430.22223
53.484062,429.5573
53.499355,429.5573
53.514893,429.5573
53.532997,429.56287
53.548714,429.56287
53.565563,429.2976
53.58259,429.2976
53.598083,429.2976
53.61679,429.09174
53.631874,429.09174
53.649548,429.1518
53.66623,429.1518
53.684,429.06604
53.700073,429.06604
53.715847,429.06604
53.733875,429.261
53.749786,429.261
53.766155,429.47754
53.784225,429.47754
53.799816,429.47754
53.81674,429.39392
53.833206,429.39392
53.850723,429.00623
53.865173,429.00623
53.88389,428.95074
53.89986,428.95074
53.917645,428.95074
53.933266,429.03528
53.94934,429.03528
53.965946,428.36444
53.98153,428.36444
53.998516,428.36444
54.01732,428.451
54.031715,428.451
54.050682,428.13312
54.065514,428.13312
54.081875,428.13312
54.10005,428.01453
54.11544,428.01453
54.13424,427.9668
54.147743,427.9668
54.167854,426.68976
54.184032,426.68976
54.19926,426.68976
54.216717,426.9942
54.231243,426.9942
54.25457,425.8161
54.265312,425.8161
54.28198,425.8161
54.29988,426.29565
54.314953,426.29565
54.333984,425.7771
54.349476,425.7771
54.365494,425.80597
54.384007,425.80597
54.39811,425.80597
54.4171,426.17426
54.43205,426.17426
54.45084,424.8935
54.466007,424.8935
54.48391,424.48456
54.500595,424.48456
54.516148,424.48456
54.5337,424.25977
54.54866,424.25977
54.56589,423.4812
54.58331,423.4812
54.598934,423.4812
54.617027,421.27533
54.63174,421.27533
54.650158,421.1739
54.66744,421.1739
54.6832,421.1739
54.70137,419.15753
54.7151,419.15753
54.733814,418.80072
54.750675,418.80072
54.76684,417.8686
54.78379,417.8686
54.799053,417.8686
54.817287,416.52667
54.83203,416.52667
54.850048,414.94196
54.864826,414.94196
54.883778,413.41968
54.900635,413.41968
54.916912,413.41968
54.933735,411.2525
54.949043,411.2525
54.965252,410.22894
54.983414,410.22894
55.00016,410.22894
55.017967,409.0
55.03184,409.0
55.052235,408.5833
55.06468,408.5833
55.0832,408.5833
55.09957,406.14026
55.115887,406.14026
55.133636,405.36017
55.14871,405.36017
55.168045,404.12097
55.183117,404.12097
55.19986,404.12097
55.217148,404.12
55.231945,404.12
55.25105,401.24164
55.264915,401.24164
55.281998,401.24164
55.30071,399.7309
55.31514,399.7309
55.33429,399.2082
55.348793,399.2082
55.366337,398.15546
55.384144,398.15546
55.3995,398.15546
55.417503,397.49457
55.43187,397.49457
55.449726,395.65137
55.465797,395.65137
55.482124,395.65137
55.500706,394.5432
55.51572,394.5432
55.53317,394.09503
55.550087,394.09503
55.565903,392.03674
55.58183,392.03674
55.59857,392.03674
55.61621,391.01953
55.63242,391.01953
55.65037,389.93042
55.665646,389.93042
55.68513,390.09058
55.701878,390.09058
55.7178,390.09058
55.73495,388.86877
55.749508,388.86877
55.768406,388.9798
55.783,388.9798
55.798977,388.9798
55.816494,387.31464
55.831814,387.31464
55.850605,387.1189
55.864643,387.1189
55.882576,387.1189
55.901833,386.2052
55.916706,386.2052
55.93374,386.0301
55.948734,386.0301
55.965836,385.95862
55.98338,385.95862
55.999733,385.95862
56.016903,385.80078
56.03165,385.80078
56.052437,385.90552
56.066124,385.90552
56.0843,385.22388
56.099106,385.22388
56.115067,385.22388
56.137264,383.8479
56.149105,383.8479
56.16755,383.5642
56.18387,383.5642
56.199272,383.5642
56.21804,383.70392
56.2329,383.70392
56.251488,384.12067
56.265823,384.12067
56.28202,384.12067
56.299927,382.3014
56.316402,382.3014
56.338398,381.63983
56.349545,381.63983
56.366272,381.16162
56.383854,381.16162
56.39999,381.16162
56.41766,381.21094
56.43311,381.21094
56.451347,380.7782
56.467987,380.7782
56.48303,380.7782
56.5011,380.92078
56.515415,380.92078
56.53261,380.12213
56.54868,380.12213
56.56615,379.93628
56.582977,379.93628
56.598866,379.93628
56.616943,379.54437
56.632763,379.54437
56.649082,379.58234
56.665596,379.58234
56.6835,379.58234
56.700676,378.95654
56.715675,378.95654
56.733574,378.95654
56.74909,378.95654
56.76704,379.2917
56.783264,379.2917
56.799404,379.2917
56.816605,379.16058
56.831898,379.16058
56.85032,380.70612
56.864437,380.70612
56.8827,380.70612
56.900623,379.74152
56.916824,379.74152
56.936867,378.69257
56.94888,378.69257
56.96878,378.36823
56.98251,378.36823
56.99875,378.36823
57.01742,377.3252
57.031433,377.3252
57.05029,376.90613
57.0642,376.90613
57.08402,377.2641
57.100452,377.2641
57.115604,377.2641
57.13411,377.2641
57.149937,377.2641
57.166065,378.41315
57.182873,378.41315
57.19887,378.41315
57.217113,378.325
57.231403,378.325
57.24992,377.78625
57.265816,377.78625
57.282707,377.78625
57.300385,377.82007
57.314575,377.82007
57.33378,377.73285
57.34935,377.73285
57.366127,377.73285
57.38437,377.73285
57.397755,377.73285
57.417583,376.9029
57.431118,376.9029
57.449432,376.8388
57.46648,376.8388
57.482075,376.8388
57.5007,376.90442
57.51561,376.90442
57.534042,376.68524
57.549145,376.68524
57.565845,375.864
57.58373,375.864
57.59825,375.864
57.617195,376.2373
57.63282,376.2373
57.64912,376.0515
57.66427,376.0515
57.68167,376.0515
57.70032,376.0515
57.71533,376.0515
57.732597,376.99628
57.74918,376.99628
57.766582,377.2213
57.783195,377.2213
57.799274,377.2213
57.817383,376.88013
57.832844,376.88013
57.850555,377.10065
57.86542,377.10065
57.88394,377.7893
57.9008,377.7893
57.915657,377.7893
57.93661,377.77515
57.94952,377.77515
57.966312,377.5741
57.984318,377.5741
57.999664,377.5741
58.017906,377.0677
58.031906,377.0677
58.05103,376.64526
58.06554,376.64526
58.082428,376.64526
58.100605,376.64526
58.114964,376.64526
58.13408,376.75555
58.149086,376.75555
58.16696,376.64014
58.18417,376.64014
58.19829,376.64014
58.21742,378.04895
58.233,378.04895
58.251392,377.71625
58.265156,377.71625
58.281635,377.71625
58.300255,376.10315
58.315117,376.10315
58.33402,376.43347
58.348507,376.43347
58.36612,376.7102
58.382805,376.7102
58.39764,376.7102
58.41731,376.69135
58.433258,376.69135
58.450687,377.68982
58.465694,377.68982
58.484146,377.48303
58.50005,377.48303
58.51556,377.48303
58.533012,376.61768
58.54879,376.61768
58.566113,377.24066
58.582943,377.24066
58.59851,377.24066
58.616776,377.01392
58.632732,377.01392
58.649742,377.74133
58.66677,377.74133
58.681778,377.74133
58.70039,376.79297
58.71661,376.79297
58.735947,377.03937
58.74931,377.03937
58.767414,377.16602
58.782455,377.16602
58.799652,377.16602
58.817596,377.7456
58.832115,377.7456
58.849693,377.83752
58.865498,377.83752
58.88249,377.83752
58.90059,377.53137
58.915276,377.53137
58.933678,376.86365
58.948685,376.86365
58.9658,377.39233
58.983795,377.39233
58.99821,377.39233
59.016857,377.47058
59.033157,377.47058
59.049564,378.05377
59.065937,378.05377
59.083572,378.76447
59.09981,378.76447
59.115665,378.76447
59.13801,378.76447
59.148796,378.76447
59.166733,376.94873
59.182796,376.94873
59.197983,376.94873
59.218307,376.94873
59.231422,376.94873
59.251213,377.89453
59.26466,377.89453
59.282658,377.89453
59.300667,378.4577
59.315613,378.4577
59.334187,377.94678
59.348946,377.94678
59.36608,377.94678
59.384388,377.94678
59.39866,377.94678
59.41661,378.141
59.432243,378.141
59.450985,378.15692
59.46599,378.15692
59.483715,377.69397
59.499645,377.69397
59.51676,377.69397
59.532993,377.56653
59.54914,377.56653
59.56784,376.69116
59.58253,376.69116
59.598705,376.69116
59.615593,376.69257
59.6326,376.69257
59.65109,376.97162
59.665287,376.97162
59.682316,376.97162
59.700222,376.96832
59.71466,376.96832
59.734566,377.44696
59.75052,377.44696
59.76608,378.36682
59.78314,378.36682
59.79888,378.36682
59.817333,377.89532
59.832184,377.89532
59.85075,377.89532
59.866764,377.89532
59.883053,377.89532
59.903294,378.114
59.917053,378.114
59.933426,378.00983
59.95005,378.00983
59.966576,378.06128
59.982533,378.06128
59.99943,378.06128
60.0,378.06128
