0.28,94.635864
0.2991292,94.635864
0.3145532,93.938354
0.3314298,95.12372
0.34672552,95.12372
0.36456105,94.76306
0.38124257,94.76306
0.39723662,94.76306
0.4162335,97.841736
0.43682587,97.841736
0.45462155,98.5155
0.47046912,98.5155
0.4914577,100.671936
0.50360346,100.671936
0.5179287,100.671936
0.537635,100.32495
0.5515927,100.32495
0.5720422,102.5542
0.584547,102.5542
0.6035431,102.5542
0.6204678,103.62726
0.6362439,103.62726
0.6556985,106.02319
0.6694752,106.02319
0.6868258,107.28961
0.7034277,107.28961
0.71879566,107.28961
0.7369367,107.28961
0.7543364,107.22107
0.77336717,108.75757
0.7865407,108.75757
0.80352175,109.66565
0.82165676,109.66565
0.8371087,109.66565
0.8551279,110.00879
0.8692318,110.00879
0.8865613,111.00922
0.9031811,111.00922
0.9180373,111.00922
0.9379655,112.26666
0.9526076,112.26666
0.9748719,112.795166
0.9874728,112.795166
1.0047971,113.677
1.022633,113.677
1.035632,113.677
1.0552459,115.112976
1.0701839,115.112976
1.0896299,114.88922
1.1038458,114.88922
1.1190355,114.88922
1.1391915,116.40369
1.154254,116.40369
1.1722865,116.24274
1.1875763,116.24274
1.2023288,116.24274
1.2209365,117.97223
1.2369598,117.97223
1.2552266,117.405945
1.2698624,117.405945
1.2873187,118.56384
1.3049313,118.56384
1.3192164,118.56384
1.3397908,120.72479
1.3540312,120.72479
1.37325,121.38159
1.3869295,121.38159
1.4028709,121.38159
1.4220294,121.16266
1.4349738,121.16266
1.4552443,122.0
1.4703909,122.0
1.4874465,123.69324
1.5039513,123.69324
1.5193301,123.69324
1.5381072,125.726746
1.5521533,125.726746
1.57302,127.96088
1.5862423,127.96088
1.602808,127.96088
1.6210202,129.026
1.6377242,129.026
1.655693,129.06732
1.6699892,129.06732
1.6857486,128.58575
1.7050269,128.58575
1.7189015,128.58575
1.7379646,129.11664
1.7521143,129.11664
1.7776175,129.75452
1.787533,129.75452
1.8070719,129.18237
1.8214912,129.18237
1.8376179,129.18237
1.8544598,131.0528
1.8704239,131.0528
1.8854989,130.73462
1.9048421,130.73462
1.9196427,130.73462
1.9384664,131.24304
1.9533486,131.24304
1.9741435,129.9632
1.9872276,129.9632
2.0028498,130.84052
2.0211434,130.84052
2.0375671,130.84052
2.0546615,133.38702
2.0711296,133.38702
2.086912,133.052
2.1039965,133.052
2.1202452,133.052
2.1381502,135.15552
2.153161,135.15552
2.1723633,134.3963
2.1869504,134.3963
2.2024379,134.3963
2.2211635,134.98035
2.236825,134.98035
2.2540874,135.31989
2.2690947,135.31989
2.2890067,136.2351
2.3027422,136.2351
2.3205988,136.2351
2.3400638,135.35999
2.3519902,135.35999
2.3737595,135.37225
2.3882413,135.37225
2.4033132,135.73444
2.4217238,136.81189
2.4370298,136.81189
2.4547389,136.31061
2.4722745,136.31061
2.4881186,136.19385
2.504386,136.19385
2.5221353,136.19385
2.540554,137.2024
2.5553946,137.2024
2.5758834,137.83917
2.5871809,137.83917
2.603829,137.83917
2.6220298,139.90216
2.6369913,139.90216
2.6551995,139.14423
2.6701427,139.14423
2.6884089,141.13373
2.7046113,141.13373
2.7195344,141.13373
2.7388499,140.83167
2.752729,140.83167
2.769576,143.19452
2.7874074,143.19452
2.822625,143.76923
2.8351781,143.76923
2.8496737,144.1994
2.8648162,144.1994
2.8810349,144.1994
2.8983495,145.33441
2.9150553,145.33441
2.9324174,145.94397
2.9472017,145.94397
2.9652987,146.34595
2.9820547,146.34595
2.998667,146.34595
3.0193322,145.94006
3.031943,145.94006
3.053276,146.71045
3.0663762,146.71045
3.0821817,146.71045
3.1003156,147.66162
3.1147268,147.66162
3.1328537,147.70691
3.147246,147.70691
3.1683574,149.1994
3.1835334,149.1994
3.1974854,149.1994
3.2158601,149.25446
3.2304268,149.25446
3.2478256,149.8097
3.2645714,149.8097
3.2820067,149.8097
3.2992325,151.13562
3.3140395,151.13562
3.3321483,151.30591
3.349006,151.30591
3.365276,151.42468
3.38379,151.42468
3.3983724,151.42468
3.41588,150.87738
3.4328566,150.87738
3.449702,150.7143
3.463599,150.7143
3.480536,150.7143
3.5012708,150.00269
3.5143244,150.00269
3.53334,149.18439
3.547021,149.18439
3.5653605,149.29004
3.5821166,149.29004
3.598546,149.29004
3.6177297,149.72498
3.632994,149.72498
3.653854,150.67456
3.6646528,150.67456
3.6831572,150.67456
3.699619,150.64447
3.7148614,150.64447
3.7354693,150.44086
3.7476318,150.44086
3.7657194,150.14673
3.781325,150.14673
3.797761,150.14673
3.8165855,149.862
3.832737,149.862
3.851986,149.91235
3.8663936,149.91235
3.8819175,149.91235
3.9001722,149.3352
3.91596,149.3352
3.9356656,149.836
3.9489954,149.836
3.9654124,148.94293
3.9861896,148.94293
3.9988441,148.94293
4.017352,149.29596
4.0312657,149.29596
4.0503974,149.01361
4.065666,149.01361
4.0827737,149.01361
4.0995593,150.96765
4.1163487,150.96765
4.1334496,149.12683
4.148551,149.12683
4.165811,148.99078
4.1822743,148.99078
4.19773,148.99078
4.215923,150.21606
4.232448,150.21606
4.252431,151.05475
4.264467,151.05475
4.2825217,151.05475
4.2996187,150.8338
4.315771,150.8338
4.333321,150.27222
4.35019,150.27222
4.3695145,151.74237
4.385385,151.74237
4.398439,151.74237
4.4162097,151.18536
4.431467,151.18536
4.4517884,150.39246
4.4663153,150.39246
4.482282,150.39246
4.5001364,150.93481
4.516156,150.93481
4.533618,150.64813
4.5474563,150.64813
4.56539,150.2962
4.582293,150.2962
4.5984726,150.2962
4.6174054,149.7143
4.639597,149.7143
4.66251,149.7143
4.678265,149.71637
4.692524,149.9231
4.7070694,149.9231
4.724313,149.76062
4.7419953,149.48627
4.7567797,149.48627
4.774993,150.40515
4.793765,150.40515
4.8081193,150.30597
4.8239107,150.30597
4.840527,150.30597
4.861532,148.47589
4.8738637,148.47589
4.8938594,148.92798
4.906798,148.92798
4.923648,148.92798
4.9445305,149.23566
4.9570203,149.23566
4.976067,149.40936
4.98996,149.40936
5.007377,150.922
5.0237827,150.922
5.040243,150.922
5.0592284,151.17181
5.0742955,151.17181
5.0923524,151.0517
5.1059937,151.0517
5.1234975,151.55151
5.140299,151.55151
5.157458,151.55151
5.1749806,151.1449
5.1909328,151.1449
5.208516,151.4986
5.2266545,151.4986
5.2427826,151.4986
5.2608976,149.19934
5.275961,149.19934
5.2937064,150.16522
5.3102803,150.16522
5.3240066,147.58386
5.34107,147.58386
5.35524,147.58386
5.376807,147.20264
5.39005,147.20264
5.4056196,149.13794
5.4244995,149.13794
5.439014,149.13794
5.457958,149.07861
5.4729586,149.07861
5.495618,149.68372
5.505932,149.68372
5.52118,149.68372
5.540756,149.6319
5.557179,149.6319
5.574424,149.59247
5.588599,149.59247
5.608343,149.1485
5.624496,149.1485
5.638936,149.1485
5.6574864,147.70459
5.673279,147.70459
5.6914344,147.92072
5.705722,147.92072
5.723272,147.92072
5.740717,147.1803
5.755208,147.1803
5.7746096,148.0849
5.7906723,148.0849
5.80826,147.44012
5.8245745,147.44012
5.839478,147.44012
5.8574514,147.25153
5.873129,147.25153
5.8933773,148.19623
5.90698,148.19623
5.9258223,148.19623
5.9442687,149.49426
5.9572573,149.49426
5.976268,149.91064
5.9905014,149.91064
6.00674,147.01196
6.024426,147.01196
6.0396304,147.01196
6.059148,149.17792
6.072496,149.17792
6.088172,149.22614
6.106798,149.22614
6.1228504,149.31195
6.1402707,149.31195
6.1565228,149.31195
6.1734676,147.79889
6.188367,147.79889
6.2070746,148.59015
6.223728,148.59015
6.2387633,148.59015
6.2576437,148.49579
6.273281,148.49579
6.2931123,147.99438
6.3072443,147.99438
6.324049,148.05707
6.3403196,148.05707
6.355388,148.05707
6.3781824,147.77582
6.3896356,147.77582
6.406188,147.057
6.4226685,147.057
6.438496,147.057
6.457553,144.74054
6.472416,144.74054
6.4902077,145.0
6.505338,145.0
6.522888,145.0
6.539372,144.05731
6.5566173,144.05731
6.575193,143.47217
6.5884,143.47217
6.6057425,143.16718
6.623639,143.16718
6.6389084,143.16718
6.6581697,142.24011
6.6734977,142.24011
6.6936197,142.40741
6.708625,142.40741
6.723219,142.40741
6.7410436,141.04388
6.7568254,141.04388
6.7744017,140.60327
6.7896237,140.60327
6.807029,139.53217
6.823299,139.53217
6.8396664,139.53217
6.857677,139.61206
6.8726964,139.61206
6.8947973,139.95349
6.9061146,139.95349
6.9226084,139.95349
6.940095,141.26923
6.955818,141.26923
6.9732957,141.29431
6.9906826,141.29431
7.0067616,141.72333
7.0240035,141.72333
7.0395126,141.72333
7.0592866,140.12836
7.073331,140.12836
7.0891614,140.12836
7.107276,140.12836
7.1285405,137.98804
7.1407237,137.35089
7.1568155,137.35089
7.1768064,137.27167
7.191436,137.27167
7.208574,136.21716
7.2254252,136.21716
7.239887,136.21716
7.2595015,136.1239
7.274322,136.1239
7.29259,135.26764
7.3068647,135.26764
7.323036,135.38416
7.3406563,134.55487
7.3567295,134.55487
7.376587,134.65613
7.388753,134.65613
7.405975,133.90674
7.423912,133.90674
7.439948,133.90674
7.463108,133.4295
7.4754567,133.4295
7.493352,132.41846
7.5071507,132.41846
7.523059,132.41846
7.5410337,131.66315
7.5566444,131.66315
7.5777984,131.83691
7.5901513,131.83691
7.6090355,131.14062
7.627264,131.14062
7.6404777,131.14062
7.657504,129.80334
7.672322,129.80334
7.695422,129.11896
7.7056494,129.11896
7.723282,129.11896
7.740622,127.80182
7.792657,127.26935
7.812305,127.26935
7.825139,126.38855
7.838296,126.38855
7.856284,126.30493
7.871062,126.30493
7.8906302,125.83081
7.905072,125.83081
7.919951,125.83081
7.9404793,125.00647
7.9552736,125.00647
7.97258,124.94318
7.988972,124.94318
8.007515,124.21533
8.021913,124.21533
8.03793,124.21533
8.056944,123.08417
8.0718355,123.08417
8.093094,124.33978
8.1041355,124.33978
8.124696,123.09277
8.140034,123.09277
8.154442,123.09277
8.171976,121.8949
8.188194,121.8949
8.209967,122.61316
8.223347,122.61316
8.237895,122.61316
8.258358,121.82135
8.271834,121.82135
8.290107,122.44092
8.303817,122.44092
8.321188,122.44092
8.339649,121.07764
8.3545065,121.07764
8.373703,119.890564
8.389118,119.890564
8.405763,120.40668
8.421502,120.40668
8.438085,120.40668
8.457458,119.25574
8.473458,119.25574
8.489945,118.849976
8.503992,118.849976
8.524528,116.600586
8.5402155,116.600586
8.553712,116.600586
8.5732155,116.191284
8.586393,116.191284
8.605007,115.02161
8.623795,115.02161
8.639404,115.02161
8.657891,114.60193
8.6720295,114.60193
8.6935425,114.102905
8.707661,114.102905
8.722792,114.102905
8.740902,113.63025
8.754865,113.63025
8.7734995,112.94354
8.791115,112.94354
8.806413,113.33539
8.823144,113.33539
8.8376875,113.33539
8.857058,111.89264
8.871617,111.89264
8.895412,111.87317
8.906846,111.87317
8.921228,111.87317
8.939829,111.16931
8.955608,111.16931
8.975633,110.84277
8.988736,110.84277
9.006899,110.05914
9.022582,110.05914
9.036985,110.05914
9.056071,110.13678
9.071651,110.13678
9.087952,110.20355
9.105955,110.20355
9.120605,110.20355
9.140494,110.05774
9.157381,110.05774
9.174569,109.73236
9.189367,109.73236
9.210991,110.36554
9.223169,110.36554
9.240552,110.36554
9.25707,109.52997
9.272768,109.52997
9.295364,109.609375
9.305458,109.609375
9.320719,109.609375
9.337277,109.48071
9.35466,109.48071
9.374371,109.77673
9.3877125,109.77673
9.406012,108.443726
9.422417,108.443726
9.438053,108.443726
9.456098,106.30109
9.470859,106.30109
9.488264,107.31311
9.510144,107.31311
9.522653,107.31311
9.541844,107.6192
9.554353,107.6192
9.572594,108.913025
9.588462,108.913025
9.606003,107.560974
9.623181,107.560974
9.639434,107.560974
9.657844,107.453125
9.672823,107.453125
9.689949,107.56482
9.709945,107.56482
9.722066,107.56482
9.740393,106.82843
9.755338,106.82843
9.7762375,106.71301
9.792288,106.71301
9.808071,105.45953
9.822909,105.45953
9.837675,105.45953
9.856385,105.477295
9.871875,105.477295
9.889224,105.23584
9.905425,105.23584
9.920568,105.23584
9.938721,104.86334
9.954143,104.86334
9.971924,105.87787
9.98666,105.87787
10.005103,104.8869
10.022035,104.8869
10.03797,104.8869
10.057966,104.224304
10.071052,104.224304
10.092961,104.83234
10.104971,104.83234
10.120936,104.83234
10.139059,103.340576
10.153923,103.340576
10.171574,103.22632
10.188587,103.22632
10.208065,102.72467
10.221848,102.72467
10.238997,102.72467
10.25695,102.88098
10.271006,102.88098
10.287104,102.75568
10.307993,102.75568
10.322548,102.75568
10.340523,103.28381
10.356312,103.28381
10.374177,102.74304
10.390487,102.74304
10.406481,102.58502
10.423942,102.58502
10.437561,102.58502
10.46301,101.99695
10.472652,101.99695
10.491657,102.01532
10.508887,102.01532
10.522777,102.01532
10.539414,102.02356
10.554116,102.02356
10.573542,102.13214
10.587928,102.13214
10.605144,102.135376
10.62173,102.135376
10.638738,102.135376
10.658839,102.17981
10.674513,102.17981
10.694277,102.012024
10.708166,102.012024
10.722455,102.012024
10.740551,102.19397
10.754951,102.19397
10.773989,101.770386
10.790128,101.770386
10.808172,102.15289
10.845117,102.15289
10.859951,101.757935
10.87461,101.757935
10.886705,101.855286
10.905364,101.855286
10.920364,101.855286
10.938935,101.24292
10.953525,101.24292
10.973909,101.69849
10.986753,101.69849
11.002922,101.76715
11.020738,101.27478
11.036894,101.27478
11.0553055,101.41174
11.071327,101.41174
11.09025,100.65863
11.105132,100.65863
11.122783,100.65863
11.139798,101.20886
11.153834,101.20886
11.172735,101.44275
11.18652,101.44275
11.205488,101.98804
11.222089,101.98804
11.2372675,101.98804
11.256154,102.82367
11.271878,102.82367
11.287008,102.99719
11.303478,102.99719
11.319916,102.99719
11.339062,102.03558
11.354099,102.03558
11.373692,101.56799
11.387758,101.56799
11.405336,102.05017
11.420558,102.05017
11.436333,102.05017
11.459854,101.86017
11.469934,101.86017
11.487611,101.22058
11.503281,101.22058
11.520288,101.22058
11.537932,101.383484
11.551896,101.383484
11.57019,99.84491
11.587429,99.84491
11.603607,99.84491
11.62129,99.95526
11.636717,99.95526
11.653968,100.58118
11.670222,100.58118
11.686648,100.53528
11.702999,100.53528
11.719873,100.53528
11.739853,99.400635
11.752883,99.400635
11.771523,99.1839
11.787451,99.1839
11.812623,99.449036
11.825413,99.449036
11.838436,99.449036
11.85733,99.556274
11.871451,99.556274
11.892257,100.28223
11.905556,100.28223
11.922068,100.28223
11.940708,100.76001
11.955335,100.76001
11.973433,99.996826
11.989843,99.996826
12.006485,100.28613
12.0238905,100.28613
12.038503,100.28613
12.058558,100.30939
12.072643,100.30939
12.08735,100.30939
12.106503,100.30939
12.122088,100.30939
12.139769,100.26013
12.155934,100.26013
12.176653,100.082214
12.18918,100.082214
12.206899,99.90814
12.222599,99.90814
12.237925,99.90814
12.256473,101.201416
12.272859,101.201416
12.290829,99.820435
12.306097,99.820435
12.320804,99.820435
12.340238,100.803894
12.35478,100.803894
12.37285,102.316284
12.387731,102.316284
12.408632,102.05536
12.423417,102.05536
12.438422,102.05536
12.457109,104.533936
12.472546,104.533936
12.494347,105.263794
12.505644,105.263794
12.52063,105.263794
12.539707,104.27185
12.55505,104.27185
12.573524,104.67871
12.589018,104.67871
12.605283,105.36224
12.62491,105.36224
12.639864,105.36224
12.658676,105.92169
12.672712,105.92169
12.690761,106.66254
12.704646,106.66254
12.721488,106.66254
12.739061,107.27551
12.7545595,107.27551
12.771809,107.80365
12.79343,107.80365
12.805308,108.32324
12.821594,108.32324
12.838257,108.32324
12.857213,108.17352
12.87097,108.17352
12.890812,110.45807
12.9056425,110.45807
12.92224,110.45807
12.939176,109.486755
12.955002,109.486755
12.971952,110.612366
12.988491,110.612366
13.004959,109.820496
13.022229,109.820496
13.038108,109.820496
13.057329,110.26648
13.071903,110.26648
13.090998,111.36389
13.106107,111.36389
13.1213,111.36389
13.139666,111.571045
13.15477,111.571045
13.173245,112.1947
13.190225,112.1947
13.205279,113.01233
13.2219305,113.01233
13.238194,113.01233
13.256154,114.41876
13.2708025,114.41876
13.290396,115.36157
13.30383,115.36157
13.320985,115.36157
13.338873,115.280396
13.355085,115.280396
13.374197,115.71796
13.390064,115.71796
13.40582,116.408936
13.423914,116.408936
13.438799,116.408936
13.4627,117.40485
13.472732,117.40485
13.495247,117.83624
13.504347,117.83624
13.522046,117.83624
13.539528,119.399414
13.5538025,119.399414
13.572116,119.547485
13.587959,119.547485
13.605103,121.512024
13.623248,121.512024
13.637938,121.512024
13.657429,121.31305
13.671223,121.31305
13.689111,122.432495
13.7063675,122.432495
13.721994,122.432495
13.739548,122.845276
13.754505,122.845276
13.771977,123.88147
13.792277,123.88147
13.805707,123.816345
13.821335,123.816345
13.83825,123.816345
13.856981,124.71588
13.872639,124.71588
13.894241,124.664856
13.906257,124.664856
13.921761,124.664856
13.940214,124.41559
13.955005,124.41559
13.974737,124.71466
13.9896555,124.71466
14.004853,125.46277
14.023843,125.46277
14.037313,125.46277
14.0589075,125.42145
14.07255,125.42145
14.092763,125.409424
14.105506,125.409424
14.121608,125.409424
14.140223,124.069824
14.154615,124.069824
14.172709,124.47168
14.188989,124.47168
14.20543,125.56726
14.222364,125.56726
14.239346,125.56726
14.255496,125.931946
14.271313,125.931946
14.290431,127.1405
14.305205,127.1405
14.321407,127.1405
14.340168,127.277466
14.35564,127.277466
14.374252,128.31781
14.388465,128.31781
14.405614,129.50574
14.421847,129.50574
14.438772,129.50574
14.460527,130.06744
14.471763,130.06744
14.491078,130.17145
14.505721,130.17145
14.5221,130.17145
14.538907,131.09857
14.555378,131.09857
14.574316,132.18207
14.587971,132.18207
14.607447,132.33118
14.623782,132.33118
14.638223,132.33118
14.656909,133.69397
14.67341,133.69397
14.694599,133.20874
14.705695,133.20874
14.721418,133.20874
14.739662,134.53174
14.754371,134.53174
14.778826,132.6034
14.790436,132.6034
14.805273,134.35046
14.822395,134.35046
14.837159,134.35046
14.856955,135.49011
14.871681,135.49011
14.891431,136.86536
14.905208,136.86536
14.92133,136.86536
14.938921,137.79755
14.95449,137.79755
14.9749975,138.33649
14.988717,138.33649
15.005317,140.44855
15.022907,140.44855
15.037809,140.44855
15.056647,140.80206
15.072089,140.80206
15.092407,142.98322
15.104191,142.98322
15.121189,142.98322
15.140598,142.81464
15.154222,142.81464
15.173652,142.49316
15.187544,142.49316
15.204598,143.5722
15.222592,143.5722
15.237721,143.5722
15.255397,142.89252
15.271667,142.89252
15.296228,143.91766
15.310416,143.91766
15.324726,144.00275
15.342598,144.00275
15.355202,144.00275
15.378377,143.09253
15.38921,143.09253
15.405412,144.23413
15.422824,144.23413
15.437894,144.23413
15.456034,144.5611
15.473061,144.5611
15.489325,144.13696
15.5062065,144.13696
15.521807,144.13696
15.539533,144.89972
15.55463,144.89972
15.573755,144.52563
15.589558,144.52563
15.608087,144.65253
15.623421,144.65253
15.639449,144.65253
15.657429,143.67749
15.673272,143.67749
15.693071,143.89838
15.709593,143.89838
15.722727,143.89838
15.740508,145.18927
15.755677,145.18927
15.773562,146.3277
15.78903,146.3277
15.806832,146.42133
15.822495,146.42133
15.838245,146.42133
15.85552,146.29553
15.870731,146.29553
15.892221,144.71783
15.906216,144.71783
15.920977,144.71783
15.938052,145.0
15.955902,145.0
15.973982,144.96161
15.989342,144.96161
16.004581,144.58423
16.022743,144.58423
16.038694,144.58423
16.058687,144.58868
16.07267,144.58868
16.090326,144.47888
16.104872,144.47888
16.123068,144.78162
16.139479,144.78162
16.156628,144.78162
16.177317,144.22937
16.190104,144.22937
16.205606,144.62305
16.223127,144.62305
16.238125,144.62305
16.258497,144.89008
16.272741,144.89008
16.292873,145.42969
16.306211,145.42969
16.322334,145.42969
16.340345,145.14764
16.355234,145.14764
16.375778,143.54572
16.387983,143.54572
16.406221,144.37787
16.42326,144.37787
16.44327,143.72412
16.461466,144.20856
16.477358,144.20856
16.492464,144.02039
16.50509,144.02039
16.522469,144.02039
16.540485,143.2663
16.554056,143.2663
16.574675,143.37103
16.588135,143.37103
16.606144,142.6604
16.62401,142.6604
16.640308,142.6604
16.661667,143.34314
16.673466,143.34314
16.69091,143.54132
16.706518,143.54132
16.72287,143.54132
16.740143,143.75854
16.757032,143.75854
16.773874,143.68964
16.79171,143.68964
16.808403,143.79474
16.827675,143.79474
16.838385,143.79474
16.856518,142.02142
16.871506,142.02142
16.890398,141.79565
16.905869,141.79565
16.92214,141.79565
16.940067,142.49219
16.95519,142.49219
16.975882,142.01605
16.989964,142.01605
17.00889,141.24353
17.025703,141.24353
17.039259,141.24353
17.058105,141.02185
17.071861,141.02185
17.089119,140.75403
17.104923,140.75403
17.12198,140.75403
17.138693,140.95776
17.153675,140.95776
17.1751,141.0675
17.18862,141.0675
17.205564,141.05688
17.22258,141.05688
17.238913,141.05688
17.25566,141.22583
17.271553,141.22583
17.291452,141.42737
17.305347,141.42737
17.321493,141.42737
17.340492,140.56628
17.355734,140.56628
17.373413,139.90308
17.390059,139.90308
17.40507,139.586
17.42358,139.586
17.439587,139.586
17.457449,139.65387
17.471504,139.65387
17.489569,138.89716
17.504404,138.89716
17.523212,138.89716
17.540173,139.22815
17.555443,139.22815
17.576242,138.3899
17.590227,138.3899
17.606903,136.67474
17.622784,136.67474
17.639465,136.67474
17.657488,137.48193
17.67276,137.48193
17.692072,137.45367
17.704765,137.45367
17.726524,136.45538
17.743876,136.45538
17.75469,136.45538
17.774782,136.38922
17.78974,136.38922
17.805605,135.39142
17.822887,135.39142
17.838045,135.39142
17.857069,135.31946
17.871605,135.31946
17.891047,134.43146
17.903893,134.43146
17.920826,134.43146
17.939518,133.93219
17.955587,133.93219
17.975943,134.36914
17.988607,134.36914
18.004965,134.3634
18.023922,134.3634
18.037678,134.3634
18.057098,134.19049
18.071821,134.19049
18.090185,133.34747
18.105164,133.34747
18.122307,133.34747
18.13981,132.03064
18.154625,132.03064
18.173908,132.03748
18.1895,132.03748
18.205956,131.06995
18.223282,131.06995
18.239431,131.06995
18.257065,132.15747
18.271467,132.15747
18.289423,131.20166
18.304296,131.20166
18.32164,131.20166
18.340473,131.11896
18.354183,131.11896
18.372648,131.16211
18.388323,131.16211
18.405827,131.06793
18.421995,131.06793
18.43948,131.06793
18.45808,129.2677
18.471338,129.2677
18.48947,128.72437
18.504051,128.72437
18.521404,128.72437
18.539356,129.10638
18.553928,129.10638
18.57606,129.78235
18.589273,129.78235
18.607582,129.01782
18.62314,129.01782
18.637953,129.01782
18.659626,127.51166
18.673388,127.51166
18.690851,127.8457
18.70492,127.8457
18.722042,127.8457
18.738619,126.75574
18.754595,126.75574
18.773867,126.18561
18.79111,126.18561
18.805487,126.27692
18.82281,126.27692
18.838493,126.27692
18.855827,125.95508
18.872253,125.95508
18.891693,125.14453
18.904837,125.14453
18.922821,123.605774
18.94027,123.605774
18.95539,123.605774
18.972775,124.58234
18.988186,124.58234
19.005033,122.905945
19.022709,122.905945
19.037954,122.905945
19.056423,122.5968
19.07134,122.5968
19.092203,124.54797
19.105524,124.54797
19.121948,124.54797
19.138872,123.43628
19.155355,123.43628
19.173664,122.06232
19.188606,122.06232
19.206089,121.25
19.224113,121.25
19.23762,121.25
19.25815,120.501526
19.272394,120.501526
19.290625,119.026
19.305532,119.026
19.321419,119.026
19.340328,120.39526
19.354431,120.39526
19.376892,119.297485
19.389551,119.297485
19.408411,119.06195
19.42203,119.06195
19.43808,119.06195
19.457438,119.35614
19.471416,119.35614
19.489195,119.85596
19.504671,119.85596
19.522831,119.85596
19.539268,119.91388
19.555315,119.91388
19.573072,118.612915
19.587946,118.612915
19.605198,118.85339
19.626045,118.85339
19.638147,118.85339
19.657305,118.06299
19.670717,118.06299
19.689526,117.760864
19.706377,117.760864
19.7208,117.760864
19.738861,116.58826
19.754686,116.58826
19.772985,116.65387
19.790247,116.65387
19.806744,115.88269
19.823677,115.88269
19.843554,115.88269
19.85689,115.919495
19.873287,115.919495
19.893538,115.139404
19.905123,115.139404
19.921041,115.139404
19.938654,115.233215
19.95485,115.233215
19.974005,114.81952
19.988974,114.81952
20.004984,115.08783
20.023083,115.08783
20.038774,115.08783
20.056421,115.50415
20.072111,115.50415
20.088806,114.07922
20.105856,114.07922
20.121372,114.07922
20.139963,113.86969
20.154654,113.86969
20.173885,113.55585
20.18903,113.55585
20.208237,112.23297
20.222363,112.23297
20.238543,112.23297
20.258446,111.128784
20.271868,111.128784
20.292898,110.739624
20.304949,110.739624
20.321085,110.739624
20.340862,110.914795
20.354954,110.914795
20.376596,110.09888
20.387457,110.09888
20.407637,110.56055
20.423775,110.56055
20.43815,110.56055
20.46322,110.35693
20.472631,110.35693
20.489256,109.68573
20.504845,109.68573
20.522028,109.68573
20.539408,108.57446
20.55385,108.57446
20.57209,107.98724
20.589457,107.98724
20.605955,107.78638
20.623285,107.78638
20.638397,107.78638
20.659328,108.46686
20.672094,108.46686
20.689203,107.84161
20.70443,107.84161
20.722769,107.84161
20.739912,107.60986
20.754055,107.60986
20.773188,108.231384
20.789812,108.231384
20.80559,109.207825
20.822746,109.207825
20.838427,109.207825
20.858217,107.337524
20.872093,107.337524
20.888182,106.73395
20.905674,106.73395
20.928135,106.73395
20.940931,106.56561
20.954557,106.56561
20.972647,106.77948
20.98867,106.77948
21.008736,106.67865
21.022488,106.67865
21.039618,106.67865
21.055769,106.74512
21.071533,106.74512
21.092913,106.777466
21.104607,106.777466
21.121725,106.777466
21.140669,106.777466
21.154575,106.777466
21.173708,106.55646
21.190166,106.55646
21.208376,106.7879
21.22233,106.7879
21.238947,106.7879
21.25761,106.84454
21.2721,106.84454
21.292273,107.05127
21.307446,107.05127
21.32196,107.05127
21.340704,106.56354
21.355165,106.56354
21.377163,106.63342
21.389023,106.63342
21.408394,106.41907
21.42214,106.41907
21.438934,106.41907
21.461184,106.1582
21.472258,106.1582
21.491114,105.24542
21.504486,105.24542
21.522625,105.24542
21.539726,105.29999
21.555016,105.29999
21.573223,105.23474
21.588943,105.23474
21.605219,105.17114
21.623201,105.17114
21.637955,105.17114
21.657892,104.05609
21.672049,104.05609
21.692616,103.791016
21.705355,103.791016
21.721872,103.791016
21.739431,103.69873
21.755692,103.69873
21.773607,103.095215
21.788944,103.095215
21.805134,104.289185
21.822447,104.289185
21.838373,104.289185
21.858662,104.46527
21.871763,104.46527
21.891956,104.258545
21.905796,104.258545
21.921976,104.258545
21.940037,104.87158
21.955078,104.87158
21.973984,103.18585
21.989592,103.18585
22.004967,103.293396
22.022457,103.293396
22.038929,103.293396
22.058292,103.84082
22.071342,103.84082
22.093405,102.26874
22.10631,102.26874
22.123869,102.556946
22.14015,102.556946
22.154957,102.556946
22.172955,102.08307
22.187832,102.08307
22.20563,102.726135
22.223064,102.726135
22.238827,102.726135
22.256865,102.01233
22.271828,102.01233
22.290382,101.59424
22.304745,101.59424
22.321758,101.59424
22.340826,103.19147
22.355165,103.19147
22.373253,102.33917
22.388262,102.33917
22.405752,102.809204
22.422718,102.809204
22.43871,102.809204
22.455929,102.36951
22.471764,102.36951
22.489548,102.7121
22.506325,102.7121
22.521515,102.7121
22.539248,102.39935
22.55517,102.39935
22.573746,102.6485
22.591534,102.6485
22.606184,103.601135
22.626457,103.601135
22.639439,103.601135
22.661152,103.869934
22.67384,103.869934
22.689123,102.88672
22.705893,102.88672
22.722658,102.88672
22.740837,103.309204
22.754555,103.309204
22.774796,102.71979
22.790543,102.71979
22.8058,102.642456
22.823475,102.642456
22.839268,102.642456
22.857115,103.186584
22.871555,103.186584
22.891867,102.285706
22.905441,102.285706
22.921906,102.285706
22.938763,102.774475
22.956467,102.774475
22.97359,102.94641
22.991299,102.94641
23.004944,102.69385
23.022827,102.69385
23.03806,102.69385
23.05642,102.56592
23.070887,102.56592
23.089088,101.20178
23.105072,101.20178
23.122103,101.20178
23.140009,101.04913
23.155369,101.04913
23.17643,101.1994
23.189358,101.1994
23.209162,101.59766
23.223806,101.59766
23.239056,101.59766
23.258139,101.54315
23.271593,101.54315
23.28927,101.11798
23.30482,101.11798
23.322521,101.12616
23.338346,101.12616
23.355818,101.12616
23.374372,102.442505
23.3889,102.442505
23.408812,102.14795
23.422546,102.14795
23.438038,102.14795
23.456772,102.14795
23.47166,102.14795
23.489622,101.96716
23.50658,101.96716
23.522974,101.96716
23.539742,101.860596
23.555536,101.860596
23.572767,101.672424
23.589766,101.672424
23.605219,101.68207
23.6223,101.68207
23.639326,101.68207
23.657433,101.71991
23.671776,101.71991
23.6899,101.79663
23.704708,101.79663
23.721743,101.79663
23.739758,101.87268
23.755924,101.87268
23.77285,101.74542
23.788834,101.74542
23.806036,101.56445
23.823755,101.56445
23.839489,101.56445
23.856953,101.61145
23.873333,101.61145
23.89,101.454834
23.904907,101.454834
23.920666,101.454834
23.939617,102.61334
23.954962,102.61334
23.973434,102.40564
23.988087,102.40564
24.01106,102.65216
24.02271,102.65216
24.04303,102.65216
24.058886,101.97626
24.073029,101.97626
24.091856,102.96832
24.110016,102.96832
24.123718,101.78247
24.141157,101.78247
24.154938,101.78247
24.175564,101.65558
24.18879,101.65558
24.206038,102.21295
24.22325,102.21295
24.23757,102.21295
24.255999,102.47217
24.271992,102.47217
24.295553,102.75836
24.3062,102.75836
24.322285,102.75836
24.339266,102.78552
24.355963,102.78552
24.379206,103.305725
24.389967,103.305725
24.405643,103.93451
24.421953,103.93451
24.437761,103.93451
24.458158,102.703
24.473188,102.703
24.489204,103.25751
24.504757,103.25751
24.522274,103.25751
24.539423,103.8443
24.555134,103.8443
24.574772,104.716064
24.589695,104.716064
24.60515,104.224976
24.623781,104.224976
24.640627,104.224976
24.659706,104.53949
24.671213,104.53949
24.691126,105.15704
24.705347,105.15704
24.721207,105.15704
24.739332,105.92212
24.755064,105.92212
24.774136,105.07794
24.788784,105.07794
24.80613,105.22223
24.824598,105.22223
24.838547,105.22223
24.856525,105.50159
24.871876,105.50159
24.890423,108.35565
24.905832,108.35565
24.92145,108.35565
24.940723,108.75964
24.955818,108.75964
24.973759,108.45697
24.989632,108.45697
25.006353,109.337524
25.022964,109.337524
25.038345,109.337524
25.057365,109.802124
25.072176,109.802124
25.094526,110.465454
25.10575,110.465454
25.121645,110.465454
25.14043,111.91138
25.15558,111.91138
25.173632,111.52643
25.189987,111.52643
25.20506,112.005615
25.222677,112.005615
25.238317,112.005615
25.259129,112.68854
25.272896,112.68854
25.290726,113.45215
25.305794,113.45215
25.321356,113.45215
25.338774,114.38379
25.355541,114.38379
25.377346,116.01593
25.389536,116.01593
25.406485,115.62207
25.42285,115.62207
25.4383,115.62207
25.457508,116.15582
25.471115,116.15582
25.493412,116.007324
25.504698,116.007324
25.521412,116.007324
25.540705,117.7829
25.55528,117.7829
25.573524,117.85278
25.587805,117.85278
25.606207,118.23956
25.623158,118.23956
25.639023,118.23956
25.657164,118.7218
25.671896,118.7218
25.689695,120.097595
25.70406,120.097595
25.72232,120.097595
25.739914,120.4823
25.754858,120.4823
25.773308,121.05286
25.789398,121.05286
25.80677,121.90289
25.825531,121.90289
25.84077,121.90289
25.85717,122.40668
25.871977,122.40668
25.890392,123.279175
25.905903,123.279175
25.921862,123.279175
25.939754,124.83899
25.955036,124.83899
25.974363,123.752686
25.988323,123.752686
26.007996,123.74707
26.023317,123.74707
26.039349,123.74707
26.056452,126.33154
26.071344,126.33154
26.093164,126.79376
26.105473,126.79376
26.122778,128.0932
26.140715,128.0932
26.155962,128.0932
26.178165,125.92078
26.189346,125.92078
26.205837,128.3623
26.222298,128.3623
26.238396,128.3623
26.256653,130.69598
26.272396,130.69598
26.291023,131.45001
26.304203,131.45001
26.32279,131.95502
26.34028,131.95502
26.3552,131.95502
26.377417,132.99176
26.388042,132.99176
26.406225,132.2312
26.424135,132.2312
26.439283,132.2312
26.458252,135.74701
26.47149,135.74701
26.507277,136.21704
26.517792,136.21704
26.534916,136.9552
26.549923,136.9552
26.566294,137.92621
26.583136,137.92621
26.600134,137.92621
26.61658,138.40814
26.63478,138.40814
26.650352,138.53741
26.66561,138.53741
26.682442,138.53741
26.699463,140.17188
26.715427,140.17188
26.733568,142.21875
26.748785,142.21875
26.765968,142.26752
26.7826,142.26752
26.799046,142.26752
26.817856,144.08093
26.8319,144.08093
26.850609,146.42792
26.865946,146.42792
26.882118,146.42792
26.8999,145.53662
26.916187,145.53662
26.934008,145.0929
26.949223,145.0929
26.966362,147.51831
26.982685,147.51831
26.999004,147.51831
27.017904,148.84918
27.033499,148.84918
27.050606,150.64856
27.064383,150.64856
27.082926,150.93274
27.099428,150.93274
27.114841,150.93274
27.139214,152.20984
27.14949,152.20984
27.164846,153.09332
27.182526,153.09332
27.198696,153.09332
27.21636,154.46075
27.232141,154.46075
27.250887,151.97955
27.265707,151.97955
27.282578,151.97955
27.301079,154.64136
27.314684,154.64136
27.333435,153.53735
27.34884,153.53735
27.366138,155.65796
27.384697,155.65796
27.398415,155.65796
27.41665,157.00494
27.431694,157.00494
27.448704,154.97522
27.465605,154.97522
27.481989,154.97522
27.499903,153.65027
27.515207,153.65027
27.537203,152.96857
27.553627,152.96857
27.569191,154.53314
27.583178,154.53314
27.59934,154.53314
27.619736,155.95276
27.633648,155.95276
27.650116,155.30133
27.665606,155.30133
27.68242,155.2865
27.700203,156.22705
27.71552,156.22705
27.735527,156.41327
27.74902,156.41327
27.765486,157.11902
27.782774,157.11902
27.799267,157.11902
27.816473,155.52759
27.831224,155.52759
27.849806,155.37134
27.865564,155.37134
27.881834,155.37134
27.899532,153.87915
27.915,153.87915
27.933914,155.15363
27.94961,155.15363
27.964844,153.18384
27.982473,153.18384
27.999609,153.18384
28.018164,152.3747
28.032606,152.3747
28.050013,153.0
28.066603,153.0
28.083467,153.38708
28.099983,153.38708
28.115343,153.38708
28.132982,153.67145
28.148146,153.67145
28.166517,153.54883
28.184309,153.54883
28.200035,153.54883
28.216724,153.2127
28.232689,153.2127
28.250929,153.33917
28.266706,153.33917
28.282957,153.41248
28.300568,153.41248
28.315676,153.41248
28.334755,152.93542
28.34854,152.93542
28.365404,152.0025
28.383268,152.0025
28.39956,152.0025
28.417505,152.07886
28.43308,152.07886
28.449791,151.28314
28.466967,151.28314
28.483746,150.52393
28.500122,150.52393
28.51647,150.52393
28.534658,150.22052
28.549402,150.22052
28.567043,150.77283
28.583595,150.77283
28.598948,150.77283
28.620426,149.75934
28.637276,149.75934
28.654547,149.63379
28.666595,149.63379
28.683098,149.62238
28.699705,149.62238
28.715641,149.62238
28.73405,148.95251
28.749714,148.95251
28.76609,149.74377
28.785082,149.74377
28.799805,149.74377
28.818087,149.31458
28.831526,149.31458
28.851107,150.23602
28.86567,150.23602
28.88154,150.23602
28.90033,150.25305
28.915962,150.25305
28.934034,149.55865
28.948885,149.55865
28.965378,149.16534
28.98406,149.16534
28.999983,149.16534
29.017967,148.9549
29.032763,148.9549
29.050058,149.69348
29.066133,149.69348
29.09651,149.44275
29.112373,149.44275
29.12392,148.72571
29.139633,148.72571
29.15571,148.72571
29.178062,147.40594
29.189661,147.40594
29.206009,146.86957
29.223309,146.86957
29.240221,146.86957
29.258104,145.96393
29.272482,145.96393
29.292284,145.3081
29.306757,145.3081
29.321354,145.3081
29.340376,143.77301
29.355686,143.77301
29.378057,144.71045
29.38902,144.71045
29.409372,144.01685
29.423775,144.01685
29.439146,144.01685
29.456837,143.89972
29.472485,143.89972
29.489876,143.9895
29.504269,143.9895
29.523058,143.9895
29.54041,144.08728
29.555773,144.08728
29.573631,143.75873
29.588531,143.75873
29.607887,143.73248
29.623365,143.73248
29.639133,143.73248
29.657557,143.35016
29.67203,143.35016
29.693022,143.64569
29.706041,143.64569
29.723234,143.64569
29.739906,143.63184
29.754908,143.63184
29.774477,143.12952
29.789402,143.12952
29.805704,142.05957
29.822828,142.05957
29.838783,142.05957
29.858356,142.29175
29.87184,142.29175
29.891222,140.19946
29.904863,140.19946
29.92168,140.19946
29.939964,140.32043
29.955912,140.32043
29.973993,140.8689
29.990831,140.8689
30.005869,140.4256
30.02378,140.4256
30.039225,140.4256
30.05748,140.87158
30.072536,140.87158
30.090506,140.93915
30.105679,140.93915
30.12197,140.93915
30.140474,140.33173
30.154976,140.33173
30.176882,140.27045
30.190636,140.27045
30.209301,140.06073
30.22452,140.06073
30.239653,140.06073
30.257374,139.85266
30.27328,139.85266
30.290537,138.34662
30.306845,138.34662
30.323269,138.57654
30.341387,138.57654
30.35554,138.57654
30.377754,138.0
30.388826,138.0
30.405949,138.09418
30.422354,138.09418
30.438747,138.09418
30.458065,137.90314
30.472853,137.90314
30.48979,137.90314
30.506578,137.90314
30.522327,137.90314
30.54047,137.55103
30.555552,137.55103
30.576696,137.69073
30.58976,137.69073
30.606256,136.52771
30.623629,136.52771
30.64046,136.52771
30.6571,136.07611
30.671398,136.07611
30.689976,135.94861
30.704643,135.94861
30.722574,135.94861
30.739481,135.4627
30.75501,135.4627
30.77767,134.08978
30.789566,134.08978
30.807749,134.41876
30.82325,134.41876
30.840502,134.41876
30.857803,133.45026
30.872038,133.45026
30.897833,132.17053
30.908089,132.17053
30.922266,132.17053
30.941023,132.33679
30.956203,132.33679
30.97345,133.10724
30.990236,133.10724
31.006275,131.86633
31.024813,131.86633
31.040224,131.86633
31.058733,131.8883
31.072136,131.8883
31.091816,131.3573
31.105936,131.3573
31.123348,131.14392
31.14095,131.14392
31.1554,131.14392
31.173624,131.30688
31.1907,131.30688
31.207016,131.25385
31.224382,131.25385
31.23954,131.25385
31.25825,130.64874
31.273338,130.64874
31.291733,130.12744
31.3072,130.12744
31.323366,128.99255
31.340185,128.99255
31.356209,128.99255
31.377882,129.08264
31.390186,129.08264
31.40635,127.53906
31.424797,127.53906
31.439428,127.53906
31.457901,127.530334
31.472406,127.530334
31.491339,127.08435
31.505339,127.08435
31.523315,127.08435
31.541382,126.63318
31.55623,126.63318
31.575897,125.46057
31.59005,125.46057
31.60789,125.720276
31.62737,125.720276
31.64032,125.720276
31.658592,125.433655
31.672026,125.433655
31.695442,125.09558
31.70684,125.09558
31.722517,125.09558
31.74163,123.19086
31.755808,123.19086
31.7751,122.732605
31.790054,122.732605
31.807201,121.66577
31.8243,121.66577
31.839926,121.66577
31.858109,121.3266
31.872623,121.3266
31.895123,121.45294
31.90747,121.45294
31.922102,121.45294
31.940016,121.00806
31.955807,121.00806
31.975224,120.493225
31.989012,120.493225
32.007114,120.12335
32.024567,120.12335
32.039803,120.12335
32.057632,119.77026
32.07302,119.77026
32.091187,119.614746
32.106857,119.614746
32.12309,118.18768
32.140793,118.18768
32.157547,118.18768
32.177353,118.144104
32.189594,118.144104
32.207836,117.6308
32.22348,117.6308
32.23976,117.6308
32.258,116.32416
32.273952,116.32416
32.29191,116.0611
32.30692,116.0611
32.32369,115.28491
32.34171,115.28491
32.35603,115.28491
32.378628,114.95575
32.391254,114.95575
32.40671,114.66046
32.424744,114.66046
32.439903,114.66046
32.45887,113.53284
32.472977,113.53284
32.491543,112.71649
32.505768,112.71649
32.52241,112.71649
32.540424,112.51416
32.556488,112.51416
32.57645,111.86633
32.59077,111.86633
32.60819,111.69293
32.628094,111.69293
32.640743,111.69293
32.658978,111.08722
32.672287,111.08722
32.691616,110.90735
32.707138,110.90735
32.723816,111.394104
32.740154,111.394104
32.778034,110.84094
32.792747,110.84094
32.805347,110.264465
32.821224,110.264465
32.837894,110.264465
32.85759,109.56299
32.870407,109.56299
32.887383,109.273926
32.905365,109.273926
32.920517,109.273926
32.93899,108.5014
32.95392,108.5014
32.975044,108.433044
32.98777,108.433044
33.003613,108.54346
33.02274,108.54346
33.038227,108.54346
33.056538,108.606445
33.06991,108.606445
33.092514,108.54401
33.10447,108.54401
33.120598,108.54401
33.137325,108.67255
33.15393,108.67255
33.17321,108.022705
33.188705,108.022705
33.20408,107.983154
33.221268,107.70691
33.237743,107.70691
33.25691,107.67267
33.27069,107.67267
33.288986,107.62952
33.304436,107.62952
33.320793,107.62952
33.33846,107.19318
33.35339,107.19318
33.37385,107.33429
33.388596,107.33429
33.404507,107.01044
33.422367,107.01044
33.43643,107.01044
33.455925,107.530334
33.470592,107.530334
33.489265,107.1236
33.503807,107.1236
33.519913,107.1236
33.539303,107.20325
33.552788,107.20325
33.57193,106.26611
33.586975,106.26611
33.61389,106.027405
33.626266,106.027405
33.639797,106.027405
33.658287,106.21185
33.671642,106.21185
33.689823,106.21185
33.706047,106.21185
33.72208,106.21185
33.738777,106.223816
33.75563,106.223816
33.774223,106.06732
33.79251,106.06732
33.805702,106.49237
33.822796,106.49237
33.83797,106.49237
33.85807,106.49237
33.87286,106.49237
33.890606,106.45276
33.905735,106.45276
33.922153,106.45276
33.9403,106.45276
33.95437,106.45276
33.972744,106.33417
33.989628,106.33417
34.00654,106.51898
34.023335,106.51898
34.039417,106.51898
34.05753,106.281494
34.073204,106.281494
34.091393,106.281494
34.106056,106.281494
34.122204,106.281494
34.14013,106.03552
34.15627,106.03552
34.17662,106.03552
34.189323,106.03552
34.208694,105.258545
34.222843,105.258545
34.23817,105.258545
34.257423,105.65198
34.27246,105.65198
34.292393,104.806274
34.305347,104.806274
34.322556,104.96649
34.338974,104.859924
34.355247,104.859924
34.37355,104.99231
34.39,104.99231
34.40953,104.87756
34.42273,104.87756
34.439068,104.87756
34.45829,104.1579
34.472126,104.1579
34.489292,104.316345
34.50596,104.316345
34.52231,104.316345
34.54023,104.24347
34.55536,104.24347
34.574978,104.0827
34.58862,104.0827
34.609238,105.09003
34.624725,105.09003
34.640392,105.09003
34.65736,105.09003
34.672592,105.09003
34.691513,104.77026
34.70573,104.77026
34.72325,104.77026
34.739582,104.783875
34.755386,104.783875
34.776005,105.37866
34.788555,105.37866
34.807716,105.37836
34.822987,105.37836
34.837994,105.37836
34.85813,104.809265
34.87228,104.809265
34.890747,104.976685
34.905746,104.976685
34.922157,104.976685
34.93996,105.01477
34.956333,105.01477
34.973835,105.01477
34.988647,105.01477
35.005283,104.76178
35.023586,104.76178
35.039112,104.76178
35.057034,105.214966
35.071724,105.214966
35.094906,104.56183
35.10548,104.56183
35.1232,104.54126
35.141296,104.54126
35.15569,104.54126
35.174976,103.979614
35.190094,103.979614
35.20685,104.72345
35.223362,104.72345
35.240173,104.72345
35.260727,104.339905
35.273003,104.339905
35.29139,104.339905
35.308792,104.339905
35.32614,103.84717
35.34298,103.84717
35.35616,103.84717
35.374138,104.2652
35.388958,104.2652
35.40511,104.93439
35.423603,104.93439
35.43891,104.93439
35.457703,104.638306
35.47189,104.638306
35.490074,104.98566
35.504566,104.98566
35.524197,105.154724
35.539757,105.154724
35.556232,105.154724
35.57345,104.35443
35.589046,104.35443
35.606922,104.35443
35.62459,104.35443
35.639465,104.35443
35.656395,104.09088
35.67183,104.09088
35.692287,104.09088
35.70585,104.09088
35.721912,104.09088
35.740234,104.029175
35.755928,104.029175
35.77489,104.03656
35.79006,104.03656
35.80631,103.421814
35.82458,103.421814
35.83809,103.421814
35.856388,103.45532
35.872623,103.45532
35.89081,101.43335
35.905598,101.43335
35.922142,101.43335
35.93966,101.64606
35.955257,101.64606
35.97338,102.98212
35.98965,102.98212
36.00559,102.958984
36.023163,102.958984
36.038597,102.958984
36.057304,102.70148
36.072372,102.70148
36.090607,103.11267
36.10542,103.11267
36.122604,103.29968
36.140358,103.29968
36.15458,103.29968
36.175114,103.0
36.190567,103.0
36.206257,103.13635
36.22391,103.13635
36.23846,103.13635
36.257088,103.43829
36.2726,103.43829
36.295437,102.07001
36.305492,102.07001
36.322857,103.75305
36.340145,103.75305
36.35527,103.75305
36.377224,105.30676
36.38957,105.30676
36.406708,105.24548
36.42382,105.24548
36.43903,105.24548
36.457645,106.06781
36.472893,106.06781
36.490635,106.91229
36.504982,106.91229
36.52274,106.91229
36.54022,106.013916
36.55637,106.013916
36.576645,107.446655
36.5889,107.446655
36.608845,106.619934
36.624607,106.619934
36.640266,106.619934
36.65709,107.37537
36.672153,107.37537
36.68963,107.67987
36.705772,107.67987
36.72296,107.67987
36.739826,108.77905
36.755775,108.77905
36.77754,108.704285
36.791023,108.704285
36.80647,109.59125
36.823963,109.59125
36.837624,109.59125
36.85691,110.789734
36.872135,110.789734
36.891132,110.516785
36.905457,110.516785
36.922054,110.516785
36.94166,111.076904
36.955578,111.076904
36.974335,111.96179
36.989296,111.96179
37.005005,111.1521
37.023663,111.1521
37.03894,111.1521
37.05669,111.565125
37.071804,111.565125
37.090416,112.18732
37.10578,112.18732
37.122746,112.24158
37.14062,112.24158
37.155495,112.24158
37.174946,113.304016
37.18849,113.304016
37.206127,113.17413
37.22358,113.17413
37.25518,114.63208
37.268093,114.63208
37.280746,114.63208
37.3012,114.92407
37.314487,114.92407
37.333694,115.37317
37.348495,115.37317
37.36539,116.331604
37.383553,116.331604
37.397774,116.331604
37.41508,117.70508
37.4315,117.70508
37.449413,118.03174
37.46581,118.03174
37.48076,118.03174
37.49899,118.57849
37.51558,118.57849
37.53664,120.13739
37.548977,120.13739
37.565525,120.87952
37.584084,120.87952
37.59938,120.87952
37.616947,122.151245
37.630924,122.151245
37.64961,123.264404
37.664787,123.264404
37.680614,123.264404
37.698887,124.87201
37.7154,124.87201
37.7333,124.68585
37.748974,124.68585
37.765972,126.63031
37.782204,126.63031
37.798477,126.63031
37.817234,126.424255
37.831318,126.424255
37.850006,128.13367
37.864925,128.13367
37.88288,130.5
37.898865,130.5
37.91491,130.5
37.93173,131.38904
37.94761,131.38904
37.964188,131.7558
37.98202,131.7558
37.99792,131.7558
38.016834,133.70929
38.031822,133.70929
38.051548,133.96954
38.06377,133.96954
38.082077,133.96954
38.099567,134.5069
38.11458,134.5069
38.132153,136.68866
38.147736,136.68866
38.168816,138.32117
38.183437,138.32117
38.198563,138.32117
38.216385,136.98785
38.231472,136.98785
38.249233,137.82672
38.2652,137.82672
38.281475,137.82672
38.298748,136.65839
38.315353,136.65839
38.334194,137.09204
38.349358,137.09204
38.365383,138.41626
38.383408,138.41626
38.39825,138.41626
38.416954,138.05219
38.43164,138.05219
38.450256,138.237
38.465458,138.237
38.48137,138.237
38.500546,138.59369
38.515316,138.59369
38.533813,138.41895
38.54853,138.41895
38.565014,139.29858
38.581615,139.29858
38.59777,139.29858
38.61838,137.69104
38.63297,137.69104
38.648632,138.01703
38.665222,138.01703
38.68119,138.01703
38.69888,136.26935
38.71501,136.26935
38.73177,134.76965
38.74798,134.76965
38.76577,131.0805
38.781563,131.0805
38.79764,131.0805
38.817158,131.943
38.831703,131.943
38.847904,129.64014
38.865505,129.64014
38.880527,129.64014
38.89952,129.87311
38.914406,129.87311
38.93152,130.81775
38.948406,130.81775
38.96524,130.87567
38.98281,130.87567
38.997425,130.87567
39.01531,130.69727
39.031242,130.69727
39.049225,131.7132
39.064484,131.7132
39.081764,131.7132
39.09975,133.42688
39.115097,133.42688
39.13469,137.00525
39.14773,137.00525
39.16526,135.17352
39.182156,135.17352
39.197884,135.17352
39.216877,139.432
39.232193,139.432
39.248905,140.91711
39.26515,140.91711
39.281372,140.91711
39.29896,137.52094
39.31593,137.52094
39.334198,139.60437
39.34876,139.60437
39.365078,143.8349
39.38294,143.8349
39.397953,143.8349
39.41699,143.41986
39.431915,143.41986
39.45465,144.41864
39.465904,144.41864
39.480694,144.41864
39.49967,144.9013
39.515488,144.9013
39.53268,148.78534
39.54895,148.78534
39.565006,149.61896
39.583805,149.61896
39.597862,149.61896
39.61693,151.11499
39.63107,151.11499
39.64955,152.72772
39.664482,152.72772
39.681145,152.72772
39.69882,156.19592
39.71491,156.19592
39.73574,157.93402
39.747818,157.93402
39.765564,160.86292
39.78177,160.86292
39.798965,160.86292
39.816875,162.94525
39.8318,162.94525
39.849937,164.81592
39.864796,164.81592
39.882034,164.81592
39.899204,163.81079
39.915085,163.81079
39.932934,169.14453
39.947968,169.14453
39.96556,173.935
39.98303,173.935
39.998363,173.935
40.016323,179.3913
40.031345,179.3913
40.049553,182.43073
40.064342,182.43073
40.081078,182.43073
40.100193,182.3349
40.116013,182.3349
40.137867,185.75836
40.14767,185.75836
40.16491,189.70001
40.18265,189.70001
40.19874,189.70001
40.21674,194.67041
40.23179,194.67041
40.24977,198.01324
40.26513,198.01324
40.281254,198.01324
40.30017,200.5907
40.31605,200.5907
40.333183,199.85974
40.347694,199.85974
40.365326,200.21185
40.385307,200.21185
40.39921,200.21185
40.416294,200.44513
40.43265,200.44513
40.448772,200.43286
40.466076,200.43286
40.48264,200.43286
40.5005,199.64044
40.51543,199.64044
40.53532,198.03735
40.54834,198.03735
40.56531,197.71796
40.58386,197.71796
40.60025,197.71796
40.61908,197.87018
40.632965,197.87018
40.649014,196.84174
40.665047,196.84174
40.68233,196.84174
40.699883,195.00763
40.713905,195.00763
40.731644,193.32446
40.748997,193.32446
40.765987,192.94861
40.782852,192.94861
40.7983,192.94861
40.814796,192.81104
40.831036,192.81104
40.848675,192.5553
40.86464,192.5553
40.880978,192.5553
40.897537,192.24475
40.913975,192.24475
40.93324,193.24341
40.947914,193.24341
40.966152,193.29443
40.982986,193.29443
40.998062,193.29443
41.0157,195.63464
41.031933,195.63464
41.048256,196.80402
41.065765,196.80402
41.082115,196.80402
41.104115,197.13263
41.11673,197.13263
41.134865,195.06323
41.148727,195.06323
41.16381,193.80139
41.183083,193.80139
41.197983,193.80139
41.21625,193.67151
41.230484,193.67151
41.252686,190.59851
41.26496,190.59851
41.281937,190.59851
41.29906,190.4563
41.314762,190.4563
41.333256,189.44696
41.348972,189.44696
41.36515,191.4104
41.382435,191.4104
41.3986,191.4104
41.41531,190.75275
41.43124,190.75275
41.449165,191.28802
41.465733,191.28802
41.482643,191.28802
41.50014,191.42896
41.5156,191.42896
41.53724,192.3186
41.548157,192.3186
41.56783,191.00269
41.583443,191.00269
41.59718,191.00269
41.616184,192.50226
41.631042,192.50226
41.649734,191.30493
41.663784,191.30493
41.68075,191.30493
41.699844,190.76416
41.71592,190.76416
41.733723,190.38446
41.74812,190.38446
41.766037,190.69714
41.783535,190.69714
41.79853,190.69714
41.81662,189.37799
41.83159,189.37799
41.84995,190.11194
41.865795,190.11194
41.880787,190.11194
41.89932,190.66248
41.914955,190.66248
41.932808,191.59808
41.9488,191.59808
41.96521,190.65436
41.98176,190.65436
41.99893,190.65436
42.019028,188.64624
42.030766,188.64624
42.049828,187.22546
42.065845,187.22546
42.081932,187.22546
42.099457,187.01178
42.11545,187.01178
42.132442,186.91669
42.148296,186.91669
42.165882,187.06366
42.183205,187.06366
42.19927,187.06366
42.21808,188.39038
42.232212,188.39038
42.254086,187.75476
42.265923,187.75476
42.28264,187.75476
42.299755,186.99756
42.314648,186.99756
42.33797,186.84436
42.347256,186.84436
42.365376,185.4541
42.38256,185.4541
42.398354,185.4541
42.41784,184.86243
42.432133,184.86243
42.45277,184.5213
42.465195,184.5213
42.482056,184.5213
42.500042,183.17413
42.515816,183.17413
42.53339,182.62201
42.548496,182.62201
42.56656,182.48352
42.582848,182.48352
42.602818,182.48352
42.61805,181.37256
42.634586,181.37256
42.65379,181.47284
42.665558,181.47284
42.683247,181.47284
42.69882,180.75928
42.714832,180.75928
42.73336,181.22656
42.74888,181.22656
42.76512,178.21759
42.7828,178.21759
42.799427,178.21759
42.81649,177.99298
42.83175,177.99298
42.849754,179.00671
42.86532,179.00671
42.882313,179.00671
42.89931,179.21912
42.915337,179.21912
42.946995,179.15918
42.956234,179.15918
42.97455,179.15002
42.98872,179.15002
43.005196,178.76349
43.02263,178.76349
43.038742,178.76349
43.05663,177.63214
43.071587,177.63214
43.09566,176.98584
43.105263,176.98584
43.12264,176.21997
43.13931,176.41644
43.156414,176.41644
43.177128,176.0398
43.189545,176.0398
43.206013,175.91187
43.223286,175.91187
43.23935,175.91187
43.258167,174.6181
43.27334,174.6181
43.289135,173.61359
43.306133,173.61359
43.322365,173.61359
43.339333,170.7868
43.35535,170.7868
43.374912,169.42328
43.389347,169.42328
43.4085,170.04938
43.423077,170.04938
43.438232,170.04938
43.45754,167.89948
43.470905,167.89948
43.48934,165.52533
43.50501,165.52533
43.52415,165.52533
43.540485,165.89648
43.55491,165.89648
43.57724,165.39612
43.58804,165.39612
43.606632,165.02173
43.622242,165.02173
43.63814,165.02173
43.657394,164.58264
43.671207,164.58264
43.695297,163.35852
43.70535,163.35852
43.7224,163.35852
43.740555,160.86401
43.75461,160.86401
43.77356,160.177
43.791122,160.177
43.80572,159.9259
43.823822,159.9259
43.83822,159.9259
43.85765,157.53809
43.871723,157.53809
43.890858,157.79266
43.905033,157.79266
43.921734,157.79266
43.939777,156.9483
43.956707,156.9483
43.975838,155.82727
43.988506,155.82727
44.005753,156.33575
44.023396,156.33575
44.039005,156.33575
44.05662,156.3183
44.072723,156.3183
44.08961,156.44879
44.106083,156.44879
44.1225,156.44879
44.139553,155.06311
44.15484,155.06311
44.17272,154.4718
44.18852,154.4718
44.206238,153.97723
44.222862,153.97723
44.238914,153.97723
44.25699,153.61603
44.272156,153.61603
44.296715,152.65173
44.307205,152.65173
44.322296,152.65173
44.33895,152.30725
44.35628,152.30725
44.375618,152.24817
44.39035,152.24817
44.405598,152.27686
44.42376,152.27686
44.43897,152.27686
44.45604,152.01813
44.471733,152.01813
44.494328,153.21576
44.504868,153.21576
44.522533,153.21576
44.540306,154.00262
44.55654,154.00262
44.57319,155.22473
44.593872,155.22473
44.60592,156.25989
44.62278,156.25989
44.638687,156.25989
44.656723,157.66583
44.671623,157.66583
44.69128,157.05902
44.70487,157.05902
44.722294,157.05902
44.73965,158.9303
44.755398,158.9303
44.77443,160.11682
44.789337,160.11682
44.805107,163.44781
44.824112,163.44781
44.83891,163.44781
44.856956,165.66028
44.872135,165.66028
44.890205,164.40924
44.906025,164.40924
44.921604,164.40924
44.94064,163.31232
44.956066,163.31232
44.97357,160.76227
44.989872,160.76227
45.005795,157.92249
45.022816,157.92249
45.038525,157.92249
45.05753,159.24933
45.072487,159.24933
45.09016,161.22571
45.105564,161.22571
45.122993,161.22571
45.14156,161.61462
45.15563,161.61462
45.172127,161.49384
45.189972,161.49384
45.210747,160.2132
45.226643,160.2132
45.240837,160.2132
45.257793,158.82599
45.272243,158.82599
45.29095,160.70123
45.325314,160.70123
45.336697,166.87433
45.353294,166.87433
45.370388,175.29272
45.385223,175.29272
45.401524,175.29272
45.419468,184.27087
45.43549,184.27087
45.454235,192.74316
45.46941,192.74316
45.4852,197.00787
45.502346,197.00787
45.518982,197.00787
45.53824,200.54596
45.551975,200.54596
45.57022,199.90051
45.584908,199.90051
45.60194,199.90051
45.62029,201.33246
45.635468,201.33246
45.65329,201.40564
45.668407,201.40564
45.68368,201.21729
45.70258,201.21729
45.718174,201.21729
45.738514,200.0
45.75208,200.0
45.77159,198.10754
45.785873,198.10754
45.80498,194.40894
45.82087,194.40894
45.834747,194.40894
45.85268,192.96252
45.868225,192.96252
45.889107,191.94672
45.906372,191.94672
45.91818,191.94672
45.936436,188.6419
45.951305,188.6419
45.97452,187.18848
45.984936,187.18848
46.00185,187.18848
46.02006,184.71051
46.03581,184.71051
46.056335,183.68262
46.06882,183.68262
46.086098,181.87762
46.102398,181.87762
46.118275,181.87762
46.136223,179.86444
46.151787,179.86444
46.168102,178.62799
46.185883,178.62799
46.201653,178.62799
46.22352,178.40625
46.240093,178.40625
46.25267,176.53973
46.272514,176.53973
46.286976,177.0788
46.307014,177.0788
46.32243,177.0788
46.336266,176.75525
46.351135,176.75525
46.3703,175.9643
46.38407,175.9643
46.40142,175.9643
46.4193,174.65308
46.434025,174.65308
46.45762,173.97174
46.46886,173.97174
46.485775,174.34937
46.503174,174.34937
46.51846,174.34937
46.536465,172.75476
46.55285,172.75476
46.569054,171.932
46.590706,171.932
46.605576,169.56787
46.617676,169.56787
46.634007,169.56787
46.651443,169.5
46.668335,169.5
46.684875,167.90265
46.70221,167.90265
46.717182,167.90265
46.736076,168.1394
46.750175,168.1394
46.769524,166.05188
46.78569,166.05188
46.800465,166.05188
46.820915,165.85962
46.835426,165.85962
46.852695,166.38348
46.867393,166.38348
46.885273,164.51514
46.90189,164.51514
46.917908,164.51514
46.93645,165.13635
46.9513,165.13635
46.968174,164.77875
46.98476,164.77875
47.000237,164.77875
47.018333,165.05212
47.034187,165.05212
47.05344,164.95538
47.067585,164.95538
47.088306,164.87207
47.10269,164.87207
47.118828,164.87207
47.13836,164.55908
47.152588,164.55908
47.168663,164.805
47.184376,164.805
47.200535,164.805
47.21967,165.17603
47.23365,165.17603
47.25252,164.5791
47.267952,164.5791
47.285522,164.5791
47.30168,164.5791
47.31796,164.5791
47.33728,164.42407
47.350666,164.42407
47.36997,164.90607
47.384827,164.90607
47.40286,165.27399
47.419594,165.16803
47.43453,165.16803
47.454426,165.05786
47.46856,165.05786
47.48568,164.32947
47.50146,164.32947
47.518597,164.32947
47.536423,164.35919
47.5513,164.35919
47.569748,164.216
47.58517,164.216
47.603687,164.23285
47.621147,164.23285
47.635033,164.23285
47.651684,163.97473
47.667927,163.97473
47.68607,163.65417
47.70293,163.65417
47.71777,163.65417
47.735657,163.13971
47.75123,163.13971
47.77323,162.89972
47.785957,162.89972
47.801357,162.89972
47.8189,163.01904
47.834724,163.01904
47.85235,162.5221
47.868824,162.5221
47.885612,161.77716
47.9038,161.77716
47.9186,161.77716
47.936348,161.67316
47.951756,161.67316
47.96864,161.76123
47.98486,161.76123
48.002625,161.76123
48.018456,162.42816
48.034637,162.42816
48.052704,162.14368
48.067806,162.14368
48.08512,162.46198
48.101746,162.46198
48.11784,162.46198
48.13541,162.44025
48.151573,162.44025
48.169487,162.48248
48.18349,162.48248
48.200893,162.48248
48.219902,162.60577
48.235214,162.60577
48.253296,162.19781
48.2681,162.19781
48.287174,162.20691
48.301388,162.20691
48.318394,162.20691
48.33628,162.22833
48.351326,162.22833
48.371033,161.33905
48.384556,161.33905
48.401405,161.33905
48.418865,162.42645
48.434433,162.42645
48.452347,162.24792
48.468334,162.24792
48.483803,163.53802
48.50205,163.53802
48.517307,163.53802
48.53848,165.2005
48.551044,165.2005
48.569553,166.06921
48.586124,166.06921
48.602253,166.06921
48.62026,165.84076
48.636078,165.84076
48.653072,167.1402
48.668446,167.1402
48.683952,167.4455
48.702072,167.4455
48.719013,167.4455
48.736904,169.22803
48.751736,169.22803
48.768566,169.30432
48.786095,169.30432
48.800816,169.30432
48.81884,171.2627
48.833984,171.2627
48.8538,171.75769
48.867653,171.75769
48.88593,172.01929
48.902367,172.01929
48.91821,172.01929
48.936844,173.55463
48.951744,173.55463
48.969696,174.03888
48.98463,174.03888
49.00165,174.03888
49.018715,174.66107
49.03512,174.66107
49.051353,176.04535
49.067886,176.04535
49.085052,177.815
49.10165,177.815
49.11691,177.815
49.13666,178.59027
49.15212,178.59027
49.167377,179.29529
49.186512,179.29529
49.20191,179.29529
49.218517,180.50586
49.233753,180.50586
49.254135,181.98132
49.267746,181.98132
49.286552,182.7027
49.301296,182.7027
49.318375,182.7027
49.335556,182.79834
49.35115,182.79834
49.368763,183.91437
49.384926,183.91437
49.40154,183.91437
49.41802,185.05273
49.434746,185.05273
49.451324,185.84137
49.467316,185.84137
49.485043,186.63306
49.501194,186.63306
49.51777,186.63306
49.53659,188.16846
49.551456,188.16846
49.56796,189.12598
49.58509,189.12598
49.60104,189.12598
49.618736,190.27295
49.63459,190.27295
49.651237,190.01385
49.667576,190.01385
49.684914,190.67859
49.703922,190.67859
49.716984,190.67859
49.737087,191.57953
49.750687,191.57953
49.768818,192.89893
49.78593,192.89893
49.802097,192.89893
49.820744,193.03333
49.836105,193.03333
49.85376,194.31757
49.869267,194.31757
49.885513,195.47607
49.903717,195.47607
49.918644,195.47607
49.937733,196.83374
49.953396,196.83374
49.971237,197.4154
49.985886,197.4154
50.00305,197.4154
50.02045,198.78497
50.035778,198.78497
50.05369,199.61597
50.0693,199.61597
50.08423,200.25262
50.102695,200.25262
50.116703,200.25262
50.140697,201.48804
50.15187,201.48804
50.16939,201.86023
50.183865,201.86023
50.20302,201.86023
50.21943,203.93262
50.23321,203.93262
50.252304,203.84717
50.26722,203.84717
50.2852,203.97644
50.303265,203.97644
50.318764,203.97644
50.336132,205.32239
50.35165,205.32239
50.370506,204.42859
50.38517,204.42859
50.40182,204.42859
50.420235,205.54053
50.435715,205.54053
50.45606,205.5315
50.468422,205.5315
50.48497,205.77777
50.502903,205.77777
50.51928,205.77777
50.53675,206.11646
50.55239,206.11646
50.567314,206.82288
50.587315,206.82288
50.602535,206.82288
50.620117,207.16412
50.635166,207.16412
50.656208,207.6731
50.668648,207.6731
50.685375,208.64014
50.702053,208.64014
50.7185,208.64014
50.73671,208.96228
50.75275,208.96228
50.769363,208.82538
50.78537,208.82538
50.80299,208.82538
50.81967,208.84918
50.83572,208.84918
50.852753,209.01782
50.86784,209.01782
50.88591,209.52869
50.90358,209.52869
50.919014,209.52869
50.938267,209.7486
50.952915,209.7486
50.974506,209.51904
50.99049,209.51904
51.0036,209.51904
51.022396,209.83685
51.035564,209.83685
51.053272,209.76862
51.067875,209.76862
51.085003,210.87567
51.10298,210.87567
51.1172,210.87567
51.13674,210.77142
51.151905,210.77142
51.170372,210.3656
51.1851,210.3656
51.20035,210.3656
51.21891,211.91876
51.23522,211.91876
51.253044,211.90265
51.26788,211.90265
51.28627,212.03436
51.30306,212.03436
51.31822,212.03436
51.336933,211.99469
51.351757,211.99469
51.372482,212.17786
51.38443,212.17786
51.402157,212.17786
51.418964,211.63
51.434162,211.63
51.452312,211.63
51.468132,211.63
51.48517,210.6123
51.50211,210.6123
51.517303,210.6123
51.53791,210.88031
51.551342,210.88031
51.571186,209.75488
51.585236,209.75488
51.601482,209.75488
51.620182,209.98712
51.636234,209.98712
51.655228,209.40405
51.66806,209.40405
51.685825,209.193
51.70241,209.193
51.71825,209.193
51.735634,208.3504
51.75027,208.3504
51.769314,208.67804
51.78619,208.67804
51.800358,208.67804
51.81854,207.82587
51.835144,207.82587
51.85373,207.6604
51.86749,207.6604
51.885223,207.69208
51.901337,207.69208
51.918526,207.69208
51.936573,207.70349
51.95176,207.70349
51.968834,208.12408
51.98513,208.12408
52.010212,206.85712
52.022343,206.85712
52.035892,206.85712
52.054,207.03186
52.06889,207.03186
52.08567,206.81915
52.102337,206.81915
52.11774,206.81915
52.13675,205.97394
52.151814,205.97394
52.16988,205.62134
52.184895,205.62134
52.2021,205.62134
52.219025,205.01099
52.235027,205.01099
52.254032,205.0769
52.268192,205.0769
52.28629,204.24457
52.30328,204.24457
52.317684,204.24457
52.335712,203.50287
52.35183,203.50287
52.37049,203.82294
52.38823,203.82294
52.401363,203.82294
52.41937,204.96265
52.43458,204.96265
52.454212,204.31549
52.46941,204.31549
52.48523,205.15363
52.503517,205.15363
52.51785,205.15363
52.536892,205.92712
52.5516,205.92712
52.574398,205.90466
52.58634,205.90466
52.60281,205.90466
52.62085,205.66168
52.63736,205.66168
52.653793,205.64514
52.66954,205.64514
52.685413,205.25262
52.704514,205.25262
52.718056,205.25262
52.73522,205.13977
52.751183,205.13977
52.776684,204.85254
52.786854,204.85254
52.80078,204.85254
52.818653,204.85254
52.83595,204.85254
52.85299,204.42816
52.86924,204.42816
52.886463,204.38684
52.902878,204.38684
52.91772,204.38684
52.936085,203.67017
52.952187,203.67017
52.970066,203.67017
52.986027,203.67017
53.001278,203.67017
53.020954,203.91815
53.036144,203.91815
53.054005,203.91815
53.06879,203.91815
53.086006,202.99188
53.102592,202.99188
53.118042,202.99188
53.136944,203.16351
53.152157,203.16351
53.169243,201.87036
53.18454,201.87036
53.202988,201.87036
53.219402,202.82587
53.234577,202.82587
53.25449,202.30377
53.269547,202.30377
53.286453,201.85632
53.304077,201.85632
53.319733,201.85632
53.3373,202.34296
53.35301,202.34296
53.371212,201.72296
53.384727,201.72296
53.40197,201.72296
53.418594,202.01624
53.43478,202.01624
53.452908,201.25763
53.468853,201.25763
53.48596,200.73334
53.502903,200.73334
53.51821,200.73334
53.53704,200.73334
53.55081,200.73334
53.56984,200.2691
53.585728,200.2691
53.601707,200.2691
53.61906,200.24866
53.634777,200.24866
53.652054,201.06635
53.67458,201.06635
53.685913,201.06635
53.703888,201.06635
53.718815,201.06635
53.737732,200.521
53.752907,200.521
53.770485,200.39832
53.787197,200.39832
53.80198,200.39832
53.82011,200.1366
53.835213,200.1366
53.853657,200.00543
53.868958,200.00543
53.886646,199.91577
53.903618,199.91577
53.91874,199.91577
53.937275,200.15704
53.95143,200.15704
53.96962,200.24011
53.98687,200.24011
54.002544,200.24011
54.019398,200.12299
54.03593,200.12299
54.053577,199.60217
54.069016,199.60217
54.085014,200.44476
54.105125,200.44476
54.11872,200.44476
54.135395,199.5393
54.15389,199.5393
54.170303,199.42584
54.18647,199.42584
54.202744,199.42584
54.219433,199.92249
54.236256,199.92249
54.25434,200.09497
54.270153,200.09497
54.286007,199.25592
54.302673,199.25592
54.318523,199.25592
54.337765,199.26398
54.351547,199.26398
54.37094,198.68732
54.386463,198.68732
54.40364,198.69385
54.420403,198.69385
54.43514,198.69385
54.45347,197.79047
54.470295,197.79047
54.48562,197.4256
54.50267,197.4256
54.518208,197.4256
54.536823,196.58643
54.552204,196.58643
54.571243,196.72327
54.588047,196.72327
54.60191,196.72327
54.62021,196.01361
54.634933,196.01361
54.656387,195.112
54.66766,195.112
54.686543,194.6549
54.702568,194.6549
54.718876,194.6549
54.737072,194.47931
54.75215,194.47931
54.770527,192.64014
54.78621,192.64014
54.803062,192.64014
54.820972,192.96216
54.83668,192.96216
54.85443,191.36267
54.870113,191.36267
54.885582,191.59802
54.902504,191.59802
54.91951,191.59802
54.93722,190.89154
54.951775,190.89154
54.969387,190.39789
54.985764,190.39789
55.002686,190.39789
55.020443,190.36023
55.03563,190.36023
55.054283,190.03473
55.06851,190.03473
55.08519,189.4057
55.1021,189.4057
55.118683,189.4057
55.135365,188.4815
55.151424,188.4815
55.16944,187.5553
55.18465,187.5553
55.202732,187.5553
55.22053,187.27148
55.235744,187.27148
55.25325,185.70111
55.268116,185.70111
55.289276,185.46008
55.30363,185.46008
55.318604,185.46008
55.336,184.48889
55.351456,184.48889
55.36965,184.85413
55.385628,184.85413
55.401226,184.85413
55.419125,183.62842
55.435253,183.62842
55.454193,184.60944
55.468834,184.60944
55.485893,182.6156
55.502567,182.6156
55.518303,182.6156
55.537014,182.4422
55.55067,182.4422
55.572937,181.625
55.586002,181.625
55.600937,181.625
55.620403,181.90979
55.63479,181.90979
55.656612,180.70648
55.668533,180.70648
55.685383,180.49213
55.70421,180.49213
55.718235,180.49213
55.73624,179.31085
55.751198,179.31085
55.770233,178.85175
55.78546,178.85175
55.802174,178.85175
55.820583,177.70428
55.8355,177.70428
55.854404,177.6181
55.868435,177.6181
55.886993,176.56366
55.90212,176.56366
55.91911,176.56366
55.937126,175.70557
55.95258,175.70557
55.96934,174.55908
55.985638,174.55908
56.002556,174.55908
56.020008,174.94135
56.036476,174.94135
56.054337,174.2052
56.069275,174.2052
56.08564,173.23212
56.10336,173.23212
56.118885,173.23212
56.14151,172.74707
56.15194,172.74707
56.17024,172.56305
56.18667,172.56305
56.20425,172.56305
56.220913,171.98456
56.23689,171.98456
56.254036,170.70447
56.268837,170.70447
56.290474,169.93585
56.30854,169.93585
56.319603,169.93585
56.336655,169.43127
56.352875,169.43127
56.3698,169.98608
56.386024,169.98608
56.401306,169.98608
56.41918,169.59381
56.43606,169.59381
56.45497,169.18439
56.468945,169.18439
56.486496,168.11597
56.503384,168.11597
56.51945,168.11597
56.53964,166.36523
56.55497,166.36523
56.574604,164.09174
56.5861,164.09174
56.601753,164.09174
56.61907,161.6438
56.635006,161.6438
56.65415,161.77069
56.668865,161.77069
56.685,160.90228
56.70342,160.90228
56.719234,160.90228
56.738297,161.04773
56.752293,161.04773
56.769917,162.54785
56.785854,162.54785
56.802536,162.54785
56.821217,161.74866
56.834625,161.74866
56.854027,160.98566
56.86901,160.98566
56.88599,160.44507
56.902554,160.44507
56.919064,160.44507
56.937614,158.36249
56.9521,158.36249
56.971294,157.61633
56.9849,157.61633
57.002254,157.61633
57.021015,157.21588
57.0361,157.21588
57.057117,156.78912
57.068867,156.78912
57.0859,157.87793
57.10207,157.87793
57.118645,157.87793
57.13704,157.53937
57.151516,157.53937
57.17056,158.04956
57.185192,158.04956
57.201492,158.04956
57.219486,157.61719
57.23626,157.61719
57.256725,157.5163
57.26807,157.5163
57.289005,157.40466
57.307186,157.40466
57.317997,157.40466
57.337254,157.25903
57.352123,157.25903
57.370197,156.96747
57.385212,156.96747
57.403427,155.89917
57.419968,155.89917
57.43574,155.89917
57.45467,154.60284
57.467693,154.60284
57.488735,153.96106
57.50342,153.96106
57.51867,153.96106
57.53782,154.09119
57.55178,154.09119
57.571487,154.18732
57.586803,154.18732
57.6032,154.05096
57.620243,154.2992
57.63564,154.2992
57.65379,152.76782
57.669327,152.76782
57.685493,152.73816
57.70422,152.73816
57.718422,152.73816
57.737225,153.29565
57.75239,153.29565
57.77075,153.23737
57.786514,153.23737
57.802277,153.23737
57.821175,152.61493
57.837093,152.61493
57.853718,152.61493
57.870354,152.61493
57.885937,152.72095
57.90294,152.72095
57.9187,152.72095
57.936935,152.72095
57.95188,152.72095
57.970314,152.22687
57.986027,152.22687
58.002483,152.22687
58.019695,152.45612
58.036373,152.45612
58.05288,152.13531
58.06885,152.13531
58.08637,152.24927
58.103252,152.24927
58.11838,152.24927
58.14164,152.0893
58.15227,152.0893
58.170452,151.51196
58.18691,151.51196
58.20333,151.26459
58.22022,151.26831
58.23582,151.26831
58.25346,151.03815
58.26873,151.03815
58.287464,150.65405
58.303368,150.65405
58.319477,150.65405
58.33643,150.67047
58.353455,150.67047
58.375637,150.30768
58.385864,150.30768
58.402393,150.30768
58.420704,150.77777
58.43477,150.77777
58.454037,150.17981
58.46953,150.17981
58.485188,150.62042
58.50293,150.62042
58.519215,150.62042
58.53712,148.36676
58.553802,148.36676
58.575584,148.80518
58.586132,148.80518
58.602467,148.80518
58.62038,149.40002
58.63521,149.40002
58.653072,148.95935
58.669125,148.95935
58.68557,148.02875
58.70354,148.02875
58.71853,148.02875
58.73771,148.01068
58.752464,148.01068
58.76935,147.71552
58.78617,147.71552
58.802258,147.71552
58.820137,147.11835
58.83604,147.11835
58.856503,146.90912
58.869682,146.90912
58.885544,146.79321
58.903103,146.79321
58.91964,146.79321
58.93767,145.9494
58.9516,145.9494
58.97101,144.19708
58.987026,144.19708
59.00247,144.19708
59.021442,142.25836
59.035576,142.25836
59.054516,141.06573
59.07025,141.06573
59.08495,138.96039
59.103012,138.96039
59.119133,138.96039
59.13559,139.5028
59.15167,139.5028
59.1698,138.22552
59.185238,138.22552
59.203556,138.22552
59.219612,137.568
59.23538,137.568
59.253555,137.69025
59.26902,137.69025
59.286324,136.75
59.303703,136.75
59.317814,136.75
59.337875,136.4201
59.35288,136.4201
59.370384,134.58893
59.38548,134.58893
59.402164,134.58893
59.42122,135.13141
59.436283,135.13141
59.454323,136.08905
59.47019,136.08905
59.486027,135.51538
59.50296,135.51538
59.520107,135.51538
59.53688,135.45215
59.551876,135.45215
59.575455,132.8266
59.58626,132.8266
59.602234,132.8266
59.620823,133.41028
59.635876,133.41028
59.65405,133.18536
59.66869,133.18536
59.68501,133.18536
59.702896,133.18536
59.71799,133.18536
59.737347,131.46289
59.75203,131.46289
59.769623,131.43506
59.785603,131.43506
59.803547,131.33923
59.821484,131.33923
59.836082,131.33923
59.853363,131.2727
59.869225,131.2727
59.88668,132.67273
59.90296,132.67273
59.91955,132.67273
59.936245,132.58484
59.96407,132.20258
59.97661,132.15503
59.989594,132.15503
60.0,132.15503
