0.2873893,739.6253
0.2960256,739.6253
0.31478643,739.91876
0.33959994,740.3224
0.34693006,740.3224
0.3646134,741.11096
0.3827408,741.11096
0.39646834,741.11096
0.4170863,742.1325
0.4395543,742.1325
0.4497795,742.9129
0.4634954,742.9129
0.48098275,742.9129
0.4991041,743.61816
0.5135602,743.61816
0.5317674,744.4812
0.5466459,744.4812
0.5642181,745.5598
0.58046204,745.5598
0.59690946,745.5598
0.61527896,746.4798
0.6306609,746.4798
0.6472519,747.51
0.6647109,747.51
0.6806249,747.51
0.69885695,748.51373
0.71431816,748.51373
0.73286456,748.51373
0.7486427,749.7664
0.76464695,750.75305
0.78054005,750.75305
0.79688615,750.75305
0.8154433,751.7972
0.8302481,751.7972
0.84868234,752.71423
0.8645179,752.71423
0.8804073,752.71423
0.89916986,753.52386
0.91291624,753.52386
0.93263334,754.4606
0.94763005,754.4606
0.9644132,755.3562
0.9825843,755.3562
0.9966632,755.3562
1.0159348,756.26306
1.0304077,756.26306
1.0481203,757.2706
1.0644509,757.2706
1.0801735,757.2706
1.0997094,758.4612
1.113009,758.4612
1.1310436,759.49316
1.1485027,759.49316
1.1628251,759.49316
1.1811638,760.6553
1.1970799,760.6553
1.2148474,761.89685
1.231152,761.89685
1.2490792,763.17694
1.2638851,763.17694
1.281333,763.17694
1.2979388,764.25867
1.3135679,764.25867
1.3308842,765.27246
1.3469318,765.27246
1.3647189,766.55396
1.3816977,766.55396
1.3976405,766.55396
1.416446,767.9559
1.4318197,767.9559
1.4516611,769.29346
1.4641036,769.29346
1.4802953,769.29346
1.5020612,770.61365
1.5151725,770.61365
1.5309014,771.8048
1.5460913,771.8048
1.563594,771.8048
1.5808558,773.1451
1.5966232,773.1451
1.6167376,774.2722
1.6310551,774.2722
1.6503189,775.4599
1.6644404,775.4599
1.6811981,775.4599
1.6997828,776.3259
1.7127924,776.3259
1.7332156,777.3491
1.7466186,777.3491
1.7640269,777.9299
1.782016,777.9299
1.7982498,777.9299
1.8166008,778.6062
1.8311734,778.6062
1.8490882,779.12476
1.8637459,779.12476
1.8800435,779.12476
1.8987489,779.863
1.91538,779.863
1.9304081,780.5366
1.9470134,780.5366
1.9644544,781.5009
1.9819142,781.5009
1.9963312,781.5009
2.014752,782.22626
2.0320146,782.22626
2.0520554,782.75305
2.0651731,782.75305
2.0800278,782.75305
2.1014805,783.1279
2.1138225,783.1279
2.1328616,783.842
2.1478355,783.842
2.1654773,784.2477
2.1819398,784.2477
2.196843,784.2477
2.2161646,784.7821
2.2298949,784.7821
2.2530909,785.1072
2.263382,785.1072
2.2803795,785.1072
2.2998297,785.6199
2.3151414,785.6199
2.331815,786.0038
2.3473892,786.0038
2.3654835,786.33057
2.3821006,786.33057
2.3975546,786.33057
2.415215,786.10376
2.430678,786.10376
2.450025,785.7285
2.463446,785.7285
2.4815986,785.7285
2.498034,785.22644
2.5153556,785.22644
2.5359895,785.4695
2.546148,785.4695
2.5644236,785.8342
2.5823295,785.8342
2.5976565,785.8342
2.6166809,786.40247
2.6314483,786.40247
2.6502137,786.5446
2.6623826,786.5446
2.6797998,786.5446
2.6989436,786.61865
2.7134004,786.61865
2.732147,786.47815
2.7478385,786.47815
2.7638063,786.2677
2.780508,786.2677
2.7978408,786.2677
2.8152642,785.7301
2.8309617,785.7301
2.851797,785.5265
2.863478,785.5265
2.880137,785.5265
2.8988614,785.1816
2.9136202,785.1816
2.9323926,785.1429
2.9483075,785.1429
2.9682987,785.0023
2.9817312,785.0023
2.996839,785.0023
3.0194566,784.9584
3.0301282,784.9584
3.0487814,784.80756
3.0648985,784.80756
3.08129,784.80756
3.0986671,784.7964
3.113996,784.7964
3.1322222,784.697
3.1484084,784.697
3.1644154,784.65436
3.183159,784.65436
3.2004187,784.65436
3.2158625,784.44684
3.2309587,784.44684
3.2533274,784.2848
3.264071,784.2848
3.2811894,784.2848
3.2997415,783.6859
3.3147304,783.6859
3.3345892,783.26526
3.3471682,783.26526
3.3644614,782.70605
3.3816066,782.70605
3.3963037,782.70605
3.4152782,782.6347
3.4304738,782.6347
3.4482353,782.3651
3.4631221,782.3651
3.4801989,782.3651
3.4985733,782.38806
3.5136197,782.38806
3.5316265,782.40234
3.5469131,782.40234
3.5643742,782.4114
3.5825875,782.4114
3.5969348,782.4114
3.6147742,782.3225
3.6315844,782.3225
3.648734,782.32166
3.6632285,782.32166
3.6809268,782.32166
3.6998746,782.1439
3.7130835,782.1439
3.7327719,781.8817
3.746201,781.8817
3.7642412,781.47375
3.7834394,781.47375
3.8025131,781.47375
3.8157668,781.4208
3.831436,781.4208
3.8499959,781.0996
3.864504,781.0996
3.881165,781.0996
3.898859,780.83435
3.9136667,780.83435
3.931712,780.42957
3.9478817,780.42957
3.963996,780.3259
3.982221,780.3259
3.996767,780.3259
4.014674,780.00903
4.0315757,780.00903
4.0483947,780.00244
4.064509,780.00244
4.0808496,780.00244
4.099494,779.7927
4.113951,779.7927
4.1322074,779.7296
4.148346,779.7296
4.164067,779.59155
4.1806216,779.59155
4.1968293,779.59155
4.2156467,779.4769
4.231822,779.4769
4.248379,779.2743
4.263873,779.2743
4.279646,779.2743
4.298629,779.24927
4.314569,779.24927
4.334429,779.07666
4.346954,779.07666
4.3647947,778.91486
4.383601,778.91486
4.3980565,778.91486
4.413867,778.92883
4.4301443,778.92883
4.449436,778.90076
4.463483,778.90076
4.482524,778.90076
4.4980783,778.61365
4.513883,778.61365
4.5330286,778.6057
4.546478,778.6057
4.565779,778.37805
4.5812645,778.37805
4.6017637,778.37805
4.61791,778.4275
4.629693,778.4275
4.657529,778.2084
4.6672626,778.2084
4.681514,778.2084
4.6990232,778.3093
4.7150574,778.3093
4.7336817,778.1925
4.7487597,778.1925
4.765476,778.0808
4.782356,778.0808
4.798435,778.0808
4.8192873,777.8795
4.830883,777.8795
4.8502526,777.968
4.8667264,777.968
4.881338,777.968
4.8994346,777.9925
4.9154496,777.9925
4.9339585,778.0323
4.952497,778.0323
4.9647818,777.9878
4.983803,777.9878
4.998358,777.9878
5.0170255,777.9394
5.033289,777.9394
5.051734,777.9065
5.0648894,777.9065
5.081957,777.9065
5.1000514,777.92883
5.1150584,777.92883
5.13306,777.8528
5.1483846,777.8528
5.166065,777.86584
5.183422,777.86584
5.1996756,777.86584
5.2170887,777.9155
5.2322893,777.9155
5.2543993,778.22687
5.2650676,778.22687
5.2823644,778.22687
5.2994246,778.1733
5.316253,778.1733
5.332442,778.11084
5.34888,778.11084
5.3664827,778.06946
5.381971,778.06946
5.3988814,778.06946
5.4168878,778.32794
5.4317675,778.32794
5.450569,778.0856
5.464066,778.0856
5.481523,778.0856
5.4989495,778.08167
5.514395,778.08167
5.534566,778.0182
5.548275,778.0182
5.5649467,778.0307
5.5819683,778.0307
5.5972967,778.0307
5.617873,778.03296
5.633209,778.03296
5.6521025,778.041
5.664095,778.041
5.6812315,778.041
5.6995716,777.93176
5.7160826,777.93176
5.734337,778.0102
5.7479563,778.0102
5.765699,777.96375
5.7833323,777.96375
5.798812,777.96375
5.816192,777.9896
5.8328695,777.9896
5.8500566,777.922
5.866282,777.922
5.8816843,777.922
5.9015994,777.96924
5.91406,777.96924
5.934353,777.9127
5.948434,777.9127
5.9648886,777.8943
5.983088,777.8943
5.9976797,777.8943
6.017355,777.61835
6.0311146,777.61835
6.050236,777.52545
6.0655813,777.52545
6.0809283,777.52545
6.0989833,777.1736
6.1158032,777.1736
6.131759,776.8741
6.14903,776.8741
6.166523,776.08264
6.182323,776.08264
6.199213,776.08264
6.2163315,775.4458
6.231703,775.4458
6.249379,774.62976
6.2645717,774.62976
6.2827215,774.62976
6.3008866,773.86194
6.3146014,773.86194
6.3322773,772.88367
6.348414,772.88367
6.3664966,772.0598
6.3819427,772.0598
6.3988323,772.0598
6.420412,771.17236
6.431066,771.17236
6.4505334,770.6582
6.4664736,770.6582
6.481552,770.6582
6.4994535,769.84625
6.515423,769.84625
6.533441,769.1011
6.54805,769.1011
6.56618,768.1541
6.582114,768.1541
6.5998516,768.1541
6.620702,767.54736
6.631097,767.54736
6.648653,766.6914
6.6645746,766.6914
6.6826086,766.6914
6.6998434,765.98804
6.71471,765.98804
6.7332363,765.13403
6.7488136,765.13403
6.765563,764.32166
6.781887,764.32166
6.7986617,764.32166
6.8163505,763.41736
6.831547,763.41736
6.8504725,762.6897
6.8655896,762.6897
6.8812804,762.6897
6.89966,761.79517
6.9160004,761.79517
6.9360766,761.03204
6.949298,761.03204
6.9652605,760.0686
6.9819775,760.0686
6.9979334,760.0686
7.0187984,759.1631
7.032277,759.1631
7.051943,758.44104
7.0644164,758.44104
7.0818377,758.44104
7.0998855,758.44104
7.1144032,758.44104
7.133812,756.79565
7.149021,756.79565
7.164427,756.02075
7.183774,756.02075
7.1987615,756.02075
7.2167416,755.21375
7.2320123,755.21375
7.2503877,754.2433
7.2637234,754.2433
7.2827396,754.2433
7.2995715,753.4208
7.31474,753.4208
7.333345,753.18024
7.3487983,753.18024
7.366574,753.151
7.381977,753.151
7.39926,753.151
7.4177136,752.7914
7.432015,752.7914
7.450641,752.12646
7.465178,752.12646
7.482095,752.12646
7.500359,751.85913
7.5144167,751.85913
7.53409,751.8959
7.5479956,751.8959
7.56459,751.68787
7.5817337,751.68787
7.5980964,751.68787
7.6169047,751.3589
7.63189,751.3589
7.6531763,750.9639
7.66483,750.9639
7.681017,750.9639
7.7024136,750.83386
7.7158623,750.83386
7.7336383,750.6797
7.7480702,750.6797
7.7645087,750.3536
7.782283,750.3536
7.798404,750.3536
7.815716,750.1522
7.8316326,750.1522
7.849435,749.98584
7.8662972,749.98584
7.8809233,749.98584
7.9001875,749.77515
7.913935,749.77515
7.932623,749.6779
7.949626,749.6779
7.9652786,749.646
7.982089,749.646
7.9987073,749.646
8.018068,749.5188
8.032783,749.5188
8.049955,749.20233
8.0649185,749.20233
8.080769,749.20233
8.101318,748.9867
8.11494,748.9867
8.133786,748.8909
8.14892,748.8909
8.164329,748.48315
8.184041,748.48315
8.199165,748.48315
8.216967,748.397
8.232509,748.397
8.249612,748.09827
8.265676,748.09827
8.2844095,747.9523
8.311477,747.9523
8.322113,747.9523
8.337767,747.7014
8.356827,747.7014
8.370127,747.6549
8.385068,747.6549
8.402227,747.6549
8.42097,747.3522
8.437171,747.3522
8.453906,747.224
8.470418,747.224
8.486086,746.776
8.50156,746.776
8.517991,746.776
8.536741,746.3347
8.551763,746.3347
8.5700655,745.9396
8.58581,745.9396
8.602604,745.9396
8.619809,745.53973
8.635712,745.53973
8.657168,745.0083
8.669149,745.0083
8.6866455,744.66626
8.704127,744.66626
8.720034,744.66626
8.737376,744.5616
8.752916,744.5616
8.771301,744.20056
8.7860985,744.20056
8.80294,744.20056
8.820938,743.9144
8.835883,743.9144
8.858396,743.6437
8.869204,743.6437
8.888627,743.6033
8.902813,743.6033
8.918311,743.6033
8.937846,743.27264
8.952143,743.27264
8.972639,742.78015
8.986573,742.78015
9.002654,742.78015
9.02132,742.6664
9.035962,742.6664
9.054255,742.6146
9.069335,742.6146
9.0856085,742.49194
9.103547,742.49194
9.119122,742.49194
9.136757,742.15405
9.153495,742.15405
9.17149,741.98376
9.186154,741.98376
9.202119,741.98376
9.220263,742.08
9.236281,742.08
9.252228,742.2228
9.270456,742.2228
9.286686,742.1174
9.3051405,742.1174
9.319345,742.1174
9.337885,742.0171
9.352487,742.0171
9.370156,741.881
9.385634,741.881
9.402334,741.881
9.421009,741.8332
9.435213,741.8332
9.452654,741.6748
9.4692955,741.6748
9.4861555,741.676
9.5029335,741.676
9.518016,741.676
9.537303,741.68835
9.552022,741.68835
9.574146,741.6923
9.585953,741.6923
9.602343,741.6923
9.620463,741.6615
9.635914,741.6615
9.653201,741.6692
9.669091,741.6692
9.690237,741.9628
9.703367,741.9628
9.718233,741.9628
9.737592,741.9651
9.751824,741.9651
9.771638,741.91797
9.786295,741.91797
9.802486,741.91797
9.820638,741.7536
9.835387,741.7536
9.854304,741.7022
9.869475,741.7022
9.885791,741.7229
9.902164,741.7229
9.920272,741.7229
9.938626,741.7691
9.952158,741.7691
9.975594,741.6102
9.985822,741.6102
10.002821,741.6102
10.018969,741.615
10.03625,741.615
10.054264,741.4898
10.070134,741.4898
10.086437,741.54065
10.1044,741.54065
10.119881,741.54065
10.136398,741.5234
10.152347,741.5234
10.17366,741.34424
10.185353,741.34424
10.201881,741.34424
10.220161,741.3331
10.236075,741.3331
10.252609,741.3529
10.2692375,741.3529
10.28775,741.4164
10.3022995,741.4164
10.319194,741.4164
10.336974,741.2865
10.352992,741.2865
10.36984,741.34094
10.385966,741.34094
10.402211,741.34094
10.421146,741.33264
10.435875,741.33264
10.454986,741.36536
10.470119,741.36536
10.486621,741.5062
10.505018,741.5062
10.520188,741.5062
10.537233,741.4285
10.5534,741.4285
10.575025,741.4538
10.586946,741.4538
10.60292,741.4538
10.624195,741.48
10.636633,741.48
10.654251,741.4125
10.669316,741.4125
10.686684,741.4295
10.7038355,741.4295
10.720841,741.4295
10.740302,741.17346
10.753581,741.17346
10.775231,741.0822
10.785794,741.0822
10.802945,741.0822
10.820309,740.9659
10.835784,740.9659
10.856596,741.16504
10.868387,741.16504
10.884795,740.77466
10.903179,740.77466
10.918652,740.77466
10.938643,740.7597
10.951863,740.7597
10.9701605,740.51855
10.986839,740.51855
11.003361,740.51855
11.021759,740.4012
11.0364065,740.4012
11.054424,740.4746
11.0690565,740.4746
11.087304,740.4939
11.104275,740.4939
11.119466,740.4939
11.140893,740.4349
11.152677,740.4349
11.171916,740.3761
11.185996,740.3761
11.205168,740.3737
11.221368,740.3737
11.236904,740.3737
11.256262,740.4431
11.26972,740.4431
11.286573,740.2372
11.30483,740.2372
11.319736,740.2372
11.339547,740.39435
11.352905,740.39435
11.369319,740.10693
11.385118,740.10693
11.402501,740.10693
11.421837,740.01794
11.436726,740.01794
11.452741,739.97534
11.469058,739.97534
11.487873,739.9044
11.503956,739.9044
11.51793,739.9044
11.537036,739.77234
11.552874,739.77234
11.569799,739.75507
11.586001,739.75507
11.602212,739.75507
11.620338,739.82336
11.637618,739.82336
11.658036,739.8096
11.668979,739.8096
11.6856165,739.9353
11.703918,739.9353
11.718386,739.9353
11.7374325,739.9635
11.752495,739.9635
11.769716,740.00183
11.785486,740.00183
11.801693,740.00183
11.820831,740.0086
11.835851,740.0086
11.854115,740.17633
11.868516,740.17633
11.885519,740.16315
11.903608,740.16315
11.918513,740.16315
11.938443,740.20154
11.952232,740.20154
11.971711,740.11206
11.985752,740.11206
12.003337,740.11206
12.021024,740.0736
12.0352,740.0736
12.053694,740.11304
12.06978,740.11304
12.086361,740.02405
12.103319,740.02405
12.11885,740.02405
12.137246,739.9823
12.152301,739.9823
12.171144,739.7944
12.186517,739.7944
12.201737,739.7944
12.221928,739.8134
12.235337,739.8134
12.252916,740.12463
12.269168,740.12463
12.28635,740.49304
12.303766,740.49304
12.319201,740.49304
12.338592,741.20105
12.351955,741.20105
12.369635,742.5317
12.385597,742.5317
12.403868,743.3793
12.419377,743.3793
12.437199,743.3793
12.453095,744.63635
12.469522,744.63635
12.4865055,745.35754
12.502817,745.35754
12.518987,745.35754
12.537186,746.5039
12.551956,746.5039
12.569368,747.35876
12.585274,747.35876
12.602609,747.35876
12.619852,748.35114
12.635193,748.35114
12.652463,749.11536
12.669894,749.11536
12.685733,750.1149
12.70373,750.1149
12.719098,750.1149
12.737694,751.06946
12.751576,751.06946
12.769066,751.83344
12.785834,751.83344
12.803299,751.83344
12.82088,752.6422
12.835733,752.6422
12.854322,753.8119
12.868898,753.8119
12.887995,754.83105
12.90416,754.83105
12.920583,754.83105
12.9373455,755.9133
12.952601,755.9133
12.970754,756.98773
12.98624,756.98773
13.010881,756.98773
13.02485,758.4022
13.036347,758.4022
13.05523,759.51526
13.07006,759.51526
13.085687,760.31354
13.104538,760.31354
13.119908,760.31354
13.137104,761.1249
13.153739,761.1249
13.170792,761.5886
13.184828,761.5886
13.203998,762.3718
13.2207575,762.3718
13.235284,762.3718
13.25497,762.92615
13.269375,762.92615
13.293488,763.59674
13.303205,763.59674
13.320494,763.59674
13.337198,764.2191
13.351843,764.2191
13.374134,765.14294
13.38561,765.14294
13.403643,765.7084
13.421124,765.7084
13.435638,765.7084
13.45312,766.52826
13.469603,766.52826
13.48609,767.0251
13.503364,767.0251
13.5192375,767.0251
13.53831,768.0213
13.551109,768.0213
13.570138,769.249
13.586149,769.249
13.602765,769.249
13.621207,770.60315
13.635219,770.60315
13.653343,772.03516
13.670562,772.03516
13.686939,773.125
13.70461,773.125
13.719743,773.125
13.737571,773.99994
13.752199,773.99994
13.77063,775.0323
13.786609,775.0323
13.802504,775.0323
13.8213825,775.9411
13.836125,775.9411
13.855997,776.8642
13.868058,776.8642
13.886657,777.5768
13.902857,777.5768
13.918888,777.5768
13.938871,778.2977
13.95217,778.2977
13.972222,778.97406
13.985191,778.97406
14.002774,778.97406
14.020763,779.6663
14.035643,779.6663
14.053015,780.1178
14.069123,780.1178
14.088541,780.74194
14.1033745,780.74194
14.118689,780.74194
14.137029,781.3496
14.152722,781.3496
14.169946,782.07275
14.185893,782.07275
14.201953,782.07275
14.221305,782.8422
14.236602,782.8422
14.253503,783.43634
14.269105,783.43634
14.286202,783.94666
14.302945,783.94666
14.319362,783.94666
14.338144,784.6166
14.352699,784.6166
14.371004,785.4916
14.38695,785.4916
14.402403,785.4916
14.42196,786.38055
14.436595,786.38055
14.4549465,786.8153
14.470652,786.8153
14.485136,787.3492
14.503672,787.3492
14.519152,787.3492
14.538511,787.7496
14.551841,787.7496
14.575011,787.89856
14.5867,787.89856
14.601881,787.89856
14.619864,787.68823
14.634948,787.68823
14.653964,787.2793
14.669282,787.2793
14.686618,786.879
14.704031,786.879
14.733079,786.6135
14.744477,786.6135
14.758577,786.6135
14.776285,786.30066
14.792029,786.30066
14.808723,785.77344
14.825051,785.77344
14.841014,785.77344
14.858019,785.7101
14.873848,785.7101
14.891145,785.39294
14.906998,785.39294
14.924867,785.2883
14.942369,785.2883
14.9579115,785.2883
14.974819,785.173
14.990882,785.173
15.008669,785.2611
15.023661,785.2611
15.039242,785.2611
15.05857,785.19977
15.074981,785.19977
15.0924015,785.0276
15.107178,785.0276
15.12601,784.76117
15.142389,784.76117
15.157473,784.76117
15.175585,784.77783
15.190189,784.77783
15.208571,784.75757
15.224803,784.75757
15.242,784.75757
15.259465,784.624
15.275009,784.624
15.2918415,784.4304
15.30806,784.4304
15.325082,784.5532
15.341675,784.5532
15.356948,784.5532
15.374242,784.3629
15.390768,784.3629
15.407914,784.3667
15.424248,784.3667
15.441635,784.3667
15.458801,784.199
15.4750805,784.199
15.492585,784.1107
15.507836,784.1107
15.523719,783.803
15.541514,783.803
15.556889,783.803
15.575822,783.75635
15.5914135,783.75635
15.609999,783.3014
15.623966,783.3014
15.641579,783.3014
15.660067,783.21716
15.674391,783.21716
15.693188,783.19666
15.707193,783.19666
15.7238655,783.3175
15.741633,783.3175
15.757138,783.3175
15.774722,783.0764
15.7901125,783.0764
15.808706,783.07056
15.8244915,783.07056
15.843952,782.9199
15.859423,782.9199
15.87296,782.9199
15.892217,782.9971
15.907436,782.9971
15.924994,782.76355
15.946043,782.76355
15.960741,782.76355
15.979239,782.73926
15.991596,782.73926
16.014605,782.58325
16.024464,782.58325
16.041428,782.58325
16.059269,782.5681
16.07428,782.5681
16.095997,782.3475
16.106125,782.3475
16.123789,782.3446
16.141397,782.3446
16.156647,782.3446
16.175615,782.16785
16.19014,782.16785
16.20907,782.19324
16.223774,782.19324
16.239893,782.19324
16.259052,782.05597
16.27287,782.05597
16.291754,782.0145
16.30767,782.0145
16.325228,781.7607
16.342289,781.7607
16.357616,781.7607
16.375786,781.7318
16.391012,781.7318
16.408144,781.72534
16.424534,781.72534
16.442345,781.72534
16.459953,781.68604
16.475018,781.68604
16.492565,781.4613
16.506557,781.4613
16.524128,781.45337
16.541569,781.45337
16.557806,781.45337
16.57589,781.37317
16.591105,781.37317
16.608414,781.4706
16.624107,781.4706
16.640213,781.4706
16.660288,781.38464
16.674273,781.38464
16.693462,780.83374
16.707258,780.83374
16.724724,780.02936
16.741539,780.02936
16.757542,780.02936
16.776253,780.26917
16.79092,780.26917
16.807964,780.50714
16.823322,780.50714
16.840366,780.50714
16.858957,780.5167
16.873753,780.5167
16.892014,780.06464
16.908516,780.06464
16.925018,780.0067
16.941647,780.0067
16.957111,780.0067
16.975113,779.9197
16.990938,779.9197
17.008177,779.8907
17.024033,779.8907
17.040953,779.8907
17.059143,779.5713
17.074883,779.5713
17.095509,779.4463
17.106617,779.4463
17.124807,779.4486
17.141678,779.4486
17.158335,779.4486
17.175716,779.5426
17.19057,779.5426
17.209467,779.51733
17.22428,779.51733
17.24061,779.51733
17.262726,779.54987
17.27331,779.54987
17.291492,779.5016
17.307203,779.5016
17.324417,779.4249
17.341887,779.4249
17.357344,779.4249
17.37556,779.272
17.391066,779.272
17.409216,779.23224
17.423283,779.23224
17.44061,779.23224
17.4625,779.17065
17.474503,779.17065
17.4925,779.1093
17.507751,779.1093
17.524689,778.7777
17.542105,778.7777
17.55698,778.7777
17.575556,778.89557
17.590235,778.89557
17.609156,778.7739
17.623537,778.7739
17.642292,778.7739
17.659235,778.7654
17.674452,778.7654
17.691217,778.2846
17.707441,778.2846
17.72371,778.07184
17.74156,778.07184
17.757792,778.07184
17.775818,777.67584
17.78986,777.67584
17.80907,777.2433
17.823814,777.2433
17.840338,777.2433
17.859913,776.7512
17.87459,776.7512
17.891563,776.65393
17.907484,776.65393
17.924229,776.6277
17.941982,776.6277
17.95722,776.6277
17.975422,776.69824
17.99112,776.69824
18.00838,776.8509
18.024733,776.8509
18.041306,776.8509
18.059248,776.87
18.073685,776.87
18.095545,776.5135
18.106808,776.5135
18.124216,775.7291
18.143356,775.7291
18.156889,775.7291
18.175703,774.7307
18.19221,774.7307
18.213017,774.1388
18.225203,774.1388
18.241285,774.1388
18.260237,773.6133
18.275352,773.6133
18.29362,773.15173
18.3094,773.15173
18.325647,772.60547
18.34104,772.60547
18.357613,772.60547
18.375635,772.528
18.391607,772.528
18.409483,772.1185
18.424519,772.1185
18.440456,772.1185
18.458412,771.8827
18.474913,771.8827
18.494938,771.15765
18.508045,771.15765
18.5246,770.7678
18.541918,770.7678
18.558338,770.7678
18.576372,770.0533
18.590399,770.0533
18.611921,769.4695
18.625347,769.4695
18.64063,769.4695
18.657602,768.6872
18.67384,768.6872
18.691013,768.127
18.709044,768.127
18.72594,767.30145
18.741959,767.30145
18.757572,767.30145
18.77648,766.80475
18.791576,766.80475
18.809025,766.2521
18.822945,766.2521
18.84089,766.2521
18.859007,766.0408
18.87265,766.0408
18.893827,765.0182
18.90824,765.0182
18.925024,764.43274
18.942717,764.43274
18.956867,764.43274
18.97461,763.7166
18.990692,763.7166
19.007256,763.28784
19.025608,763.28784
19.040466,763.28784
19.0589,762.8013
19.073727,762.8013
19.091166,762.0482
19.10759,762.0482
19.124884,761.4696
19.14037,761.4696
19.156933,761.4696
19.175995,760.905
19.191292,760.905
19.210012,759.98157
19.223944,759.98157
19.24147,759.98157
19.259014,759.4367
19.273327,759.4367
19.29263,758.506
19.30831,758.506
19.32404,758.0355
19.342459,758.0355
19.357742,758.0355
19.376762,757.3646
19.390455,757.3646
19.408346,756.86255
19.42542,756.86255
19.440722,756.86255
19.462265,755.94305
19.475138,755.94305
19.49104,755.60657
19.50798,755.60657
19.523726,755.04175
19.5409,755.04175
19.556921,755.04175
19.576153,754.5599
19.591246,754.5599
19.61323,753.7088
19.625223,753.7088
19.641943,753.7088
19.660707,753.1887
19.674067,753.1887
19.691824,752.4877
19.70792,752.4877
19.72499,752.02966
19.74141,752.02966
19.757236,752.02966
19.775072,751.629
19.79099,751.629
19.80907,751.169
19.824669,751.169
19.841293,751.169
19.859133,750.6576
19.873468,750.6576
19.89283,750.0148
19.907269,750.0148
19.926765,749.1339
19.941744,749.1339
19.957405,749.1339
19.97491,748.6315
19.99218,748.6315
20.009027,748.03906
20.023653,748.03906
20.040789,748.03906
20.059141,747.7444
20.073612,747.7444
20.09619,747.0042
20.108059,747.0042
20.125061,746.4412
20.141418,746.4412
20.15761,746.4412
20.177734,745.69476
20.190441,745.69476
20.20875,745.43414
20.22485,745.43414
20.241367,745.43414
20.258427,744.96545
20.274252,744.96545
20.291945,744.2759
20.30725,744.2759
20.323929,743.8375
20.341808,743.8375
20.35716,743.8375
20.37448,743.7867
20.391315,743.7867
20.408422,743.5333
20.424442,743.5333
20.440725,743.5333
20.459435,742.8521
20.473175,742.8521
20.492367,742.3668
20.507462,742.3668
20.524332,742.1855
20.541218,742.1855
20.556887,742.1855
20.576752,741.6898
20.590422,741.6898
20.609043,741.58887
20.623617,741.58887
20.641329,741.58887
20.658283,741.45593
20.674095,741.45593
20.691334,741.4968
20.707207,741.4968
20.723612,741.52966
20.742033,741.52966
20.757408,741.52966
20.776243,741.548
20.791235,741.548
20.809376,740.90674
20.82575,740.90674
20.840174,740.90674
20.858862,740.76526
20.874147,740.76526
20.892128,740.2179
20.907087,740.2179
20.924416,740.0985
20.942713,740.0985
20.956976,740.0985
20.975197,739.79645
20.990932,739.79645
21.012613,739.97394
21.025198,739.97394
21.040838,739.97394
21.057728,739.9326
21.074322,739.9326
21.092674,739.6114
21.10759,739.6114
21.124317,739.2323
21.141386,739.2323
21.157717,739.2323
21.176088,738.85
21.190987,738.85
21.213303,738.99115
21.223982,738.99115
21.240543,738.99115
21.259016,738.8936
21.274696,738.8936
21.292492,738.80566
21.30829,738.80566
21.325274,738.6214
21.34212,738.6214
21.357172,738.6214
21.37564,738.2529
21.39001,738.2529
21.406956,738.222
21.4248,738.222
21.440298,738.222
21.463545,738.17224
21.4745,738.17224
21.492397,738.2233
21.507826,738.2233
21.52534,738.53345
21.541576,738.53345
21.558197,738.53345
21.575523,738.42993
21.591026,738.42993
21.609457,738.25604
21.625568,738.25604
21.642962,738.25604
21.659485,738.0658
21.674099,738.0658
21.697676,738.0426
21.707453,738.0426
21.724873,738.00354
21.741064,738.00354
21.75867,738.00354
21.775263,737.8025
21.791298,737.8025
21.809464,737.57245
21.824232,737.57245
21.840866,737.57245
21.859404,737.2339
21.87468,737.2339
21.896685,737.2086
21.908031,737.2086
21.92441,737.1323
21.940979,737.1323
21.957344,737.1323
21.975538,737.1356
21.99097,737.1356
22.00917,737.0033
22.025326,737.0033
22.040306,737.0033
22.05926,737.0978
22.074148,737.0978
22.092377,736.8673
22.106993,736.8673
22.124342,736.83325
22.142776,736.83325
22.156954,736.83325
22.176613,736.559
22.189629,736.559
22.20936,736.8563
22.226534,736.8563
22.241758,736.8563
22.258598,736.62585
22.27346,736.62585
22.292013,736.9088
22.307182,736.9088
22.324375,736.93835
22.341768,736.93835
22.358028,736.93835
22.375448,736.6881
22.391693,736.6881
22.408516,736.932
22.425133,736.932
22.44092,736.932
22.462738,736.9479
22.479,736.9479
22.492556,736.56433
22.50768,736.56433
22.524569,736.6869
22.542307,736.6869
22.557905,736.6869
22.57561,736.62866
22.590458,736.62866
22.607672,736.6217
22.623835,736.6217
22.640482,736.6217
22.65895,736.3815
22.675465,736.3815
22.692455,736.1732
22.706861,736.1732
22.725187,736.4579
22.742641,736.4579
22.75707,736.4579
22.776278,736.4601
22.791784,736.4601
22.807232,736.0841
22.826078,736.0841
22.84156,736.0841
22.85818,736.4121
22.874254,736.4121
22.895018,736.76434
22.906837,736.76434
22.924528,736.7566
22.941473,736.7566
22.958176,736.7566
22.97519,736.3146
22.990702,736.3146
23.008097,736.2532
23.028326,736.2532
23.041292,736.2532
23.058617,736.4571
23.073637,736.4571
23.09197,736.36487
23.107897,736.36487
23.124031,736.7151
23.142164,736.7151
23.158318,736.7151
23.17603,736.48535
23.190702,736.48535
23.208965,736.932
23.226416,736.932
23.241158,736.932
23.259035,736.9562
23.274685,736.9562
23.294264,736.4845
23.309086,736.4845
23.325642,736.51416
23.341892,736.51416
23.357689,736.51416
23.37581,736.3993
23.390057,736.3993
23.408789,736.4111
23.426233,736.4111
23.441006,736.4111
23.457533,736.42883
23.475468,736.42883
23.491512,736.1904
23.507366,736.1904
23.52397,736.50366
23.542542,736.50366
23.55806,736.50366
23.575394,736.6383
23.59223,736.6383
23.60739,736.56854
23.626003,736.56854
23.642422,736.56854
23.65908,736.2638
23.6753,736.2638
23.692797,736.4175
23.707195,736.4175
23.723976,736.2338
23.742031,736.2338
23.758533,736.2338
23.776346,735.4818
23.792011,735.4818
23.809004,735.4965
23.825125,735.4965
23.840767,735.4965
23.857668,735.60046
23.87421,735.60046
23.891788,735.5914
23.907766,735.5914
23.92487,735.53784
23.940475,735.53784
23.95773,735.53784
23.975811,735.5497
23.991983,735.5497
24.010159,735.8152
24.02469,735.8152
24.0409,735.8152
24.058756,735.79095
24.074928,735.79095
24.094536,735.85315
24.106464,735.85315
24.124617,736.0905
24.142439,736.0905
24.156857,736.0905
24.177198,735.59033
24.19148,735.59033
24.20857,736.25964
24.224363,736.25964
24.240664,736.25964
24.259249,736.9497
24.2734,736.9497
24.295128,737.9075
24.307243,737.9075
24.324581,738.7247
24.341862,738.7247
24.357496,738.7247
24.375385,739.84155
24.390944,739.84155
24.408089,740.83624
24.424746,740.83624
24.441095,740.83624
24.459013,741.9004
24.475193,741.9004
24.492138,742.9479
24.50824,742.9479
24.524004,744.33887
24.541285,744.33887
24.557537,744.33887
24.575855,745.2779
24.591166,745.2779
24.60851,746.3235
24.62453,746.3235
24.640888,746.3235
24.658436,747.2478
24.674728,747.2478
24.692757,748.90686
24.707958,748.90686
24.724882,749.1543
24.742216,749.1543
24.75839,749.1543
24.775784,750.1896
24.791595,750.1896
24.808529,751.19354
24.823315,751.19354
24.841276,751.19354
24.85883,752.5356
24.874395,752.5356
24.891727,753.67725
24.909111,753.67725
24.926094,754.74023
24.941648,754.74023
24.956911,754.74023
24.97678,756.07825
24.991146,756.07825
25.008287,757.674
25.024216,757.674
25.041477,757.674
25.059267,759.7084
25.07434,759.7084
25.092525,760.55383
25.107067,760.55383
25.125134,761.61707
25.141571,761.61707
25.156845,761.61707
25.177574,762.7887
25.1919,762.7887
25.212969,763.3524
25.225142,763.3524
25.242376,763.3524
25.259474,763.9653
25.27452,763.9653
25.292562,764.6068
25.307894,764.6068
25.3255,764.38586
25.34295,764.38586
25.357594,764.38586
25.374655,765.5471
25.390665,765.5471
25.414003,766.724
25.425476,766.724
25.441387,766.724
25.460546,767.3137
25.474934,767.3137
25.492046,768.0678
25.507303,768.0678
25.525269,768.84357
25.541653,768.84357
25.557816,768.84357
25.575985,770.0039
25.592169,770.0039
25.612755,770.7715
25.62525,770.7715
25.641888,770.7715
25.66013,771.57947
25.674612,771.57947
25.692713,772.3709
25.708729,772.3709
25.724281,773.296
25.742226,773.296
25.758265,773.296
25.775242,774.0403
25.79128,774.0403
25.809206,774.3701
25.8249,774.3701
25.84274,774.3701
25.858313,774.5502
25.874966,774.5502
25.892761,774.22815
25.906631,774.22815
25.92401,773.71655
25.94143,773.71655
25.957697,773.71655
25.97581,773.9036
25.991966,773.9036
26.00959,774.16614
26.02375,774.16614
26.040665,774.16614
26.059671,774.5694
26.073418,774.5694
26.092417,774.4142
26.108826,774.4142
26.126768,774.48004
26.142384,774.48004
26.15895,774.48004
26.176775,774.9791
26.191532,774.9791
26.211287,774.9791
26.227564,775.59485
26.242258,775.59485
26.262976,776.22186
26.275757,776.22186
26.29286,777.114
26.307709,777.114
26.324284,778.2507
26.342382,778.2507
26.357782,778.2507
26.375727,779.0122
26.391222,779.0122
26.408758,779.12885
26.42528,779.12885
26.441149,779.12885
26.459118,779.18054
26.475597,779.18054
26.49182,779.4243
26.507153,779.4243
26.524792,779.5186
26.541323,779.5186
26.557487,779.5186
26.575764,779.2983
26.591682,779.2983
26.607582,779.21106
26.624907,779.21106
26.640985,779.21106
26.65904,779.4055
26.675102,779.4055
26.69203,779.406
26.708382,779.406
26.724436,779.43774
26.742514,779.43774
26.75744,779.43774
26.776178,779.77795
26.790604,779.77795
26.809553,779.74567
26.825106,779.74567
26.840614,779.74567
26.859482,780.0945
26.873676,780.0945
26.892248,780.0543
26.90794,780.0543
26.925844,779.9961
26.941391,779.9961
26.957676,779.9961
26.974388,779.2495
26.990925,779.2495
27.012653,778.7251
27.02505,778.7251
27.04183,778.7251
27.060062,777.98395
27.074713,777.98395
27.095312,777.9237
27.10842,777.9237
27.124483,777.71454
27.142113,777.71454
27.15736,777.71454
27.176773,777.60986
27.190327,777.60986
27.209469,777.4425
27.22466,777.4425
27.241888,777.4425
27.258896,777.41455
27.275188,777.41455
27.292156,777.4664
27.308012,777.4664
27.324974,777.7605
27.34197,777.7605
27.358284,777.7605
27.377007,778.0032
27.390966,778.0032
27.41108,777.9696
27.425495,777.9696
27.441296,777.9696
27.458298,777.75037
27.475199,777.75037
27.492308,777.8833
27.507433,777.8833
27.524399,778.09924
27.54292,778.09924
27.55715,778.09924
27.57621,777.6787
27.590899,777.6787
27.608606,777.796
27.624153,777.796
27.640724,777.796
27.659184,777.3429
27.675417,777.3429
27.69251,777.8717
27.707844,777.8717
27.725174,777.1997
27.74166,777.1997
27.758085,777.1997
27.775826,777.41895
27.791523,777.41895
27.808496,777.2998
27.823942,777.2998
27.840677,777.2998
27.859238,777.5537
27.874605,777.5537
27.89278,777.5837
27.908112,777.5837
27.924814,777.4092
27.941278,777.4092
27.958055,777.4092
27.976896,777.29346
27.991117,777.29346
28.008963,776.9088
28.02464,776.9088
28.04173,776.9088
28.058569,777.1803
28.07383,777.1803
28.091627,776.2795
28.107693,776.2795
28.123867,776.25867
28.142494,776.25867
28.157658,776.25867
28.176504,776.1041
28.190733,776.1041
28.208708,776.17615
28.2238,776.17615
28.242079,776.17615
28.260405,776.3399
28.275011,776.3399
28.294714,776.19696
28.308645,776.19696
28.324373,776.0697
28.342012,776.0697
28.357803,776.0697
28.378994,776.21277
28.391918,776.21277
28.408707,776.14923
28.42565,776.14923
28.443218,776.14923
28.458454,775.9813
28.475792,775.9813
28.492342,775.7478
28.507355,775.7478
28.525192,775.7832
28.541813,775.7832
28.55783,775.7832
28.578613,775.55554
28.591661,775.55554
28.608917,775.5338
28.624962,775.5338
28.642406,775.5338
28.659464,775.0929
28.67463,775.0929
28.692684,775.1335
28.70796,775.1335
28.724909,774.97644
28.74287,774.97644
28.75719,774.97644
28.77681,775.07764
28.791973,775.07764
28.809519,775.3136
28.823732,775.3136
28.841894,775.3136
28.860207,775.4762
28.874262,775.4762
28.894976,775.4321
28.907337,775.4321
28.924576,775.3339
28.941975,775.3339
28.95746,775.3339
28.976944,775.1542
28.991451,775.1542
29.008688,775.2272
29.024372,775.2272
29.04055,775.2272
29.059248,775.1926
29.074673,775.1926
29.091639,775.1832
29.106705,775.1832
29.1251,774.69775
29.14374,774.69775
29.157774,774.69775
29.178345,774.70374
29.19197,774.70374
29.20767,774.881
29.224453,774.881
29.240501,774.881
29.258425,775.0202
29.273405,775.0202
29.29248,774.9807
29.307898,774.9807
29.325422,774.896
29.34203,774.896
29.357903,774.896
29.376394,774.8192
29.390306,774.8192
29.40846,774.84326
29.424175,774.84326
29.440834,774.84326
29.459372,774.65894
29.474674,774.65894
29.493673,774.43665
29.508688,774.43665
29.52383,774.3191
29.543621,774.3191
29.559258,774.3191
29.577278,774.3779
29.59125,774.3779
29.608974,774.63983
29.624214,774.63983
29.641062,774.63983
29.660156,774.72595
29.674982,774.72595
29.692432,774.9571
29.7086,774.9571
29.725658,775.3205
29.741257,775.3205
29.75756,775.3205
29.775057,775.25244
29.795994,775.25244
29.81327,775.2458
29.82609,775.2458
29.842386,775.2458
29.858307,775.03375
29.87449,775.03375
29.892056,775.1118
29.906927,775.1118
29.924103,775.11615
29.941656,775.11615
29.958416,775.11615
29.976217,775.07117
29.991402,775.07117
30.008457,775.015
30.024134,775.015
30.039984,775.015
30.059275,775.0551
30.074087,775.0551
30.091896,774.68274
30.10797,774.68274
30.124208,774.1098
30.14176,774.1098
30.156942,774.1098
30.175877,772.87036
30.191114,772.87036
30.209175,772.3173
30.224703,772.3173
30.240778,772.3173
30.262506,771.4214
30.273691,771.4214
30.29201,771.2478
30.307638,771.2478
30.323975,770.281
30.342323,770.281
30.357792,770.281
30.375671,769.8126
30.390644,769.8126
30.408785,769.24713
30.424173,769.24713
30.440798,769.24713
30.459421,768.51965
30.47372,768.51965
30.492676,768.22833
30.507814,768.22833
30.525143,767.8128
30.542076,767.8128
30.557072,767.8128
30.575382,767.505
30.591707,767.505
30.61292,766.702
30.626474,766.702
30.640863,766.702
30.659842,765.9627
30.674837,765.9627
30.692778,765.55334
30.708855,765.55334
30.724518,765.30505
30.741682,765.30505
30.75854,765.30505
30.775003,764.71643
30.792824,764.71643
30.808668,763.9328
30.823284,763.9328
30.841393,763.9328
30.85939,763.00476
30.874758,763.00476
30.895369,763.1741
30.908619,763.1741
30.924484,762.76843
30.941378,762.76843
30.959255,762.76843
30.977673,763.0946
30.99146,763.0946
31.009508,763.0707
31.023277,763.0707
31.040497,763.0707
31.059498,763.0195
31.075964,763.0195
31.09596,762.6013
31.108532,762.6013
31.125217,761.4985
31.143002,761.4985
31.156897,761.4985
31.17578,760.89014
31.190891,760.89014
31.208046,760.08636
31.225792,760.08636
31.241758,760.08636
31.259937,760.0421
31.274687,760.0421
31.292631,759.40466
31.308979,759.40466
31.325851,758.67426
31.342773,758.67426
31.358503,758.67426
31.377806,758.8948
31.391323,758.8948
31.409435,758.08936
31.425873,758.08936
31.442852,758.08936
31.460007,756.9126
31.47397,756.9126
31.49339,756.0789
31.50788,756.0789
31.524305,755.7929
31.541084,755.7929
31.557238,755.7929
31.577015,755.3104
31.591324,755.3104
31.609484,754.5255
31.626009,754.5255
31.642653,754.5255
31.660576,753.6593
31.67571,753.6593
31.692612,754.0281
31.709005,754.0281
31.727886,753.2638
31.742897,753.2638
31.757841,753.2638
31.776157,752.85944
31.793129,752.85944
31.809214,751.43494
31.8272,751.43494
31.841312,751.43494
31.85988,750.84314
31.875357,750.84314
31.891922,750.4332
31.90946,750.4332
31.926418,749.9165
31.942291,749.9165
31.958052,749.9165
31.975443,749.1826
31.991632,749.1826
32.01001,749.16675
32.025112,749.16675
32.041325,749.16675
32.05879,749.20056
32.074726,749.20056
32.09395,748.70886
32.106533,748.70886
32.124573,748.37445
32.14274,748.37445
32.158855,748.37445
32.176453,747.81165
32.1914,747.81165
32.214146,747.85205
32.226337,747.85205
32.241776,747.85205
32.260464,747.3069
32.274593,747.3069
32.293255,746.8065
32.308647,746.8065
32.325085,745.71893
32.34335,745.71893
32.357666,745.71893
32.37622,745.4773
32.391518,745.4773
32.408875,745.1223
32.426014,745.1223
32.441257,745.1223
32.459816,744.8282
32.474506,744.8282
32.491646,743.82654
32.50757,743.82654
32.524857,743.605
32.5422,743.605
32.558273,743.605
32.576008,742.8157
32.59165,742.8157
32.613724,742.4496
32.6279,742.4496
32.64078,742.4496
32.65879,741.5133
32.674015,741.5133
32.693745,741.14307
32.71006,741.14307
32.72692,741.42053
32.74292,741.42053
32.758736,741.42053
32.776024,740.9103
32.793003,740.9103
32.8101,739.9287
32.82603,739.9287
32.841583,739.9287
32.860176,739.8266
32.875034,739.8266
32.892838,739.6533
32.908806,739.6533
32.924915,739.84186
32.942394,739.84186
32.957855,739.84186
32.976048,739.13226
32.992115,739.13226
33.01003,738.6201
33.026207,738.6201
33.04278,738.6201
33.059258,738.82556
33.074463,738.82556
33.093697,738.57404
33.108414,738.57404
33.12566,738.16364
33.142982,738.16364
33.159794,738.16364
33.17568,737.6685
33.191856,737.6685
33.211044,737.97253
33.224854,737.97253
33.24286,737.97253
33.26068,737.5605
33.27979,737.5605
33.294888,737.43933
33.309273,737.43933
33.32651,736.76794
33.34213,736.76794
33.357594,736.76794
33.376644,736.5548
33.39122,736.5548
33.41165,736.1266
33.426147,736.1266
33.443165,736.1266
33.46385,736.053
33.476784,736.053
33.496696,735.7249
33.508755,735.7249
33.527584,735.5202
33.54122,735.5202
33.55716,735.5202
33.576485,736.17596
33.59062,736.17596
33.608253,735.2586
33.625355,735.2586
33.641285,735.2586
33.65962,735.0823
33.674618,735.0823
33.69592,734.5313
33.709724,734.5313
33.726864,734.7937
33.744328,734.7937
33.75983,734.7937
33.77665,733.84174
33.79085,733.84174
33.80895,733.6135
33.82421,733.6135
33.841316,733.6135
33.85861,734.4285
33.875366,734.4285
33.893364,733.9037
33.90832,733.9037
33.92479,734.1537
33.942307,734.1537
33.959473,734.1537
33.976494,734.1582
33.991917,734.1582
34.00943,734.0783
34.027,734.0783
34.043064,734.0783
34.06115,734.2475
34.074787,734.2475
34.09635,734.7356
34.107883,734.7356
34.123978,734.64874
34.14272,734.64874
34.15873,734.64874
34.177,734.7877
34.1923,734.7877
34.209846,734.9739
34.225002,734.9739
34.241676,734.9739
34.26105,735.1129
34.275314,735.1129
34.296425,735.1336
34.30846,735.1336
34.32498,736.11646
34.344353,736.11646
34.358814,736.11646
34.376247,734.61945
34.393215,734.61945
34.41093,735.58264
34.42578,735.58264
34.444332,734.6719
34.459988,734.6719
34.47521,734.6719
34.494484,734.8387
34.50819,734.8387
34.525288,734.91943
34.54188,734.91943
34.558434,734.91943
34.57732,734.9026
34.592255,734.9026
34.609486,734.7825
34.62628,734.7825
34.643856,735.0432
34.65965,735.0432
34.67653,735.0432
34.693626,735.3567
34.70869,735.3567
34.725616,735.61786
34.743668,735.61786
34.75833,735.61786
34.77712,735.6019
34.79115,735.6019
34.80938,734.7037
34.826046,734.7037
34.842075,734.7037
34.85841,735.0669
34.874672,735.0669
34.891903,735.2208
34.907314,735.2208
34.943626,735.39246
34.956257,735.39246
34.97216,735.14624
34.985813,735.14624
35.00193,735.14624
35.019356,735.23645
35.035774,735.23645
35.052383,735.3902
35.068233,735.3902
35.08497,735.3063
35.10334,735.3063
35.119408,735.3063
35.136463,735.275
35.152626,735.275
35.170055,735.27734
35.186646,735.27734
35.201225,735.27734
35.22104,735.9093
35.236347,735.9093
35.25399,735.8257
35.26917,735.8257
35.286476,734.90497
35.30263,734.90497
35.318794,734.90497
35.33754,734.8696
35.352123,734.8696
35.374256,734.8679
35.385303,734.8679
35.401417,734.8679
35.419376,734.9202
35.43617,734.9202
35.45633,734.9202
35.471935,734.6853
35.48904,734.95953
35.5044,734.95953
35.519783,734.95953
35.53714,734.76685
35.552414,734.76685
35.569626,734.98303
35.585197,734.98303
35.604008,735.4408
35.62001,735.4408
35.63674,735.4408
35.65366,735.371
35.668392,735.371
35.68759,735.39014
35.703514,735.39014
35.719162,735.39014
35.73683,735.55786
35.75169,735.55786
35.77199,734.9077
35.785652,734.9077
35.802467,734.9077
35.82154,734.6434
35.835144,734.6434
35.852432,734.6744
35.868675,734.6744
35.887394,734.84436
35.902515,734.84436
35.91881,734.84436
35.938942,735.09595
35.952324,735.09595
35.97057,735.20044
35.986813,735.20044
36.00211,735.20044
36.02121,734.6916
36.037045,734.6916
36.0552,734.8385
36.068798,734.8385
36.084366,734.96234
36.1034,734.96234
36.119015,734.96234
36.13794,734.9288
36.152332,734.9288
36.16889,734.4099
36.185265,734.4099
36.202393,734.4099
36.221085,734.56116
36.235096,734.56116
36.251793,734.7732
36.269325,734.7732
36.286186,736.17554
36.30294,736.17554
36.318367,736.17554
36.337173,735.90234
36.352222,735.90234
36.3745,737.3019
36.385494,737.3019
36.402798,737.3019
36.41988,738.45184
36.43409,738.45184
36.453476,739.7012
36.468925,739.7012
36.488472,740.7645
36.504333,740.7645
36.519604,740.7645
36.536068,742.08057
36.551437,742.08057
36.569984,743.1314
36.58449,743.1314
36.603878,743.1314
36.624115,744.19836
36.63575,744.19836
36.652473,745.0118
36.66796,745.0118
36.688534,747.0031
36.70382,747.0031
36.721714,747.0031
36.737564,747.435
36.75186,747.435
36.769306,748.84564
36.79023,748.84564
36.803337,748.84564
36.82102,749.7048
36.835007,749.7048
36.85418,750.9923
36.868263,750.9923
36.88622,751.79126
36.90221,751.79126
36.918076,751.79126
36.937588,752.3235
36.952084,752.3235
36.971962,752.64386
36.98424,752.64386
37.000977,752.64386
37.02088,752.4686
37.035587,752.4686
37.054848,753.7307
37.068756,753.7307
37.08733,754.9912
37.1029,754.9912
37.118816,754.9912
37.138382,755.3385
37.151993,755.3385
37.169556,755.6006
37.185947,755.6006
37.202335,755.6006
37.22034,755.83105
37.235718,755.83105
37.253986,756.52454
37.2692,756.52454
37.285374,757.4293
37.303062,757.4293
37.31964,757.4293
37.337452,757.56335
37.35249,757.56335
37.369785,759.82874
37.386044,759.82874
37.401733,759.82874
37.41927,760.3976
37.436913,760.3976
37.45365,760.92725
37.469337,760.92725
37.486557,761.2489
37.504436,761.2489
37.51857,761.2489
37.5369,762.2522
37.55119,762.2522
37.57193,763.1797
37.58543,763.1797
37.60342,763.1797
37.620155,763.90985
37.63597,763.90985
37.65277,763.9181
37.670498,763.9181
37.686527,764.9726
37.703945,764.9726
37.71902,764.9726
37.738113,765.51935
37.75263,765.51935
37.769417,766.03186
37.784355,766.03186
37.802807,766.03186
37.82246,766.00635
37.836147,766.00635
37.853863,766.6818
37.86991,766.6818
37.89154,767.5357
37.90639,767.5357
37.91928,767.5357
37.93683,767.73096
37.95222,767.73096
37.97038,768.0823
37.985264,768.0823
38.000725,768.0823
38.01908,768.067
38.035435,768.067
38.053883,768.5553
38.071224,768.5553
38.0857,768.9392
38.10214,768.9392
38.118763,768.9392
38.139023,769.81165
38.15151,769.81165
38.169453,769.1019
38.184895,769.1019
38.202354,769.1019
38.220135,769.816
38.236347,769.816
38.254314,770.57336
38.270397,770.57336
38.286522,770.89966
38.304707,770.89966
38.320446,770.89966
38.33665,770.8439
38.353535,770.8439
38.369877,771.44305
38.385887,771.44305
38.4028,771.44305
38.4209,771.91113
38.436165,771.91113
38.45372,772.1754
38.469864,772.1754
38.4873,772.22485
38.503033,772.22485
38.5179,772.22485
38.541973,772.8425
38.55158,772.8425
38.575256,773.1097
38.585163,773.1097
38.60174,773.1097
38.620144,773.28546
38.634235,773.28546
38.654903,773.9851
38.669655,773.9851
38.68729,774.5554
38.7026,774.5554
38.718674,774.5554
38.738132,775.2285
38.751675,775.2285
38.769855,775.61
38.785057,775.61
38.803455,775.61
38.82101,775.3676
38.834972,775.3676
38.855465,775.8887
38.869762,775.8887
38.887627,775.99915
38.90388,775.99915
38.918087,775.99915
38.938263,776.197
38.951527,776.197
38.97139,775.5998
38.985287,775.5998
39.001083,775.5998
39.02,775.24756
39.036667,775.24756
39.0542,775.573
39.069828,775.573
39.085556,775.64606
39.103264,775.64606
39.118874,775.64606
39.13691,774.79004
39.151703,774.79004
39.16972,774.7642
39.186584,774.7642
39.20363,775.3331
39.219635,775.3331
39.236294,775.3331
39.25108,775.3331
39.26959,775.32764
39.285336,774.876
39.304028,774.876
39.320385,774.876
39.33834,775.5189
39.353153,775.5189
39.37503,775.0213
39.385635,775.0213
39.401764,775.0213
39.42043,774.95544
39.435814,774.95544
39.4534,774.7091
39.4698,774.7091
39.489586,774.6135
39.503387,774.6135
39.51988,774.6135
39.5386,774.4783
39.553097,774.4783
39.571934,774.6043
39.586,774.6043
39.604324,774.6043
39.620495,774.23425
39.636845,774.23425
39.65388,774.24274
39.669632,774.24274
39.68741,774.6572
39.70678,774.6572
39.719696,774.6572
39.737873,774.80524
39.75269,774.80524
39.77052,774.8452
39.786552,774.8452
39.80475,774.6868
39.82076,774.6868
39.83625,774.6868
39.855103,775.0212
39.870026,775.0212
39.88683,774.92065
39.904804,774.92065
39.91974,774.92065
39.936996,775.0579
39.952778,775.0579
39.970985,774.7898
39.985878,774.7898
40.002254,774.7898
40.021442,774.7661
40.03585,774.7661
40.056477,774.60785
40.070255,774.60785
40.085472,775.4135
40.10437,775.4135
40.11886,775.4135
40.13787,775.227
40.152855,775.227
40.17076,774.8756
40.18574,774.8756
40.20421,774.8976
40.22243,774.8976
40.236073,774.8976
40.253445,774.9684
40.26914,774.9684
40.286068,774.8037
40.30474,774.8037
40.320374,774.8037
40.339382,774.6644
40.353783,774.6644
40.370316,774.58044
40.385754,774.58044
40.40274,774.58044
40.42069,774.4453
40.437294,774.4453
40.453663,774.10315
40.470333,774.10315
40.485687,773.9751
40.50439,773.9751
40.519135,773.9751
40.537743,774.0482
40.55284,774.0482
40.56882,774.2615
40.58545,774.2615
40.602074,774.2615
40.620403,774.0898
40.63615,774.0898
40.65314,773.7589
40.668404,773.7589
40.686405,773.95105
40.70282,773.95105
40.71764,773.95105
40.7372,773.8994
40.751633,773.8994
40.77047,774.0698
40.786026,774.0698
40.802517,774.0698
40.82061,773.4784
40.836372,773.4784
40.854134,773.5343
40.869415,773.5343
40.886234,773.34283
40.902637,773.34283
40.91757,773.34283
40.937065,773.4291
40.952564,773.4291
40.96872,773.0986
40.987022,773.0986
41.001087,773.0986
41.020844,773.0242
41.03643,773.0242
41.054256,773.0413
41.070576,773.0413
41.086636,772.9271
41.103878,772.9271
41.117905,772.9271
41.14106,773.07495
41.153877,773.07495
41.171066,773.01794
41.186363,773.01794
41.20322,773.01794
41.22177,772.8744
41.237347,772.8744
41.25514,772.9436
41.269997,772.9436
41.286102,772.44995
41.30272,772.44995
41.319027,772.44995
41.33722,772.608
41.35207,772.608
41.370617,772.3904
41.384644,772.3904
41.402645,772.3904
41.41903,772.3176
41.435577,772.3176
41.454605,772.16254
41.469814,772.16254
41.48576,772.0957
41.503986,772.0957
41.51857,772.0957
41.537697,772.1957
41.552433,772.1957
41.572887,772.12683
41.586132,772.12683
41.60196,772.12683
41.61992,771.71545
41.63548,771.71545
41.65358,771.741
41.669262,771.741
41.686527,772.10144
41.704605,772.10144
41.71796,772.10144
41.73728,772.04517
41.75165,772.04517
41.770996,771.6216
41.786022,771.6216
41.804337,771.36475
41.821186,771.36475
41.83471,771.36475
41.85328,772.0587
41.869205,772.0587
41.886723,772.09595
41.903355,772.09595
41.919613,772.09595
41.938473,771.5909
41.952682,771.5909
41.972744,771.3873
41.986946,771.3873
42.00465,770.8825
42.02235,770.8825
42.03594,770.8825
42.05433,770.8313
42.069023,770.8313
42.085968,770.6991
42.104443,770.6991
42.119736,770.6991
42.137955,770.5504
42.153126,770.5504
42.171677,769.82
42.185505,769.82
42.202576,769.82
42.220757,769.33325
42.23604,769.33325
42.254402,768.42554
42.27016,768.42554
42.286022,767.79767
42.30299,767.79767
42.31931,767.79767
42.336433,766.74927
42.353603,766.74927
42.37036,766.38556
42.386463,766.38556
42.40366,765.6013
42.420273,765.6013
42.43673,765.6013
42.454407,765.08484
42.470703,765.08484
42.488144,764.3008
42.504482,764.3008
42.51951,764.3008
42.53753,763.9866
42.55232,763.9866
42.575592,763.7276
42.5884,763.7276
42.603745,763.7276
42.62065,762.8898
42.635906,762.8898
42.658455,761.99084
42.670475,761.99084
42.687817,761.5837
42.70618,761.5837
42.720478,761.5837
42.737396,761.61926
42.75153,761.61926
42.769928,760.94415
42.786297,760.94415
42.802795,760.94415
42.819874,760.1448
42.83481,760.1448
42.8541,759.8822
42.86998,759.8822
42.886356,758.55536
42.902454,758.55536
42.91843,758.55536
42.937473,758.03186
42.952644,758.03186
42.970974,757.1685
42.986897,757.1685
43.002426,757.1685
43.020603,756.53796
43.034863,756.53796
43.053112,756.05176
43.070267,756.05176
43.08736,755.39984
43.102547,755.39984
43.11918,755.39984
43.137726,754.3257
43.153225,754.3257
43.174988,754.0408
43.18542,754.0408
43.202896,754.0408
43.222088,753.2343
43.237637,753.2343
43.25504,753.19763
43.271145,753.19763
43.288464,752.6162
43.306095,752.6162
43.320915,752.6162
43.33686,751.051
43.3531,751.051
43.37431,750.2516
43.387302,750.2516
43.405586,749.5183
43.42107,749.5183
43.439335,749.5183
43.453766,748.97296
43.47003,748.97296
43.48733,748.42847
43.503468,748.42847
43.51886,748.42847
43.5389,748.046
43.552906,748.046
43.569645,747.42053
43.584362,747.42053
43.602196,747.42053
43.620605,747.1703
43.63605,747.1703
43.655884,746.61884
43.668613,746.61884
43.68884,746.8512
43.704582,746.8512
43.7192,746.8512
43.738285,746.7074
43.75241,746.7074
43.770283,746.2047
43.786026,746.2047
43.802647,746.2047
43.820663,745.95404
43.835506,745.95404
43.855938,745.808
43.86917,745.808
43.886738,745.37573
43.903004,745.37573
43.91853,745.37573
43.938404,745.82043
43.952007,745.82043
43.97077,745.51
43.98572,745.51
44.002705,745.51
44.020344,745.1053
44.03577,745.1053
44.05476,745.2637
44.070076,745.2637
44.08563,744.69495
44.102524,744.69495
44.120373,744.69495
44.141193,744.4485
44.151836,744.4485
44.169876,743.5215
44.186337,743.5215
44.203506,743.4595
44.2206,743.4595
44.235195,743.4595
44.25489,743.48627
44.26902,743.48627
44.28573,743.4562
44.30404,743.4562
44.319016,743.4562
44.337215,742.50964
44.353527,742.50964
44.370693,742.76465
44.38648,742.76465
44.40187,742.76465
44.42044,741.808
44.43596,741.808
44.458637,741.379
44.469975,741.379
44.48513,741.0201
44.504776,741.0201
44.519676,741.0201
44.539032,740.9788
44.552795,740.9788
44.571037,740.84143
44.58585,740.84143
44.602913,740.84143
44.6194,741.0198
44.63513,741.0198
44.653454,740.67377
44.668697,740.67377
44.687084,741.2346
44.7039,741.2346
44.71903,741.2346
44.73738,740.76
44.753147,740.76
44.770145,740.6813
44.785828,740.6813
44.802704,740.6813
44.820545,740.4722
44.836765,740.4722
44.85433,740.2108
44.86964,740.2108
44.886112,740.4895
44.903824,740.4895
44.92091,740.4895
44.93651,740.1444
44.951916,740.1444
44.97048,739.5997
44.985355,739.5997
45.001686,739.5997
45.020935,739.6559
45.03699,739.6559
45.054363,739.7611
45.070614,739.7611
45.085873,739.4498
45.104755,739.4498
45.120068,739.4498
45.139587,739.0646
45.154995,739.0646
45.173065,738.78546
45.187668,738.78546
45.205143,738.92773
45.222134,738.92773
45.236977,738.92773
45.255394,738.963
45.269684,738.963
45.290592,738.10266
45.30586,738.10266
45.32034,738.10266
45.339897,738.06934
45.35381,738.06934
45.371117,738.7009
45.386448,738.7009
45.403862,738.5879
45.420708,738.5879
45.438038,738.5879
45.455868,738.45166
45.470127,738.45166
45.487156,738.4574
45.503895,738.4574
45.520195,738.4574
45.541092,738.50635
45.55357,738.50635
45.57223,738.42456
45.58748,738.42456
45.605583,738.23126
45.624836,738.23126
45.63713,738.23126
45.65423,738.117
45.67055,738.117
45.68915,737.975
45.704422,737.975
45.720547,737.975
45.738068,737.4641
45.755833,737.4641
45.771843,737.7406
45.786167,737.7406
45.80497,737.67346
45.825153,737.67346
45.83703,737.67346
45.855362,737.35486
45.873352,737.35486
45.887077,737.1555
45.90479,737.1555
45.919853,737.1555
45.937943,738.996
45.954494,738.996
45.97224,738.5665
45.98743,738.5665
46.00486,738.63184
46.021854,738.63184
46.040176,738.63184
46.05475,738.725
46.07052,738.725
46.088696,738.649
46.10654,738.649
46.119843,738.649
46.13977,738.9756
46.153957,738.9756
46.17466,738.58105
46.186478,738.58105
46.20413,738.36365
46.221764,738.36365
46.236053,738.36365
46.254227,738.39215
46.269997,738.39215
46.28958,738.2843
46.304504,738.2843
46.32015,738.2843
46.337826,736.3781
46.352657,736.3781
46.371563,736.30975
46.38663,736.30975
46.402843,736.30975
46.42219,736.4334
46.437,736.4334
46.458344,736.1954
46.470993,736.1954
46.487183,736.2428
46.50297,736.2428
46.518658,736.2428
46.5391,736.5862
46.553627,736.5862
46.575333,736.7628
46.586933,736.7628
46.602615,736.7628
46.62092,736.3558
46.636074,736.3558
46.656433,736.24255
46.669655,736.24255
46.68648,736.0377
46.70295,736.0377
46.718082,736.0377
46.73841,736.4828
46.752174,736.4828
46.770767,736.96765
46.78679,736.96765
46.80222,736.96765
46.82066,736.0033
46.836224,736.0033
46.856194,736.0995
46.869926,736.0995
46.8881,736.3793
46.903133,736.3793
46.932323,736.44025
46.94599,736.44025
46.957443,736.44025
46.97607,736.0525
46.99141,736.0525
47.01296,736.5567
47.02417,736.5567
47.041637,736.5567
47.05892,736.75964
47.074142,736.75964
47.092415,736.77155
47.10644,736.77155
47.12493,736.47644
47.14271,736.47644
47.158134,736.47644
47.17539,736.29663
47.191364,736.29663
47.209953,736.6858
47.224518,736.6858
47.2406,736.6858
47.258858,736.6129
47.274204,736.6129
47.29227,736.355
47.312614,736.355
47.328045,736.6433
47.343086,736.6433
47.35856,736.6433
47.375877,736.4651
47.390545,736.4651
47.40944,736.3784
47.42491,736.3784
47.44074,736.3784
47.45965,736.645
47.474316,736.645
47.496456,736.1993
47.507793,736.1993
47.524906,736.4536
47.542286,736.4536
47.55854,736.4536
47.576305,736.6061
47.59164,736.6061
47.608612,736.3324
47.624035,736.3324
47.64061,736.3324
47.658794,736.2239
47.67447,736.2239
47.69273,736.45605
47.707565,736.45605
47.7244,736.47815
47.742325,736.47815
47.757534,736.47815
47.775005,736.12286
47.79145,736.12286
47.809147,736.12
47.824165,736.12
47.841606,736.12
47.859116,736.65967
47.87406,736.65967
47.89545,736.7134
47.90789,736.7134
47.9247,736.6333
47.940353,736.6333
47.95685,736.6333
47.977535,736.612
47.990913,736.612
48.007557,736.475
48.02461,736.475
48.040016,736.475
48.058804,736.70654
48.073647,736.70654
48.093044,736.6141
48.10672,736.6141
48.12419,736.7109
48.14505,736.7109
48.15782,736.7109
48.17805,735.88464
48.191723,735.88464
48.208477,736.1647
48.22409,736.1647
48.242146,736.1647
48.25926,738.42163
48.27609,738.42163
48.29272,737.8882
48.30849,737.8882
48.324852,738.1752
48.341286,738.1752
48.3578,738.1752
48.37507,738.9855
48.39049,738.9855
48.407204,739.6548
48.42561,739.6548
48.440807,739.6548
48.45959,740.2685
48.474297,740.2685
48.49558,741.87366
48.506878,741.87366
48.525745,743.6405
48.542225,743.6405
48.558834,743.6405
48.576744,743.79553
48.590374,743.79553
48.608334,745.86304
48.62446,745.86304
48.641293,745.86304
48.658543,745.89404
48.67497,745.89404
48.69134,747.36957
48.70795,747.36957
48.724476,747.65704
48.742954,747.65704
48.758026,747.65704
48.7754,747.8303
48.79092,747.8303
48.80877,749.07434
48.826233,749.07434
48.84183,749.07434
48.858635,749.84424
48.87462,749.84424
48.89284,750.9717
48.908546,750.9717
48.924164,751.67847
48.94179,751.67847
48.957623,751.67847
48.97538,752.39856
48.99148,752.39856
49.00803,753.4609
49.02518,753.4609
49.040825,753.4609
49.05919,755.02545
49.074768,755.02545
49.092598,755.76135
49.107784,755.76135
49.125103,757.0321
49.14286,757.0321
49.156887,757.0321
49.175865,756.91125
49.19117,756.91125
49.21005,758.35034
49.225727,758.35034
49.241344,758.35034
49.259277,759.43835
49.27399,759.43835
49.292263,759.4817
49.30791,759.4817
49.325645,759.83203
49.34268,759.83203
49.357803,759.83203
49.37506,760.9116
49.39052,760.9116
49.412594,762.13666
49.424488,762.13666
49.442116,762.13666
49.45904,763.11566
49.47383,763.11566
49.49225,763.54785
49.50721,763.54785
49.524498,764.5676
49.542343,764.5676
49.558193,764.5676
49.57683,765.6686
49.591496,765.6686
49.607807,766.5243
49.626102,766.5243
49.64214,766.5243
49.65971,767.64417
49.674927,767.64417
49.6926,767.90533
49.708054,767.90533
49.724083,768.9161
49.740543,768.9161
49.758217,768.9161
49.776268,769.99445
49.791332,769.99445
49.80895,770.1676
49.825737,770.1676
49.84065,770.1676
49.858547,771.31165
49.874588,771.31165
49.89218,771.9602
49.906395,771.9602
49.92498,772.8289
49.94078,772.8289
49.958305,772.8289
49.97516,773.43024
49.991104,773.43024
50.00929,774.0447
50.02558,774.0447
50.04228,774.0447
50.0636,774.92163
50.075363,774.92163
50.093086,775.3644
50.108692,775.3644
50.125824,775.91486
50.142532,775.91486
50.158493,775.91486
50.176037,775.52966
50.19012,775.52966
50.20997,775.7683
50.224957,775.7683
50.24142,775.7683
50.25987,775.7952
50.274044,775.7952
50.296867,775.5591
50.30799,775.5591
50.32494,775.4553
50.340626,775.4553
50.356762,775.4553
50.376038,775.6616
50.390743,775.6616
50.407833,775.7095
50.42495,775.7095
50.44019,775.7095
50.459053,776.2382
50.47464,776.2382
50.493015,776.19727
50.507828,776.19727
50.523697,776.52905
50.54151,776.52905
50.5576,776.52905
50.577328,776.6097
50.591793,776.6097
50.60765,777.0369
50.625244,777.0369
50.64181,777.0369
50.65873,777.1859
50.673912,777.1859
50.692894,777.33057
50.708866,777.33057
50.72409,777.19617
50.741905,777.19617
50.75801,777.19617
50.776993,777.1636
50.79094,777.1636
50.808056,776.8487
50.82556,776.8487
50.8421,776.8487
50.858604,776.9819
50.88216,776.9819
50.89386,776.8203
50.90832,776.8203
50.925556,776.71027
50.942352,776.71027
50.95699,776.71027
50.9771,776.3982
50.990913,776.3982
51.009052,776.26685
51.024654,776.26685
51.040943,776.26685
51.05912,776.9485
51.07384,776.9485
51.09262,776.9158
51.10811,776.9158
51.124012,776.7316
51.14274,776.7316
51.15881,776.7316
51.175457,776.87506
51.191147,776.87506
51.20905,778.0482
51.224792,778.0482
51.24118,778.0482
51.259087,778.1973
51.273846,778.1973
51.29235,778.0361
51.308846,778.0361
51.32529,777.98376
51.341946,777.98376
51.357563,777.98376
51.37543,777.4751
51.391037,777.4751
51.409496,777.4327
51.42454,777.4327
51.440674,777.4327
51.458614,777.4171
51.47458,777.4171
51.4939,778.08716
51.507645,778.08716
51.524773,777.3363
51.541653,777.3363
51.557423,777.3363
51.57557,778.41486
51.590603,778.41486
51.607082,777.27466
51.625393,777.27466
51.64061,777.27466
51.659214,777.2543
51.67513,777.2543
51.691353,777.489
51.70725,777.489
51.724194,777.49084
51.74094,777.49084
51.757298,777.49084
51.774837,777.4909
51.7916,777.4909
51.809258,777.18933
51.825054,777.18933
51.840157,777.18933
51.85925,777.4165
51.873928,777.4165
51.89171,777.17554
51.908104,777.17554
51.925056,777.0364
51.941048,777.0364
51.957294,777.0364
51.976345,777.0128
51.99085,777.0128
52.00853,776.60657
52.024166,776.60657
52.041553,776.60657
52.05888,776.7016
52.075775,776.7016
52.09252,776.49524
52.10742,776.49524
52.125046,776.45984
52.141632,776.45984
52.157463,776.45984
52.17642,776.27625
52.191643,776.27625
52.21284,776.4317
52.224407,776.4317
52.241486,776.4317
52.259533,776.2991
52.27539,776.2991
52.293465,776.2147
52.309704,776.2147
52.324642,775.9725
52.341892,775.9725
52.35733,775.9725
52.37659,776.13
52.390335,776.13
52.408676,776.5685
52.425266,776.5685
52.44195,776.5685
52.461742,776.3891
52.475372,776.3891
52.492897,776.11426
52.5079,776.11426
52.524567,776.04193
52.542202,776.04193
52.55778,776.04193
52.575714,775.63477
52.590725,775.63477
52.607113,775.7667
52.625893,775.7667
52.64154,775.7667
52.657448,775.5256
52.673687,775.5256
52.69458,775.46826
52.70795,775.46826
52.725727,775.36646
52.74184,775.36646
52.75694,775.36646
52.776318,775.5271
52.792194,775.5271
52.80955,775.18726
52.823837,775.18726
52.840996,775.18726
52.859726,775.19617
52.874783,775.19617
52.89324,775.39453
52.90844,775.39453
52.92589,775.2733
52.94134,775.2733
52.957546,775.2733
52.97627,775.39453
52.992065,775.39453
53.00888,775.22217
53.024788,775.22217
53.043644,775.22217
53.059273,775.2792
53.07429,775.2792
53.09499,775.47156
53.108253,775.47156
53.12478,775.43384
53.143837,775.43384
53.158348,775.43384
53.17648,775.1966
53.19193,775.1966
53.209663,775.5602
53.22432,775.5602
53.24148,775.5602
53.25991,775.505
53.27605,775.505
53.293324,775.44116
53.309036,775.44116
53.32588,775.3147
53.342327,775.3147
53.3577,775.3147
53.375923,775.7616
53.39137,775.7616
53.413265,775.5813
53.424137,775.5813
53.441452,775.5813
53.459286,775.39996
53.474064,775.39996
53.49389,775.239
53.50839,775.239
53.525173,775.095
53.54371,775.095
53.557327,775.095
53.575706,775.05066
53.59187,775.05066
53.608364,774.80383
53.625004,774.80383
53.640537,774.80383
53.659885,774.837
53.675022,774.837
53.6926,774.932
53.706787,774.932
53.724663,774.94977
53.741512,774.94977
53.757904,774.94977
53.7758,775.001
53.79161,775.001
53.810112,775.01605
53.825233,775.01605
53.840572,775.01605
53.85979,775.12366
53.87521,775.12366
53.892563,775.0016
53.908222,775.0016
53.925835,774.8523
53.942055,774.8523
53.957726,774.8523
53.976753,774.9005
53.990112,774.9005
54.009476,774.2676
54.023434,774.2676
54.040733,774.2676
54.058624,774.3599
54.074875,774.3599
54.092224,774.5351
54.107533,774.5351
54.124104,774.3874
54.142643,774.3874
54.158295,774.3874
54.176685,773.7028
54.19132,773.7028
54.20991,773.63513
54.22583,773.63513
54.240273,773.63513
54.262775,772.8903
54.2754,772.8903
54.29233,772.1804
54.308155,772.1804
54.325523,770.9202
54.34319,770.9202
54.357445,770.9202
54.376747,770.9463
54.39246,770.9463
54.409744,770.08606
54.423916,770.08606
54.443165,770.08606
54.46005,769.4274
54.475117,769.4274
54.49305,768.1737
54.50746,768.1737
54.525597,767.709
54.542896,767.709
54.557556,767.709
54.57528,767.2291
54.592064,767.2291
54.6088,766.5141
54.625065,766.5141
54.641804,766.5141
54.659836,765.4206
54.67496,765.4206
54.692425,764.72095
54.708977,764.72095
54.724503,764.2996
54.742306,764.2996
54.759205,764.2996
54.77665,763.6642
54.7924,763.6642
54.810524,762.6266
54.825375,762.6266
54.848434,761.6914
54.862892,761.6914
54.875202,761.6914
54.893356,760.48267
54.90813,760.48267
54.924248,759.8999
54.94164,759.8999
54.95791,759.8999
54.975815,758.2679
54.989796,758.2679
55.00749,758.15173
55.0255,758.15173
55.04121,758.15173
55.05989,757.76855
55.074406,757.76855
55.095203,757.2499
55.108383,757.2499
55.12524,756.153
55.14162,756.153
55.158268,756.153
55.176697,755.4479
55.191086,755.4479
55.209183,755.063
55.225716,755.063
55.241467,755.063
55.259422,754.4158
55.275,754.4158
55.292145,753.80884
55.308502,753.80884
55.32533,752.4566
55.34235,752.4566
55.357864,752.4566
55.377205,752.6089
55.391212,752.6089
55.40987,751.74054
55.42419,751.74054
55.44206,751.74054
55.459045,751.1014
55.47468,751.1014
55.491737,750.0574
55.50708,750.0574
55.52455,748.91345
55.542763,748.91345
55.55854,748.91345
55.57597,748.2216
55.59195,748.2216
55.608414,748.60254
55.62436,748.60254
55.64214,748.60254
55.659092,747.01807
55.675175,747.01807
55.69132,745.545
55.70819,745.545
55.72465,743.50977
55.741734,743.50977
55.75856,743.50977
55.77622,742.79675
55.79137,742.79675
55.809116,742.5622
55.825382,742.5622
55.842274,742.5622
55.859802,741.8347
55.87385,741.8347
55.892757,741.0475
55.907635,741.0475
55.924767,739.4594
55.94156,739.4594
55.95841,739.4594
55.977753,739.18506
55.990818,739.18506
56.00988,738.88696
56.02541,738.88696
56.04109,738.88696
56.05987,738.3665
56.07503,738.3665
56.092865,738.49084
56.107525,738.49084
56.124702,738.50244
56.143147,738.50244
56.158203,738.50244
56.17669,737.5167
56.19168,737.5167
56.21321,737.533
56.22437,737.533
56.240845,737.533
56.259396,736.7966
56.274944,736.7966
56.29423,736.3235
56.30831,736.3235
56.324677,735.10913
56.342003,735.10913
56.358418,735.10913
56.37594,735.0081
56.39213,735.0081
56.408356,733.62354
56.425304,733.62354
56.441856,733.62354
56.459045,733.7283
56.475334,733.7283
56.491276,732.77856
56.50877,732.77856
56.524326,732.37573
56.54151,732.37573
56.557594,732.37573
56.576595,732.13184
56.592426,732.13184
56.61432,731.2054
56.625282,731.2054
56.64123,731.2054
56.659134,730.63916
56.674713,730.63916
56.692177,730.57947
56.707104,730.57947
56.72422,730.06213
56.741962,730.06213
56.75975,730.06213
56.7749,729.8589
56.791428,729.8589
56.809338,728.8994
56.824505,728.8994
56.842377,728.8994
56.860394,728.8115
56.875668,728.8115
56.892166,728.93536
56.908672,728.93536
56.924656,728.49097
56.94233,728.49097
56.957504,728.49097
56.977314,727.9978
56.99198,727.9978
57.009285,728.0438
57.025555,728.0438
57.041775,728.0438
57.060005,728.3788
57.075256,728.3788
57.091652,728.35815
57.10873,728.35815
57.12675,727.3448
57.14212,727.3448
57.159023,727.3448
57.179596,727.271
57.191574,727.271
57.20952,728.2231
57.22566,728.2231
57.24217,728.2231
57.259056,728.1695
57.2749,728.1695
57.293106,728.44
57.308865,728.44
57.32524,728.5923
57.34098,728.5923
57.35762,728.5923
57.375805,727.5227
57.39128,727.5227
57.41036,727.39197
57.42464,727.39197
57.442352,727.39197
57.459816,727.5181
57.474113,727.5181
57.49306,727.4808
57.507244,727.4808
57.52453,728.11
57.542526,728.11
57.558643,728.11
57.576057,728.0217
57.59104,728.0217
57.60919,727.6074
57.626144,727.6074
57.64212,727.6074
57.659477,727.5108
57.67488,727.5108
57.692394,728.22174
57.707176,728.22174
57.72421,728.06256
57.742775,728.06256
57.758396,728.06256
57.776234,728.098
57.791805,728.098
57.8089,728.063
57.823734,728.063
57.841698,728.063
57.86037,727.406
57.875267,727.406
57.8932,727.44006
57.908295,727.44006
57.92571,727.1842
57.942223,727.1842
57.95875,727.1842
57.97594,727.5107
57.992233,727.5107
58.010086,728.38336
58.025856,728.38336
58.041405,728.38336
58.060265,728.0872
58.07531,728.0872
58.09497,728.3701
58.10807,728.3701
58.12565,727.98083
58.14335,727.98083
58.15927,727.98083
58.177113,727.334
58.19094,727.334
58.213276,727.74884
58.226143,727.74884
58.2414,727.74884
58.26046,727.652
58.274635,727.652
58.296043,727.7826
58.308933,727.7826
58.325897,726.7617
58.343307,726.7617
58.35792,726.7617
58.377163,726.14417
58.39083,726.14417
58.409943,725.86163
58.42596,725.86163
58.44327,725.86163
58.460003,726.0686
58.47515,726.0686
58.492794,726.87146
58.5089,726.87146
58.525818,726.36816
58.543194,726.36816
58.558308,726.36816
58.57762,725.45685
58.59213,725.45685
58.6091,725.58203
58.626118,725.58203
58.643764,725.8943
58.65825,725.8943
58.675053,725.8943
58.69247,725.4743
58.70749,725.4743
58.72474,725.3645
58.74259,725.3645
58.757812,725.3645
58.775883,725.3549
58.791744,725.3549
58.809464,725.77295
58.82522,725.77295
58.841167,725.77295
58.85867,725.5443
58.876022,725.5443
58.8938,725.7933
58.90777,725.7933
58.925865,725.6347
58.941746,725.6347
58.958366,725.6347
58.97903,725.68756
58.991787,725.68756
59.013252,725.781
59.025715,725.781
59.040546,725.781
59.059715,726.3585
59.074917,726.3585
59.09336,726.3828
59.108437,726.3828
59.12475,726.2393
59.14278,726.2393
59.15783,726.2393
59.17716,726.2168
59.19141,726.2168
59.20958,726.9033
59.224262,726.9033
59.240925,726.9033
59.2601,726.9292
59.275265,726.9292
59.29299,725.67737
59.308323,725.67737
59.32424,726.2748
59.344063,726.2748
59.358917,726.2748
59.376476,726.0654
59.39119,726.0654
59.40939,726.17676
59.425888,726.17676
59.443687,726.17676
59.460663,726.2281
59.475475,726.2281
59.491173,726.7234
59.509007,726.7234
59.52432,726.5619
59.542393,726.5619
59.557823,726.5619
59.57508,726.4811
59.59193,726.4811
59.610775,727.2179
59.625557,727.2179
59.644768,726.6842
59.660496,726.6842
59.676666,726.6842
59.69317,727.52374
59.70689,727.52374
59.726288,727.39453
59.742214,727.39453
59.757687,727.39453
59.776257,725.5652
59.790592,725.5652
59.810562,725.4838
59.82549,725.4838
59.84257,725.4838
59.859943,726.0122
59.873924,726.0122
59.893475,725.99884
59.9082,725.99884
59.929592,725.7507
59.94267,725.7507
59.958042,725.7507
59.976913,725.74396
59.992195,725.74396
60.0,725.74396