0.31782427,775.1908
0.32564422,775.1205
0.34315607,775.1205
0.35923624,775.1205
0.37626624,775.1642
0.39087704,775.1642
0.41655776,774.95374
0.4276284,774.95374
0.44120094,774.95374
0.4600431,774.9872
0.47636905,774.9872
0.49339193,775.0408
0.50868255,775.0408
0.5256468,775.1141
0.54380774,775.1141
0.5591796,775.1141
0.5772817,775.0713
0.593674,775.0713
0.61086863,775.11414
0.6258918,775.11414
0.64193046,775.11414
0.6605483,775.1063
0.67541224,775.1063
0.6941155,775.36383
0.70916265,775.36383
0.72601235,775.4244
0.7429714,775.4244
0.7583206,775.4244
0.7780179,775.7487
0.7928662,775.7487
0.81050426,776.36304
0.8255622,776.36304
0.84228015,776.36304
0.86144876,777.10803
0.87636906,777.10803
0.8945447,777.55225
0.90870726,777.55225
0.92570394,778.1979
0.94467413,778.1979
0.9586239,778.1979
0.9760731,778.7573
0.99159414,778.7573
1.0151174,779.3866
1.027636,779.3866
1.0415596,779.3866
1.0608262,779.7652
1.0743959,779.7652
1.0939037,780.2411
1.107528,780.2411
1.1263238,780.65784
1.1441306,780.65784
1.1585906,780.65784
1.1780853,781.25964
1.19166,781.25964
1.2151393,781.6256
1.2250911,781.6256
1.2419643,781.6256
1.2605829,782.25446
1.2761341,782.25446
1.2938203,782.6134
1.3094536,782.6134
1.3269715,782.8785
1.3526138,782.8785
1.3620338,782.8785
1.379386,782.83716
1.3942721,782.83716
1.4157665,782.9072
1.4274796,782.9072
1.4435595,782.9072
1.4610742,783.0469
1.4772161,783.0469
1.495028,783.2989
1.5098795,783.2989
1.5276637,783.55164
1.5451497,783.55164
1.5608442,783.55164
1.5786754,784.1205
1.592694,784.1205
1.6122582,784.463
1.6275768,784.463
1.643225,784.463
1.6605628,784.76404
1.6777208,784.76404
1.6966059,785.13324
1.7100999,785.13324
1.7269802,785.9746
1.7443869,785.9746
1.7597201,785.9746
1.7798007,786.5274
1.7932006,786.5274
1.8119478,787.0743
1.8273942,787.0743
1.8437388,787.0743
1.8626952,787.67615
1.878561,787.67615
1.8945667,788.3692
1.9094236,788.3692
1.9286389,788.80066
1.9445498,788.80066
1.9601794,788.80066
1.9788706,789.26306
1.9930494,789.26306
2.0111701,789.26306
2.027409,789.4227
2.045273,790.00854
2.062163,790.00854
2.0755067,790.00854
2.0959775,790.6334
2.1108751,790.6334
2.128623,791.1238
2.144754,791.1238
2.159968,791.1238
2.1785352,791.3209
2.1944132,791.3209
2.2121942,791.7179
2.2271705,791.7179
2.2440784,792.1508
2.2608478,792.1508
2.2771125,792.1508
2.2948654,792.74915
2.3114963,792.74915
2.3269787,793.0684
2.3438418,793.0684
2.3604608,793.0684
2.3784497,793.4459
2.39473,793.4459
2.4122462,793.70605
2.434481,793.70605
2.445807,794.0298
2.4616082,794.0298
2.4780593,794.0298
2.4974468,794.166
2.5118804,794.166
2.5320845,794.3738
2.5447707,794.3738
2.5636258,794.3738
2.5828166,794.6527
2.5955966,794.6527
2.6175928,794.9684
2.6291087,794.9684
2.6475224,795.1411
2.6635087,795.1411
2.6788483,795.1411
2.6975327,795.4271
2.7120872,795.4271
2.7274592,795.7177
2.7457352,795.7177
2.762526,795.7177
2.779662,796.3955
2.7940817,796.3955
2.8122454,796.8241
2.827618,796.8241
2.846306,797.43085
2.8634098,797.43085
2.8768966,797.43085
2.89604,797.87756
2.9110117,797.87756
2.9299397,798.5319
2.944159,798.5319
2.9604657,798.5319
2.9806452,798.76355
2.9943137,798.76355
3.0145032,799.2291
3.0296743,799.2291
3.044522,799.36646
3.0627067,799.36646
3.078217,799.36646
3.0969584,799.58997
3.11169,799.58997
3.1298208,799.4911
3.145459,799.4911
3.1629665,799.4911
3.1797478,799.73975
3.1953342,799.73975
3.2130675,800.2058
3.2282934,800.2058
3.2441754,800.62506
3.2632332,800.62506
3.2784305,800.62506
3.2951262,800.905
3.3122423,800.905
3.328379,801.40063
3.3462417,801.40063
3.3629394,801.40063
3.3803213,801.7677
3.3947177,801.7677
3.4134018,802.11755
3.4277418,802.11755
3.4447954,802.29663
3.461863,802.29663
3.4781013,802.29663
3.4971013,802.59045
3.510334,802.59045
3.5340104,802.61206
3.5443766,802.61206
3.5640604,802.5075
3.5798526,802.5075
3.596378,802.5075
3.6169486,802.21423
3.626749,802.21423
3.6451125,802.1898
3.6633878,802.1898
3.67904,802.1898
3.697361,801.94183
3.711502,801.94183
3.7297611,801.65906
3.7458906,801.65906
3.7618723,801.65906
3.7799006,801.21765
3.7957842,801.21765
3.8127322,801.20605
3.82832,801.20605
3.8454914,801.25256
3.863712,801.25256
3.8785415,801.25256
3.8974438,800.92004
3.911776,800.92004
3.9293253,800.3345
3.9456239,800.3345
3.9623265,800.3345
3.979845,800.2062
3.9946847,800.2062
4.01482,800.25586
4.028345,800.25586
4.044855,800.2821
4.062151,800.2821
4.07932,800.2821
4.0972204,800.19446
4.111861,800.19446
4.1293764,800.35925
4.1452227,800.35925
4.1627126,800.35925
4.179503,800.5318
4.194136,800.5318
4.213138,800.63684
4.228278,800.63684
4.2441506,800.5432
4.2615113,800.5432
4.2791,800.5432
4.295251,800.5802
4.3114586,800.5802
4.3309345,800.5288
4.3455224,800.5288
4.3616776,800.5288
4.3792896,800.46454
4.3955207,800.46454
4.420222,800.29126
4.431057,800.29126
4.4454293,800.2763
4.4623103,800.2763
4.479189,800.2763
4.4972134,800.2451
4.511014,800.2451
4.530092,800.2597
4.5444155,800.2597
4.562597,800.2597
4.579557,800.1247
4.594968,800.1247
4.613946,800.0751
4.628795,800.0751
4.654774,799.9065
4.664101,799.9065
4.678864,799.9065
4.697983,799.90454
4.711978,799.90454
4.7319465,799.6934
4.7452917,799.6934
4.763565,799.6934
4.7814627,799.54285
4.794821,799.54285
4.8140125,799.0226
4.8283825,799.0226
4.845763,798.8339
4.8639917,798.8339
4.878648,798.8339
4.8979974,798.7366
4.9123697,798.7366
4.931453,798.7619
4.94647,798.7619
4.964243,798.7619
4.9815474,798.7339
4.995598,798.7339
5.012434,798.6941
5.0312715,798.6941
5.0469565,798.67065
5.06374,798.67065
5.078363,798.67065
5.0974956,798.7392
5.1132607,798.7392
5.129378,798.6989
5.1468854,798.6989
5.162235,798.6989
5.17972,798.6605
5.195812,798.6605
5.2135305,798.6274
5.2291913,798.6274
5.2460217,798.534
5.262972,798.534
5.2790513,798.534
5.29791,798.3694
5.312043,798.3694
5.330873,798.2399
5.3461313,798.2399
5.3629,798.2399
5.3805823,797.9049
5.39612,797.9049
5.4153247,797.98535
5.4285994,797.98535
5.446458,797.9396
5.46361,797.9396
5.478785,797.9396
5.497723,797.9795
5.512888,797.9795
5.530756,797.8247
5.5466995,797.8247
5.5640182,797.76526
5.579377,797.76526
5.595891,797.76526
5.6169324,797.47766
5.6307,797.47766
5.6495357,797.4851
5.6646266,797.4851
5.6791053,797.4851
5.6978536,797.3995
5.7141566,797.3995
5.7310047,797.2635
5.7446756,797.2635
5.7626953,797.2635
5.7816696,797.2958
5.7961993,797.2958
5.8138905,797.426
5.829547,797.426
5.84693,797.3655
5.8649426,797.3655
5.8794622,797.3655
5.896309,797.37036
5.9116683,797.37036
5.9341397,797.1787
5.9459867,797.1787
5.9626203,797.1787
5.9805703,797.18164
5.995583,797.18164
6.0144587,796.9553
6.0295024,796.9553
6.0465484,796.9254
6.0641737,796.9254
6.078076,796.9254
6.097554,796.7948
6.112541,796.7948
6.129704,796.7226
6.1459675,796.7226
6.1625543,796.7226
6.1811147,796.6581
6.195536,796.6581
6.215154,796.62103
6.229591,796.62103
6.2454295,796.53015
6.2641797,796.53015
6.2789164,796.53015
6.2973814,796.58185
6.3125353,796.58185
6.3344116,796.6709
6.3454933,796.6709
6.3639936,796.7212
6.380241,796.7212
6.3963327,796.7212
6.4150124,796.68396
6.4379206,796.68396
6.4493694,796.7158
6.4646263,796.7158
6.479341,796.7158
6.5013895,796.83093
6.5134735,796.83093
6.5355034,796.9392
6.546062,796.9392
6.564744,796.68896
6.580813,796.68896
6.5973463,796.68896
6.618024,796.72656
6.6303205,796.72656
6.6478734,796.64777
6.6633387,796.64777
6.680422,796.64777
6.701658,796.5804
6.7138743,796.5804
6.7303634,796.1784
6.7449436,796.1784
6.7625833,796.1784
6.780731,795.90674
6.795482,795.90674
6.8148894,795.4258
6.830416,795.4258
6.848718,795.0685
6.8626866,795.0685
6.8806515,795.0685
6.8983088,794.75323
6.913192,794.75323
6.93004,794.4095
6.9459267,794.4095
6.964156,794.4095
6.980239,793.8609
6.9965405,793.8609
7.0135856,793.49554
7.029389,793.49554
7.0466733,792.8191
7.0646358,792.8191
7.081337,792.8191
7.095634,792.8191
7.1131015,792.8191
7.1319065,792.34314
7.1486363,791.8496
7.164254,791.4313
7.1816144,791.4313
7.1970997,791.4313
7.2142673,791.03046
7.229223,791.03046
7.24634,790.57965
7.2629924,790.57965
7.2787366,790.57965
7.2986727,790.04346
7.3140297,790.04346
7.3304586,789.5611
7.3453484,789.5611
7.365036,789.25275
7.381403,789.25275
7.3974805,789.25275
7.413839,788.9009
7.430332,788.9009
7.4470196,788.4484
7.4658465,788.4484
7.4796157,788.4484
7.5002074,788.0477
7.512813,788.0477
7.531541,787.80566
7.547257,787.80566
7.5629444,787.80566
7.579281,787.50195
7.597337,787.50195
7.613395,787.1306
7.6294913,787.1306
7.647245,786.8434
7.663989,786.8434
7.67935,786.8434
7.698823,786.64453
7.7132654,786.64453
7.731076,786.5065
7.7479777,786.5065
7.764323,786.36066
7.7809715,786.36066
7.7962923,786.36066
7.8182163,785.79175
7.831621,785.79175
7.8512917,785.79175
7.866045,785.21155
7.8802166,785.21155
7.8977327,784.54144
7.913061,784.54144
7.9308605,784.0862
7.9464064,784.0862
7.9621434,784.0862
7.9811177,783.7651
7.99754,783.7651
8.014565,783.3035
8.030394,783.3035
8.048814,782.676
8.064012,782.676
8.07985,782.676
8.097806,782.0803
8.11322,782.0803
8.129539,781.6881
8.146837,781.6881
8.165069,781.14856
8.180486,781.14856
8.195795,781.14856
8.216168,780.57434
8.230108,780.57434
8.247094,780.0852
8.265151,780.0852
8.279054,780.0852
8.296917,779.86255
8.312796,779.86255
8.330342,779.5321
8.345516,779.5321
8.365013,779.1544
8.380282,779.1544
8.396689,779.1544
8.414949,778.5398
8.430183,778.5398
8.446468,778.2312
8.462317,778.2312
8.478593,778.2312
8.49834,777.746
8.513502,777.746
8.530912,777.56824
8.54641,777.56824
8.564259,776.9641
8.582134,776.9641
8.596456,776.9641
8.613975,776.7106
8.629211,776.7106
8.64693,776.72046
8.663772,776.72046
8.679435,776.72046
8.698229,777.0418
8.71327,777.0418
8.731329,776.6958
8.746176,776.6958
8.76427,776.6876
8.785019,776.6876
8.79616,776.6876
8.814655,776.33655
8.830158,776.33655
8.853185,776.3341
8.863976,776.3341
8.879658,776.3341
8.898282,776.1393
8.91242,776.1393
8.931288,776.11346
8.945869,776.11346
8.963084,776.11346
8.98059,776.05237
8.9958315,776.05237
9.014068,776.2058
9.029301,776.2058
9.047701,776.1057
9.063055,776.1057
9.080285,776.1057
9.097279,776.02515
9.112683,776.02515
9.134118,775.61523
9.146893,775.61523
9.165226,775.61426
9.181481,775.61426
9.196439,775.61426
9.215322,775.666
9.229663,775.666
9.245474,775.59436
9.263911,775.59436
9.279176,775.59436
9.298492,775.348
9.312026,775.348
9.332093,775.4485
9.346254,775.4485
9.364022,775.08105
9.380811,775.08105
9.396322,775.08105
9.415044,775.07416
9.429441,775.07416
9.44771,774.9553
9.464675,774.9553
9.480559,774.9553
9.498099,774.84515
9.513448,774.84515
9.534084,774.50366
9.547444,774.50366
9.565635,774.3428
9.581572,774.3428
9.59608,774.3428
9.617723,774.60706
9.631831,774.60706
9.6454315,774.59766
9.663605,774.59766
9.678694,774.59766
9.697705,774.41174
9.712889,774.41174
9.734509,774.4591
9.746465,774.4591
9.765716,774.39233
9.781019,774.39233
9.795978,774.39233
9.814489,774.49506
9.830428,774.49506
9.848008,774.22107
9.864463,774.22107
9.881126,774.22107
9.898354,774.2113
9.912156,774.2113
9.930294,774.036
9.946529,774.036
9.962409,774.036
9.980738,774.13635
9.9963,774.13635
10.014622,774.1152
10.03026,774.1152
10.047255,774.1965
10.064844,774.1965
10.080625,774.1965
10.097023,773.91833
10.112691,773.91833
10.131649,773.9622
10.146652,773.9622
10.162563,773.9622
10.180664,774.04834
10.1957655,774.04834
10.214803,773.8785
10.229828,773.8785
10.247191,773.6134
10.265552,773.6134
10.278419,773.6134
10.299331,773.7451
10.312677,773.7451
10.330737,773.77136
10.347094,773.77136
10.363857,773.8528
10.380494,773.8528
10.396564,773.8528
10.4147215,773.7871
10.429854,773.7871
10.44911,773.8211
10.462629,773.8211
10.480173,773.8211
10.498255,773.5772
10.512484,773.5772
10.532442,773.54675
10.5457325,773.54675
10.565753,773.38837
10.582262,773.38837
10.596593,773.38837
10.617425,773.3346
10.629993,773.3346
10.646915,773.25134
10.663514,773.25134
10.680008,773.25134
10.700279,773.2862
10.713915,773.2862
10.732793,773.2411
10.74651,773.2411
10.765866,773.171
10.780777,773.171
10.798062,773.171
10.81691,773.15796
10.82913,773.15796
10.849234,773.286
10.864195,773.286
10.879231,773.286
10.896714,773.1687
10.912068,773.1687
10.930631,773.0903
10.946468,773.0903
10.964777,772.9215
10.981429,772.9215
10.995652,772.9215
11.015268,772.92163
11.033061,772.92163
11.048361,772.80725
11.065185,772.80725
11.079828,772.80725
11.100795,772.7894
11.116353,772.7894
11.132747,772.7948
11.147545,772.7948
11.165058,772.8685
11.182208,772.8685
11.197104,772.8685
11.215064,772.6869
11.230496,772.6869
11.248683,772.6428
11.263701,772.6428
11.280629,772.6428
11.298973,772.5475
11.313238,772.5475
11.333725,772.6765
11.349996,772.6765
11.366057,772.7582
11.379945,772.7582
11.395931,772.7582
11.414566,772.79114
11.429811,772.79114
11.475516,772.8041
11.502319,772.88513
11.517124,772.88513
11.528453,772.75037
11.54554,772.75037
11.56085,772.75037
11.577074,772.8274
11.59414,772.8274
11.611557,772.86414
11.627481,772.86414
11.645457,772.8857
11.660959,772.8857
11.676262,772.8857
11.695154,772.6224
11.710754,772.6224
11.728785,772.5829
11.743656,772.5829
11.7596655,772.5829
11.779592,772.49207
11.798586,772.49207
11.811576,772.5791
11.827041,772.5791
11.844092,772.4823
11.862022,772.4823
11.876977,772.4823
11.894797,772.5802
11.909301,772.5802
11.926407,772.46436
11.944351,772.46436
11.960536,772.46436
11.979545,772.60547
11.993102,772.60547
12.013442,772.46655
12.026822,772.46655
12.042332,772.46655
12.060396,772.4994
12.076066,772.4994
12.098761,772.4522
12.109751,772.4522
12.128634,772.47156
12.143707,772.47156
12.159399,772.47156
12.1793995,772.3541
12.193401,772.3541
12.210645,772.36206
12.226334,772.36206
12.243817,772.3552
12.261164,772.3552
12.276801,772.3552
12.29587,772.4214
12.309661,772.4214
12.332617,772.3336
12.342985,772.3336
12.361738,772.3336
12.378185,772.42096
12.394575,772.42096
12.410875,772.3699
12.426945,772.3699
12.443499,772.3699
12.462788,772.4305
12.477103,772.4305
12.494047,772.4562
12.509684,772.4562
12.533517,772.47754
12.544056,772.47754
12.558652,772.47754
12.578709,772.48425
12.592502,772.48425
12.611637,772.6046
12.625951,772.6046
12.645445,772.6144
12.661089,772.6144
12.67763,772.6144
12.695975,773.0496
12.710257,773.0496
12.727049,773.3069
12.74403,773.3069
12.760545,773.3069
12.783082,773.624
12.793488,773.624
12.811549,773.8247
12.827014,773.8247
12.844287,774.3171
12.861296,774.3171
12.87691,774.3171
12.893995,774.6093
12.910208,774.6093
12.926303,775.28394
12.94442,775.28394
12.95946,775.28394
12.978345,775.6874
12.9935465,775.6874
13.010603,776.22723
13.026978,776.22723
13.044286,776.595
13.059776,776.595
13.076904,776.595
13.094953,777.2428
13.10937,777.2428
13.126269,777.7305
13.145831,777.7305
13.160543,777.7305
13.178311,778.3215
13.193797,778.3215
13.210198,778.7788
13.226329,778.7788
13.244042,779.3773
13.260877,779.3773
13.277379,779.3773
13.299128,779.9526
13.311056,779.9526
13.326864,780.81104
13.344013,780.81104
13.359299,780.81104
13.379276,781.3281
13.3931675,781.3281
13.410887,781.9487
13.426582,781.9487
13.444954,782.2588
13.460613,782.2588
13.477117,782.2588
13.49309,782.97906
13.509762,782.97906
13.532671,783.4982
13.543117,783.4982
13.561372,783.4982
13.577874,784.03894
13.593454,784.03894
13.6111765,784.29407
13.627737,784.29407
13.64419,784.7082
13.660428,784.7082
13.676401,784.7082
13.696533,784.98755
13.710578,784.98755
13.728964,785.5936
13.74344,785.5936
13.76188,785.5936
13.7793665,786.02893
13.794991,786.02893
13.811743,786.624
13.825913,786.624
13.844095,786.8988
13.861526,786.8988
13.875834,786.8988
13.89431,787.3143
13.909702,787.3143
13.925995,787.72
13.94464,787.72
13.960157,787.72
13.977831,788.2949
13.993675,788.2949
14.011845,788.4546
14.027082,788.4546
14.043854,788.651
14.060997,788.651
14.077699,788.651
14.095029,789.1228
14.110084,789.1228
14.126782,789.7693
14.145647,789.7693
14.16268,789.7693
14.178705,790.0548
14.193549,790.0548
14.210354,790.2997
14.226401,790.2997
14.242474,790.2997
14.261998,790.4504
14.276478,790.4504
14.295806,790.7639
14.309656,790.7639
14.329796,790.8376
14.344456,790.8376
14.36046,790.8376
14.3785305,790.815
14.395272,790.815
14.415036,790.1244
14.426574,790.1244
14.445409,790.1563
14.462621,790.1563
14.477804,790.1563
14.494978,790.8229
14.510854,790.8229
14.5308895,791.3174
14.542433,791.3174
14.559745,791.3174
14.578127,791.5348
14.592565,791.5348
14.611468,791.9518
14.627407,791.9518
14.64514,792.32214
14.661173,792.32214
14.677093,792.32214
14.695697,792.7439
14.709582,792.7439
14.7282915,792.8524
14.743715,792.8524
14.759862,792.8524
14.778816,792.9375
14.795149,792.9375
14.813116,793.0201
14.8270445,793.0201
14.844799,793.1183
14.861551,793.1183
14.876676,793.1183
14.894858,793.11646
14.910387,793.11646
14.928106,793.0638
14.943288,793.0638
14.960509,793.0638
14.979164,792.9304
14.99324,792.9304
15.012217,793.01685
15.026079,793.01685
15.042542,793.01685
15.062788,793.02673
15.076802,793.02673
15.09544,793.0548
15.1102,793.0548
15.129319,792.9027
15.143328,792.9027
15.160372,792.9027
15.179681,792.83875
15.194418,792.83875
15.212949,792.9094
15.227149,792.9094
15.243833,793.06226
15.261341,793.06226
15.277792,793.06226
15.295291,793.1557
15.310165,793.1557
15.330393,793.1918
15.344919,793.1918
15.360357,793.1918
15.37778,793.2467
15.393792,793.2467
15.41487,793.2743
15.426281,793.2743
15.444811,793.29694
15.461146,793.29694
15.476585,793.29694
15.495398,793.30786
15.5101595,793.30786
15.527346,793.25653
15.544222,793.25653
15.560621,793.25653
15.578099,793.1534
15.5922365,793.1534
15.61468,793.1376
15.62649,793.1376
15.644796,792.8495
15.65991,792.8495
15.675847,792.8495
15.69524,792.5542
15.709658,792.5542
15.726226,792.5292
15.743623,792.5292
15.760024,792.5292
15.778261,792.65936
15.793191,792.65936
15.812374,792.7561
15.826535,792.7561
15.844699,792.8948
15.86202,792.8948
15.876434,792.8948
15.89519,792.7648
15.910192,792.7648
15.925971,792.6517
15.94427,792.6517
15.96082,792.6517
15.979394,792.598
15.993992,792.598
16.012352,792.6825
16.026358,792.6825
16.044785,792.94116
16.061861,792.94116
16.077137,792.94116
16.098526,793.1185
16.110497,793.1185
16.126635,793.1189
16.145607,793.1189
16.16027,793.1189
16.179306,793.1074
16.193544,793.1074
16.211147,793.04956
16.226357,793.04956
16.244059,792.98193
16.260143,792.98193
16.276657,792.98193
16.29787,792.9249
16.309526,792.9249
16.328058,792.8232
16.34416,792.8232
16.359858,792.8232
16.37938,792.8503
16.394773,792.8503
16.41509,792.7533
16.427544,792.7533
16.445124,792.70264
16.462059,792.70264
16.477364,792.70264
16.495316,792.7511
16.50938,792.7511
16.528625,792.6836
16.544632,792.6836
16.559464,792.6836
16.57885,792.5121
16.593386,792.5121
16.61297,792.48444
16.629126,792.48444
16.642723,792.48444
16.660526,792.3072
16.67648,792.3072
16.695595,792.1317
16.710352,792.1317
16.73296,791.92017
16.742687,791.92017
16.759584,791.92017
16.777945,792.0094
16.793457,792.0094
16.813,792.17487
16.826311,792.17487
16.844358,792.0056
16.862614,792.0056
16.876486,792.0056
16.896225,791.93896
16.91017,791.93896
16.928135,791.94507
16.943005,791.94507
16.960878,791.94507
16.978712,791.92896
16.99381,791.92896
17.010893,792.04736
17.02771,792.04736
17.044817,792.01324
17.061481,792.01324
17.07693,792.01324
17.09579,792.0208
17.110117,792.0208
17.128664,791.9607
17.144224,791.9607
17.160875,791.9607
17.179197,791.9511
17.19287,791.9511
17.21093,791.9048
17.22645,791.9048
17.24402,791.922
17.261215,791.922
17.277294,791.922
17.295095,791.6926
17.310532,791.6926
17.32928,791.6178
17.343433,791.6178
17.361536,791.6178
17.377262,791.7102
17.393496,791.7102
17.411407,791.7146
17.425367,791.7146
17.460606,791.7306
17.479212,791.7306
17.491251,791.66003
17.504671,791.66003
17.519804,791.66003
17.538292,791.72974
17.552246,791.72974
17.573019,791.71814
17.587555,791.71814
17.605392,791.47546
17.62039,791.47546
17.636375,791.47546
17.658596,791.3446
17.67063,791.3446
17.687937,791.1068
17.703876,791.1068
17.719519,791.1068
17.738445,790.9689
17.754435,790.9689
17.773338,790.94617
17.78775,790.94617
17.804005,790.8743
17.820686,790.8743
17.836111,790.8743
17.854322,790.8943
17.868856,790.8943
17.886213,790.89307
17.903769,790.89307
17.919617,790.89307
17.938795,790.849
17.95327,790.849
17.972273,790.87646
17.987797,790.87646
18.002668,790.87646
18.020283,790.76196
18.03616,790.76196
18.054663,790.62256
18.070265,790.62256
18.088985,790.8032
18.103165,790.8032
18.119211,790.8032
18.138378,790.7905
18.154211,790.7905
18.171305,790.72845
18.187057,790.72845
18.203636,790.7361
18.220678,790.7361
18.23694,790.7361
18.254839,790.8141
18.26997,790.8141
18.288006,790.8206
18.304005,790.8206
18.319733,790.8206
18.339722,790.7804
18.353544,790.7804
18.370502,790.8456
18.38543,790.8456
18.404888,790.8856
18.420227,790.8856
18.436789,790.8856
18.453684,790.86926
18.469604,790.86926
18.486792,790.792
18.503908,790.792
18.520926,790.792
18.538404,791.1044
18.554964,791.1044
18.570694,791.1766
18.588673,791.1766
18.604189,791.1764
18.62234,791.1764
18.637173,791.1764
18.655071,790.84033
18.66903,790.84033
18.687872,790.77686
18.704031,790.77686
18.719002,790.77686
18.736927,790.7147
18.75327,790.7147
18.7717,790.2585
18.787304,790.2585
18.80389,789.9048
18.820478,789.9048
18.837427,789.9048
18.854725,789.2129
18.870865,789.2129
18.887894,788.91675
18.903833,788.91675
18.91984,788.91675
18.938995,788.2814
18.954515,788.2814
18.970415,787.7634
18.985407,787.7634
19.005297,787.2739
19.02146,787.2739
19.037127,787.2739
19.054228,786.8753
19.071024,786.8753
19.088367,786.1814
19.1039,786.1814
19.12036,786.1814
19.139208,785.73773
19.152454,785.73773
19.174688,785.1673
19.187517,785.1673
19.202677,785.1673
19.221825,784.6212
19.236477,784.6212
19.255945,784.28876
19.270294,784.28876
19.289177,784.07904
19.303583,784.07904
19.319653,784.07904
19.339108,783.2921
19.352531,783.2921
19.372145,783.172
19.386202,783.172
19.404888,782.36346
19.422268,782.36346
19.437477,782.36346
19.45561,782.1925
19.470196,782.1925
19.487362,781.2133
19.5049,781.2133
19.52074,781.2133
19.538355,780.67285
19.553127,780.67285
19.571571,780.3303
19.587196,780.3303
19.602928,780.3303
19.62145,779.9435
19.636219,779.9435
19.653803,779.59344
19.670681,779.59344
19.688316,779.1896
19.704117,779.1896
19.721235,779.1896
19.743414,778.7947
19.758226,778.7947
19.772495,778.14264
19.789122,778.14264
19.807673,777.6418
19.823374,777.6418
19.838388,777.6418
19.856785,777.3135
19.872429,777.3135
19.89398,776.92957
19.905449,776.92957
19.920715,776.92957
19.939453,776.4
19.954233,776.4
19.973267,775.9702
19.988167,775.9702
20.005686,775.66846
20.022636,775.66846
20.038834,775.66846
20.059673,775.353
20.071941,775.353
20.09294,774.8723
20.106907,774.8723
20.120766,774.8723
20.140083,774.34985
20.154787,774.34985
20.17308,774.1217
20.18907,774.1217
20.205767,773.7335
20.22369,773.7335
20.238695,773.7335
20.256142,773.5396
20.270947,773.5396
20.289278,773.6449
20.305943,773.6449
20.323826,773.2466
20.339888,773.2466
20.356176,773.2466
20.37311,773.13074
20.387783,773.13074
20.40573,773.323
20.422693,773.323
20.437876,773.323
20.455168,773.5996
20.473478,773.5996
20.490934,773.4424
20.505713,773.4424
20.52248,773.4424
20.540945,773.23096
20.555798,773.23096
20.574492,773.0064
20.58852,773.0064
20.604326,772.94006
20.621796,772.94006
20.638367,772.94006
20.657104,772.9946
20.671051,772.9946
20.69106,772.6484
20.705366,772.6484
20.721474,772.6484
20.739609,772.02454
20.754337,772.02454
20.77376,772.1672
20.78906,772.1672
20.805595,771.98047
20.821825,771.98047
20.84469,771.98047
20.858189,772.0569
20.871542,772.0569
20.891573,771.47217
20.904823,771.47217
20.920753,771.47217
20.93954,771.39404
20.954123,771.39404
20.976624,771.5355
20.988564,771.5355
21.004955,771.50635
21.022596,771.50635
21.037764,771.50635
21.056856,771.0814
21.071016,771.0814
21.093962,771.0375
21.10524,771.0375
21.122028,771.0375
21.139748,771.43884
21.154558,771.43884
21.172483,771.3946
21.188774,771.3946
21.206406,770.6575
21.222563,770.6575
21.23858,770.6575
21.256107,770.205
21.270447,770.205
21.289715,769.65063
21.30705,769.65063
21.32244,769.65063
21.338543,769.54034
21.355673,769.54034
21.373022,769.19165
21.389183,769.19165
21.405481,769.2057
21.422094,769.2057
21.437567,769.2057
21.457403,769.10583
21.47213,769.10583
21.493853,769.2779
21.505938,769.2779
21.521616,769.2779
21.538946,769.0863
21.555983,769.0863
21.57312,768.9645
21.58806,768.9645
21.604235,768.4813
21.623047,768.4813
21.637993,768.4813
21.657112,768.39404
21.670906,768.39404
21.689508,768.2924
21.704607,768.2924
21.720718,768.2924
21.739273,768.33374
21.754494,768.33374
21.771442,768.1575
21.787945,768.1575
21.805786,768.18555
21.822344,768.18555
21.839037,768.18555
21.856153,767.9917
21.871763,767.9917
21.889223,768.2179
21.905666,768.2179
21.92161,768.2179
21.940413,767.7432
21.954796,767.7432
21.973505,767.70105
21.98788,767.70105
22.005068,767.7146
22.022736,767.7146
22.038168,767.7146
22.05676,767.6869
22.072193,767.6869
22.09012,767.5824
22.105127,767.5824
22.121447,767.5824
22.139425,767.6297
22.1548,767.6297
22.173763,767.57056
22.187332,767.57056
22.207409,767.6784
22.222536,767.6784
22.239004,767.6784
22.255287,767.9653
22.271273,767.9653
22.289268,768.05835
22.305555,768.05835
22.322489,768.05835
22.339191,767.87836
22.355759,767.87836
22.373358,767.7866
22.388224,767.7866
22.405895,767.28156
22.423111,767.28156
22.437796,767.28156
22.456322,767.43134
22.472143,767.43134
22.493355,767.3259
22.50461,767.3259
22.521378,767.3259
22.539017,767.2101
22.562384,767.2101
22.576025,767.19324
22.58866,767.19324
22.60667,767.1875
22.62235,767.1875
22.639359,767.1875
22.656519,767.09326
22.67173,767.09326
22.694454,767.0067
22.705265,767.0067
22.721592,767.0067
22.74011,766.9222
22.754436,766.9222
22.773125,766.98206
22.787706,766.98206
22.80458,766.9591
22.822834,766.9591
22.839838,766.9591
22.856468,766.9905
22.872051,766.9905
22.893112,766.9802
22.904902,766.9802
22.921719,766.9802
22.940115,767.0863
22.955614,767.0863
22.97366,767.00085
22.98954,767.00085
23.005823,767.0193
23.022955,767.0193
23.038397,767.0193
23.057014,766.9688
23.072306,766.9688
23.093605,767.057
23.106184,767.057
23.122335,767.057
23.139788,766.9555
23.154078,766.9555
23.173794,766.94446
23.188438,766.94446
23.205072,766.92786
23.22347,766.92786
23.240055,766.92786
23.25917,766.9958
23.272211,766.9958
23.289633,766.93744
23.305853,766.93744
23.322092,766.93744
23.339684,766.9687
23.355867,766.9687
23.375257,766.8784
23.388912,766.8784
23.403866,767.01196
23.422678,767.01196
23.437656,767.01196
23.456627,766.97656
23.471634,766.97656
23.489908,767.0636
23.50473,767.0636
23.52063,767.0636
23.539537,766.90753
23.555624,766.90753
23.573677,766.97675
23.591415,766.97675
23.605764,766.952
23.623867,766.952
23.639185,766.952
23.656908,766.9408
23.67294,766.9408
23.689806,766.8672
23.706768,766.8672
23.723032,766.8672
23.739162,767.02704
23.754114,767.02704
23.775436,766.9909
23.78839,766.9909
23.806238,767.1024
23.822252,767.1024
23.839186,767.1024
23.855581,766.90015
23.87073,766.90015
23.89378,766.96826
23.906008,766.96826
23.920837,766.96826
23.94042,766.84326
23.954718,766.84326
23.972801,766.8539
23.988932,766.8539
24.005503,766.8483
24.022541,766.8483
24.038834,766.8483
24.056496,766.9071
24.071192,766.9071
24.089968,766.8697
24.105854,766.8697
24.120897,766.8697
24.14006,766.8639
24.155958,766.8639
24.171867,766.9897
24.188482,766.9897
24.205616,767.0591
24.221481,767.0591
24.237707,767.0591
24.257565,766.7407
24.272058,766.7407
24.290909,766.75867
24.305567,766.75867
24.322304,766.75867
24.33837,766.83527
24.355274,766.83527
24.37356,766.88586
24.389389,766.88586
24.407341,766.72925
24.423405,766.72925
24.439518,766.72925
24.457777,766.8687
24.47224,766.8687
24.489803,766.7903
24.50411,766.7903
24.521145,766.7903
24.53881,766.89844
24.55391,766.89844
24.573648,766.9369
24.588943,766.9369
24.604733,767.06555
24.622322,767.06555
24.637754,767.06555
24.657085,767.433
24.673439,767.433
24.693922,767.91315
24.705517,767.91315
24.721527,767.91315
24.74015,767.9458
24.755896,767.9458
24.779297,768.33374
24.790253,768.33374
24.809141,768.9736
24.823854,768.9736
24.839437,768.9736
24.856785,769.8534
24.872993,769.8534
24.891523,770.4125
24.905298,770.4125
24.922697,770.4125
24.939428,771.0725
24.956861,771.0725
24.9732,771.5625
24.989553,771.5625
25.006777,772.3397
25.023829,772.3397
25.039173,772.3397
25.057154,773.2873
25.070978,773.2873
25.090036,776.20605
25.105099,776.20605
25.123692,777.3876
25.139631,777.3876
25.15648,777.3876
25.17163,778.3042
25.187798,778.3042
25.205952,780.7687
25.222443,780.7687
25.23866,780.7687
25.2558,779.6217
25.27155,779.6217
25.293112,780.3766
25.306293,780.3766
25.32169,780.3766
25.34019,779.4014
25.355381,779.4014
25.37227,781.75964
25.389132,781.75964
25.406952,781.96716
25.42411,781.96716
25.43829,781.96716
25.454865,777.65857
25.471998,777.65857
25.48987,776.43384
25.507574,776.43384
25.526003,777.0552
25.541964,777.0552
25.558737,777.0552
25.57724,777.8285
25.58945,777.8285
25.60744,778.83954
25.625463,778.83954
25.639421,778.83954
25.657377,781.2857
25.675625,781.2857
25.69205,782.1609
25.706081,782.1609
25.724136,782.64514
25.740911,782.64514
25.755953,782.64514
25.77495,780.31213
25.788979,780.31213
25.808008,779.2721
25.823164,779.2721
25.839643,779.2721
25.856878,780.9186
25.872204,780.9186
25.891878,782.3262
25.908457,782.3262
25.92225,782.3262
25.941538,784.2707
25.956936,784.2707
25.977085,783.0752
25.988575,783.0752
26.005697,784.459
26.021866,784.459
26.039103,784.459
26.055956,787.0063
26.072405,787.0063
26.09039,786.65564
26.104074,786.65564
26.122417,786.65564
26.143667,786.9972
26.157906,786.9972
26.177105,784.854
26.192371,784.854
26.208277,784.18945
26.222847,784.18945
26.238754,784.18945
26.255972,786.3319
26.271597,786.3319
26.28978,786.13794
26.305515,786.13794
26.322203,786.13794
26.339806,785.2119
26.354797,785.2119
26.373745,784.71936
26.389282,784.71936
26.406199,784.6824
26.423645,784.6824
26.439205,784.6824
26.456127,785.1029
26.471464,785.1029
26.48948,783.97217
26.505173,783.97217
26.521421,783.97217
26.53964,787.18225
26.556227,787.18225
26.573086,791.0216
26.588362,791.0216
26.609032,790.25183
26.622723,790.25183
26.639675,790.25183
26.656351,790.52954
26.671654,790.52954
26.69071,790.91174
26.70642,790.91174
26.721474,790.91174
26.738262,791.2595
26.753965,791.2595
26.775822,791.7272
26.790073,791.7272
26.808224,791.7272
26.8256,791.913
26.841246,791.913
26.856255,792.1322
26.872032,792.1322
26.89091,792.2176
26.905207,792.2176
26.924017,792.44324
26.94034,792.44324
26.956316,792.44324
26.974148,792.6793
26.989162,792.6793
27.005453,792.8246
27.023016,792.8246
27.038155,792.8246
27.056952,792.777
27.071259,792.777
27.091978,792.928
27.105135,792.928
27.121244,792.928
27.141228,792.94006
27.155127,792.94006
27.173145,792.94543
27.188385,792.94543
27.205564,792.88763
27.222837,792.88763
27.238104,792.88763
27.25688,792.9675
27.272217,792.9675
27.289188,792.8999
27.305273,792.8999
27.321201,792.8999
27.340643,792.90466
27.356115,792.90466
27.373566,792.7549
27.388845,792.7549
27.40779,792.72095
27.422174,792.72095
27.438437,792.72095
27.455156,792.6895
27.472664,792.6895
27.4944,792.7224
27.505245,792.7224
27.521,792.7224
27.54348,792.72754
27.557478,792.72754
27.574493,792.7545
27.591864,792.7545
27.608505,792.72864
27.623508,792.72864
27.638498,792.72864
27.65659,792.7721
27.67126,792.7721
27.690056,792.70996
27.705395,792.70996
27.723791,792.7561
27.739824,792.7561
27.756327,792.7561
27.773966,792.74243
27.789677,792.74243
27.805813,792.70593
27.823324,792.70593
27.838608,792.70593
27.857813,792.66296
27.871391,792.66296
27.88984,792.7973
27.906462,792.7973
27.922432,792.7973
27.940826,792.72687
27.954475,792.72687
27.972925,792.8452
27.989628,792.8452
28.006565,792.78503
28.02183,792.78503
28.039007,792.78503
28.057186,792.83374
28.07071,792.83374
28.08952,792.6977
28.10628,792.6977
28.122147,792.6977
28.139858,792.6874
28.155497,792.6874
28.174667,792.6143
28.189716,792.6143
28.204947,792.74
28.223358,792.74
28.237553,792.74
28.257471,792.7076
28.272682,792.7076
28.290014,792.85974
28.305054,792.85974
28.321512,792.85974
28.34043,792.8529
28.355742,792.8529
28.376743,792.8356
28.388418,792.8356
28.405745,792.84485
28.422586,792.84485
28.439083,792.84485
28.4569,792.83154
28.472075,792.83154
28.489988,792.7882
28.505432,792.7882
28.522318,792.7882
28.540636,792.7535
28.555262,792.7535
28.575073,792.6939
28.589996,792.6939
28.605072,792.70715
28.623928,792.70715
28.63984,792.70715
28.660028,792.8242
28.671808,792.8242
28.693327,792.8858
28.704544,792.8858
28.723047,792.8858
28.740685,792.9584
28.756477,792.9584
28.774033,792.9586
28.789263,792.9586
28.80573,793.0477
28.823902,793.0477
28.838844,793.0477
28.85753,793.0083
28.872025,793.0083
28.889727,792.9343
28.906038,792.9343
28.922468,792.9343
28.938631,792.92114
28.955528,792.92114
28.972824,792.9596
28.98924,792.9596
29.00513,792.9702
29.022905,792.9702
29.038248,792.9702
29.058397,792.94666
29.070986,792.94666
29.093851,792.9591
29.105034,792.9591
29.122154,792.9591
29.139643,792.9534
29.15499,792.9534
29.172836,792.92444
29.187761,792.92444
29.20613,792.9535
29.223528,792.9535
29.237955,792.9535
29.257162,792.938
29.272669,792.938
29.288746,792.8644
29.305044,792.8644
29.322083,792.8644
29.339252,792.85516
29.356268,792.85516
29.373623,792.8208
29.387442,792.8208
29.406425,792.782
29.424065,792.782
29.439783,792.782
29.455933,792.7665
29.473068,792.7665
29.490358,792.7822
29.50521,792.7822
29.521822,792.7822
29.540445,792.9166
29.555744,792.9166
29.573505,792.9044
29.589417,792.9044
29.60458,792.93585
29.625027,792.93585
29.639034,792.93585
29.65593,792.9403
29.672325,792.9403
29.68948,792.9695
29.70543,792.9695
29.722885,792.9695
29.740189,792.93066
29.754507,792.93066
29.772636,792.87366
29.789701,792.87366
29.806416,792.8635
29.823372,792.8635
29.838953,792.8635
29.857895,792.9021
29.872713,792.9021
29.891861,792.91364
29.904863,792.91364
29.921833,792.91364
29.940634,792.8676
29.954351,792.8676
29.973387,792.87305
29.988638,792.87305
30.005785,792.85535
30.021816,792.85535
30.038641,792.85535
30.057102,792.7965
30.07196,792.7965
30.094656,792.77344
30.105465,792.77344
30.121805,792.77344
30.141788,792.74963
30.154818,792.74963
30.172718,792.7997
30.18928,792.7997
30.205593,792.8535
30.223162,792.8535
30.239307,792.8535
30.257202,792.8299
30.272629,792.8299
30.290058,792.808
30.304981,792.808
30.321388,792.808
30.339672,792.8551
30.355536,792.8551
30.37356,792.85376
30.388287,792.85376
30.406815,792.86206
30.422901,792.86206
30.44946,792.7998
30.464779,792.7998
30.474,792.7998
30.490917,792.73975
30.508274,792.73975
30.523855,792.70667
30.541456,792.70667
30.556973,792.70667
30.576618,792.678
30.590595,792.678
30.609625,792.651
30.62529,792.651
30.640955,792.651
30.658806,792.5824
30.674753,792.5824
30.694416,792.48364
30.707806,792.48364
30.725443,792.31604
30.741564,792.31604
30.756845,792.31604
30.775518,792.0458
30.79073,792.0458
30.809862,791.6917
30.823639,791.6917
30.84074,791.6917
30.859781,791.4475
30.874157,791.4475
30.891333,791.19385
30.906073,791.19385
30.924591,790.7155
30.942513,790.7155
30.958136,790.7155
30.975836,790.0946
30.991661,790.0946
31.007843,789.55457
31.02411,789.55457
31.040955,789.55457
31.058985,789.03687
31.0747,789.03687
31.096222,788.56775
31.10707,788.56775
31.124859,788.0315
31.142122,788.0315
31.157717,788.0315
31.176994,787.5806
31.192251,787.5806
31.209282,787.13806
31.22433,787.13806
31.241606,787.13806
31.259016,786.7014
31.273798,786.7014
31.293184,786.33887
31.307154,786.33887
31.324713,785.7551
31.342995,785.7551
31.35858,785.7551
31.374754,785.0514
31.391302,785.0514
31.409113,784.52783
31.424492,784.52783
31.441023,784.52783
31.457989,783.9663
31.47459,783.9663
31.495737,783.4196
31.507736,783.4196
31.524359,782.9303
31.54143,782.9303
31.556288,782.9303
31.57496,782.36163
31.592,782.36163
31.611776,781.84326
31.625854,781.84326
31.64143,781.84326
31.658655,781.3978
31.674171,781.3978
31.693363,780.9817
31.707458,780.9817
31.724764,780.5664
31.741362,780.5664
31.757912,780.5664
31.775965,780.15283
31.790743,780.15283
31.809004,779.676
31.825586,779.676
31.840395,779.676
31.85942,779.2906
31.873796,779.2906
31.891174,778.95337
31.906488,778.95337
31.925102,778.6658
31.94276,778.6658
31.957678,778.6658
31.978077,778.59717
31.990341,778.59717
32.007072,778.26306
32.02477,778.26306
32.04074,778.26306
32.05928,777.7322
32.0743,777.7322
32.092865,777.255
32.1067,777.255
32.12403,776.91724
32.14258,776.91724
32.158848,776.91724
32.176945,776.56433
32.190746,776.56433
32.20812,776.3811
32.224045,776.3811
32.241535,776.3811
32.259697,776.178
32.275696,776.178
32.29278,776.04895
32.307983,776.04895
32.325306,775.63257
32.341545,775.63257
32.35844,775.63257
32.376225,775.32996
32.390205,775.32996
32.408997,774.9699
32.42399,774.9699
32.441025,774.9699
32.458157,774.7275
32.474277,774.7275
32.492977,774.43414
32.50725,774.43414
32.52435,774.38367
32.54174,774.38367
32.55753,774.38367
32.57598,774.217
32.591194,774.217
32.609245,774.1467
32.62539,774.1467
32.64152,774.1467
32.657944,773.8779
32.67462,773.8779
32.693314,773.898
32.70786,773.898
32.724197,773.64453
32.74182,773.64453
32.758057,773.64453
32.776295,773.37335
32.791046,773.37335
32.812187,773.10547
32.82467,773.10547
32.84051,773.10547
32.859806,773.0737
32.874317,773.0737
32.892735,773.0289
32.907825,773.0289
32.925953,773.0659
32.941082,773.0659
32.95875,773.0659
32.974598,772.9055
32.990387,772.9055
33.008015,772.7105
33.023697,772.7105
33.04173,772.7105
33.058327,772.29443
33.073906,772.29443
33.09245,772.2416
33.10708,772.2416
33.141247,772.063
33.152428,772.063
33.168774,771.9713
33.184563,771.9713
33.198902,771.9713
33.21582,771.61005
33.23344,771.61005
33.255054,771.54846
33.26592,771.54846
33.281376,771.54846
33.303482,771.2449
33.31629,771.2449
33.336555,771.1118
33.34978,771.1118
33.36578,770.9261
33.383247,770.9261
33.399536,770.9261
33.417698,770.99036
33.432568,770.99036
33.450424,770.85535
33.466167,770.85535
33.482952,770.85535
33.499947,770.47424
33.515694,770.47424
33.533512,770.08014
33.55002,770.08014
33.56591,770.0419
33.5836,770.0419
33.59883,770.0419
33.618004,769.6775
33.63242,769.6775
33.654476,769.59357
33.66626,769.59357
33.681385,769.59357
33.70008,769.3198
33.717068,769.3198
33.73424,769.3071
33.748085,769.3071
33.76818,768.9981
33.78322,768.9981
33.79922,768.9981
33.820255,768.90784
33.83343,768.90784
33.850555,768.58185
33.865993,768.58185
33.88416,768.5775
33.900455,768.5775
33.91598,768.5775
33.93735,768.35693
33.95328,768.35693
33.965904,768.3364
33.98392,768.3364
33.999657,768.3364
34.021,768.11145
34.03448,768.11145
34.051086,768.11896
34.06607,768.11896
34.082268,768.11896
34.10102,767.9824
34.115982,767.9824
34.13474,767.9705
34.149868,767.9705
34.166603,767.7334
34.18408,767.7334
34.198116,767.7334
34.218136,767.6648
34.23633,767.6648
34.251625,767.338
34.265774,767.338
34.283215,767.338
34.301414,767.3303
34.316788,767.3303
34.333694,767.20593
34.348705,767.20593
34.368404,767.2212
34.38215,767.2212
34.39987,767.2212
34.41719,767.1223
34.43405,767.1223
34.45186,767.1221
34.46856,767.1221
34.482582,767.1221
34.500057,767.0039
34.515656,767.0039
34.53385,767.03174
34.54932,767.03174
34.569035,766.9064
34.582,766.9064
34.59934,766.9064
34.616905,766.92505
34.63252,766.92505
34.651127,766.74524
34.665462,766.74524
34.6825,766.74524
34.700905,766.80334
34.715256,766.80334
34.733955,766.70715
34.749176,766.70715
34.767796,766.6596
34.784046,766.6596
34.799816,766.6596
34.81756,766.48193
34.832478,766.48193
34.85088,766.4851
34.866432,766.4851
34.881783,766.4851
34.90151,766.42194
34.916733,766.42194
34.93478,766.4215
34.950222,766.4215
34.966175,766.2224
34.983124,766.2224
34.99884,766.2224
35.01801,766.1437
35.0325,766.1437
35.050625,766.02563
35.065273,766.02563
35.08555,766.1333
35.10033,766.1333
35.132347,766.0791
35.14458,766.0791
35.157745,766.0791
35.174652,766.1024
35.190353,766.1024
35.206333,766.0327
35.223133,766.0327
35.23976,766.0327
35.258347,766.083
35.272533,766.083
35.2912,765.9553
35.307346,765.9553
35.322327,765.9553
35.34095,765.90967
35.357018,765.90967
35.374542,765.8385
35.38939,765.8385
35.408028,765.94336
35.422527,765.94336
35.439552,765.94336
35.457672,765.77893
35.474308,765.77893
35.490337,765.81665
35.509094,765.81665
35.52269,765.81665
35.542046,765.7932
35.55652,765.7932
35.575043,765.863
35.58934,765.863
35.607697,765.8042
35.623608,765.8042
35.64203,765.8042
35.659164,765.90283
35.6744,765.90283
35.691788,765.6876
35.70754,765.6876
35.723892,765.7722
35.739944,765.7722
35.757256,765.7722
35.775467,765.61304
35.79031,765.61304
35.8094,765.6078
35.82306,765.6078
35.839973,765.6078
35.858345,765.5138
35.873028,765.5138
35.89228,765.59534
35.90602,765.59534
35.923763,765.52124
35.940624,765.52124
35.95669,765.52124
35.974663,765.63477
35.98978,765.63477
36.00636,765.54626
36.023815,765.54626
36.039356,765.54626
36.05881,765.56213
36.073944,765.56213
36.091587,765.48444
36.106834,765.48444
36.122086,765.48444
36.142223,765.4655
36.155937,765.4655
36.177208,765.4314
36.190033,765.4314
36.21019,765.51794
36.224163,765.51794
36.240555,765.51794
36.257057,765.4488
36.273796,765.4488
36.29147,765.50684
36.30649,765.50684
36.32402,765.46075
36.34035,765.46075
36.356083,765.46075
36.376,765.5512
36.389603,765.5512
36.406937,765.44226
36.42466,765.44226
36.439713,765.44226
36.458546,765.44543
36.473644,765.44543
36.49156,765.34644
36.506607,765.34644
36.523937,765.3281
36.542404,765.3281
36.556065,765.3281
36.574986,765.12
36.58975,765.12
36.608086,765.21106
36.623936,765.21106
36.64015,765.21106
36.65794,765.17224
36.674248,765.17224
36.692726,765.2777
36.706722,765.2777
36.72335,765.2777
36.740833,765.3397
36.756298,765.3397
36.776398,765.5337
36.790344,765.5337
36.80831,765.8384
36.82322,765.8384
36.84049,765.8384
36.85847,766.66223
36.874588,766.66223
36.89152,767.2191
36.906338,767.2191
36.923973,767.78186
36.940903,767.78186
36.956184,767.78186
36.974865,768.21216
36.990063,768.21216
37.008713,769.032
37.024685,769.032
37.04043,769.032
37.058342,769.5751
37.0738,769.5751
37.091125,770.2134
37.106167,770.2134
37.123978,770.68353
37.140347,770.68353
37.15633,770.68353
37.17435,771.4914
37.189774,771.4914
37.20659,772.0737
37.22554,772.0737
37.23988,772.0737
37.257717,772.6582
37.27338,772.6582
37.291676,773.12714
37.306274,773.12714
37.32378,773.6672
37.34095,773.6672
37.357643,773.6672
37.3743,774.34534
37.39015,774.34534
37.40749,774.8707
37.424294,774.8707
37.439495,774.8707
37.45826,775.4324
37.473614,775.4324
37.49637,776.1113
37.507072,776.1113
37.52268,776.1113
37.541965,776.9047
37.55735,776.9047
37.575478,777.4977
37.59052,777.4977
37.606087,777.952
37.6258,777.952
37.640755,777.952
37.65962,778.57855
37.67243,778.57855
37.69164,779.5817
37.70666,779.5817
37.72421,780.20276
37.740673,780.20276
37.75733,780.20276
37.77479,780.5604
37.790924,780.5604
37.809177,780.9312
37.823723,780.9312
37.84002,780.9312
37.85802,781.3329
37.87371,781.3329
37.891487,781.70935
37.90747,781.70935
37.922874,781.70935
37.94144,782.0742
37.95724,782.0742
37.974575,782.36707
37.989372,782.36707
38.006126,782.7683
38.02397,782.7683
38.041534,782.7683
38.05914,783.27277
38.074036,783.27277
38.095474,783.85516
38.106083,783.85516
38.1242,784.3301
38.140827,784.3301
38.15672,784.3301
38.175636,784.8716
38.18982,784.8716
38.20871,785.75745
38.222893,785.75745
38.239803,785.75745
38.259384,786.7316
38.27405,786.7316
38.291145,787.42017
38.30827,787.42017
38.324406,787.98083
38.340977,787.98083
38.357834,787.98083
38.3741,788.6592
38.390152,788.6592
38.408165,789.20264
38.42308,789.20264
38.439007,789.20264
38.458416,789.6414
38.47315,789.6414
38.491844,790.02515
38.508503,790.02515
38.52431,790.3556
38.540527,790.3556
38.557404,790.3556
38.57518,790.7025
38.59085,790.7025
38.608753,791.0652
38.62476,791.0652
38.640636,791.0652
38.65851,791.42114
38.673473,791.42114
38.693115,791.70374
38.707153,791.70374
38.72558,791.70374
38.743786,792.1129
38.757267,792.1129
38.77525,792.6361
38.79095,792.6361
38.811172,793.17224
38.824192,793.17224
38.841618,793.17224
38.858547,793.7318
38.874348,793.7318
38.895443,794.34717
38.907185,794.34717
38.924225,794.8019
38.94159,794.8019
38.95685,794.8019
38.975056,795.28784
38.9898,795.28784
39.006374,795.926
39.02578,795.926
39.03991,795.926
39.06142,796.595
39.073296,796.595
39.092033,797.0574
39.107605,797.0574
39.12463,797.47327
39.142044,797.47327
39.156197,797.47327
39.17468,797.7577
39.18909,797.7577
39.21109,797.8187
39.223114,797.8187
39.239624,797.8187
39.259224,797.8944
39.274204,797.8944
39.292385,798.17896
39.307457,798.17896
39.324112,798.308
39.3418,798.308
39.356327,798.308
39.377068,798.2549
39.39143,798.2549
39.409367,798.4777
39.424507,798.4777
39.439377,798.4777
39.45924,798.74023
39.473583,798.74023
39.491238,799.1864
39.506668,799.1864
39.524185,799.2637
39.54197,799.2637
39.557587,799.2637
39.574215,799.36414
39.59106,799.36414
39.608902,799.27747
39.62441,799.27747
39.640717,799.27747
39.658085,799.38635
39.673252,799.38635
39.691353,799.35547
39.707184,799.35547
39.724323,799.33545
39.741592,799.33545
39.756107,799.33545
39.77761,799.1078
39.790356,799.1078
39.80918,799.1097
39.82403,799.1097
39.840324,799.1097
39.8586,799.00757
39.873764,799.00757
39.890945,799.0054
39.907513,799.0054
39.924175,798.8253
39.940765,798.8253
39.95681,798.8253
39.974483,798.72766
39.98984,798.72766
40.007965,798.4614
40.02339,798.4614
40.04202,798.4614
40.057625,798.41907
40.07334,798.41907
40.09112,798.18945
40.10638,798.18945
40.12381,798.1049
40.14272,798.1049
40.15684,798.1049
40.17601,798.0492
40.190674,798.0492
40.207798,798.2128
40.223698,798.2128
40.240303,798.2128
40.25842,798.0679
40.273926,798.0679
40.291176,797.9995
40.308735,797.9995
40.324173,797.8229
40.34158,797.8229
40.3576,797.8229
40.374016,797.77014
40.389988,797.77014
40.40747,797.46326
40.42392,797.46326
40.440704,797.46326
40.456684,797.40656
40.473137,797.40656
40.49184,797.2435
40.50577,797.2435
40.52463,797.2283
40.540962,797.2283
40.55653,797.2283
40.5776,797.039
40.59092,797.039
40.606934,797.05774
40.6247,797.05774
40.640793,797.05774
40.657967,796.90796
40.674446,796.90796
40.69526,796.8732
40.707096,796.8732
40.724316,796.73785
40.741016,796.73785
40.757748,796.73785
40.77591,796.7927
40.789127,796.7927
40.807854,796.6506
40.823963,796.6506
40.84013,796.6506
40.857353,796.562
40.87447,796.562
40.892635,796.4956
40.908325,796.4956
40.925224,796.7538
40.94247,796.7538
40.957123,796.7538
40.97717,796.92114
40.990147,796.92114
41.006897,796.90686
41.0245,796.90686
41.039772,796.90686
41.058296,796.72754
41.0736,796.72754
41.091736,796.7478
41.106567,796.7478
41.12435,796.6393
41.140347,796.6393
41.156616,796.6393
41.175808,796.61316
41.19149,796.61316
41.208828,796.55383
41.22356,796.55383
41.239548,796.55383
41.25784,796.655
41.27459,796.655
41.29046,796.61633
41.307423,796.61633
41.323704,796.5961
41.340332,796.5961
41.356827,796.5961
41.374653,796.34937
41.390656,796.34937
41.407112,796.3718
41.423176,796.3718
41.440563,796.3718
41.458206,796.2707
41.47342,796.2707
41.4936,796.2484
41.50768,796.2484
41.52387,796.08484
41.54241,796.08484
41.557045,796.08484
41.575157,796.1279
41.590332,796.1279
41.608284,795.8928
41.628807,795.8928
41.64004,795.8928
41.658966,795.74817
41.674717,795.74817
41.692223,795.71436
41.707863,795.71436
41.724476,796.0597
41.741203,796.0597
41.757664,796.0597
41.777996,796.0448
41.791546,796.0448
41.80672,796.02563
41.82517,796.02563
41.840473,796.02563
41.85884,795.97437
41.87212,795.97437
41.891327,796.0962
41.906685,796.0962
41.923985,796.0383
41.93988,796.0383
41.957417,796.0383
41.97781,796.0497
41.990078,796.0497
42.008472,795.93494
42.022972,795.93494
42.04146,795.93494
42.057636,796.04083
42.07376,796.04083
42.091938,795.97675
42.106697,795.97675
42.12384,795.99603
42.141743,795.99603
42.156815,795.99603
42.176353,795.9602
42.1903,795.9602
42.210384,796.00116
42.223312,796.00116
42.23988,796.00116
42.25805,796.01904
42.274532,796.01904
42.290688,796.0805
42.307713,796.0805
42.324306,795.99304
42.34152,795.99304
42.357037,795.99304
42.374535,795.9732
42.390068,795.9732
42.410072,795.8694
42.425526,795.8694
42.439613,795.8694
42.458595,795.8811
42.472725,795.8811
42.492813,795.766
42.50753,795.766
42.523975,795.83875
42.540405,795.83875
42.55788,795.83875
42.573402,795.8425
42.590652,795.8425
42.608913,795.9061
42.622974,795.9061
42.639915,795.9061
42.657955,795.8187
42.674507,795.8187
42.69229,795.71405
42.70667,795.71405
42.724106,795.2864
42.741135,795.2864
42.7567,795.2864
42.77572,795.00635
42.79086,795.00635
42.80865,794.54755
42.82379,794.54755
42.840553,794.54755
42.857548,794.3173
42.873505,794.3173
42.891567,793.80853
42.907536,793.80853
42.923733,793.4127
42.94075,793.4127
42.956112,793.4127
42.9773,792.9012
42.99007,792.9012
43.007736,792.6592
43.024105,792.6592
43.04034,792.6592
43.057526,792.1748
43.0728,792.1748
43.09155,791.9959
43.10688,791.9959
43.125584,791.7626
43.141445,791.7626
43.157715,791.7626
43.17583,791.6366
43.190605,791.6366
43.209007,791.15015
43.22243,791.15015
43.240246,791.15015
43.25727,790.6111
43.274303,790.6111
43.294064,790.2364
43.306274,790.2364
43.3237,790.1843
43.342644,790.1843
43.358353,790.1843
43.37538,789.8396
43.390358,789.8396
43.408176,789.3545
43.423023,789.3545
43.439495,789.3545
43.458015,788.8246
43.47401,788.8246
43.494404,788.5321
43.50856,788.5321
43.523888,787.7727
43.540577,787.7727
43.55614,787.7727
43.57667,787.1654
43.590828,787.1654
43.61222,786.6166
43.623264,786.6166
43.641327,786.6166
43.657707,786.2408
43.674477,786.2408
43.692932,785.6835
43.70689,785.6835
43.72457,785.296
43.742134,785.296
43.757263,785.296
43.776695,784.60205
43.789993,784.60205
43.80815,783.944
43.82499,783.944
43.84006,783.944
43.85838,783.1935
43.873974,783.1935
43.89077,782.7711
43.906166,782.7711
43.923862,782.40936
43.940994,782.40936
43.957504,782.40936
43.976154,782.26984
43.99017,782.26984
44.007793,781.8329
44.023197,781.8329
44.040768,781.8329
44.058487,781.41833
44.07358,781.41833
44.091278,780.7301
44.10707,780.7301
44.12391,780.3329
44.142254,780.3329
44.158012,780.3329
44.176308,779.8436
44.18937,779.8436
44.20834,779.62305
44.222427,779.62305
44.240818,779.62305
44.258816,778.8727
44.273415,778.8727
44.290695,778.56494
44.307774,778.56494
44.324177,778.3921
44.34118,778.3921
44.356533,778.3921
44.374157,778.25806
44.389595,778.25806
44.41051,777.8352
44.424385,777.8352
44.44012,777.8352
44.45964,777.6504
44.474815,777.6504
44.49066,777.3773
44.50661,777.3773
44.524647,777.13904
44.54159,777.13904
44.556908,777.13904
44.576565,776.6736
44.591717,776.6736
44.609653,776.3864
44.62367,776.3864
44.639553,776.3864
44.65917,776.1278
44.674088,776.1278
44.693703,776.2462
44.707207,776.2462
44.724186,776.1657
44.741974,776.1657
44.756668,776.1657
44.77439,775.8983
44.789608,775.8983
44.807026,775.5453
44.824665,775.5453
44.840797,775.5453
44.859257,775.4552
44.87385,775.4552
44.898106,775.25464
44.90996,775.25464
44.92398,775.03033
44.940517,775.03033
44.956745,775.03033
44.976334,774.3799
44.989887,774.3799
45.00688,774.2434
45.024483,774.2434
45.04055,774.2434
45.058865,774.25354
45.073345,774.25354
45.091415,774.28516
45.108616,774.28516
45.12513,774.15137
45.14021,774.15137
45.158516,774.15137
45.1752,774.1737
45.1911,774.1737
45.20763,774.28076
45.224827,774.28076
45.240757,774.28076
45.259933,774.4292
45.27469,774.4292
45.29161,774.5132
45.307735,774.5132
45.32458,774.6586
45.34176,774.6586
45.357426,774.6586
45.37423,774.68243
45.390385,774.68243
45.409996,774.8895
45.424465,774.8895
45.44021,774.8895
45.45945,774.87195
45.47419,774.87195
45.492622,774.87286
45.50809,774.87286
45.528,774.7877
45.541187,774.7877
45.559544,774.7877
45.577538,774.7031
45.591988,774.7031
45.612495,774.6558
45.624065,774.6558
45.640564,774.6558
45.66136,774.5996
45.6743,774.5996
45.69513,774.4413
45.707222,774.4413
45.72321,774.4413
45.74273,774.5293
45.7585,774.5293
45.77509,774.53845
45.79083,774.53845
45.812458,774.55457
45.823776,774.55457
45.840893,774.55457
45.858234,774.25256
45.875294,774.25256
45.895176,774.1116
45.907734,774.1116
45.924946,773.87616
45.942852,773.87616
45.95681,773.87616
45.976322,773.80554
45.991608,773.80554
46.01299,773.4297
46.02455,773.4297
46.04135,773.4297
46.058628,773.4078
46.074223,773.4078
46.092773,773.3325
46.107372,773.3325
46.124016,773.4091
46.142296,773.4091
46.157593,773.4091
46.176353,773.24976
46.191315,773.24976
46.209057,773.2715
46.22472,773.2715
46.241226,773.2715
46.260048,773.2407
46.27456,773.2407
46.29324,773.2722
46.308105,773.2722
46.324276,773.155
46.34271,773.155
46.35828,773.155
46.375965,772.93726
46.392044,772.93726
46.408634,772.7146
46.42427,772.7146
46.440273,772.7146
46.459465,772.78796
46.47418,772.78796
46.490963,772.712
46.50595,772.712
46.52378,772.71436
46.54074,772.71436
46.55798,772.71436
46.57742,772.703
46.590446,772.703
46.612705,772.699
46.62454,772.699
46.64022,772.699
46.65944,772.4512
46.675095,772.4512
46.693478,772.3906
46.706932,772.3906
46.723164,772.3906
46.74108,772.1935
46.7575,772.1935
46.775196,772.19073
46.791233,772.19073
46.809227,772.08545
46.824375,772.08545
46.84014,772.08545
46.85857,772.1599
46.875282,772.1599
46.893326,772.0782
46.906105,772.0782
46.92409,772.15393
46.940983,772.15393
46.95633,772.15393
46.97716,772.0812
46.990936,772.0812
47.008186,772.08276
47.023567,772.08276
47.041077,772.08276
47.057854,771.8484
47.072857,771.8484
47.09079,771.9739
47.105812,771.9739
47.12385,771.9597
47.14235,771.9597
47.15668,771.9597
47.17601,771.886
47.192234,771.886
47.20854,771.80884
47.224915,771.80884
47.241444,771.80884
47.259274,771.90955
47.274536,771.90955
47.29277,771.83997
47.308002,771.83997
47.32381,771.79877
47.341877,771.79877
47.357243,771.79877
47.375233,771.6201
47.38922,771.6201
47.40742,771.66156
47.4249,771.66156
47.441284,771.66156
47.45727,771.58514
47.475002,771.58514
47.491646,771.6376
47.50693,771.6376
47.52422,771.47656
47.541153,771.47656
47.557537,771.47656
47.576683,771.48987
47.590355,771.48987
47.60846,771.4851
47.623024,771.4851
47.640656,771.4851
47.659588,771.5531
47.673386,771.5531
47.696083,771.431
47.707294,771.431
47.724804,771.34656
47.742542,771.34656
47.757496,771.34656
47.77571,771.15784
47.792294,771.15784
47.808792,771.19836
47.82429,771.19836
47.840534,771.19836
47.858654,771.057
47.875046,771.057
47.892296,771.1393
47.90741,771.1393
47.92421,771.0947
47.942463,771.0947
47.956757,771.0947
47.978092,771.2105
47.990704,771.2105
48.012062,771.02875
48.02362,771.02875
48.040264,771.02875
48.05916,770.98584
48.073895,770.98584
48.094284,770.9518
48.105927,770.9518
48.123924,771.00525
48.141617,771.00525
48.158585,771.00525
48.176956,770.9586
48.191967,770.9586
48.21024,770.9573
48.224182,770.9573
48.240776,770.9573
48.25905,770.8849
48.272667,770.8849
48.29057,770.94385
48.306908,770.94385
48.323715,770.84326
48.341885,770.84326
48.35731,770.84326
48.376907,770.92554
48.3907,770.92554
48.408012,770.8163
48.423115,770.8163
48.44009,770.8163
48.459564,770.8065
48.47536,770.8065
48.4919,770.6845
48.507175,770.6845
48.522972,770.6845
48.541504,770.7314
48.557495,770.7314
48.576225,770.5989
48.59057,770.5989
48.612026,770.63367
48.624496,770.63367
48.640045,770.63367
48.65711,770.64575
48.674267,770.64575
48.693237,770.9839
48.70776,770.9839
48.72356,770.9839
48.740993,771.2701
48.75651,771.2701
48.776264,771.7932
48.791286,771.7932
48.80875,772.3464
48.823734,772.3464
48.84128,772.3464
48.859722,773.00354
48.873066,773.00354
48.891853,773.5593
48.906578,773.5593
48.925346,774.155
48.943214,774.155
48.957912,774.155
48.973946,774.7783
48.990364,774.7783
49.00768,775.6072
49.026463,775.6072
49.039696,775.6072
49.05811,776.34546
49.074207,776.34546
49.092766,777.2136
49.108524,777.2136
49.12503,777.89453
49.140965,777.89453
49.157303,777.89453
49.176647,778.4816
49.190403,778.4816
49.20763,778.94104
49.223824,778.94104
49.240837,778.94104
49.258656,779.51685
49.274235,779.51685
49.291534,780.03503
49.30766,780.03503
49.324394,780.728
49.34126,780.728
49.356804,780.728
49.375553,781.6898
49.39099,781.6898
49.409225,782.6405
49.425648,782.6405
49.441406,782.6405
49.458492,783.405
49.476254,783.405
49.49188,784.1231
49.50736,784.1231
49.52429,784.8816
49.54187,784.8816
49.556286,784.8816
49.578125,785.6404
49.59025,785.6404
49.610817,786.56934
49.62266,786.56934
49.640953,786.56934
49.659855,787.3801
49.674583,787.3801
49.691326,788.0558
49.70765,788.0558
49.727345,788.6681
49.742123,788.6681
49.75828,788.6681
49.775803,789.3555
49.791187,789.3555
49.80865,790.0941
49.825123,790.0941
49.84142,790.0941
49.85948,790.6424
49.87271,790.6424
49.893166,791.15247
49.907238,791.15247
49.92458,791.5381
49.94173,791.5381
49.957504,791.5381
49.976387,791.8289
49.990276,791.8289
50.006622,792.01746
50.024075,792.01746
50.041023,792.01746
50.058475,792.6231
50.07588,792.6231
50.093185,793.786
50.106377,793.786
50.12673,794.7726
50.14155,794.7726
50.158394,794.7726
50.176342,795.3838
50.19035,795.3838
50.208447,795.97034
50.22421,795.97034
50.240444,795.97034
50.257587,796.60736
50.27374,796.60736
50.293312,797.06165
50.306393,797.06165
50.323807,797.0216
50.34203,797.0216
50.358345,797.0216
50.37376,796.73987
50.390312,796.73987
50.407997,796.6967
50.42414,796.6967
50.44116,796.6967
50.458183,797.11523
50.47299,797.11523
50.491978,797.39496
50.50707,797.39496
50.528343,797.50854
50.542652,797.50854
50.55861,797.50854
50.576927,797.6581
50.5931,797.6581
50.610416,797.6581
50.627804,797.90106
50.64161,797.90106
50.658966,798.00726
50.676033,798.00726
50.692894,797.84485
50.707497,797.84485
50.724747,797.3015
50.745216,797.3015
50.757477,797.3015
50.778374,796.6371
50.79356,796.6371
50.808487,796.0055
50.82388,796.0055
50.84088,796.0055
50.860123,796.3574
50.876278,796.3574
50.89288,796.95874
50.907623,796.95874
50.923824,797.5747
50.941936,797.5747
50.95781,797.5747
50.97645,797.8013
50.991547,797.8013
51.010258,798.01794
51.0252,798.01794
51.040844,798.01794
51.05921,798.0616
51.07386,798.0616
51.09173,798.2726
51.1072,798.2726
51.124268,798.2633
51.14292,798.2633
51.157017,798.2633
51.175488,798.316
51.191395,798.316
51.209106,798.0949
51.223866,798.0949
51.240044,798.0949
51.25901,798.0648
51.27375,798.0648
51.292393,797.9295
51.30731,797.9295
51.32359,798.02893
51.34173,798.02893
51.358356,798.02893
51.37403,797.7509
51.390045,797.7509
51.40863,797.7323
51.423817,797.7323
51.440266,797.7323
51.456886,797.636
51.473503,797.636
51.49367,797.62634
51.508278,797.62634
51.52344,797.62634
51.543125,797.32996
51.557426,797.32996
51.576347,797.1688
51.593143,797.1688
51.608597,796.94885
51.62458,796.94885
51.641693,796.94885
51.658974,796.9381
51.674004,796.9381
51.692215,796.72687
51.708076,796.72687
51.72467,796.7388
51.740456,796.7388
51.756863,796.7388
51.77592,796.6613
51.790913,796.6613
51.80983,796.6156
51.824688,796.6156
51.84154,796.6156
51.859776,796.3781
51.873585,796.3781
51.89557,796.3672
51.907898,796.3672
51.924965,796.2753
51.942863,796.2753
51.957108,796.2753
51.976257,796.2603
51.99182,796.2603
52.009712,796.0733
52.025757,796.0733
52.03983,796.0733
52.058826,796.051
52.074448,796.051
52.09485,795.96326
52.107285,795.96326
52.12566,796.0452
52.141243,796.0452
52.15758,796.0452
52.176582,795.98645
52.19049,795.98645
52.20799,796.0552
52.22379,796.0552
52.241966,796.0552
52.258728,796.016
52.274544,796.016
52.291645,796.0636
52.30745,796.0636
52.323757,796.00867
52.341217,796.00867
52.358624,796.00867
52.375412,796.05194
52.391304,796.05194
52.408875,796.06177
52.42455,796.06177
52.44155,796.06177
52.460556,796.1022
52.474266,796.1022
52.491875,796.0374
52.50733,796.0374
52.52482,796.0822
52.54243,796.0822
52.558228,796.0822
52.577305,796.00244
52.59094,796.00244
52.608334,795.9856
52.62311,795.9856
52.641327,795.9856
52.658077,795.84283
52.673553,795.84283
52.693134,795.8741
52.707733,795.8741
52.724625,795.7649
52.74202,795.7649
52.757263,795.7649
52.776653,795.7448
52.791157,795.7448
52.811035,795.69073
52.824936,795.69073
52.841053,795.69073
52.859657,795.70276
52.874027,795.70276
52.891903,795.3915
52.908195,795.3915
52.924343,795.1535
52.943184,795.1535
52.95724,795.1535
52.976284,794.921
52.991024,794.921
53.01326,794.81665
53.027336,794.81665
53.041267,794.81665
53.06013,794.59265
53.075657,794.59265
53.093624,794.59564
53.112312,794.59564
53.125507,794.5939
53.14236,794.5939
53.157578,794.5939
53.179363,794.6599
53.19218,794.6599
53.210762,794.6703
53.224094,794.6703
53.24155,794.6703
53.25891,794.70483
53.275017,794.70483
53.292053,794.7905
53.30813,794.7905
53.323673,794.82153
53.341488,794.82153
53.35718,794.82153
53.37474,794.69775
53.391632,794.69775
53.40795,794.6847
53.42415,794.6847
53.441227,794.6847
53.45837,794.6509
53.47415,794.6509
53.49174,794.65826
53.50665,794.65826
53.52381,794.6533
53.54204,794.6533
53.557606,794.6533
53.575825,794.7621
53.59144,794.7621
53.608654,794.7256
53.624474,794.7256
53.641586,794.7256
53.65919,794.7942
53.67432,794.7942
53.69297,794.7565
53.707203,794.7565
53.724552,794.8248
53.742958,794.8248
53.758026,794.8248
53.778534,794.7644
53.79221,794.7644
53.80827,794.77106
53.82387,794.77106
53.841183,794.77106
53.859425,794.73096
53.87338,794.73096
53.891243,794.7177
53.90723,794.7177
53.924274,794.49615
53.941357,794.49615
53.956806,794.49615
53.97498,794.42896
53.991215,794.42896
54.008404,794.4272
54.02491,794.4272
54.04114,794.4272
54.058,794.3854
54.07487,794.3854
54.092194,794.208
54.10803,794.208
54.124657,794.20166
54.142056,794.20166
54.157497,794.20166
54.17616,794.1512
54.19113,794.1512
54.20929,794.20105
54.224365,794.20105
54.241413,794.20105
54.259483,794.2914
54.27336,794.2914
54.292225,794.40643
54.307415,794.40643
54.323746,794.37994
54.342316,794.37994
54.356834,794.37994
54.37691,794.3893
54.391827,794.3893
54.40915,794.4406
54.42387,794.4406
54.441505,794.4406
54.459255,794.4958
54.47504,794.4958
54.492138,794.397
54.507267,794.397
54.523746,794.4444
54.542328,794.4444
54.556553,794.4444
54.576668,794.4551
54.590435,794.4551
54.61142,794.5504
54.6248,794.5504
54.640575,794.5504
54.658394,794.4615
54.673504,794.4615
54.693394,794.5044
54.709072,794.5044
54.724293,794.1575
54.74104,794.1575
54.76026,794.1575
54.78064,793.66394
54.79045,793.66394
54.8092,793.14954
54.82408,793.14954
54.840675,793.14954
54.85847,792.9232
54.87492,792.9232
54.893898,792.5879
54.90699,792.5879
54.925476,792.36566
54.942764,792.36566
54.956882,792.36566
54.976826,792.2112
54.98947,792.2112
55.007107,791.9474
55.02532,791.9474
55.040997,791.9474
55.05859,791.575
55.074753,791.575
55.09513,791.2423
55.107517,791.2423
55.12482,790.87805
55.14286,790.87805
55.15736,790.87805
55.176346,790.33344
55.190468,790.33344
55.20791,789.85754
55.22291,789.85754
55.239708,789.85754
55.258904,789.34174
55.274208,789.34174
55.29431,788.89374
55.307476,788.89374
55.32487,788.3565
55.342022,788.3565
55.35846,788.3565
55.37543,787.9004
55.391174,787.9004
55.408237,787.4428
55.42541,787.4428
55.44111,787.4428
55.459476,786.90643
55.474976,786.90643
55.491386,786.3402
55.507164,786.3402
55.523968,785.86926
55.541714,785.86926
55.558388,785.86926
55.576252,785.3942
55.59089,785.3942
55.60915,784.80756
55.62473,784.80756
55.640976,784.80756
55.658886,784.2238
55.67518,784.2238
55.691628,783.636
55.706486,783.636
55.725307,782.97284
55.74381,782.97284
55.757065,782.97284
55.77681,782.3522
55.791294,782.3522
55.8083,781.80786
55.82376,781.80786
55.83977,781.80786
55.85941,781.2389
55.87468,781.2389
55.892757,780.66174
55.90688,780.66174
55.924156,779.9389
55.942883,779.9389
55.958084,779.9389
55.97551,779.18445
55.99083,779.18445
56.007294,778.61993
56.024677,778.61993
56.039764,778.61993
56.05968,778.09845
56.074245,778.09845
56.092922,777.4319
56.107567,777.4319
56.12379,776.48376
56.14245,776.48376
56.157177,776.48376
56.175343,775.6406
56.193794,775.6406
56.209602,775.1185
56.22427,775.1185
56.24131,775.1185
56.2595,774.70154
56.27532,774.70154
56.29132,774.0496
56.307384,774.0496
56.324005,773.249
56.342655,773.249
56.357704,773.249
56.375633,772.5624
56.390587,772.5624
56.40841,771.8512
56.42461,771.8512
56.44109,771.8512
56.45809,771.2549
56.473293,771.2549
56.49184,770.61914
56.507076,770.61914
56.523685,770.2495
56.543,770.2495
56.55845,770.2495
56.575962,769.66284
56.591923,769.66284
56.60829,769.2169
56.62533,769.2169
56.640724,769.2169
56.659405,768.4906
56.673725,768.4906
56.692253,768.0407
56.70846,768.0407
56.72554,767.3721
56.74282,767.3721
56.758247,767.3721
56.775867,766.8884
56.790985,766.8884
56.809902,766.25977
56.825577,766.25977
56.840626,766.25977
56.859104,765.97095
56.873867,765.97095
56.89312,765.6237
56.90864,765.6237
56.924732,765.4884
56.94148,765.4884
56.957924,765.4884
56.97588,764.99646
56.991673,764.99646
57.00847,764.8074
57.023888,764.8074
57.04057,764.8074
57.0585,764.57983
57.07435,764.57983
57.09236,764.61084
57.10745,764.61084
57.124588,764.43176
57.1427,764.43176
57.158764,764.43176
57.17605,764.38477
57.190975,764.38477
57.207775,764.1001
57.224697,764.1001
57.241714,764.1001
57.25895,764.0425
57.2745,764.0425
57.291313,763.832
57.30778,763.832
57.32509,763.8115
57.341576,763.8115
57.357025,763.8115
57.37929,763.6731
57.390766,763.6731
57.40847,763.6135
57.423603,763.6135
57.441677,763.6135
57.459633,763.62415
57.473488,763.62415
57.491783,764.18005
57.50793,764.18005
57.526955,764.3297
57.542664,764.3297
57.56151,764.3297
57.577816,764.3036
57.59172,764.3036
57.61182,764.1803
57.62435,764.1803
57.642715,764.1803
57.65944,764.21234
57.674644,764.21234
57.69255,764.04236
57.708874,764.04236
57.72473,764.0669
57.742626,764.0669
57.75838,764.0669
57.776546,763.92194
57.791958,763.92194
57.80985,763.87085
57.823822,763.87085
57.840816,763.87085
57.859505,763.6847
57.873764,763.6847
57.89139,763.71344
57.90742,763.71344
57.924862,763.72363
57.961395,763.72363
57.977757,763.8318
57.988285,763.8318
58.004433,763.8123
58.022114,763.8123
58.03793,763.8123
58.056976,763.76843
58.0707,763.76843
58.087353,763.6204
58.104214,763.6204
58.120823,763.6204
58.139,763.55585
58.153862,763.55585
58.172657,763.3836
58.186962,763.3836
58.205494,763.4048
58.22165,763.4048
58.23724,763.4048
58.257732,763.1529
58.27127,763.1529
58.29009,763.0971
58.30532,763.0971
58.321056,763.0971
58.338985,763.04816
58.354183,763.04816
58.37211,763.1147
58.388348,763.1147
58.40478,763.0985
58.42179,763.0985
58.438213,763.0985
58.45491,763.14197
58.47082,763.14197
58.487957,763.08215
58.504856,763.08215
58.520813,763.08215
58.538967,763.08905
58.555042,763.08905
58.576416,762.93036
58.58732,762.93036
58.6052,763.0284
58.62361,763.0284
58.638348,763.0284
58.656895,762.96875
58.670837,762.96875
58.693714,762.97876
58.703995,762.97876
58.72023,762.97876
58.73916,762.96326
58.75383,762.96326
58.775406,763.0635
58.78792,763.0635
58.80533,762.9871
58.822067,762.9871
58.83788,762.9871
58.85647,763.06116
58.871483,763.06116
58.886883,762.9718
58.90538,762.9718
58.92086,762.9718
58.939316,763.01807
58.954575,763.01807
58.971615,762.91797
58.98672,762.91797
59.005882,762.9072
59.021152,762.9072
59.03761,762.9072
59.05846,762.7195
59.071342,762.7195
59.0906,762.7708
59.103817,762.7708
59.11987,762.7708
59.14039,762.71497
59.15401,762.71497
59.173492,762.68665
59.186977,762.68665
59.204647,762.6587
59.221733,762.6587
59.23829,762.6587
59.25644,762.7145
59.271606,762.7145
59.28811,762.6241
59.305183,762.6241
59.323196,762.6241
59.338737,762.57007
59.35418,762.57007
59.372707,762.5226
59.38828,762.5226
59.405743,762.45715
59.422737,762.45715
59.43815,762.45715
59.456882,762.2852
59.47151,762.2852
59.489044,762.24365
59.503674,762.24365
59.520626,762.24365
59.538948,762.12
59.55438,762.12
59.575363,762.05945
59.58883,762.05945
59.605442,761.8419
59.623295,761.8419
59.638344,761.8419
59.657887,761.7228
59.67198,761.7228
59.689285,761.3331
59.704376,761.3331
59.722126,761.3331
59.73862,761.2275
59.754074,761.2275
59.77155,760.8539
59.788177,760.8539
59.805275,760.73627
59.821877,760.73627
59.837917,760.73627
59.85473,760.64453
59.870678,760.64453
59.888355,760.69763
59.903904,760.69763
59.921825,760.69763
59.937393,760.619
59.954136,760.619
59.972984,760.6284
59.988075,760.6284
60.0,760.6284
60.0,760.6284