0.2921748,518.1429
0.30033806,518.1429
0.31779867,521.21454
0.33626655,521.98315
0.3504054,521.98315
0.371192,524.26953
0.3828608,524.26953
0.40011066,524.26953
0.41949522,527.49603
0.4356161,527.49603
0.4516011,529.6705
0.46658587,529.6705
0.4848569,531.2939
0.50117946,531.2939
0.517349,531.2939
0.5360998,532.939
0.5514203,532.939
0.5684608,532.1711
0.5833936,532.1711
0.6009563,532.1711
0.6185882,534.2526
0.6339663,534.2526
0.6519714,535.8684
0.66766596,535.8684
0.68394834,537.6605
0.70056504,537.6605
0.71660775,537.6605
0.7359918,537.62286
0.7498038,537.62286
0.7682472,538.32855
0.78426135,538.32855
0.8017047,538.32855
0.8193058,540.718
0.8337596,540.718
0.85270274,543.1404
0.8676434,543.1404
0.8843896,544.4834
0.90249276,544.4834
0.91666764,544.4834
0.9357892,544.60425
0.9516186,544.60425
0.972674,545.6655
0.9840444,545.6655
1.0008411,545.6655
1.0195843,547.75885
1.0336188,547.75885
1.0562918,548.873
1.068567,548.873
1.0842831,549.6971
1.1027303,549.6971
1.1177108,549.6971
1.1382033,550.2058
1.1503611,550.2058
1.1685401,550.63794
1.1853647,550.63794
1.2007321,550.63794
1.2175756,552.4539
1.234182,552.4539
1.255153,554.14984
1.2683736,554.14984
1.284955,554.7825
1.3026717,554.7825
1.3173865,554.7825
1.3353819,555.5536
1.3507607,555.5536
1.3681954,554.35016
1.3854723,554.35016
1.4007134,554.35016
1.4183296,555.4586
1.4346042,555.4586
1.4523705,555.89966
1.4686193,555.89966
1.4845176,557.0614
1.5006638,557.0614
1.5163745,557.0614
1.536848,557.27814
1.5494945,557.27814
1.5687706,558.3936
1.5834823,558.3936
1.6013775,558.3936
1.6187589,559.5944
1.6336832,559.5944
1.6522402,560.72577
1.6683013,560.72577
1.68431,561.44885
1.7026515,561.44885
1.7189095,561.44885
1.7384114,562.7288
1.7509786,562.7288
1.7690489,563.08563
1.7837158,563.08563
1.8019658,563.08563
1.8192865,565.2832
1.8339715,565.2832
1.8527687,566.50165
1.8666135,566.50165
1.883984,567.40765
1.9018166,567.40765
1.9166964,567.40765
1.9360142,568.63306
1.95071,568.63306
1.9685888,569.5945
1.9838052,569.5945
2.0019362,569.5945
2.016892,569.5945
2.0348432,569.9617
2.0527027,570.80756
2.067441,570.80756
2.084724,571.727
2.102786,571.727
2.1163595,571.727
2.1355574,573.84265
2.1508846,573.84265
2.1684308,574.9669
2.1852572,574.9669
2.2022748,574.9669
2.2198129,577.3495
2.2343106,577.3495
2.2516215,580.7055
2.2678974,580.7055
2.2842293,583.0647
2.3008711,583.0647
2.316964,583.0647
2.335984,585.508
2.3512895,585.508
2.3720357,587.82623
2.3845527,587.82623
2.4011889,587.82623
2.4198935,590.59033
2.435051,590.59033
2.4519145,591.8473
2.4702518,591.8473
2.4849854,593.10156
2.5010045,593.10156
2.517129,593.10156
2.534479,593.4313
2.5502567,593.4313
2.572906,593.0508
2.584856,593.0508
2.6005604,593.0508
2.6188538,592.91614
2.6341214,592.91614
2.6517794,592.8767
2.666718,592.8767
2.6837554,592.2384
2.7023058,592.2384
2.7174544,592.2384
2.7343469,590.52454
2.7505188,590.52454
2.768581,590.2744
2.7851386,590.2744
2.799521,590.2744
2.8185806,591.29297
2.8336728,591.29297
2.8531327,591.64124
2.8664258,591.64124
2.8844824,591.836
2.901987,591.836
2.9180558,591.836
2.9353511,592.0735
2.9515233,592.0735
2.9695292,591.59393
2.9849384,591.59393
2.9995694,591.59393
3.0185657,591.2272
3.0332944,591.2272
3.0532746,591.07886
3.067286,591.07886
3.085344,590.99084
3.1019228,590.99084
3.1177216,590.99084
3.1355934,590.8146
3.1515727,590.8146
3.169187,591.016
3.1843808,591.016
3.2011886,591.016
3.218458,591.8013
3.2341073,591.8013
3.2516181,591.6242
3.2674377,591.6242
3.2844453,591.6793
3.300616,591.6793
3.3188906,591.6793
3.3359952,591.6837
3.3513403,591.6837
3.3688684,591.3772
3.3837204,591.3772
3.400612,591.3772
3.4186335,590.9519
3.433351,590.9519
3.4515219,589.1742
3.468033,589.1742
3.4853294,589.39404
3.5025263,589.39404
3.517722,589.39404
3.5359738,589.83203
3.5515919,589.83203
3.5692365,589.40784
3.5837815,589.40784
3.6024184,589.40784
3.619358,589.3451
3.6336358,589.3451
3.6522086,589.05646
3.6673324,589.05646
3.6854548,589.00757
3.7013905,589.00757
3.7178545,589.00757
3.735546,587.86365
3.7507532,587.86365
3.7685728,587.6101
3.7856064,587.6101
3.8025212,587.6101
3.819808,588.15845
3.8351655,588.15845
3.8531837,587.4818
3.8692188,587.4818
3.8853467,587.15356
3.9032383,587.15356
3.918042,587.15356
3.9356363,586.43774
3.9505126,586.43774
3.9702387,586.18726
3.9837952,586.18726
4.0014286,586.18726
4.017731,586.2058
4.0340533,586.2058
4.0528426,586.266
4.0682697,586.266
4.0849056,585.6384
4.1026354,585.6384
4.1181464,585.6384
4.1370487,586.08777
4.1504364,586.08777
4.169225,585.95776
4.1850853,585.95776
4.2005553,585.95776
4.217774,585.5066
4.233152,585.5066
4.251297,584.97656
4.268573,584.97656
4.2841353,585.2075
4.302574,585.2075
4.3162856,585.2075
4.3370805,585.2186
4.3518887,585.2186
4.367994,584.4371
4.386309,584.4371
4.401747,584.4371
4.417887,584.6455
4.4332824,584.6455
4.4518065,584.6455
4.4682283,584.6455
4.4851594,584.72546
4.50178,584.72546
4.5169125,584.72546
4.5364666,584.6892
4.549693,584.6892
4.5721073,584.7953
4.5872927,584.7953
4.6015577,584.7953
4.618486,584.8585
4.6361284,584.8585
4.6521573,584.86316
4.6675673,584.86316
4.6840825,585.0429
4.7011886,585.0429
4.7164664,585.0429
4.7356157,584.7916
4.7515135,584.7916
4.7727013,584.8224
4.7837296,584.8224
4.801505,584.8224
4.8186765,585.77637
4.834088,585.77637
4.8526683,585.77637
4.867803,585.77637
4.8843107,585.68353
4.902022,585.68353
4.9176097,585.68353
4.935436,585.1698
4.9510293,585.1698
4.9719877,585.04065
4.984654,585.04065
5.0002546,585.04065
5.0191216,584.69604
5.034661,584.69604
5.0528164,585.2434
5.066791,585.2434
5.0846963,586.08844
5.1016583,586.08844
5.11795,586.08844
5.135608,585.6192
5.1510677,585.6192
5.169484,585.5116
5.1832004,585.5116
5.2008653,585.5116
5.218094,586.14557
5.2332726,586.14557
5.2509465,585.82965
5.268144,585.82965
5.2853084,585.79504
5.3010397,585.79504
5.3177853,585.79504
5.336774,585.79504
5.351274,585.79504
5.3755784,585.8762
5.388393,585.8762
5.402441,585.8762
5.4195633,586.2274
5.4336767,586.2274
5.4521704,585.41406
5.467718,585.41406
5.4839396,585.3801
5.50265,585.3801
5.5178823,585.3801
5.535856,585.50977
5.5503993,585.50977
5.5674443,585.2584
5.5840836,585.2584
5.601073,585.2584
5.6192884,586.2543
5.6356497,586.2543
5.653622,586.7042
5.6680837,586.7042
5.6844716,586.2567
5.7009954,586.2567
5.716739,586.2567
5.735446,586.2567
5.7498665,586.2567
5.7683296,586.246
5.785608,586.246
5.80141,586.246
5.8189626,586.0464
5.8333325,586.0464
5.8544483,585.36707
5.8671436,585.36707
5.8847737,584.47284
5.902092,584.47284
5.9172235,584.47284
5.935124,583.9867
5.950404,583.9867
5.967896,583.3334
5.9844484,583.3334
6.000117,583.3334
6.0185556,581.8142
6.033022,581.8142
6.051362,581.4783
6.067154,581.4783
6.0845294,579.65204
6.102196,579.65204
6.1176677,579.65204
6.135006,579.23975
6.150564,579.23975
6.171595,578.20056
6.1840906,578.20056
6.2003326,578.20056
6.219524,577.2727
6.2335334,577.2727
6.252922,576.59937
6.2676997,576.59937
6.2840843,575.46155
6.302319,575.46155
6.317469,575.46155
6.33591,574.7147
6.35154,574.7147
6.3669295,574.1378
6.38618,574.1378
6.4013977,574.1378
6.418831,573.1428
6.433195,573.1428
6.4513936,571.49036
6.467458,571.49036
6.4843473,569.72314
6.501882,569.72314
6.5181494,569.72314
6.5382795,569.16406
6.5516324,569.16406
6.5716686,568.0314
6.5845227,568.0314
6.6008964,568.0314
6.619269,567.84375
6.63566,567.84375
6.6527214,566.1976
6.6672106,566.1976
6.6850433,565.6817
6.702093,565.6817
6.717656,565.6817
6.734511,563.6568
6.751543,563.6568
6.7721543,561.9245
6.785069,561.9245
6.800659,561.9245
6.818269,560.3917
6.8336115,560.3917
6.8524733,560.14014
6.8674827,560.14014
6.902262,558.5927
6.9158354,558.5927
6.929166,558.3027
6.943575,558.3027
6.9604387,558.3027
6.9788504,557.02155
6.9932656,557.02155
7.013934,555.875
7.0262985,555.875
7.0444536,554.474
7.063439,554.474
7.077693,554.474
7.0955706,554.474
7.1123395,554.474
7.12,553.3199
7.1484337,552.44763
7.162001,552.44763
7.1793036,550.9632
7.1945415,550.9632
7.213785,550.31683
7.2267823,550.31683
7.244031,549.228
7.2615423,549.228
7.2772365,549.228
7.2954307,548.69495
7.309876,548.69495
7.3278565,546.4137
7.344364,546.4137
7.361377,546.4137
7.3791456,546.9966
7.395138,546.9966
7.4148006,545.40717
7.4275503,545.40717
7.444552,544.0964
7.462308,544.0964
7.478483,544.0964
7.496073,542.77637
7.511408,542.77637
7.531015,541.31506
7.5436378,541.31506
7.5599947,541.31506
7.5790153,540.39935
7.5940824,540.39935
7.6103535,538.4271
7.62794,538.4271
7.644291,537.44116
7.6619925,537.44116
7.677018,537.44116
7.6975985,536.8527
7.7104497,536.8527
7.729642,536.72424
7.743875,536.72424
7.7607656,536.72424
7.778986,536.1923
7.7942176,536.1923
7.8108554,535.43207
7.8269186,535.43207
7.843645,534.492
7.862123,534.492
7.876997,534.492
7.8949833,533.33875
7.9101076,533.33875
7.9495835,532.8549
7.978563,532.8549
7.993726,531.79083
8.004035,530.1
8.020589,530.1
8.035969,530.1
8.055024,529.45905
8.069552,529.45905
8.086114,527.9297
8.103726,527.9297
8.119644,527.9297
8.1373,527.01685
8.153829,527.01685
8.171067,526.11804
8.185304,526.11804
8.203683,524.43536
8.220569,524.43536
8.236152,524.43536
8.255051,524.1429
8.269446,524.1429
8.28825,523.52246
8.304903,523.52246
8.318993,523.52246
8.337715,522.32355
8.353672,522.32355
8.371198,521.59534
8.386836,521.59534
8.404191,521.7143
8.421248,521.7143
8.435739,521.7143
8.458067,520.89215
8.4702635,520.89215
8.491509,519.4379
8.503345,519.4379
8.533097,518.63824
8.548394,518.63824
8.558793,518.63824
8.575312,518.78467
8.592176,518.78467
8.609583,517.6194
8.62538,517.6194
8.64062,517.6194
8.65909,516.49817
8.673656,516.49817
8.692859,516.6074
8.708064,516.6074
8.724987,514.94464
8.741916,514.94464
8.758536,514.94464
8.77632,514.4083
8.792112,514.4083
8.809943,514.77203
8.824592,514.77203
8.840728,514.77203
8.859753,514.416
8.875095,514.416
8.896001,513.6818
8.908495,513.6818
8.925649,513.89246
8.942487,513.89246
8.956829,513.89246
8.977991,513.6886
8.991879,513.6886
9.010373,512.84644
9.0264635,512.84644
9.04109,512.84644
9.060191,512.8028
9.07482,512.8028
9.095151,512.78094
9.108583,512.78094
9.125632,512.3803
9.143002,512.3803
9.158658,512.3803
9.177478,512.33453
9.191945,512.33453
9.212709,511.8567
9.228449,511.8567
9.24235,511.8567
9.262064,511.5509
9.274677,511.5509
9.29345,511.28845
9.307814,511.28845
9.324312,512.21124
9.341999,512.21124
9.360175,512.21124
9.377491,512.0512
9.392123,512.0512
9.408189,511.97614
9.423453,511.97614
9.441041,511.97614
9.459888,511.26984
9.474366,511.26984
9.49296,511.08362
9.507758,511.08362
9.530104,511.08362
9.542644,511.57983
9.558272,511.57983
9.57452,511.51056
9.590336,511.51056
9.608537,511.43103
9.625021,511.43103
9.641134,511.43103
9.658944,511.175
9.674482,511.175
9.691133,510.67126
9.70743,510.67126
9.746582,510.73242
9.758936,510.73242
9.772998,510.86285
9.791016,510.86285
9.806553,511.0197
9.822138,511.0197
9.837438,511.0197
9.855442,511.6584
9.885487,511.6584
9.898353,511.76953
9.911061,511.76953
9.927952,511.4323
9.944188,511.4323
9.961986,511.4323
9.979256,511.63373
9.992926,511.63373
10.012278,511.4007
10.025991,511.4007
10.044183,510.95667
10.061924,510.95667
10.077385,510.95667
10.095207,511.06842
10.110564,511.06842
10.12827,511.15515
10.143603,511.15515
10.160471,511.15515
10.178708,511.1087
10.195693,511.1087
10.212185,510.72675
10.22694,510.72675
10.244567,511.23608
10.26245,511.23608
10.277303,511.23608
10.295497,511.0719
10.312156,511.0719
10.328843,510.90674
10.34396,510.90674
10.360448,510.90674
10.379101,510.5387
10.394928,510.5387
10.412906,510.76587
10.42745,510.76587
10.447063,510.70233
10.462756,510.70233
10.477967,510.70233
10.495356,510.69446
10.511015,510.69446
10.531874,511.02094
10.544698,511.02094
10.561984,511.02094
10.580121,510.50903
10.595828,510.50903
10.613478,510.38623
10.6286955,510.38623
10.645632,510.23413
10.662764,510.23413
10.677788,510.23413
10.696343,510.41388
10.711591,510.41388
10.730907,510.1809
10.744744,510.1809
10.761165,510.1809
10.779282,510.78278
10.799242,510.78278
10.812426,510.53986
10.827097,510.53986
10.844491,510.53986
10.861648,510.53986
10.876757,510.53986
10.896063,510.4724
10.911467,510.4724
10.926808,510.7906
10.944185,510.7906
10.9614315,510.7906
10.977269,510.53192
10.994978,510.53192
11.012152,511.0036
11.026287,511.0036
11.044633,510.92657
11.061003,510.92657
11.076276,510.92657
11.097591,510.885
11.11012,510.885
11.12838,510.24298
11.145484,510.24298
11.161382,510.24298
11.180764,510.52142
11.194163,510.52142
11.215253,510.6889
11.228036,510.6889
11.247538,510.51892
11.2629795,510.51892
11.278011,510.51892
11.29616,511.28168
11.31077,511.28168
11.33009,511.0686
11.34509,511.0686
11.360739,511.0686
11.380357,511.5349
11.394163,511.5349
11.4130125,511.74133
11.42719,511.74133
11.4439335,511.44446
11.464779,511.44446
11.477619,511.44446
11.495645,511.18506
11.510281,511.18506
11.527639,511.20703
11.543576,511.20703
11.5607395,511.20703
11.579572,511.13428
11.593287,511.13428
11.612726,510.5993
11.629912,510.5993
11.645322,510.63287
11.665055,510.63287
11.67675,510.63287
11.695833,511.35272
11.711348,511.35272
11.73047,511.92938
11.74483,511.92938
11.76356,511.92938
11.780268,510.5185
11.794935,510.5185
11.8144865,511.21075
11.827216,511.21075
11.84688,512.34296
11.863008,512.34296
11.877158,512.34296
11.896419,514.2874
11.910134,514.2874
11.931228,514.7598
11.944138,514.7598
11.9651575,515.8205
11.980571,515.8205
11.994901,515.8205
12.014253,515.7553
12.0279875,515.7553
12.045265,517.80725
12.061483,517.80725
12.076538,517.80725
12.095342,519.1633
12.11091,519.1633
12.129977,519.898
12.143672,519.898
12.161667,519.898
12.179577,521.36774
12.195522,521.36774
12.215559,522.7019
12.228852,522.7019
12.246023,523.41693
12.26214,523.41693
12.27775,523.41693
12.296302,525.2636
12.311608,525.2636
12.330099,526.0825
12.345059,526.0825
12.3620405,526.0825
12.380589,528.0833
12.394683,528.0833
12.41453,528.3485
12.427305,528.3485
12.445273,529.01575
12.462754,529.01575
12.477998,529.01575
12.499209,529.2
12.511795,529.2
12.530905,529.2
12.547541,529.956
12.561107,529.956
12.5811405,530.7598
12.596438,530.7598
12.616,532.5714
12.630407,532.5714
12.645343,533.73627
12.662935,533.73627
12.677588,533.73627
12.696626,534.9857
12.710221,534.9857
12.730506,534.1285
12.745239,534.1285
12.76135,534.1285
12.778311,535.6619
12.79462,535.6619
12.812682,534.8081
12.827959,534.8081
12.845207,537.0373
12.861922,537.0373
12.877826,537.0373
12.897059,537.26666
12.912051,537.26666
12.929536,538.5126
12.94434,538.5126
12.960654,538.5126
12.978902,538.7089
12.995598,538.7089
13.0119505,540.5272
13.029124,540.5272
13.04698,541.80536
13.0627165,541.80536
13.078805,541.80536
13.096747,542.88855
13.111719,542.88855
13.129646,544.8225
13.143614,544.8225
13.161222,544.8225
13.179203,545.276
13.195542,545.276
13.216356,545.97534
13.227504,545.97534
13.244304,545.8241
13.261694,545.8241
13.277994,545.8241
13.295556,546.70325
13.310889,546.70325
13.329002,547.6655
13.343662,547.6655
13.361118,547.6655
13.379304,547.25964
13.394913,547.25964
13.412464,547.37256
13.427681,547.37256
13.445933,548.3705
13.464255,548.3705
13.479455,548.3705
13.496048,549.127
13.512109,549.127
13.529979,549.02625
13.545067,549.02625
13.561573,549.02625
13.580786,549.6343
13.594915,549.6343
13.612549,550.5356
13.628772,550.5356
13.645754,551.37756
13.663041,551.37756
13.678503,551.37756
13.696826,551.52905
13.712511,551.52905
13.729875,552.12305
13.744664,552.12305
13.761997,552.12305
13.780768,552.5515
13.794677,552.5515
13.814152,552.5417
13.828128,552.5417
13.846157,553.1094
13.863097,553.1094
13.879172,553.1094
13.8962,554.8767
13.911636,554.8767
13.9324045,555.0627
13.944321,555.0627
13.961246,555.0627
13.979299,555.4237
13.994419,555.4237
14.013663,553.68884
14.028152,553.68884
14.045648,554.20056
14.06263,554.20056
14.081328,554.20056
14.096236,553.6907
14.112034,553.6907
14.129381,553.72754
14.145159,553.72754
14.161675,553.72754
14.179384,555.3711
14.193615,555.3711
14.213472,556.16907
14.22824,556.16907
14.244127,557.08984
14.261398,557.08984
14.277195,557.08984
14.296912,558.10333
14.310804,558.10333
14.328717,558.7121
14.344774,558.7121
14.361694,558.7121
14.381923,559.9406
14.39423,559.9406
14.412722,559.60785
14.428848,559.60785
14.444687,561.6677
14.463127,561.6677
14.477892,561.6677
14.498855,561.26666
14.51163,561.26666
14.528587,562.38153
14.543731,562.38153
14.560989,562.38153
14.579112,562.8662
14.593943,562.8662
14.614607,563.7516
14.628435,563.7516
14.645133,562.9391
14.661224,562.9391
14.678221,562.9391
14.695973,563.6688
14.710681,563.6688
14.728008,563.10425
14.743307,563.10425
14.760374,563.10425
14.782883,563.0997
14.797928,563.0997
14.811123,562.8266
14.827582,562.8266
14.843842,562.53796
14.861424,562.53796
14.876345,562.53796
14.895395,562.4268
14.911283,562.4268
14.928512,561.83484
14.944398,561.83484
14.962138,561.83484
14.980585,562.2564
14.995041,562.2564
15.013384,562.0724
15.028379,562.0724
15.04486,562.1883
15.062728,562.1883
15.078471,562.1883
15.0959635,562.72076
15.111897,562.72076
15.130559,563.31665
15.144858,563.31665
15.159656,563.31665
15.179516,562.30066
15.193463,562.30066
15.212782,562.7805
15.227565,562.7805
15.244438,563.5763
15.260793,563.5763
15.276932,563.5763
15.295332,563.45544
15.310927,563.45544
15.330683,562.9524
15.345251,562.9524
15.362252,562.9524
15.379127,563.4355
15.394864,563.4355
15.41311,563.4868
15.428325,563.4868
15.44659,563.58057
15.462462,563.58057
15.477417,563.58057
15.494537,563.48627
15.510541,563.48627
15.52903,563.1567
15.543908,563.1567
15.560798,563.1567
15.580221,563.5434
15.594278,563.5434
15.612934,563.2628
15.62865,563.2628
15.645086,563.26605
15.66209,563.26605
15.677557,563.26605
15.696289,562.72925
15.71083,562.72925
15.727227,563.25
15.745175,563.25
15.761508,563.25
15.780492,562.9264
15.794927,562.9264
15.811661,562.3139
15.828162,562.3139
15.844166,562.2253
15.861362,562.2253
15.877399,562.2253
15.897425,563.3912
15.912158,563.3912
15.931974,563.4968
15.945185,563.4968
15.96193,563.4968
15.978537,563.48285
15.994863,563.48285
16.015175,563.33215
16.028841,563.33215
16.045776,563.4061
16.062862,563.4061
16.078417,563.4061
16.095106,563.20734
16.111197,563.20734
16.128942,563.322
16.143967,563.322
16.161226,563.322
16.179277,562.8389
16.193224,562.8389
16.215147,563.1233
16.228645,563.1233
16.244715,562.8831
16.260635,562.8831
16.277607,562.8831
16.295912,562.8344
16.311472,562.8344
16.332413,562.3549
16.34521,562.3549
16.361166,562.3549
16.379337,561.4108
16.393978,561.4108
16.413532,561.9048
16.427605,561.9048
16.444536,562.01996
16.462898,562.01996
16.478773,562.01996
16.494717,561.3143
16.511072,561.3143
16.530363,561.7539
16.544231,561.7539
16.560385,561.7539
16.57943,561.5455
16.59576,561.5455
16.614128,561.5172
16.629063,561.5172
16.644749,561.3856
16.663858,561.3856
16.678879,561.3856
16.696274,561.3062
16.711613,561.3062
16.732828,561.59045
16.74544,561.59045
16.761736,561.59045
16.780544,561.48517
16.79443,561.48517
16.812931,561.2632
16.827429,561.2632
16.843718,561.3912
16.861843,561.3912
16.878986,561.3912
16.89628,560.902
16.912275,560.902
16.930529,560.8663
16.944637,560.8663
16.961945,560.8663
16.980673,561.0161
16.99584,561.0161
17.012651,561.44476
17.029882,561.44476
17.044977,562.10345
17.062727,562.10345
17.077751,562.10345
17.09552,561.37134
17.110727,561.37134
17.12986,561.58905
17.145008,561.58905
17.162325,561.58905
17.179844,561.4739
17.195387,561.4739
17.213871,562.0099
17.227316,562.0099
17.24602,562.1382
17.262138,562.1382
17.27862,562.1382
17.296423,561.49835
17.311457,561.49835
17.328072,561.5349
17.345057,561.5349
17.361113,561.5349
17.379536,560.06757
17.39561,560.06757
17.412569,560.42035
17.427658,560.42035
17.445108,560.13165
17.461105,560.13165
17.477932,560.13165
17.496454,560.14136
17.510477,560.14136
17.532051,560.7163
17.567608,560.7163
17.591291,560.847
17.601845,560.847
17.618122,560.8873
17.631914,560.8873
17.652382,560.8873
17.664892,560.8873
17.68356,560.2947
17.699028,560.2947
17.715286,560.2947
17.73289,560.1429
17.74919,560.1429
17.765577,560.86804
17.78386,560.86804
17.7982,560.86804
17.817728,560.8153
17.83114,560.8153
17.851337,560.85895
17.865082,560.85895
17.882114,560.85895
17.8999,559.454
17.91779,559.454
17.933886,559.16394
17.964275,559.16394
17.980614,558.8605
17.989405,558.8605
18.008041,557.1195
18.02393,557.1195
18.039833,557.1195
18.056328,557.4277
18.072557,557.4277
18.092287,555.4742
18.1079,555.4742
18.124552,555.026
18.140722,555.026
18.156458,555.026
18.175611,554.08
18.19047,554.08
18.20728,553.7253
18.223629,553.7253
18.239853,553.7253
18.257864,552.04474
18.27406,552.04474
18.291376,550.89105
18.307,550.89105
18.324228,548.97925
18.340818,548.97925
18.355469,548.97925
18.373848,549.24756
18.389027,549.24756
18.405243,546.82434
18.422823,546.82434
18.4387,546.82434
18.457716,546.0569
18.473034,546.0569
18.490772,544.1903
18.507559,544.1903
18.52358,544.1903
18.541157,543.1647
18.555649,543.1647
18.575245,542.1006
18.589449,542.1006
18.60705,541.0901
18.623995,541.0901
18.63968,541.0901
18.657322,539.9448
18.67277,539.9448
18.691444,538.7445
18.705599,538.7445
18.722775,538.7445
18.740591,536.8025
18.756414,536.8025
18.773867,534.8548
18.789433,534.8548
18.808056,530.9048
18.82286,530.9048
18.839329,530.9048
18.858171,529.5438
18.872519,529.5438
18.891678,526.97437
18.907202,526.97437
18.924347,525.6415
18.940758,525.6415
18.955902,525.6415
18.9748,524.2745
18.99008,524.2745
19.005972,524.0764
19.022913,524.0764
19.038404,524.0764
19.057589,523.9213
19.073116,523.9213
19.090538,522.34424
19.10497,522.34424
19.122814,522.34424
19.140968,520.96735
19.157103,520.96735
19.176628,520.37976
19.190144,520.37976
19.206408,518.1752
19.22351,518.1752
19.239573,518.1752
19.257273,517.5981
19.272919,517.5981
19.290037,515.95044
19.306602,515.95044
19.323154,515.95044
19.340254,514.90784
19.356087,514.90784
19.374592,513.9591
19.390257,513.9591
19.406261,513.58386
19.423252,513.58386
19.43863,513.58386
19.457182,513.0
19.478224,513.0
19.490297,511.50677
19.505419,511.50677
19.52419,511.21143
19.54037,511.21143
19.555822,511.21143
19.574362,510.95422
19.58904,510.95422
19.606781,510.83685
19.62508,510.83685
19.639446,510.83685
19.656467,511.49146
19.673622,511.49146
19.693157,511.34137
19.707218,511.34137
19.723408,511.34137
19.741142,511.81702
19.756807,511.81702
19.774708,511.61206
19.789927,511.61206
19.807053,510.56165
19.823359,510.56165
19.839508,510.56165
19.858164,509.98566
19.87251,509.98566
19.89126,510.5263
19.905771,510.5263
19.92246,510.5263
19.941883,509.78644
19.956852,509.78644
19.976437,509.73468
19.989353,509.73468
20.006506,509.64148
20.024134,509.64148
20.040497,509.64148
20.058271,509.93127
20.07302,509.93127
20.090225,508.1678
20.105915,508.1678
20.123152,508.1678
20.139877,508.20367
20.155647,508.20367
20.17384,507.3114
20.189243,507.3114
20.207645,507.2409
20.2235,507.2409
20.239666,507.2409
20.25771,507.3648
20.273804,507.3648
20.290285,506.97656
20.306976,506.97656
20.321909,506.97656
20.339342,506.06573
20.357,506.06573
20.374393,507.24445
20.390144,507.24445
20.40591,506.56738
20.422695,506.56738
20.439756,506.56738
20.459019,506.45294
20.472738,506.45294
20.491026,506.576
20.505451,506.576
20.541756,506.2249
20.55594,506.2249
20.570477,505.27972
20.583574,505.27972
20.599577,505.27972
20.620052,505.3783
20.63384,505.3783
20.65028,504.99347
20.66715,504.99347
20.684286,505.16223
20.70053,505.16223
20.71714,505.16223
20.735176,504.7508
20.749561,504.7508
20.772446,505.28528
20.783688,505.28528
20.800508,505.28528
20.818228,505.29395
20.83404,505.29395
20.850878,506.48138
20.8664,506.48138
20.883558,505.99677
20.901548,505.99677
20.918182,505.99677
20.935423,507.29095
20.951263,507.29095
20.968592,507.53162
20.98254,507.53162
21.001318,507.53162
21.01809,508.69635
21.033915,508.69635
21.051914,509.27362
21.067526,509.27362
21.085276,509.54938
21.10189,509.54938
21.117538,509.54938
21.135191,508.83173
21.150509,508.83173
21.169807,508.9182
21.183908,508.9182
21.211954,508.56122
21.224052,508.56122
21.237587,508.56122
21.255531,508.633
21.271248,508.633
21.310944,508.61536
21.326061,508.61536
21.33914,508.57043
21.352701,508.57043
21.373213,508.53265
21.386396,508.53265
21.40305,508.53265
21.42106,508.51813
21.435337,508.51813
21.454063,508.45087
21.468136,508.45087
21.488493,508.38232
21.504227,508.38232
21.518911,508.38232
21.538368,508.20197
21.552496,508.20197
21.571232,508.1848
21.587072,508.1848
21.60294,508.1848
21.621502,507.82507
21.636509,507.82507
21.65525,507.90344
21.668568,507.90344
21.687593,507.72467
21.703299,507.72467
21.718307,507.72467
21.738285,507.7613
21.753134,507.7613
21.7712,507.49677
21.787317,507.49677
21.80457,507.30066
21.819212,507.30066
21.851734,506.72388
21.864193,506.72388
21.877256,506.72388
21.893867,507.34875
21.910654,507.34875
21.926588,507.1554
21.943161,507.1554
21.960897,507.1554
21.98007,507.16272
21.992344,507.16272
22.010973,507.9757
22.026419,507.9757
22.04408,508.0727
22.06089,508.0727
22.076519,508.0727
22.095003,508.2143
22.11038,508.2143
22.12562,508.62238
22.144213,508.62238
22.159962,508.62238
22.17832,508.68573
22.194195,508.68573
22.211185,508.51544
22.227205,508.51544
22.244751,508.45203
22.259867,508.45203
22.276207,508.45203
22.298191,508.71722
22.310951,508.71722
22.326502,508.43524
22.34474,508.43524
22.359388,508.43524
22.378231,508.36737
22.393063,508.36737
22.415648,508.46832
22.426985,508.46832
22.44484,508.52295
22.460827,508.52295
22.477766,508.52295
22.494713,509.19855
22.51985,509.19855
22.53139,509.00354
22.544857,509.00354
22.560867,509.00354
22.579676,509.1834
22.5941,509.1834
22.611013,509.25696
22.62771,509.25696
22.64459,508.0545
22.663025,508.0545
22.678595,508.0545
22.695887,508.04578
22.71274,508.04578
22.72906,508.2032
22.745716,508.2032
22.761835,508.2032
22.78017,508.2303
22.79553,508.2303
22.812294,508.6928
22.829128,508.6928
22.844994,508.74908
22.862738,508.74908
22.877882,508.74908
22.898077,508.4834
22.911757,508.4834
22.929655,508.38684
22.94514,508.38684
22.96318,508.38684
22.97933,508.60974
22.993902,508.60974
23.01301,508.14185
23.029251,508.14185
23.045385,508.35272
23.061989,508.35272
23.079111,508.35272
23.095596,508.4032
23.111639,508.4032
23.127054,508.11523
23.144857,508.11523
23.160463,508.11523
23.179098,507.64386
23.19588,507.64386
23.212473,506.78412
23.226587,506.78412
23.244741,507.0304
23.262436,507.0304
23.277645,507.0304
23.295668,507.2282
23.311836,507.2282
23.32752,507.18646
23.344292,507.18646
23.363058,507.18646
23.382992,508.15363
23.395359,508.15363
23.41286,508.38635
23.428455,508.38635
23.445082,507.4317
23.46355,507.4317
23.478008,507.4317
23.49715,507.37994
23.511185,507.37994
23.53287,507.47205
23.544939,507.47205
23.559958,507.47205
23.580095,507.57715
23.595087,507.57715
23.612732,507.3344
23.628012,507.3344
23.645128,507.32703
23.661966,507.32703
23.678186,507.32703
23.69645,506.73273
23.71231,506.73273
23.733282,506.8026
23.74572,506.8026
23.760845,506.8026
23.780012,507.12457
23.794838,507.12457
23.812607,506.93378
23.82785,506.93378
23.84459,507.98425
23.861805,507.98425
23.880672,507.98425
23.8981,508.47748
23.91186,508.47748
23.929007,509.83276
23.94422,509.83276
23.963905,509.83276
23.979403,510.09216
23.994463,510.09216
24.011969,510.58667
24.027405,510.58667
24.043913,511.2697
24.061272,511.2697
24.077293,511.2697
24.096916,512.3023
24.111513,512.3023
24.132002,513.0605
24.144669,513.0605
24.16358,515.0854
24.17971,515.0854
24.194046,515.0854
24.213942,515.3549
24.228613,515.3549
24.244627,515.5742
24.262932,515.5742
24.277063,515.5742
24.296236,517.5473
24.311838,517.5473
24.329073,517.88135
24.34399,517.88135
24.361391,517.88135
24.380629,519.71204
24.394646,519.71204
24.411848,521.4187
24.426891,521.4187
24.445644,522.8404
24.462267,522.8404
24.477806,522.8404
24.496943,523.33124
24.511623,523.33124
24.528551,525.2243
24.544493,525.2243
24.562763,525.2243
24.579893,525.0847
24.593119,525.0847
24.612045,527.00946
24.627949,527.00946
24.644289,528.48724
24.662428,528.48724
24.67826,528.48724
24.695477,529.3544
24.712097,529.3544
24.732874,530.1479
24.745775,530.1479
24.761705,530.1479
24.783009,531.1389
24.796995,531.1389
24.812544,531.1372
24.827682,531.1372
24.844364,532.6197
24.861225,532.6197
24.87744,532.6197
24.898052,533.8095
24.910332,533.8095
24.929247,534.6429
24.944334,534.6429
24.961922,534.6429
24.979227,535.57336
24.994432,535.57336
25.013557,537.6027
25.028933,537.6027
25.048826,537.6518
25.062408,537.6518
25.077549,537.6518
25.097084,539.1356
25.110342,539.1356
25.132885,541.2961
25.14413,541.2961
25.160757,541.2961
25.179216,541.27686
25.20576,541.27686
25.217113,542.6676
25.230614,542.6676
25.251019,544.1687
25.264711,544.1687
25.280664,544.1687
25.298288,544.82086
25.314856,544.82086
25.331383,544.709
25.347397,544.709
25.36469,546.6928
25.381905,546.6928
25.397573,546.6928
25.417242,546.9151
25.43045,546.9151
25.448786,547.32495
25.46533,547.32495
25.480074,547.32495
25.499172,547.46375
25.513191,547.46375
25.52995,547.127
25.547174,547.127
25.564777,547.12305
25.5818,547.12305
25.596876,547.12305
25.615294,547.9379
25.6304,547.9379
25.647717,549.3554
25.664955,549.3554
25.679243,549.3554
25.698824,549.0954
25.71319,549.0954
25.731508,549.7613
25.746552,549.7613
25.764952,550.1953
25.786627,550.1953
25.797401,550.1953
25.816324,550.4467
25.830393,550.4467
25.85173,551.8164
25.864271,551.8164
25.880177,551.8164
25.89885,551.8841
25.914375,551.8841
25.931164,552.269
25.946327,552.269
25.964382,553.3333
25.981453,553.3333
25.99686,553.3333
26.013887,554.4056
26.029692,554.4056
26.048813,554.6
26.064054,554.6
26.082043,554.6
26.098808,554.97
26.112738,554.97
26.131819,555.9288
26.146719,555.9288
26.164938,556.03845
26.180489,556.03845
26.19762,556.03845
26.215992,555.68195
26.231623,555.68195
26.250038,554.9619
26.264057,554.9619
26.279676,554.9619
26.298788,554.8486
26.312931,554.8486
26.330894,555.5773
26.346863,555.5773
26.36483,556.1024
26.382236,556.1024
26.397646,556.1024
26.415926,556.0729
26.431282,556.0729
26.447897,556.66144
26.463518,556.66144
26.479818,556.66144
26.498945,556.8471
26.514256,556.8471
26.532452,556.8957
26.547482,556.8957
26.564363,556.8201
26.58222,556.8201
26.597094,556.8201
26.615427,556.70447
26.630615,556.70447
26.65222,556.8146
26.66448,556.8146
26.680664,556.8146
26.699102,556.92145
26.714926,556.92145
26.732798,556.456
26.746195,556.456
26.764967,556.6625
26.782291,556.6625
26.79611,556.6625
26.816088,556.7929
26.830263,556.7929
26.847824,557.00635
26.866508,557.00635
26.88115,557.00635
26.900097,556.89795
26.91363,556.89795
26.931673,556.6871
26.946394,556.6871
26.965275,554.8281
26.98172,554.8281
26.997786,554.8281
27.014486,554.8562
27.03081,554.8562
27.046503,555.3778
27.06473,555.3778
27.080143,555.3778
27.098665,553.7623
27.113874,553.7623
27.133234,554.0457
27.146954,554.0457
27.166014,554.3101
27.18193,554.3101
27.19778,554.3101
27.214872,553.3251
27.230873,553.3251
27.248466,552.8589
27.263872,552.8589
27.280312,552.8589
27.299072,552.29486
27.315254,552.29486
27.33419,552.29486
27.347599,552.29486
27.364164,552.72955
27.380777,552.72955
27.398458,552.72955
27.416977,552.4236
27.430853,552.4236
27.44796,551.48785
27.464125,551.48785
27.480257,551.48785
27.498285,551.046
27.512949,551.046
27.5316,550.37836
27.547626,550.37836
27.564138,550.35345
27.5823,550.35345
27.59672,550.35345
27.61376,550.18506
27.631123,550.18506
27.64875,549.3873
27.663616,549.3873
27.680513,549.3873
27.698887,547.8567
27.71409,547.8567
27.733192,547.2755
27.748598,547.2755
27.7648,547.02246
27.782543,547.02246
27.797651,547.02246
27.815178,546.75
27.831043,546.75
27.848053,546.4226
27.864119,546.4226
27.87983,546.4226
27.899328,546.24915
27.91349,546.24915
27.933462,546.39703
27.948503,546.39703
27.966885,546.39703
27.982203,546.31384
28.000856,546.31384
28.015394,546.4324
28.030767,546.4324
28.047228,546.82654
28.06473,546.82654
28.08086,546.82654
28.096779,546.76587
28.112793,546.76587
28.130617,546.64526
28.146759,546.64526
28.16298,546.64526
28.181957,546.15594
28.21957,545.6295
28.235437,545.6295
28.251686,546.11725
28.2621,546.11725
28.278574,546.11725
28.297802,545.73016
28.31276,545.73016
28.330719,546.05347
28.345304,546.05347
28.362123,546.05347
28.379343,546.0197
28.395725,546.0197
28.413477,544.7292
28.429432,544.7292
28.446371,543.75323
28.463497,543.75323
28.478842,543.75323
28.49682,543.34216
28.512579,543.34216
28.529705,543.3545
28.545801,543.3545
28.56404,542.1177
28.580194,542.1177
28.595913,542.1177
28.613838,542.11365
28.629688,542.11365
28.644726,540.76733
28.66362,540.76733
28.678825,540.76733
28.697985,541.10724
28.712727,541.10724
28.732891,541.57666
28.745487,541.57666
28.762655,541.57666
28.780212,541.7283
28.79664,541.7283
28.814568,541.8094
28.829437,541.8094
28.845032,541.67896
28.864054,541.67896
28.879475,541.67896
28.898153,541.2086
28.91344,541.2086
28.93061,541.2086
28.945223,541.2086
28.962507,541.2086
28.980152,541.099
28.995195,541.099
29.015497,540.6263
29.029041,540.6263
29.04529,540.5298
29.062706,540.5298
29.079023,540.5298
29.097807,540.8185
29.112455,540.8185
29.130095,541.1184
29.145359,541.1184
29.161549,541.1184
29.180557,541.49316
29.1956,541.49316
29.214653,540.6473
29.229488,540.6473
29.24571,540.5896
29.263062,540.5896
29.278912,540.5896
29.296886,540.9327
29.312326,540.9327
29.330366,541.2421
29.34562,541.2421
29.362755,541.2421
29.380926,540.58124
29.395489,540.58124
29.413483,540.5455
29.429214,540.5455
29.4473,539.9644
29.463757,539.9644
29.479013,539.9644
29.497465,539.96796
29.512678,539.96796
29.530632,540.2124
29.544558,540.2124
29.563646,540.2124
29.57952,540.1473
29.595684,540.1473
29.616169,540.83826
29.628145,540.83826
29.645563,540.99335
29.663149,540.99335
29.679186,540.99335
29.696486,540.5398
29.711191,540.5398
29.730276,540.5296
29.747192,540.5296
29.762194,540.5296
29.781446,540.92413
29.797256,540.92413
29.813177,539.7729
29.827934,539.7729
29.845762,539.23285
29.863659,539.23285
29.879667,539.23285
29.89768,538.5723
29.912619,538.5723
29.930351,536.5888
29.945864,536.5888
29.963896,534.53015
29.980957,534.53015
29.995216,534.53015
30.013948,532.54395
30.028023,532.54395
30.045912,531.3045
30.063656,531.3045
30.07876,531.3045
30.09675,531.2857
30.112047,531.2857
30.129686,529.9088
30.145407,529.9088
30.162258,529.9088
30.180157,528.2716
30.196651,528.2716
30.213385,527.3959
30.228806,527.3959
30.246798,526.36975
30.264084,526.36975
30.278534,526.36975
30.297564,525.0122
30.313343,525.0122
30.33099,524.6815
30.345333,524.6815
30.362906,524.6815
30.380287,524.2918
30.396908,524.2918
30.413715,523.3812
30.428806,523.3812
30.446531,523.0788
30.464447,523.0788
30.480246,523.0788
30.497229,522.3
30.512472,522.3
30.531023,521.82745
30.54598,521.82745
30.563608,521.82745
30.58133,521.5445
30.596594,521.5445
30.614151,520.9685
30.629541,520.9685
30.645332,521.3141
30.662952,521.3141
30.678658,521.3141
30.69888,520.9513
30.712399,520.9513
30.73245,519.0714
30.74638,519.0714
30.762596,519.0714
30.781473,517.1592
30.796272,517.1592
30.814693,517.5738
30.830416,517.5738
30.848137,517.2541
30.862165,517.2541
30.87996,517.2541
30.897007,517.86505
30.912127,517.86505
30.929272,517.2174
30.946144,517.2174
30.964119,516.194
30.980389,516.194
30.99597,516.194
31.014063,516.4207
31.029768,516.4207
31.046507,516.36676
31.063253,516.36676
31.078243,516.36676
31.097637,515.2191
31.11218,515.2191
31.130053,515.2679
31.146051,515.2679
31.16371,514.7993
31.179874,514.7993
31.195557,514.7993
31.214302,514.4922
31.229221,514.4922
31.246399,513.8933
31.264517,513.8933
31.279177,513.8933
31.300047,513.2058
31.313343,513.2058
31.330597,513.39087
31.345764,513.39087
31.36414,512.7059
31.37985,512.7059
31.395006,512.7059
31.413967,512.66223
31.429573,512.66223
31.446213,512.56384
31.465322,512.56384
31.478773,512.56384
31.496092,512.00684
31.513348,512.00684
31.529072,512.7028
31.545261,512.7028
31.564838,513.0284
31.579813,513.0284
31.597383,513.0284
31.614765,511.98663
31.628563,511.98663
31.64558,512.1126
31.663048,512.1126
31.679346,512.1126
31.698395,511.95947
31.713018,511.95947
31.729069,511.6081
31.74583,511.6081
31.763245,511.6081
31.783535,511.23077
31.7957,511.23077
31.815212,511.01416
31.829605,511.01416
31.84808,511.5874
31.863443,511.5874
31.879696,511.5874
31.897854,511.87726
31.912878,511.87726
31.930803,511.65558
31.945602,511.65558
31.962963,511.65558
31.98165,511.69708
31.99643,511.69708
32.013584,511.53125
32.029522,511.53125
32.047977,511.2583
32.062458,511.2583
32.07882,511.2583
32.09746,510.8725
32.111935,510.8725
32.130627,511.3322
32.144756,511.3322
32.1625,511.3322
32.180664,510.21655
32.197212,510.21655
32.21388,510.11322
32.230057,510.11322
32.245853,509.97626
32.263653,509.97626
32.280346,509.97626
32.300804,509.09027
32.312412,509.09027
32.333797,509.07098
32.345203,509.07098
32.363804,508.0617
32.379818,508.0617
32.39533,508.0617
32.414032,508.36127
32.42809,508.36127
32.446632,508.44446
32.46328,508.44446
32.479866,508.44446
32.497364,507.8775
32.512577,507.8775
32.534374,508.14764
32.546055,508.14764
32.564415,508.6194
32.580708,508.6194
32.594814,508.6194
32.614216,509.01746
32.629887,509.01746
32.645107,508.63934
32.66489,508.63934
32.678814,508.63934
32.69844,508.17548
32.712772,508.17548
32.733673,508.90356
32.745163,508.90356
32.76469,508.91614
32.781574,508.91614
32.796158,508.91614
32.814426,508.7541
32.8291,508.7541
32.846058,508.8105
32.863895,508.8105
32.880104,508.8105
32.8976,508.88464
32.918507,508.88464
32.930935,508.95807
32.945545,508.95807
32.9645,508.95288
32.980103,508.95288
32.996006,508.95288
33.01431,508.628
33.029743,508.628
33.046608,508.7917
33.064365,508.7917
33.079388,508.7917
33.096577,508.74567
33.112213,508.74567
33.12972,508.6197
33.145046,508.6197
33.16499,508.52808
33.181236,508.52808
33.195522,508.52808
33.214348,508.47986
33.230614,508.47986
33.24775,508.54382
33.262516,508.54382
33.279743,508.54382
33.2979,509.02032
33.3132,509.02032
33.333824,508.95917
33.345787,508.95917
33.364407,509.36456
33.38065,509.36456
33.39591,509.36456
33.41631,509.26666
33.429306,509.26666
33.44837,509.1142
33.463467,509.1142
33.479485,509.1142
33.498646,508.88513
33.513134,508.88513
33.535786,508.94934
33.546425,508.94934
33.564495,509.27875
33.57983,509.27875
33.595478,509.27875
33.61462,509.09003
33.630165,509.09003
33.651527,509.34784
33.66307,509.34784
33.679,509.34784
33.696423,508.66028
33.71183,508.66028
33.73164,508.852
33.745014,508.852
33.763306,508.852
33.780727,509.10883
33.795834,509.10883
33.813934,509.4126
33.83025,509.4126
33.848198,509.06824
33.864803,509.06824
33.88079,509.06824
33.89762,508.9276
33.913143,508.9276
33.930656,509.25244
33.94582,509.25244
33.962887,509.25244
33.980633,509.31818
33.996426,509.31818
34.012917,509.18866
34.02996,509.18866
34.04707,509.0
34.063744,509.0
34.079487,509.0
34.09835,508.96375
34.1125,508.96375
34.13033,508.82715
34.14682,508.82715
34.165936,509.1906
34.179333,509.1906
34.195827,509.1906
34.21334,509.04108
34.229637,509.04108
34.248413,508.78424
34.262615,508.78424
34.278484,508.78424
34.29746,509.13654
34.31249,509.13654
34.33417,509.13678
34.345146,509.13678
34.36236,509.13678
34.380817,509.13678
34.394966,509.13678
34.415066,509.2962
34.429207,509.2962
34.449154,509.2962
34.464108,509.2962
34.47931,509.2962
34.498318,509.38385
34.512234,509.38385
34.529015,509.52612
34.54538,509.52612
34.56276,509.52612
34.580917,509.20917
34.595463,509.20917
34.61432,509.47076
34.629955,509.47076
34.645367,509.51642
34.664097,509.51642
34.680393,509.51642
34.69806,509.55182
34.71223,509.55182
34.73048,509.89075
34.745125,509.89075
34.76442,509.88397
34.781307,509.88397
34.79736,509.88397
34.813766,509.735
34.829353,509.735
34.845985,509.735
34.863743,509.735
34.879707,509.735
34.898163,509.54773
34.912464,509.54773
34.930645,509.50354
34.9456,509.50354
34.964066,509.76947
34.981537,509.76947
34.995518,509.76947
35.01418,509.30847
35.02945,509.30847
35.04661,509.4771
35.063225,509.4771
35.079086,509.4771
35.098267,509.56787
35.112366,509.56787
35.13293,510.83716
35.145367,510.83716
35.16462,510.6164
35.181404,510.6164
35.19665,510.6164
35.21615,511.1126
35.23086,511.1126
35.25027,510.9408
35.262905,510.9408
35.279125,510.9408
35.299553,511.1767
35.312954,511.1767
35.330353,511.18396
35.347313,511.18396
35.363903,511.7633
35.38052,511.7633
35.395985,511.7633
35.416435,512.38983
35.429592,512.38983
35.446598,512.04333
35.46455,512.04333
35.4795,512.04333
35.49751,512.0033
35.512623,512.0033
35.53546,511.35333
35.54715,511.35333
35.564423,511.35333
35.580177,511.35333
35.596436,511.35333
35.614223,511.74915
35.629616,511.74915
35.64739,511.76318
35.66309,511.76318
35.67973,511.76318
35.69766,511.66895
35.71228,511.66895
35.73065,512.46
35.745758,512.46
35.762947,512.46
35.78507,512.9938
35.795506,512.9938
35.812706,513.10126
35.82956,513.10126
35.8478,514.28436
35.86379,514.28436
35.879436,514.28436
35.89762,515.35583
35.912838,515.35583
35.93052,516.518
35.945946,516.518
35.96233,516.518
35.980133,517.49677
35.997185,517.49677
36.016975,517.9399
36.02908,517.9399
36.04777,518.95667
36.06365,518.95667
36.079166,518.95667
36.097736,520.6615
36.11253,520.6615
36.13006,521.4572
36.145245,521.4572
36.16449,523.00977
36.18134,523.00977
36.19567,523.00977
36.214474,524.0473
36.22982,524.0473
36.247566,524.79236
36.264164,524.79236
36.28061,524.79236
36.297775,525.802
36.31268,525.802
36.333473,525.77374
36.34695,525.77374
36.364384,526.7211
36.37951,526.7211
36.397003,526.7211
36.416687,527.4373
36.430115,527.4373
36.445984,528.57465
36.46328,528.57465
36.479374,528.57465
36.49829,529.42676
36.511875,529.42676
36.53584,530.30493
36.546696,530.30493
36.56422,530.6279
36.5812,530.6279
36.59693,530.6279
36.614445,532.1632
36.62966,532.1632
36.65121,531.2875
36.66249,531.2875
36.67944,531.2875
36.699802,532.9638
36.712605,532.9638
36.730843,533.5236
36.74641,533.5236
36.76545,535.5848
36.78095,535.5848
36.79569,535.5848
36.814404,535.8962
36.82981,535.8962
36.84809,536.7845
36.863503,536.7845
36.880054,536.7845
36.89874,537.6305
36.913326,537.6305
36.93217,537.5068
36.946278,537.5068
36.96397,537.8981
36.979794,537.8981
36.995293,537.8981
37.01566,537.9902
37.03086,537.9902
37.04608,538.9156
37.064354,538.9156
37.079674,538.9156
37.096924,539.55304
37.11349,539.55304
37.130085,540.5101
37.14534,540.5101
37.164803,540.7024
37.180363,540.7024
37.19655,540.7024
37.214523,541.60065
37.229805,541.60065
37.245296,542.9967
37.2645,542.9967
37.278404,542.9967
37.302,543.4238
37.312405,543.4238
37.330597,544.8525
37.346264,544.8525
37.36263,544.8525
37.380955,544.6677
37.395245,544.6677
37.41303,546.2565
37.429672,546.2565
37.446457,546.17206
37.46429,546.17206
37.479416,546.17206
37.49864,548.2095
37.512142,548.2095
37.5306,547.8935
37.550087,547.8935
37.56414,549.5304
37.581726,549.5304
37.597744,549.5304
37.614174,549.3645
37.629898,549.3645
37.6472,549.80536
37.66331,549.80536
37.680714,549.80536
37.698486,551.5114
37.711864,551.5114
37.72993,551.34515
37.745033,551.34515
37.764687,551.9938
37.780697,551.9938
37.795563,551.9938
37.813267,552.09033
37.829655,552.09033
37.846012,551.86896
37.864548,551.86896
37.879402,551.86896
37.896736,551.95514
37.911606,551.95514
37.93414,552.34644
37.94656,552.34644
37.964718,552.59735
37.981964,552.59735
37.996655,552.59735
38.014435,553.11145
38.03015,553.11145
38.047794,552.78094
38.061745,552.78094
38.081,552.78094
38.09796,552.90356
38.113094,552.90356
38.131615,552.9743
38.14572,552.9743
38.16531,552.7531
38.181046,552.7531
38.19698,552.7531
38.21522,552.7531
38.233162,552.7531
38.247402,552.869
38.26738,552.869
38.280403,552.869
38.297512,553.50635
38.314327,553.50635
38.331356,553.3604
38.34706,553.3604
38.36294,553.3604
38.380486,552.9619
38.396305,552.9619
38.414803,553.2613
38.430386,553.2613
38.44738,553.10095
38.46404,553.10095
38.47917,553.10095
38.497334,553.65607
38.513336,553.65607
38.531013,553.6146
38.54513,553.6146
38.56453,553.69354
38.580067,553.69354
38.597275,553.69354
38.6147,553.54456
38.62896,553.54456
38.646927,553.2751
38.662678,553.2751
38.68023,553.2751
38.69862,553.2751
38.712975,553.2751
38.731003,553.54315
38.74688,553.54315
38.76493,553.5407
38.781647,553.5407
38.798843,553.5407
38.815228,553.6355
38.830254,553.6355
38.84953,553.6334
38.864433,553.6334
38.87986,553.6334
38.897682,554.01996
38.91367,554.01996
38.930912,553.7204
38.945534,553.7204
38.963158,553.7204
38.979427,552.99054
38.995815,552.99054
39.01491,553.08185
39.02977,553.08185
39.04833,553.43085
39.06282,553.43085
39.078537,553.43085
39.098488,553.43085
39.11287,553.43085
39.131462,553.3543
39.146015,553.3543
39.164024,553.4482
39.18052,553.4482
39.196114,553.4482
39.21371,553.0891
39.23033,553.0891
39.24793,553.3819
39.263313,553.3819
39.28026,553.3819
39.29779,553.4411
39.31329,553.4411
39.331272,553.14575
39.34712,553.14575
39.36374,552.85297
39.38078,552.85297
39.396687,552.85297
39.414867,551.92
39.430496,551.92
39.44798,551.6309
39.463573,551.6309
39.479233,551.6309
39.49834,551.6083
39.512714,551.6083
39.530907,551.8785
39.545525,551.8785
39.56403,551.8408
39.58178,551.8408
39.596497,551.8408
39.613476,551.14105
39.629738,551.14105
39.64589,551.0099
39.6638,551.0099
39.679886,551.0099
39.69786,550.5296
39.71297,550.5296
39.731483,550.20703
39.746967,550.20703
39.76488,550.8547
39.779903,550.8547
39.79587,550.8547
39.813778,550.6179
39.828842,550.6179
39.84625,550.6124
39.864193,550.6124
39.879658,550.6124
39.897842,551.39526
39.912693,551.39526
39.930996,550.19635
39.946007,550.19635
39.963963,550.19635
39.981846,550.3929
39.996586,550.3929
40.01385,549.88544
40.03025,549.88544
40.04673,549.85803
40.063873,549.85803
40.081024,549.85803
40.09883,550.0
40.1129,550.0
40.131218,550.0
40.146484,550.0
40.16438,549.51807
40.17982,549.51807
40.19646,549.51807
40.217606,549.73114
40.23084,549.73114
40.24516,549.90295
40.264297,549.90295
40.27995,549.90295
40.29804,550.0758
40.313477,550.0758
40.334602,549.9847
40.347046,549.9847
40.36407,549.5271
40.381435,549.5271
40.396523,549.5271
40.415173,549.0462
40.42899,549.0462
40.446037,549.2128
40.4641,549.2128
40.481052,549.2128
40.49748,549.6405
40.51288,549.6405
40.531086,549.4141
40.546207,549.4141
40.564293,548.91
40.580883,548.91
40.595947,548.91
40.614056,549.25476
40.630417,549.25476
40.64796,549.6667
40.66321,549.6667
40.67903,549.6667
40.698277,549.38855
40.7137,549.38855
40.730175,549.17145
40.74724,549.17145
40.765083,548.7038
40.78129,548.7038
40.79756,548.7038
40.814938,549.1229
40.829937,549.1229
40.847748,549.227
40.86306,549.227
40.880516,549.227
40.89789,548.9486
40.91262,548.9486
40.930855,548.8674
40.94641,548.8674
40.965267,549.034
40.980568,549.034
40.996376,549.034
41.01456,548.35254
41.028942,548.35254
41.0474,548.0625
41.062717,548.0625
41.07928,548.0625
41.098965,547.91724
41.11236,547.91724
41.132557,548.48505
41.146446,548.48505
41.16417,548.26404
41.18011,548.26404
41.197308,548.26404
41.213272,548.0467
41.229286,548.0467
41.245304,547.8412
41.26559,547.8412
41.27906,547.8412
41.30076,547.4161
41.312397,547.4161
41.3347,547.0383
41.34639,547.0383
41.36455,546.6545
41.380737,546.6545
41.39649,546.6545
41.414978,546.86456
41.42974,546.86456
41.446686,547.0528
41.466866,547.0528
41.479267,547.0528
41.498623,547.0895
41.513058,547.0895
41.533596,547.7148
41.54554,547.7148
41.564854,547.78595
41.58157,547.78595
41.59606,547.78595
41.614826,547.6127
41.630028,547.6127
41.64629,547.6064
41.663364,547.6064
41.678646,547.6064
41.69815,547.03156
41.712795,547.03156
41.730038,546.7862
41.74667,546.7862
41.763985,546.8521
41.78099,546.8521
41.797398,546.8521
41.816605,545.89124
41.83164,545.89124
41.847992,545.2685
41.862625,545.2685
41.88042,545.2685
41.89827,544.74097
41.913326,544.74097
41.930244,543.0061
41.946087,543.0061
41.964466,543.03204
41.980907,543.03204
41.99592,543.03204
42.01438,543.39746
42.030403,543.39746
42.049957,543.1146
42.06452,543.1146
42.080067,543.1146
42.097073,541.2445
42.113884,541.2445
42.132107,539.9938
42.14893,539.9938
42.163235,539.9938
42.182007,540.07526
42.19707,540.07526
42.21649,539.7586
42.22986,539.7586
42.246357,538.7929
42.26584,538.7929
42.279453,538.7929
42.29858,538.09314
42.313633,538.09314
42.33261,537.03204
42.346897,537.03204
42.365288,536.853
42.38096,536.853
42.39612,536.853
42.416767,534.61487
42.43072,534.61487
42.44866,533.6345
42.464764,533.6345
42.48003,533.6345
42.498383,532.2465
42.51403,532.2465
42.532238,532.0538
42.54602,532.0538
42.563206,532.0538
42.58018,531.4774
42.597424,531.4774
42.61462,530.78314
42.62838,530.78314
42.646282,530.45667
42.66486,530.45667
42.67973,530.45667
42.699055,530.2453
42.713387,530.2453
42.731567,529.1625
42.74754,529.1625
42.765205,529.41034
42.7822,529.41034
42.797726,529.41034
42.814316,526.6217
42.829346,526.6217
42.847908,526.3036
42.86259,526.3036
42.87921,526.3036
42.898006,525.07434
42.91341,525.07434
42.931713,525.2557
42.94658,525.2557
42.964855,524.5589
42.981293,524.5589
42.996994,524.5589
43.015972,524.1656
43.030506,524.1656
43.047195,523.42944
43.06506,523.42944
43.08005,523.42944
43.096596,522.3199
43.111946,522.3199
43.131775,521.659
43.14711,521.659
43.165276,521.66235
43.180923,521.66235
43.196392,521.66235
43.214947,520.53375
43.230217,520.53375
43.248386,519.65643
43.263577,519.65643
43.279705,519.65643
43.297966,518.34283
43.313396,518.34283
43.33374,518.63605
43.346424,518.63605
43.363987,519.1763
43.381256,519.1763
43.396362,519.1763
43.415424,518.5135
43.429913,518.5135
43.449047,519.0272
43.465885,519.0272
43.479477,519.0272
43.49746,518.1246
43.512978,518.1246
43.53128,518.2543
43.54634,518.2543
43.563164,518.2543
43.580524,517.701
43.595844,517.701
43.614613,517.7282
43.62906,517.7282
43.64592,516.01605
43.66413,516.01605
43.68023,516.01605
43.698486,515.2123
43.714558,515.2123
43.72994,515.0521
43.74753,515.0521
43.764034,515.05615
43.77933,515.05615
43.797146,515.05615
43.81471,514.86505
43.829586,514.86505
43.848057,514.3947
43.863903,514.3947
43.880543,514.3947
43.898144,514.42523
43.9136,514.42523
43.931973,512.805
43.947617,512.805
43.96589,512.1449
43.981045,512.1449
43.997574,512.1449
44.01577,512.0245
44.029716,512.0245
44.051384,512.32294
44.064095,512.32294
44.078926,512.32294
44.098366,512.2482
44.113586,512.2482
44.130608,512.0897
44.146473,512.0897
44.164852,510.86334
44.18143,510.86334
44.196697,510.86334
44.216568,510.49042
44.230972,510.49042
44.24953,510.8261
44.264084,510.8261
44.279453,510.8261
44.298424,510.49835
44.31348,510.49835
44.33144,510.55554
44.346165,510.55554
44.364113,510.13312
44.380695,510.13312
44.396603,510.13312
44.415012,509.80566
44.430023,509.80566
44.448715,509.2292
44.463287,509.2292
44.480896,509.2292
44.496998,509.05646
44.512886,509.05646
44.53077,508.84406
44.54639,508.84406
44.563385,508.84406
44.58189,508.2096
44.597836,508.2096
44.615135,508.22076
44.62971,508.22076
44.646385,507.64233
44.663765,507.64233
44.680172,507.64233
44.69743,507.6725
44.712982,507.6725
44.73508,506.2019
44.745556,506.2019
44.764057,506.4721
44.781483,506.4721
44.79586,506.4721
44.814793,506.85425
44.829903,506.85425
44.84855,506.81268
44.862576,506.81268
44.878876,506.81268
44.898823,507.1007
44.913757,507.1007
44.93029,507.09088
44.946705,507.09088
44.963135,507.09088
44.98171,506.48407
44.997303,506.48407
45.01721,505.6869
45.030968,505.6869
45.04748,505.83936
45.062767,505.83936
45.07967,505.83936
45.09876,505.83936
45.113968,505.83936
45.13042,505.82355
45.146828,505.82355
45.162674,505.82355
45.180546,505.64484
45.19662,505.64484
45.215504,506.18768
45.23045,506.18768
45.249104,506.09406
45.26362,506.09406
45.280117,506.09406
45.2992,506.26367
45.313362,506.26367
45.33251,506.06897
45.34601,506.06897
45.363922,505.84436
45.382042,505.84436
45.39786,505.84436
45.417046,505.75897
45.431164,505.75897
45.448547,505.6129
45.464542,505.6129
45.48141,505.6129
45.498417,505.59015
45.512333,505.59015
45.53147,507.0736
45.547142,507.0736
45.564156,507.02704
45.581306,507.02704
45.59622,507.02704
45.615005,505.9079
45.630363,505.9079
45.651127,505.9079
45.663036,505.9079
45.680733,505.9079
45.698524,505.47858
45.71356,505.47858
45.734394,505.6792
45.74691,505.6792
45.764214,505.4392
45.781162,505.4392
45.79724,505.4392
45.815105,505.43433
45.82999,505.43433
45.849277,505.46008
45.86424,505.46008
45.880123,505.46008
45.89916,505.45367
45.913868,505.45367
45.934345,505.761
45.94601,505.761
45.964867,505.557
45.981075,505.557
45.996925,505.557
46.01402,506.14142
46.02973,506.14142
46.050747,506.9383
46.066303,506.9383
46.081387,506.9383
46.098015,507.443
46.113716,507.443
46.131504,507.25317
46.14808,507.25317
46.164936,506.89404
46.18257,506.89404
46.19708,506.89404
46.215405,507.03882
46.23069,507.03882
46.24895,506.31354
46.268673,506.31354
46.280437,506.31354
46.299305,506.89172
46.31406,506.89172
46.333588,506.6808
46.347023,506.6808
46.36402,506.93567
46.38155,506.93567
46.396004,506.93567
46.416004,507.1593
46.429802,507.1593
46.447525,507.1723
46.463913,507.1723
46.479637,507.1723
46.49958,507.29932
46.51276,507.29932
46.535553,507.2755
46.54667,507.2755
46.56402,507.12714
46.581303,507.12714
46.596104,507.12714
46.615242,506.89276
46.63083,506.89276
46.64834,506.83002
46.663334,506.83002
46.680542,506.83002
46.69845,506.83002
46.71304,506.83002
46.73146,506.8971
46.745693,506.8971
46.763515,506.9265
46.78169,506.9265
46.796585,506.9265
46.813354,507.00647
46.82956,507.00647
46.8476,506.945
46.862427,506.945
46.87988,506.945
46.897552,506.98663
46.9139,506.98663
46.93166,506.98663
46.94635,506.98663
46.962704,506.98663
46.980797,507.59937
46.996582,507.59937
47.015724,507.8581
47.030685,507.8581
47.051113,508.2072
47.06346,508.2072
47.07985,508.2072
47.09811,508.18604
47.114418,508.18604
47.13087,508.8676
47.146507,508.8676
47.163307,508.8676
47.181355,508.61456
47.196804,508.61456
47.215538,508.76355
47.231052,508.76355
47.24775,508.87543
47.263462,508.87543
47.280693,508.87543
47.29812,509.03632
47.313675,509.03632
47.332413,509.12787
47.346634,509.12787
47.363903,508.96582
47.38163,508.96582
47.397408,508.96582
47.416134,509.26776
47.430637,509.26776
47.446434,509.09088
47.4642,509.09088
47.479477,509.09088
47.49725,509.03906
47.513325,509.03906
47.530056,509.01648
47.546543,509.01648
47.56417,509.01648
47.580418,509.01648
47.596733,509.01648
47.61447,508.75488
47.629982,508.75488
47.649956,508.75488
47.663944,508.75488
47.6797,508.75488
47.698647,509.1031
47.71356,509.1031
47.730682,509.07825
47.746403,509.07825
47.763775,509.10413
47.78218,509.10413
47.796394,509.10413
47.815228,509.72784
47.830055,509.72784
47.848103,509.9513
47.863056,509.9513
47.879486,509.9513
47.89834,510.5287
47.912518,510.5287
47.931366,512.2426
47.947445,512.2426
47.96283,512.2426
47.982204,512.97656
47.99644,512.97656
48.014935,513.5217
48.02969,513.5217
48.051514,515.6889
48.06446,515.6889
48.080635,515.6889
48.09835,517.3275
48.113136,517.3275
48.130413,518.1645
48.146214,518.1645
48.165184,519.36084
48.18136,519.36084
48.19716,519.36084
48.214382,520.7316
48.229164,520.7316
48.248264,521.1619
48.263245,521.1619
48.2794,521.1619
48.298183,523.64526
48.315033,523.64526
48.33187,525.8482
48.347363,525.8482
48.362904,525.8482
48.38164,527.4385
48.3964,527.4385
48.415195,527.67017
48.43029,527.67017
48.448074,528.807
48.46449,528.807
48.480305,528.807
48.4993,531.418
48.51435,531.418
48.531765,533.3771
48.546967,533.3771
48.5644,534.41296
48.58183,534.41296
48.597828,534.41296
48.614662,535.6801
48.62953,535.6801
48.64868,536.769
48.66283,536.769
48.681335,536.769
48.697025,537.38696
48.712894,537.38696
48.731663,538.1873
48.74559,538.1873
48.7632,538.1873
48.781883,538.9094
48.795948,538.9094
48.813637,539.0836
48.830692,539.0836
48.850185,541.1331
48.865334,541.1331
48.88212,541.1331
48.897324,541.9773
48.913982,541.9773
48.932423,543.4227
48.94619,543.4227
48.962326,543.4227
48.981995,544.1905
48.99647,544.1905
49.01486,545.46857
49.029446,545.46857
49.053425,546.4871
49.06255,546.4871
49.08035,546.4871
49.097023,548.1579
49.11323,548.1579
49.131367,549.1458
49.14664,549.1458
49.16357,550.7329
49.181725,550.7329
49.1977,550.7329
49.215687,552.36084
49.2304,552.36084
49.24784,553.5648
49.263752,553.5648
49.28064,553.5648
49.29838,555.2117
49.31261,555.2117
49.334454,555.8416
49.346542,555.8416
49.363895,556.41327
49.38044,556.41327
49.397984,556.41327
49.416004,557.3365
49.430645,557.3365
49.44595,558.64636
49.46615,558.64636
49.47975,558.64636
49.49905,559.91125
49.51381,559.91125
49.531876,560.03644
49.54673,560.03644
49.564247,562.0909
49.581593,562.0909
49.603664,562.0909
49.615982,562.1356
49.630592,562.1356
49.647903,564.1536
49.664536,564.1536
49.680256,564.1536
49.698383,566.9604
49.713715,566.9604
49.732155,567.94446
49.74815,567.94446
49.764412,569.07056
49.781597,569.07056
49.79755,569.07056
49.815018,570.25836
49.830498,570.25836
49.851936,570.63824
49.86365,570.63824
49.880028,570.63824
49.898712,570.3797
49.91307,570.3797
49.93301,570.4842
49.946953,570.4842
49.96419,571.54346
49.981342,571.54346
49.99715,571.54346
50.015007,570.6451
50.02979,570.6451
50.046062,570.62427
50.064743,570.62427
50.07981,570.62427
50.099026,571.3462
50.11267,571.3462
50.13254,572.5857
50.14752,572.5857
50.164047,572.45105
50.18081,572.45105
50.196934,572.45105
50.21577,572.42816
50.230663,572.42816
50.248165,573.2704
50.263416,573.2704
50.28116,573.2704
50.29799,573.34766
50.31438,573.34766
50.33129,573.9682
50.346317,573.9682
50.364365,574.3257
50.382153,574.3257
50.396526,574.3257
50.41545,575.8739
50.430443,575.8739
50.446423,576.40533
50.464256,576.40533
50.479687,576.40533
50.497402,576.06396
50.51298,576.06396
50.53255,576.52905
50.546864,576.52905
50.565067,576.59875
50.581722,576.59875
50.597713,576.59875
50.61374,576.7407
50.63046,576.7407
50.651466,576.87915
50.663166,576.87915
50.68009,576.87915
50.69807,577.02515
50.713757,577.02515
50.735386,577.1534
50.747566,577.1534
50.76438,577.1887
50.78263,577.1887
50.795963,577.1887
50.81578,576.86957
50.82947,576.86957
50.847866,576.87537
50.863907,576.87537
50.880318,576.87537
50.8983,576.45715
50.914925,576.45715
50.9325,576.25464
50.94785,576.25464
50.965256,575.8076
50.981167,575.8076
50.996662,575.8076
51.014557,575.77576
51.02972,575.77576
51.047653,575.9846
51.06361,575.9846
51.08002,575.9846
51.098103,575.9166
51.114296,575.9166
51.130753,576.01575
51.147182,576.01575
51.164696,576.2379
51.180897,576.2379
51.197285,576.2379
51.215633,576.9915
51.23129,576.9915
51.249634,576.4912
51.264732,576.4912
51.281055,576.4912
51.298607,577.3611
51.313713,577.3611
51.33303,578.1485
51.346897,578.1485
51.363853,577.04047
51.38148,577.04047
51.396637,577.04047
51.41344,576.98535
51.429806,576.98535
51.44866,576.4646
51.464497,576.4646
51.479317,576.4646
51.498447,575.85034
51.51378,575.85034
51.531513,575.49854
51.546608,575.49854
51.56246,575.49854
51.58025,575.13586
51.59701,575.13586
51.615845,575.2258
51.63003,575.2258
51.647964,575.06976
51.664577,575.06976
51.68036,575.06976
51.699463,575.21716
51.713898,575.21716
51.731094,575.2545
51.746655,575.2545
51.76372,575.0901
51.78069,575.0901
51.797306,575.0901
51.815575,574.676
51.83042,574.676
51.848026,574.7587
51.863766,574.7587
51.88073,574.7587
51.898083,574.7771
51.913692,574.7771
51.932632,574.23126
51.94656,574.23126
51.964787,574.2057
51.981213,574.2057
51.99662,574.2057
52.013866,574.3453
52.031067,574.3453
52.049076,574.1987
52.064762,574.1987
52.080727,574.1987
52.098076,574.24414
52.113842,574.24414
52.135464,574.31213
52.146767,574.31213
52.163807,573.7915
52.18332,573.7915
52.196983,573.7915
52.215923,574.2588
52.23084,574.2588
52.254612,574.1087
52.266186,574.1087
52.279438,574.1087
52.298515,573.85583
52.313904,573.85583
52.33156,573.95746
52.347443,573.95746
52.36385,574.9722
52.381035,574.9722
52.39742,574.9722
52.415073,574.86755
52.430252,574.86755
52.447987,574.8197
52.464325,574.8197
52.479996,574.8197
52.49908,574.485
52.51338,574.485
52.531242,573.92834
52.54634,573.92834
52.565147,573.80554
52.58172,573.80554
52.597866,573.80554
52.6152,574.40485
52.63122,574.40485
52.648777,574.79486
52.66481,574.79486
52.679714,574.79486
52.698788,574.78094
52.71382,574.78094
52.731308,574.36646
52.747135,574.36646
52.76489,574.36646
52.78201,574.36646
52.796333,574.36646
52.81505,574.28485
52.830334,574.28485
52.84869,574.4613
52.862938,574.4613
52.879997,574.4613
52.898907,573.9461
52.913,573.9461
52.931755,574.4218
52.947033,574.4218
52.964592,574.0
52.98041,574.0
52.997066,574.0
53.016186,573.18835
53.029716,573.18835
53.047318,573.12103
53.063705,573.12103
53.080765,573.12103
53.097908,573.14197
53.114014,573.14197
53.13175,573.35443
53.147827,573.35443
53.173122,573.7279
53.185642,573.7279
53.19657,573.7279
53.21508,573.7549
53.23027,573.7549
53.246986,573.8
53.265266,573.8
53.28047,573.8
53.29867,573.6581
53.31443,573.6581
53.331642,573.73267
53.34708,573.73267
53.364796,573.6666
53.38232,573.6666
53.397755,573.6666
53.415695,573.6604
53.43049,573.6604
53.448517,573.7233
53.466488,573.7233
53.479805,573.7233
53.498436,573.58844
53.51405,573.58844
53.531925,572.7508
53.547066,572.7508
53.564323,572.8629
53.58091,572.8629
53.598557,572.8629
53.616917,573.4651
53.63194,573.4651
53.64804,573.6688
53.664772,573.6688
53.68029,573.6688
53.69905,573.1217
53.714638,573.1217
53.732204,573.25757
53.746716,573.25757
53.765285,572.9387
53.782078,572.9387
53.797413,572.9387
53.81593,573.3194
53.831116,573.3194
53.84984,572.37305
53.865307,572.37305
53.881523,572.37305
53.899796,572.3912
53.9152,572.3912
53.932056,571.4695
53.946507,571.4695
53.9645,569.78503
53.98087,569.78503
53.9978,569.78503
54.01595,569.0994
54.03059,569.0994
54.04893,567.50977
54.063072,567.50977
54.08119,567.50977
54.098213,567.0502
54.11991,567.0502
54.131462,565.45605
54.147102,565.45605
54.16513,563.2167
54.181816,563.2167
54.197315,563.2167
54.21705,562.7451
54.230392,562.7451
54.24771,561.4397
54.26455,561.4397
54.281296,561.4397
54.29943,561.4516
54.31328,561.4516
54.331524,560.1544
54.347836,560.1544
54.364353,558.6397
54.382565,558.6397
54.39634,558.6397
54.414646,556.78906
54.43,556.78906
54.44905,556.5376
54.464527,556.5376
54.480057,556.5376
54.498966,555.37933
54.51412,555.37933
54.530746,553.9586
54.547188,553.9586
54.564552,551.1434
54.581814,551.1434
54.60276,551.1434
54.61717,549.4784
54.63049,549.4784
54.648407,547.92444
54.663593,547.92444
54.68007,547.92444
54.699207,545.88965
54.713844,545.88965
54.73149,543.56537
54.74694,543.56537
54.764175,543.1493
54.782516,543.1493
54.79762,543.1493
54.815567,540.9266
54.82943,540.9266
54.847897,541.43146
54.863342,541.43146
54.88068,541.43146
54.897263,539.6877
54.913326,539.6877
54.932735,537.79224
54.94666,537.79224
54.964912,536.3914
54.981697,536.3914
54.9968,536.3914
55.016888,534.96484
55.030033,534.96484
55.04798,534.232
55.064507,534.232
55.08185,534.232
55.099243,533.49554
55.11332,533.49554
55.131924,532.21124
55.146896,532.21124
55.16469,531.2615
55.182327,531.2615
55.197422,531.2615
55.217705,530.2969
55.231045,530.2969
55.248463,529.15985
55.262695,529.15985
55.27991,529.15985
55.298782,527.5069
55.314404,527.5069
55.331665,526.7664
55.346977,526.7664
55.364483,526.5795
55.38191,526.5795
55.397846,526.5795
55.41797,524.1644
55.430344,524.1644
55.44817,521.77893
55.463314,521.77893
55.481407,521.77893
55.500153,519.93536
55.514217,519.93536
55.53314,516.9322
55.5478,516.9322
55.563847,515.6384
55.5816,515.6384
55.59638,515.6384
55.61454,513.43506
55.631718,513.43506
55.64823,511.5962
55.663883,511.5962
55.68054,511.5962
55.69763,510.50305
55.714813,510.50305
55.73174,510.11768
55.748707,510.11768
55.764996,507.9652
55.781467,507.9652
55.796646,507.9652
55.815365,507.43652
55.830677,507.43652
55.84828,505.44556
55.863506,505.44556
55.880486,505.44556
55.89925,504.22223
55.913685,504.22223
55.931118,502.46533
55.94692,502.46533
55.964813,502.76794
55.980503,502.76794
55.997623,502.76794
56.015987,501.47314
56.030678,501.47314
56.047703,502.0473
56.06477,502.0473
56.079742,502.0473
56.099197,501.26074
56.113834,501.26074
56.13218,501.26965
56.14796,501.26965
56.164295,501.73895
56.18082,501.73895
56.19667,501.73895
56.215675,501.65002
56.229733,501.65002
56.246864,501.8897
56.2648,501.8897
56.28103,501.8897
56.298096,500.9699
56.313663,500.9699
56.332794,501.45068
56.356213,501.45068
56.367493,500.917
56.38262,500.917
56.397694,500.917
56.417175,499.8014
56.43159,499.8014
56.449284,499.8817
56.4643,499.8817
56.48166,499.8817
56.499664,499.15436
56.51303,499.15436
56.53136,499.73425
56.54815,499.73425
56.56455,499.5238
56.581905,499.5238
56.597847,499.5238
56.616077,499.4345
56.631832,499.4345
56.648933,497.30878
56.664368,497.30878
56.680267,497.30878
56.69857,497.0912
56.714375,497.0912
56.735565,496.37994
56.747303,496.37994
56.765278,496.32983
56.781166,496.32983
56.7985,496.32983
56.815395,496.35736
56.830482,496.35736
56.847942,496.383
56.863674,496.383
56.880207,496.383
56.899208,496.67017
56.913692,496.67017
56.93168,496.76288
56.9481,496.76288
56.96492,496.70294
56.98322,496.70294
56.99709,496.70294
57.016315,497.5824
57.031235,497.5824
57.048344,496.82593
57.063885,496.82593
57.08164,496.82593
57.097286,497.07935
57.11375,497.07935
57.13269,497.39203
57.14671,497.39203
57.165184,496.77893
57.182102,496.77893
57.198334,496.77893
57.214455,495.68213
57.230503,495.68213
57.249302,495.1667
57.264545,495.1667
57.28052,495.1667
57.299557,495.8949
57.314278,495.8949
57.332558,496.09857
57.34807,496.09857
57.364838,495.20282
57.385017,495.20282
57.398144,495.20282
57.41713,495.8885
57.430782,495.8885
57.44875,495.1079
57.46491,495.1079
57.480724,495.1079
57.498775,494.912
57.514633,494.912
57.5351,495.30768
57.547176,495.30768
57.56446,495.27075
57.581062,495.27075
57.598064,495.27075
57.618572,495.38257
57.6315,495.38257
57.64881,495.22876
57.66442,495.22876
57.68019,495.22876
57.69937,495.06384
57.714542,495.06384
57.73405,495.51257
57.74818,495.51257
57.76418,496.8261
57.781094,496.8261
57.79789,496.8261
57.816036,495.90112
57.83099,495.90112
57.848587,495.89606
57.86486,495.89606
57.88076,495.89606
57.898544,495.779
57.913578,495.779
57.93281,495.1231
57.946793,495.1231
57.965424,494.87927
57.980408,494.87927
58.00416,494.87927
58.01715,495.51
58.03048,495.51
58.047665,495.31726
58.064236,495.31726
58.08131,495.31726
58.099533,495.2342
58.11368,495.2342
58.13217,495.2135
58.148064,495.2135
58.16574,495.3197
58.1817,495.3197
58.197258,495.3197
58.21621,495.29456
58.23144,495.29456
58.24863,495.9961
58.265472,495.9961
58.281498,495.9961
58.299385,496.18005
58.31377,496.18005
58.332428,496.38306
58.34714,496.38306
58.367153,496.4367
58.383537,496.4367
58.396824,496.4367
58.41492,496.276
58.430836,496.276
58.448734,497.08698
58.46449,497.08698
58.479774,497.08698
58.49961,496.71216
58.514057,496.71216
58.53194,496.72162
58.547607,496.72162
58.564133,496.86243
58.58288,496.86243
58.596798,496.86243
58.616062,496.8269
58.63152,496.8269
58.647896,496.206
58.665405,496.206
58.680172,496.206
58.699524,496.17432
58.715042,496.17432
58.734146,496.72186
58.749134,496.72186
58.765358,496.60333
58.78204,496.60333
58.79797,496.60333
58.814793,496.2483
58.831196,496.2483
58.851654,496.3227
58.865864,496.3227
58.881012,496.3227
58.898884,495.7279
58.914967,495.7279
58.93279,495.75714
58.947617,495.75714
58.96542,496.45074
58.982567,496.45074
58.997124,496.45074
59.01642,496.3042
59.030594,496.3042
59.047573,496.76044
59.064857,496.76044
59.082325,496.76044
59.098965,496.64075
59.113747,496.64075
59.132236,497.22223
59.146828,497.22223
59.165108,497.015
59.183186,497.015
59.198696,497.015
59.2158,497.18182
59.230022,497.18182
59.247936,497.083
59.26402,497.083
59.28066,497.083
59.299347,497.3885
59.314484,497.3885
59.333393,496.98523
59.34778,496.98523
59.365482,496.86694
59.382717,496.86694
59.398335,496.86694
59.41556,497.1015
59.430145,497.1015
59.44786,497.3346
59.468433,497.3346
59.481285,497.3346
59.499645,497.3938
59.51436,497.3938
59.531357,496.99286
59.5477,496.99286
59.568752,497.33698
59.581825,497.33698
59.597298,497.33698
59.61549,496.62543
59.630856,496.62543
59.649345,496.62543
59.663837,496.62543
59.681255,496.62543
59.698574,496.39374
59.714302,496.39374
59.731834,496.34497
59.74867,496.34497
59.764866,496.97424
59.781807,496.97424
59.798634,496.97424
59.816017,497.43127
59.830685,497.43127
59.848606,497.65582
59.864986,497.65582
59.88084,497.65582
59.897495,497.88696
59.91343,497.88696
59.93177,500.07526
59.94763,500.07526
59.965527,500.94403
59.982105,500.94403
59.99872,500.94403
60.0,500.94403
