0.12,467.43335
0.16,467.08295
0.2,467.08295
0.24146488,465.54773
0.25806394,464.6607
0.27325866,464.6607
0.2908692,464.12335
0.30472842,464.12335
0.3228871,464.12335
0.34056306,463.24414
0.35667852,463.24414
0.37499678,461.5504
0.38979444,461.5504
0.40595257,460.7702
0.4226637,460.7702
0.43961114,460.7702
0.45808837,457.3034
0.47289914,457.3034
0.49050936,457.39832
0.5058338,457.39832
0.52317184,457.39832
0.54068995,459.22272
0.5556596,459.22272
0.5743314,459.96832
0.5889715,459.96832
0.60633034,463.9181
0.62283176,463.9181
0.63944477,463.9181
0.6567259,463.9181
0.67621607,466.34283
0.69128245,467.50507
0.70687234,467.50507
0.7231414,467.50507
0.7392529,467.50507
0.7576172,467.92682
0.77368206,468.4934
0.7896952,468.4934
0.8072124,469.4643
0.8231478,469.4643
0.8403265,469.4643
0.8577812,472.4486
0.8721041,472.4486
0.89056367,472.4486
0.91147405,473.78406
0.922531,473.78406
0.94045097,477.4475
0.95637447,477.4475
0.97560346,480.3333
0.98972535,480.3333
1.0056713,480.33484
1.0232275,480.33484
1.038539,480.33484
1.0585694,483.40387
1.0719949,483.40387
1.0960805,484.67767
1.1100055,484.67767
1.1225475,484.67767
1.1408074,486.0766
1.1568409,486.0766
1.174565,486.87335
1.1892025,486.87335
1.2087816,487.8496
1.2226375,487.8496
1.2391512,487.8496
1.2573155,489.18408
1.273848,489.18408
1.296248,491.4478
1.3072708,491.4478
1.3221791,491.4478
1.3405764,492.22174
1.3565995,492.22174
1.3733015,494.99567
1.3889977,494.99567
1.4080768,495.86566
1.4239167,495.86566
1.4398577,495.86566
1.4582542,497.78058
1.4728615,497.78058
1.4914324,498.40887
1.5064676,498.40887
1.5233905,498.40887
1.5434184,501.1289
1.5570196,501.1289
1.5742342,503.52405
1.5889041,503.52405
1.6076577,505.54053
1.624687,505.54053
1.6401794,505.54053
1.6588265,508.28864
1.6723471,508.28864
1.6909406,508.46887
1.7053559,508.46887
1.7215173,508.46887
1.7408733,511.07806
1.7553728,511.07806
1.7728102,513.397
1.7900021,513.397
1.8060777,514.4954
1.8241022,514.4954
1.8391708,514.4954
1.858542,516.49756
1.8729632,516.49756
1.8910316,515.8714
1.9052467,515.8714
1.9238955,516.5279
1.9401357,516.5279
1.9550011,516.5279
1.9737127,516.5166
1.9891021,516.5166
2.006094,517.6829
2.0244052,517.6829
2.0391114,517.6829
2.0588932,518.0536
2.0721285,518.0536
2.090266,519.5408
2.1064527,519.5408
2.121495,519.5408
2.140535,521.2928
2.1560385,521.2928
2.1737428,521.28217
2.1892178,521.28217
2.205393,522.5411
2.2230055,522.5411
2.2383096,522.5411
2.257238,522.8148
2.273275,522.8148
2.291138,525.0161
2.306104,525.0161
2.3223631,525.0161
2.3412602,525.8611
2.35627,525.8611
2.374288,525.47314
2.3898296,525.47314
2.4063585,525.9856
2.4232564,525.9856
2.4391482,525.9856
2.4584022,527.0051
2.4719229,527.0051
2.4910617,526.8878
2.506384,526.8878
2.52385,528.2206
2.5407367,528.2206
2.5550141,528.2206
2.5743482,527.9471
2.5901084,527.9471
2.6062942,527.8408
2.6248639,527.8408
2.6404855,527.8408
2.6575181,527.9296
2.6716056,527.9296
2.6896586,528.0464
2.7060442,528.0464
2.7247353,527.9427
2.7415187,527.9427
2.7570562,527.9427
2.7747319,528.10345
2.7895093,528.10345
2.8078938,529.3698
2.8225424,529.3698
2.8395727,529.3698
2.8565004,529.995
2.8728948,529.995
2.889887,529.9552
2.9053786,529.9552
2.9250855,530.4729
2.9410808,530.4729
2.9567678,530.4729
2.97512,529.9536
2.9885325,529.9536
3.006963,530.86694
3.024271,530.86694
3.0404077,530.86694
3.0590205,530.37445
3.0742283,530.37445
3.0953727,530.1148
3.1071243,530.1148
3.1225615,530.1148
3.1409624,530.1148
3.1561494,530.1148
3.1735551,529.9479
3.189863,529.9479
3.2062209,530.625
3.2240305,530.625
3.2411597,530.625
3.2577686,529.8364
3.2718196,529.8364
3.291648,530.25836
3.3078394,530.25836
3.3226027,530.25836
3.340862,529.7955
3.3561506,529.7955
3.3750288,529.9346
3.390092,529.9346
3.4061725,528.77875
3.423735,528.77875
3.4401126,528.77875
3.4584372,528.5249
3.4748292,528.5249
3.4912288,528.12445
3.5063148,528.12445
3.5264776,528.5
3.5420167,528.5
3.5563016,528.5
3.5749946,528.5735
3.5903466,528.5735
3.606095,528.528
3.6237936,528.528
3.6392033,528.528
3.6576958,528.4194
3.6730866,528.4194
3.694424,529.3395
3.70664,529.3395
3.7219782,529.3395
3.7404675,528.68536
3.7558737,528.68536
3.7739313,528.69714
3.7899928,528.69714
3.811377,526.78674
3.8262146,526.78674
3.8390112,526.78674
3.85707,526.6372
3.872732,526.6372
3.8938463,527.4318
3.9064465,527.4318
3.9216723,527.4318
3.9413824,526.8297
3.9554653,526.8297
3.9728014,527.18933
3.990493,527.18933
4.006102,528.10205
4.0239744,528.10205
4.0404215,528.10205
4.0584316,527.1881
4.0726695,527.1881
4.091667,527.2239
4.106785,527.2239
4.122919,527.2239
4.141872,526.2452
4.155762,526.2452
4.1736555,527.04
4.189415,527.04
4.206283,525.6047
4.223373,525.6047
4.2391224,525.6047
4.256948,525.12616
4.273034,525.12616
4.2910275,524.6974
4.3061514,524.6974
4.323853,524.6974
4.3402176,524.6974
4.3566427,524.6974
4.375421,524.449
4.3895187,524.449
4.4068947,524.4794
4.4241,524.4794
4.439526,524.4794
4.4585547,524.41345
4.4757347,524.41345
4.491892,524.3255
4.5058727,524.3255
4.522221,524.3255
4.5409374,524.2711
4.566102,524.2711
4.5826283,523.86993
4.591671,523.86993
4.608266,523.7436
4.623505,523.7436
4.640401,523.7436
4.6599135,523.7768
4.6745853,523.7768
4.6935935,524.385
4.707164,524.385
4.7248096,524.40204
4.7419424,524.40204
4.757262,524.40204
4.7756147,524.43066
4.7919316,524.43066
4.808899,524.3218
4.825431,524.3218
4.8415556,524.3218
4.859354,523.7091
4.8743005,523.7091
4.892563,522.91943
4.90688,522.91943
4.9243197,522.8037
4.94214,522.8037
4.9577775,522.8037
4.9752665,522.8037
4.99152,522.8037
5.008532,523.5952
5.0241094,523.5952
5.0416403,523.5952
5.059132,523.6802
5.075151,523.6802
5.094779,522.6667
5.1088,522.6667
5.1258125,522.6573
5.1426044,522.6573
5.1577663,522.6573
5.175627,521.7854
5.1916347,521.7854
5.2086215,522.12
5.224216,522.12
5.241217,522.12
5.259021,520.57477
5.2741356,520.57477
5.2933426,520.87555
5.307469,520.87555
5.3255095,521.1371
5.3419,521.1371
5.358032,521.1371
5.3760653,522.3333
5.3908997,522.3333
5.4088125,522.5645
5.4253936,522.5645
5.440404,522.5645
5.4587045,522.6539
5.4743104,522.6539
5.491479,522.5143
5.5069957,522.5143
5.5268126,522.4393
5.543662,522.4393
5.557959,522.4393
5.5769553,522.81055
5.5915565,522.81055
5.6098585,523.10046
5.6260314,523.10046
5.641214,523.10046
5.6593156,521.55664
5.674182,521.55664
5.6920447,521.7387
5.708436,521.7387
5.7250934,521.4196
5.7429643,521.4196
5.757853,521.4196
5.775445,521.4196
5.790787,521.4196
5.808823,521.3611
5.824427,521.3611
5.84095,521.3611
5.8582687,521.1468
5.875042,521.1468
5.8950176,523.8371
5.9079075,523.8371
5.9249144,523.4303
5.9419312,523.4303
5.957862,523.4303
5.974835,522.2423
5.991038,522.2423
6.0079646,521.9883
6.0243154,521.9883
6.041705,521.9883
6.0592494,522.10254
6.073834,522.10254
6.090741,521.6778
6.1070533,521.6778
6.1245055,523.0321
6.1413994,523.0321
6.157438,523.0321
6.1753883,522.657
6.191591,522.657
6.20846,522.5633
6.2242317,522.5633
6.2406306,522.5633
6.2588396,521.89764
6.2755933,521.89764
6.2926593,521.4185
6.3068056,521.4185
6.3243637,521.6089
6.3420763,521.6089
6.3570185,521.6089
6.376126,521.68634
6.39038,521.68634
6.4090185,522.0978
6.424822,522.0978
6.4417825,522.0978
6.459591,522.22485
6.473745,522.22485
6.492774,521.08453
6.508305,521.08453
6.524243,521.16156
6.5423555,521.16156
6.5575166,521.16156
6.576564,520.8542
6.5911245,520.8542
6.608412,520.5175
6.623649,520.5175
6.6421885,520.5175
6.6598706,518.575
6.6743126,518.575
6.6924872,519.4808
6.7072525,519.4808
6.723778,517.84784
6.7433767,517.84784
6.758262,517.84784
6.7758436,516.4894
6.7904477,516.4894
6.812788,515.14594
6.8242273,515.14594
6.841427,515.14594
6.860284,515.63715
6.875304,515.63715
6.894763,513.986
6.9063883,513.986
6.924451,514.12305
6.9432573,514.12305
6.9573817,514.12305
6.9763308,512.26636
6.992238,512.26636
7.0098147,512.6667
7.0259485,512.6667
7.043795,512.6667
7.0620117,511.6386
7.0783157,511.6386
7.094561,511.6386
7.1100554,511.6386
7.12,511.2143
7.145192,509.1989
7.159751,509.1989
7.17708,506.7149
7.190431,506.7149
7.212795,507.1609
7.2253222,507.1609
7.241144,507.1609
7.258177,505.64838
7.275186,505.64838
7.292258,504.92627
7.307142,504.92627
7.3240285,503.57355
7.3408704,503.57355
7.3572497,503.57355
7.3753,502.995
7.391058,502.995
7.409019,500.7614
7.424224,500.7614
7.4413657,500.7614
7.4606843,500.18134
7.476253,500.18134
7.493312,499.58795
7.5087185,499.58795
7.526656,498.5641
7.5421853,498.5641
7.5583415,498.5641
7.5767164,495.95892
7.593395,495.95892
7.61197,496.48816
7.624416,496.48816
7.64188,496.48816
7.6595483,493.41553
7.6751657,493.41553
7.6927953,493.98706
7.7085466,493.98706
7.7245507,491.8515
7.742114,491.8515
7.7573843,491.8515
7.775201,492.125
7.792353,492.125
7.8104,491.0
7.8250394,491.0
7.842112,491.0
7.8601885,490.6161
7.875895,490.6161
7.8931055,490.27917
7.9088173,490.27917
7.9250917,489.97998
7.9432383,489.97998
7.958964,489.97998
7.9779983,489.9439
7.9918756,489.9439
8.00928,489.11847
8.024193,489.11847
8.040219,489.11847
8.059097,487.83795
8.074154,487.83795
8.093709,487.19196
8.108053,487.19196
8.123744,486.46948
8.143998,486.46948
8.157163,486.46948
8.175862,486.3365
8.191387,486.3365
8.208484,487.34283
8.2238865,487.34283
8.24074,487.34283
8.258578,486.99573
8.274534,486.99573
8.291674,486.57336
8.307857,486.57336
8.324512,485.58557
8.3425255,485.58557
8.358305,485.58557
8.37873,486.01904
8.392537,486.01904
8.409407,485.03003
8.42337,485.03003
8.440587,485.03003
8.459404,486.11798
8.473903,486.11798
8.492438,484.58563
8.507999,484.58563
8.525144,485.45917
8.541725,485.45917
8.557384,485.45917
8.577006,483.89764
8.590828,483.89764
8.608723,482.6051
8.62475,482.6051
8.64173,482.6051
8.659678,482.4709
8.674932,482.4709
8.692446,482.11163
8.706286,482.11163
8.725709,481.92786
8.74218,481.92786
8.757348,481.92786
8.776432,481.24017
8.790291,481.24017
8.808313,481.24017
8.824209,481.24017
8.841298,481.24017
8.858786,481.3697
8.874088,481.3697
8.893377,481.31427
8.908947,481.31427
8.924159,480.7799
8.941596,480.7799
8.958357,480.7799
8.97676,480.9005
8.991398,480.9005
9.009368,482.40912
9.025089,482.40912
9.040343,482.40912
9.058342,482.58856
9.074026,482.58856
9.0931835,480.4737
9.107407,480.4737
9.124971,481.59906
9.143539,481.59906
9.157647,481.59906
9.177002,481.25128
9.190703,481.25128
9.208828,480.12616
9.2239895,480.12616
9.241121,480.12616
9.258896,479.80676
9.275406,479.80676
9.291526,478.90643
9.307236,478.90643
9.324324,479.75745
9.341169,479.75745
9.357672,479.75745
9.3769865,480.01483
9.391426,480.01483
9.413018,479.59906
9.423679,479.59906
9.441785,479.59906
9.462768,479.86127
9.474963,479.86127
9.492605,478.90234
9.50972,478.90234
9.526113,479.3365
9.542597,479.3365
9.557541,479.3365
9.576382,478.40723
9.5902605,478.40723
9.608999,478.41962
9.625253,478.41962
9.641376,478.41962
9.658644,478.52112
9.674248,478.52112
9.695644,478.52112
9.706973,478.52112
9.724224,479.19354
9.741783,479.19354
9.757015,479.19354
9.776166,478.4956
9.791267,478.4956
9.81068,478.3288
9.823838,478.3288
9.841134,478.3288
9.859633,478.39233
9.874036,478.39233
9.894505,477.9289
9.909296,477.9289
9.925237,477.5102
9.941528,477.5102
9.958352,477.5102
9.97653,478.17426
9.9912,478.17426
10.009154,477.94348
10.023493,477.94348
10.041319,477.94348
10.060064,478.4834
10.074354,478.4834
10.095771,478.4834
10.110564,478.4834
10.12822,478.51166
10.146109,478.51166
10.15938,478.51166
10.177683,478.90863
10.192288,478.90863
10.2102375,478.75568
10.224796,478.75568
10.243048,478.75568
10.259571,478.36163
10.275496,478.36163
10.293167,479.27826
10.30843,479.27826
10.324711,479.43182
10.342712,479.43182
10.358372,479.43182
10.376503,478.40204
10.391148,478.40204
10.412223,478.08252
10.426998,478.08252
10.441624,478.08252
10.459304,477.35907
10.474835,477.35907
10.4926605,477.86816
10.507874,477.86816
10.525075,478.3805
10.541664,478.3805
10.558272,478.3805
10.574979,478.3805
10.591275,478.3805
10.6082325,478.2273
10.6247835,478.2273
10.6423435,478.2273
10.660409,478.33832
10.675386,478.33832
10.693235,478.8316
10.70913,478.8316
10.72603,479.6042
10.742918,479.6042
10.757882,479.6042
10.775639,478.33484
10.791685,478.33484
10.8104515,478.08185
10.825828,478.08185
10.842891,478.08185
10.85977,479.55103
10.875574,479.55103
10.893183,478.9137
10.908617,478.9137
10.924837,478.76147
10.942927,478.76147
10.958342,478.76147
10.976096,477.83258
10.991015,477.83258
11.00799,477.9737
11.0239105,477.9737
11.041298,477.9737
11.059773,477.8542
11.073931,477.8542
11.095516,477.8542
11.108898,477.8542
11.124123,478.05127
11.142668,478.05127
11.15803,478.05127
11.176142,477.6491
11.191703,477.6491
11.208789,477.73364
11.224234,477.73364
11.240152,477.73364
11.26053,476.5219
11.275154,476.5219
11.292367,476.5575
11.308966,476.5575
11.326535,478.23315
11.343881,478.23315
11.358333,478.23315
11.376644,478.53467
11.391732,478.53467
11.409903,479.8955
11.425687,479.8955
11.441707,479.8955
11.463104,479.03107
11.475888,479.03107
11.493944,478.67725
11.511524,478.67725
11.527026,478.48676
11.544096,478.48676
11.559161,478.48676
11.575863,478.74213
11.591601,478.74213
11.60842,478.799
11.623486,478.799
11.640491,478.799
11.659056,478.92065
11.674616,478.92065
11.69206,478.67035
11.707078,478.67035
11.72448,479.27136
11.741113,479.27136
11.757693,479.27136
11.775111,479.15735
11.790289,479.15735
11.808511,478.63336
11.824477,478.63336
11.841215,478.63336
11.8589115,478.39673
11.875508,478.39673
11.892317,478.6355
11.907368,478.6355
11.923806,478.82257
11.942555,478.82257
11.957769,478.82257
11.976217,477.1147
11.991115,477.1147
12.010015,476.9204
12.024265,476.9204
12.057429,477.6585
12.070614,477.6585
12.084316,477.77338
12.100568,477.77338
12.116089,477.77338
12.133862,477.97498
12.149925,477.97498
12.165255,478.114
12.18451,478.114
12.199779,478.114
12.217415,479.32776
12.232746,479.32776
12.251331,478.87354
12.265751,478.87354
12.283883,477.2647
12.29999,477.2647
12.315463,477.2647
12.337117,477.80676
12.348542,477.80676
12.367849,477.1624
12.382076,477.1624
12.398969,477.1624
12.417935,479.04443
12.439692,479.04443
12.452439,478.338
12.46636,478.338
12.482986,478.338
12.499458,478.69305
12.515022,478.69305
12.534897,481.03485
12.549003,481.03485
12.566243,481.95215
12.582576,481.95215
12.599184,481.95215
12.616714,481.13525
12.632955,481.13525
12.654443,483.005
12.666724,483.005
12.681804,483.005
12.700945,484.0044
12.715803,484.0044
12.733949,483.87793
12.749621,483.87793
12.765916,485.58972
12.78308,485.58972
12.799486,485.58972
12.817683,485.5468
12.831341,485.5468
12.850477,485.53247
12.86574,485.53247
12.881998,485.53247
12.900527,488.3476
12.9161215,488.3476
12.937055,487.2157
12.948952,487.2157
12.96651,489.80304
12.983617,489.80304
12.999398,489.80304
13.0178795,489.4973
13.032722,489.4973
13.049566,491.41626
13.0645275,491.41626
13.08376,491.41626
13.099194,490.075
13.116498,490.075
13.133341,492.60388
13.149508,492.60388
13.16584,492.7304
13.183777,492.7304
13.199311,492.7304
13.217152,493.6468
13.23214,493.6468
13.254279,495.2871
13.26647,495.2871
13.282449,495.2871
13.300263,495.0522
13.315489,495.0522
13.332875,498.50458
13.350468,498.50458
13.371923,499.74017
13.382257,499.74017
13.398328,499.74017
13.417038,499.8498
13.433633,499.8498
13.451183,500.86523
13.465781,500.86523
13.482332,500.86523
13.5021925,501.98956
13.516596,501.98956
13.53405,504.32666
13.549308,504.32666
13.566295,503.69946
13.58461,503.69946
13.598763,503.69946
13.62138,505.23383
13.631983,505.23383
13.653688,503.8606
13.664974,503.8606
13.682099,503.8606
13.70062,505.2981
13.716052,505.2981
13.733737,506.05182
13.748793,506.05182
13.767761,507.33014
13.7819805,507.33014
13.8004265,507.33014
13.81764,506.8839
13.831891,506.8839
13.853421,508.0514
13.864977,508.0514
13.882178,508.0514
13.900749,507.93335
13.929872,509.01978
13.942347,509.01978
13.955354,509.01978
13.971106,510.66357
13.987446,510.66357
14.004548,511.4422
14.02112,511.4422
14.037689,511.4422
14.055629,513.3504
14.070555,513.3504
14.087639,516.064
14.104046,516.064
14.11986,516.064
14.138537,516.0235
14.154413,516.0235
14.173069,518.12933
14.18686,518.12933
14.20411,517.45044
14.220438,517.45044
14.237065,517.45044
14.255159,519.53845
14.269847,519.53845
14.288191,520.4975
14.303789,520.4975
14.3208475,520.4975
14.338436,522.1813
14.353959,522.1813
14.3718195,521.9857
14.386961,521.9857
14.403995,523.0094
14.421406,523.0094
14.437908,523.0094
14.456724,522.5045
14.47156,522.5045
14.488159,524.46576
14.502887,524.46576
14.520846,524.46576
14.537622,525.0343
14.553301,525.0343
14.571596,524.6256
14.588516,524.6256
14.604316,525.60095
14.621858,525.60095
14.6373,525.60095
14.65588,525.8319
14.670163,525.8319
14.689009,527.7655
14.704264,527.7655
14.721072,527.7655
14.73849,527.61084
14.7541065,527.61084
14.772851,527.5742
14.788216,527.5742
14.805725,528.2778
14.821344,528.2778
14.838329,528.2778
14.854842,527.6526
14.870468,527.6526
14.8877945,528.73755
14.90461,528.73755
14.920443,528.73755
14.939152,527.9029
14.954262,527.9029
14.971618,528.15765
14.98662,528.15765
15.00388,526.9095
15.021366,526.9095
15.036797,526.9095
15.055668,526.07587
15.070983,526.07587
15.08848,526.7227
15.103965,526.7227
15.120084,526.7227
15.137917,526.25775
15.1542225,526.25775
15.172544,527.3401
15.18689,527.3401
15.204192,527.6867
15.220691,527.6867
15.237508,527.6867
15.255302,527.99097
15.270343,527.99097
15.29279,527.1159
15.3045635,527.1159
15.321964,527.1159
15.339818,527.2385
15.354723,527.2385
15.371911,527.6894
15.388144,527.6894
15.411833,527.7767
15.421833,527.7767
15.4370775,527.7767
15.459404,527.0972
15.471137,527.0972
15.489759,526.6106
15.50432,526.6106
15.524168,526.6106
15.538726,526.4384
15.554515,526.4384
15.571245,526.3575
15.58637,526.3575
15.604284,526.1355
15.621391,526.1355
15.637923,526.1355
15.655806,527.5631
15.671503,527.5631
15.688861,527.6743
15.704115,527.6743
15.720492,527.6743
15.739002,527.2915
15.754059,527.2915
15.773157,527.33746
15.787971,527.33746
15.804274,525.96344
15.821744,525.96344
15.837315,525.96344
15.854723,526.0182
15.87111,526.0182
15.892673,527.6158
15.904433,527.6158
15.91973,527.6158
15.937913,527.23114
15.953827,527.23114
15.97214,525.574
15.986968,525.574
16.005087,526.3894
16.020916,526.3894
16.037374,526.3894
16.054966,525.45715
16.070038,525.45715
16.088102,525.66943
16.10362,525.66943
16.120758,525.66943
16.139265,527.21
16.153849,527.21
16.171774,526.1589
16.187548,526.1589
16.204655,526.04224
16.221582,526.04224
16.237047,526.04224
16.25529,526.6175
16.270664,526.6175
16.290134,526.3349
16.305029,526.3349
16.321247,526.3349
16.338634,525.1394
16.354036,525.1394
16.370855,524.4806
16.388773,524.4806
16.405819,525.2783
16.421526,525.2783
16.43735,525.2783
16.45678,523.7083
16.470354,523.7083
16.48888,523.68866
16.504606,523.68866
16.520744,523.68866
16.538868,523.0958
16.5549,523.0958
16.575462,523.8117
16.58873,523.8117
16.604939,523.61804
16.620739,523.61804
16.63794,523.61804
16.655954,523.61804
16.671076,523.61804
16.68979,524.2174
16.704807,524.2174
16.720423,524.2174
16.739113,524.5167
16.754187,524.5167
16.772251,523.58527
16.78777,523.58527
16.804781,523.5488
16.821741,523.5488
16.837427,523.5488
16.856052,523.5263
16.870695,523.5263
16.888212,523.43195
16.904343,523.43195
16.921587,523.43195
16.940044,522.2193
16.953558,522.2193
16.972317,522.7456
16.989006,522.7456
17.005182,523.1144
17.02226,523.1144
17.037912,523.1144
17.056139,523.30414
17.070261,523.30414
17.088066,523.57874
17.104559,523.57874
17.120905,523.57874
17.139519,523.0607
17.154518,523.0607
17.172163,522.48413
17.187668,522.48413
17.204075,522.48413
17.221476,522.48413
17.237015,522.48413
17.254486,523.69366
17.271793,523.69366
17.291891,523.3304
17.304932,523.3304
17.319881,523.3304
17.339733,523.2748
17.35423,523.2748
17.372,523.0939
17.387299,523.0939
17.404062,522.07587
17.4208,522.07587
17.437937,522.07587
17.456083,521.9058
17.47012,521.9058
17.493698,522.5682
17.505287,522.5682
17.520794,522.5682
17.538435,523.0921
17.553576,523.0921
17.575342,522.9317
17.587267,522.9317
17.604618,522.9567
17.621809,522.9567
17.637835,522.9567
17.655857,521.4224
17.670744,521.4224
17.688942,521.2792
17.704172,521.2792
17.721813,521.2792
17.737854,523.08105
17.754726,523.08105
17.77362,522.04016
17.791897,522.04016
17.804115,521.6667
17.821146,521.6667
17.837662,521.6667
17.854694,521.62244
17.870579,521.62244
17.888433,521.0042
17.90418,521.0042
17.921316,521.0042
17.939873,521.0415
17.954666,521.0415
17.972202,521.519
17.987381,521.519
18.005087,520.3522
18.021431,520.3522
18.037874,520.3522
18.056894,521.7354
18.071663,521.7354
18.088844,521.6026
18.10395,521.6026
18.120207,521.6026
18.139324,522.8593
18.154476,522.8593
18.173147,522.1774
18.187492,522.1774
18.204994,521.32074
18.221298,521.32074
18.238064,521.32074
18.255617,521.2636
18.272346,521.2636
18.288881,521.38696
18.304495,521.38696
18.32105,521.38696
18.339754,521.4949
18.354132,521.4949
18.371887,520.04346
18.387344,520.04346
18.404408,520.2033
18.42279,520.2033
18.43836,520.2033
18.455694,519.59186
18.471222,519.59186
18.488235,518.16064
18.505405,518.16064
18.520195,518.16064
18.538431,517.8101
18.554739,517.8101
18.573446,516.93866
18.588612,516.93866
18.60486,514.6984
18.622663,514.6984
18.63704,514.6984
18.655724,513.9353
18.672016,513.9353
18.686934,512.9481
18.704386,512.9481
18.721138,512.9481
18.739506,512.94147
18.754635,512.94147
18.775736,512.8128
18.788372,512.8128
18.804832,511.97894
18.82248,511.97894
18.836725,511.97894
18.856783,511.30157
18.871376,511.30157
18.88858,513.25903
18.903805,513.25903
18.920721,513.25903
18.939253,510.0
18.95572,510.0
18.972588,508.5
18.9874,508.5
19.004543,507.5525
19.02178,507.5525
19.03735,507.5525
19.055416,506.61212
19.070412,506.61212
19.092432,506.59558
19.104885,506.59558
19.123814,505.82214
19.137796,505.82214
19.154095,505.82214
19.171745,505.7295
19.187357,505.7295
19.204641,505.2295
19.221212,505.2295
19.238037,505.2295
19.255901,503.724
19.271242,503.724
19.289085,503.40356
19.304228,503.40356
19.320414,503.40356
19.33816,502.74286
19.35361,502.74286
19.371668,502.40826
19.388323,502.40826
19.40431,502.29144
19.421846,502.29144
19.437796,502.29144
19.455376,500.80286
19.47187,500.80286
19.493908,499.84186
19.504168,499.84186
19.521353,499.84186
19.539103,499.00494
19.555374,499.00494
19.572279,500.38916
19.58788,500.38916
19.604317,498.911
19.622194,498.911
19.639183,498.911
19.655184,496.4159
19.671171,496.4159
19.691782,496.73132
19.706001,496.73132
19.721102,496.73132
19.740116,495.90503
19.753511,495.90503
19.771767,495.9792
19.787983,495.9792
19.804977,493.81342
19.82273,493.81342
19.838808,493.81342
19.85608,493.85712
19.870607,493.85712
19.889616,493.7387
19.90416,493.7387
19.921337,493.7387
19.939175,493.77417
19.954016,493.77417
19.972021,491.86975
19.987782,491.86975
20.004677,491.40723
20.022354,491.40723
20.038017,491.40723
20.056091,491.2124
20.070244,491.2124
20.088022,490.4369
20.104301,490.4369
20.12117,490.4369
20.139206,489.44397
20.154491,489.44397
20.17233,488.77826
20.188032,488.77826
20.204334,488.10193
20.22188,488.10193
20.237741,488.10193
20.255692,488.7143
20.271524,488.7143
20.289318,488.10242
20.30345,488.10242
20.3211,488.10242
20.338928,487.0514
20.354733,487.0514
20.375376,486.81567
20.388487,486.81567
20.40476,486.9242
20.421303,486.9242
20.437998,486.9242
20.45502,485.42358
20.470264,485.42358
20.492842,485.15277
20.50555,485.15277
20.522587,485.15277
20.540466,485.307
20.555159,485.307
20.573055,484.74774
20.58787,484.74774
20.605545,481.9151
20.62183,481.9151
20.63895,481.9151
20.655209,482.70563
20.67165,482.70563
20.689602,482.20514
20.70366,482.20514
20.721725,482.20514
20.738941,483.25256
20.753742,483.25256
20.772701,482.622
20.787827,482.622
20.805038,481.74512
20.82262,481.74512
20.837622,481.74512
20.85499,482.7287
20.87083,482.7287
20.888344,482.35602
20.903973,482.35602
20.921404,482.35602
20.938412,481.27777
20.953506,481.27777
20.971443,481.27777
20.98756,481.27777
21.00417,481.11182
21.021921,481.11182
21.037403,481.11182
21.056252,481.11182
21.070095,481.11182
21.089474,482.5896
21.104265,482.5896
21.120134,482.5896
21.139917,482.5896
21.154413,482.5896
21.172594,481.49457
21.189177,481.49457
21.205168,480.88123
21.22207,480.88123
21.237936,480.88123
21.255388,481.1775
21.271013,481.1775
21.28874,481.2472
21.30427,481.2472
21.32071,481.2472
21.339157,479.35638
21.354668,479.35638
21.372202,479.30853
21.387962,479.30853
21.404882,479.85944
21.42184,479.85944
21.438763,479.85944
21.457132,479.79346
21.47102,479.79346
21.489393,479.01007
21.505558,479.01007
21.521118,479.01007
21.53996,479.02002
21.554169,479.02002
21.572245,478.3485
21.587872,478.3485
21.60406,478.30963
21.622713,478.30963
21.63783,478.30963
21.655888,478.17767
21.672003,478.17767
21.688963,477.93207
21.703993,477.93207
21.7208,477.93207
21.739351,478.45587
21.75485,478.45587
21.77196,478.45148
21.78787,478.45148
21.804918,478.78003
21.822935,478.78003
21.837433,478.78003
21.856546,477.61926
21.871191,477.61926
21.88906,478.4536
21.904827,478.4536
21.92155,478.4536
21.938892,478.8534
21.954542,478.8534
21.973703,478.6455
21.987722,478.6455
22.005268,478.66144
22.021538,478.66144
22.037798,478.66144
22.055883,478.60974
22.070984,478.60974
22.08888,478.4853
22.10478,478.4853
22.120598,478.4853
22.139782,478.7
22.155035,478.7
22.173061,478.4378
22.188192,478.4378
22.20512,478.373
22.221712,478.373
22.238405,478.373
22.256369,478.85474
22.270222,478.85474
22.288893,478.26776
22.305187,478.26776
22.320827,478.26776
22.338512,478.26776
22.35369,478.26776
22.371883,478.315
22.388134,478.315
22.405348,479.1858
22.42189,479.1858
22.437887,479.1858
22.455824,477.88373
22.471024,477.88373
22.488157,477.9535
22.504175,477.9535
22.521376,477.9535
22.539993,477.57843
22.554605,477.57843
22.572617,477.8009
22.587172,477.8009
22.60804,478.04126
22.621822,478.04126
22.638706,478.04126
22.657616,477.34705
22.672476,477.34705
22.692286,477.26904
22.703863,477.26904
22.721628,477.26904
22.739407,477.15125
22.760395,477.15125
22.774801,477.33655
22.787088,477.33655
22.8043,477.35748
22.820902,477.35748
22.83793,477.35748
22.856192,478.20526
22.871227,478.20526
22.889233,478.20526
22.904272,478.20526
22.921648,478.20526
22.938635,477.6754
22.966177,477.6754
22.978151,477.5641
22.991098,477.5641
23.010494,477.885
23.024466,477.885
23.040527,477.885
23.059093,477.94366
23.073488,477.94366
23.09176,477.8557
23.10834,477.8557
23.123936,477.8557
23.14281,477.8557
23.158003,477.8557
23.176546,478.0351
23.19098,478.0351
23.208738,478.25
23.224262,478.25
23.241001,478.25
23.259502,478.0959
23.273926,478.0959
23.290903,478.0329
23.306955,478.0329
23.323872,478.8717
23.34187,478.8717
23.357115,478.8717
23.374294,479.33923
23.391745,479.33923
23.408777,479.59668
23.424799,479.59668
23.440653,479.59668
23.45911,480.2627
23.475838,480.2627
23.492645,481.8261
23.507774,481.8261
23.52439,482.00513
23.542303,482.00513
23.557543,482.00513
23.575792,482.1447
23.591558,482.1447
23.607883,481.6422
23.623735,481.6422
23.640821,481.6422
23.658737,481.15387
23.674658,481.15387
23.691402,481.40625
23.70752,481.40625
23.724203,482.85785
23.741198,482.85785
23.758514,482.85785
23.774712,482.60553
23.790667,482.60553
23.808403,482.73853
23.823456,482.73853
23.84168,482.73853
23.858986,483.20447
23.87443,483.20447
23.893797,481.92108
23.90938,481.92108
23.92374,482.11206
23.941252,482.11206
23.956234,482.11206
23.974277,482.89862
24.001024,482.89862
24.011654,482.7251
24.027092,482.7251
24.041685,482.7251
24.059118,482.0089
24.074562,482.0089
24.093803,482.24017
24.10909,482.24017
24.124578,481.22943
24.143131,481.22943
24.158096,481.22943
24.179293,480.55554
24.190975,480.55554
24.213032,480.27155
24.223991,480.27155
24.241465,480.27155
24.259289,481.49304
24.27475,481.49304
24.29271,481.75574
24.308605,481.75574
24.325224,481.71362
24.342485,481.71362
24.35783,481.71362
24.37679,481.55963
24.391405,481.55963
24.40965,481.34448
24.424835,481.34448
24.442028,481.34448
24.459074,480.31927
24.47397,480.31927
24.49197,480.43518
24.508917,480.43518
24.52518,482.9242
24.543058,482.9242
24.558775,482.9242
24.576126,483.3302
24.591776,483.3302
24.608665,485.31555
24.626139,485.31555
24.641727,485.31555
24.659399,486.0249
24.674799,486.0249
24.692965,486.40466
24.707733,486.40466
24.725235,487.80457
24.742058,487.80457
24.758932,487.80457
24.780607,487.76282
24.792353,487.76282
24.809196,488.95502
24.824364,488.95502
24.841606,488.95502
24.859657,491.3094
24.876041,491.3094
24.895065,492.5404
24.908823,492.5404
24.92571,491.5244
24.943068,491.5244
24.959133,491.5244
24.976435,491.56696
24.992123,491.56696
25.009552,494.88696
25.026367,494.88696
25.042097,494.88696
25.059504,494.7824
25.074766,494.7824
25.091545,496.53046
25.107553,496.53046
25.12583,497.65082
25.143068,497.65082
25.159363,497.65082
25.177197,499.047
25.192076,499.047
25.208857,499.26807
25.225515,499.26807
25.241985,499.26807
25.259392,499.88214
25.274979,499.88214
25.297523,501.65668
25.309032,501.65668
25.326494,502.9779
25.342834,502.9779
25.35781,502.9779
25.375937,504.47162
25.391111,504.47162
25.409826,504.38776
25.425247,504.38776
25.442589,504.38776
25.46155,505.43164
25.476578,505.43164
25.492737,506.2027
25.50816,506.2027
25.525396,508.1521
25.542328,508.1521
25.558453,508.1521
25.575626,508.3542
25.592844,508.3542
25.60962,510.86438
25.625122,510.86438
25.642155,510.86438
25.658731,510.39764
25.674837,510.39764
25.693056,511.375
25.709139,511.375
25.72545,512.01373
25.742977,512.01373
25.759117,512.01373
25.777422,512.51245
25.792278,512.51245
25.80987,512.0902
25.824661,512.0902
25.841768,512.0902
25.859482,514.12036
25.874926,514.12036
25.893326,515.22906
25.908676,515.22906
25.92485,516.33887
25.941587,516.33887
25.95909,516.33887
25.975513,518.00824
25.992373,518.00824
26.009884,520.54205
26.02588,520.54205
26.041756,520.54205
26.05929,520.0517
26.075817,520.0517
26.093794,522.0812
26.107952,522.0812
26.126537,522.2174
26.143034,522.2174
26.159388,522.2174
26.176548,523.444
26.191807,523.444
26.209934,523.33185
26.226208,523.33185
26.242802,523.33185
26.259373,525.30835
26.274817,525.30835
26.292809,526.6599
26.308859,526.6599
26.325281,526.3039
26.341738,526.3039
26.358765,526.3039
26.377516,527.1652
26.391682,527.1652
26.413155,527.2831
26.424639,527.2831
26.442305,527.2831
26.460226,528.27106
26.475103,528.27106
26.493254,527.8465
26.50811,527.8465
26.52435,528.50256
26.543266,528.50256
26.558262,528.50256
26.575449,528.68054
26.5913,528.68054
26.613722,528.71906
26.625526,528.71906
26.6419,528.71906
26.660072,529.2123
26.674911,529.2123
26.69336,529.0833
26.709196,529.0833
26.725922,529.7009
26.742119,529.7009
26.759058,529.7009
26.775908,530.21594
26.791185,530.21594
26.811443,530.3935
26.82561,530.3935
26.84208,530.3935
26.85947,530.1507
26.875793,530.1507
26.892563,530.14484
26.908943,530.14484
26.925804,530.30304
26.942291,530.30304
26.959059,530.30304
26.977058,531.07245
26.991886,531.07245
27.012527,529.97437
27.025457,529.97437
27.04164,529.97437
27.0588,530.11395
27.075926,530.11395
27.09341,530.3125
27.108944,530.3125
27.126232,530.4232
27.142197,530.4232
27.159647,530.4232
27.177319,530.8591
27.192057,530.8591
27.210886,531.34705
27.225382,531.34705
27.242079,531.34705
27.259695,530.6
27.275091,530.6
27.291922,530.3939
27.30925,530.3939
27.325201,530.36
27.344032,530.36
27.359072,530.36
27.376804,530.61365
27.391,530.61365
27.40881,530.20856
27.425165,530.20856
27.44287,530.20856
27.459743,530.18225
27.476562,530.18225
27.49549,530.0856
27.507938,530.0856
27.524822,530.18555
27.541712,530.18555
27.557833,530.18555
27.57809,529.81116
27.591984,529.81116
27.611069,529.51886
27.624697,529.51886
27.641594,529.51886
27.659708,529.98676
27.675386,529.98676
27.693699,529.98676
27.70837,529.98676
27.724937,529.9781
27.742313,529.9781
27.758905,529.9781
27.776804,530.7156
27.790964,530.7156
27.80944,530.57263
27.82477,530.57263
27.842747,530.57263
27.858913,530.72125
27.874868,530.72125
27.894373,530.48706
27.909208,530.48706
27.927372,530.5086
27.944086,530.5086
27.963095,530.5086
27.97958,530.2
27.99272,530.2
28.009409,529.6111
28.025972,529.6111
28.041462,529.6111
28.06022,529.4178
28.0755,529.4178
28.093838,529.5467
28.10938,529.5467
28.12595,529.1838
28.143827,529.1838
28.158817,529.1838
28.176746,529.1838
28.191732,529.1838
28.20969,530.3233
28.22564,530.3233
28.24387,530.2436
28.260836,530.2436
28.276558,530.2436
28.294022,530.2982
28.309288,530.2982
28.328844,530.0405
28.342045,530.0405
28.35788,530.0405
28.37793,528.8382
28.390835,528.8382
28.409409,528.7056
28.424288,528.7056
28.441175,528.7056
28.46034,527.3537
28.475748,527.3537
28.493341,527.4573
28.509449,527.4573
28.525675,527.78827
28.542143,527.78827
28.557953,527.78827
28.57723,527.9823
28.591774,527.9823
28.60893,527.7955
28.626127,527.7955
28.640797,527.7955
28.659748,527.7955
28.676096,527.7955
28.69296,527.7562
28.70787,527.7562
28.72595,528.2995
28.742428,528.2995
28.758663,528.2995
28.776682,526.87665
28.79194,526.87665
28.809448,526.9107
28.824724,526.9107
28.842823,526.9107
28.85906,527.6267
28.87606,527.6267
28.892084,527.5166
28.909197,527.5166
28.925566,527.46906
28.952309,527.46906
28.962837,527.46906
28.978724,526.86346
28.99391,526.86346
29.010996,527.225
29.026634,527.225
29.043167,527.225
29.059975,527.24066
29.076086,527.24066
29.093975,527.49396
29.11019,527.49396
29.127214,527.5242
29.14511,527.5242
29.160662,527.5242
29.17746,526.9129
29.192976,526.9129
29.21091,526.9129
29.22633,526.9129
29.242348,526.9129
29.261086,527.1076
29.286848,527.1076
29.303076,527.43475
29.311705,527.43475
29.329674,526.5493
29.344519,526.5493
29.36073,526.5493
29.379425,526.42926
29.395788,526.42926
29.412693,526.8558
29.427698,526.8558
29.446142,526.80286
29.463106,526.80286
29.478783,526.80286
29.49686,526.56683
29.51034,526.56683
29.528584,526.1256
29.544584,526.1256
29.561178,526.1256
29.579298,526.64056
29.59483,526.64056
29.612812,526.76526
29.628328,526.76526
29.644896,529.03296
29.662998,529.03296
29.677788,529.03296
29.696045,528.5484
29.710361,528.5484
29.728708,527.04785
29.743855,527.04785
29.761545,527.04785
29.779867,526.96295
29.795496,526.96295
29.813683,526.61414
29.829168,526.61414
29.845623,526.22284
29.861885,526.22284
29.878214,526.22284
29.895641,526.2381
29.910343,526.2381
29.929348,526.16583
29.945019,526.16583
29.961784,526.16583
29.979338,526.29535
29.994804,526.29535
30.012733,527.0885
30.02887,527.0885
30.044859,526.964
30.06159,526.964
30.078152,526.964
30.096195,526.964
30.112452,526.964
30.128368,526.9144
30.144688,526.9144
30.160843,526.9144
30.179586,526.62555
30.195467,526.62555
30.21239,526.04474
30.228186,526.04474
30.245588,526.35144
30.261683,526.35144
30.279066,526.35144
30.299335,526.4286
30.311888,526.4286
30.332428,526.41595
30.344692,526.41595
30.36107,526.41595
30.379662,526.5815
30.39479,526.5815
30.412626,526.51373
30.427393,526.51373
30.444433,526.6927
30.462234,526.6927
30.477993,526.6927
30.49583,526.8756
30.510883,526.8756
30.53332,525.7061
30.545372,525.7061
30.562307,525.7061
30.579626,525.8913
30.594442,525.8913
30.61334,526.3436
30.627842,526.3436
30.646837,525.3463
30.661453,525.3463
30.678143,525.3463
30.69705,525.3105
30.710707,525.3105
30.728973,523.8838
30.744781,523.8838
30.761803,523.8838
30.77953,522.83887
30.794998,522.83887
30.815077,522.4721
30.82811,522.4721
30.845686,522.2193
30.862244,522.2193
30.87795,522.2193
30.895815,521.6491
30.911232,521.6491
30.928463,520.33044
30.94481,520.33044
30.961702,520.33044
30.978426,520.5466
30.995064,520.5466
31.013098,519.34406
31.027264,519.34406
31.045277,519.0
31.06292,519.0
31.077269,519.0
31.095201,518.2232
31.113104,518.2232
31.129583,517.479
31.145327,517.479
31.163044,517.479
31.179424,515.4135
31.19533,515.4135
31.21226,515.47345
31.22891,515.47345
31.243998,516.9324
31.261621,516.9324
31.278185,516.9324
31.30038,514.06964
31.31104,514.06964
31.331423,512.7012
31.344837,512.7012
31.36186,512.7012
31.37845,513.0288
31.39461,513.0288
31.412546,510.70044
31.42947,510.70044
31.446295,511.30585
31.464758,511.30585
31.478533,511.30585
31.496494,510.01935
31.511898,510.01935
31.531963,509.82037
31.544964,509.82037
31.561682,509.82037
31.579132,507.1596
31.594603,507.1596
31.613792,506.7685
31.629313,506.7685
31.644703,504.6651
31.663263,504.6651
31.678349,504.6651
31.696259,505.63892
31.711372,505.63892
31.729918,503.35162
31.744005,503.35162
31.762117,503.35162
31.78,503.0263
31.79462,503.0263
31.812912,502.0905
31.828362,502.0905
31.84462,500.982
31.861551,500.982
31.878386,500.982
31.896587,500.55444
31.910507,500.55444
31.929323,500.6927
31.945343,500.6927
31.96286,500.6927
31.981293,498.99542
31.994522,498.99542
32.01275,498.40887
32.028774,498.40887
32.044987,496.98584
32.063534,496.98584
32.07831,496.98584
32.097305,497.30768
32.111343,497.30768
32.12843,496.1875
32.14552,496.1875
32.16157,496.1875
32.179523,494.19434
32.195107,494.19434
32.21223,494.86694
32.22839,494.86694
32.24637,493.57727
32.26268,493.57727
32.27841,493.57727
32.296547,492.41827
32.31115,492.41827
32.329445,492.08295
32.345486,492.08295
32.361637,492.08295
32.380363,491.77637
32.395508,491.77637
32.414017,492.25677
32.42816,492.25677
32.445698,491.70782
32.461914,491.70782
32.478355,491.70782
32.499077,491.09955
32.51284,491.09955
32.530754,490.8629
32.544518,490.8629
32.56064,490.8629
32.579285,490.28912
32.594658,490.28912
32.61262,490.61322
32.628426,490.61322
32.645874,489.04205
32.663074,489.04205
32.678314,489.04205
32.695496,489.73737
32.712067,489.73737
32.72922,488.8269
32.748024,488.8269
32.762814,488.8269
32.780262,488.9381
32.796097,488.9381
32.81734,488.84406
32.827507,488.84406
32.84545,488.6667
32.86301,488.6667
32.878193,488.6667
32.89743,487.5877
32.912395,487.5877
32.93364,487.2646
32.946354,487.2646
32.961426,487.2646
32.979355,487.1306
32.99644,487.1306
33.01338,487.98065
33.027637,487.98065
33.04657,487.98065
33.062553,487.98065
33.077667,487.98065
33.097794,487.8371
33.1121,487.8371
33.13267,487.443
33.14545,487.443
33.161694,487.443
33.18086,487.38428
33.195564,487.38428
33.212406,487.18726
33.228043,487.18726
33.246113,486.89288
33.26343,486.89288
33.278408,486.89288
33.29963,487.15045
33.312824,487.15045
33.332672,486.44208
33.34453,486.44208
33.36184,486.44208
33.379868,486.30975
33.395824,486.30975
33.413353,487.12555
33.428677,487.12555
33.445683,487.8219
33.46671,487.8219
33.47925,487.8219
33.497864,485.90308
33.511974,485.90308
33.528294,485.79297
33.546104,485.79297
33.56389,486.26318
33.57954,486.26318
33.595955,486.26318
33.612946,485.98224
33.628063,485.98224
33.645016,485.55658
33.66261,485.55658
33.679344,485.55658
33.696316,486.91162
33.7111,486.91162
33.728798,486.08228
33.746666,486.08228
33.763866,486.08228
33.78172,486.08228
33.796032,486.08228
33.81595,486.55707
33.829292,486.55707
33.844433,486.55707
33.862827,486.55707
33.87916,486.55707
33.896133,486.85297
33.91166,486.85297
33.929768,486.6895
33.94504,486.6895
33.96184,486.6895
33.98043,486.40356
33.995426,486.40356
34.012737,487.25116
34.030518,487.25116
34.047283,487.6977
34.065754,487.6977
34.079575,487.6977
34.09885,487.76715
34.112114,487.76715
34.129723,488.01562
34.14596,488.01562
34.160812,488.01562
34.179676,488.8274
34.19481,488.8274
34.21223,488.06018
34.22799,488.06018
34.245296,487.59906
34.262524,487.59906
34.27827,487.59906
34.295845,488.45062
34.31084,488.45062
34.332607,488.4026
34.345226,488.4026
34.361134,488.4026
34.38031,489.00964
34.395382,489.00964
34.414005,488.64532
34.428413,488.64532
34.44606,487.8476
34.462326,487.8476
34.478344,487.8476
34.497265,487.9052
34.513123,487.9052
34.529716,487.22168
34.54558,487.22168
34.562374,487.22168
34.580147,487.45453
34.594734,487.45453
34.617435,487.617
34.629055,487.617
34.64545,487.8089
34.663822,487.8089
34.679104,487.8089
34.69753,487.35907
34.71223,487.35907
34.73397,487.73566
34.746056,487.73566
34.761997,487.73566
34.781403,488.59222
34.796345,488.59222
34.8138,488.39
34.829586,488.39
34.846405,487.78052
34.863014,487.78052
34.87877,487.78052
34.897182,487.8374
34.91273,487.8374
34.928894,489.08966
34.94564,489.08966
34.973873,489.0708
34.98581,489.0708
34.998928,489.0708
35.017445,486.88837
35.032715,486.88837
35.049683,487.15485
35.064972,487.15485
35.082474,487.15485
35.09952,487.4956
35.115906,487.4956
35.134148,487.4956
35.14895,487.4956
35.16649,487.62622
35.18299,487.62622
35.198017,487.62622
35.21712,487.62622
35.23193,487.62622
35.250072,486.6803
35.26433,486.6803
35.28173,486.6803
35.299725,487.1286
35.315456,487.1286
35.334663,486.88983
35.34997,486.88983
35.365883,487.0672
35.382347,487.0672
35.399788,487.0672
35.418133,486.9375
35.433926,486.9375
35.45169,486.9375
35.46672,486.9375
35.481163,486.9375
35.500404,487.87555
35.51617,487.87555
35.534462,487.93335
35.549145,487.93335
35.566418,488.22522
35.5839,488.22522
35.59946,488.22522
35.616936,488.1991
35.63248,488.1991
35.650574,487.93146
35.664925,487.93146
35.68389,487.49152
35.700085,487.49152
35.715675,487.49152
35.736546,488.12225
35.749165,488.12225
35.7651,488.12225
35.781837,488.12225
35.800392,488.12225
35.818127,487.7752
35.832283,487.7752
35.852554,487.7752
35.86663,487.7752
35.88205,487.7752
35.90106,487.06158
35.916924,487.06158
35.933834,487.14557
35.9488,487.14557
35.96569,486.70966
35.98365,486.70966
35.998493,486.70966
36.017067,486.46637
36.03305,486.46637
36.051174,486.03668
36.066895,486.03668
36.08232,486.03668
36.100666,486.03668
36.11573,486.03668
36.1351,485.89813
36.150036,485.89813
36.16693,486.2708
36.182976,486.2708
36.199207,486.2708
36.21952,486.44543
36.23485,486.44543
36.253742,486.44543
36.266098,486.44543
36.286243,486.028
36.30084,486.028
36.316406,486.028
36.33339,486.4286
36.349392,486.4286
36.367302,487.87756
36.384815,487.87756
36.40248,487.87756
36.419266,487.87756
36.43385,487.87756
36.451744,487.49353
36.467022,487.49353
36.48534,487.47223
36.50022,487.47223
36.51938,487.47223
36.536346,489.13257
36.548904,489.13257
36.567684,489.722
36.583504,489.722
36.60181,489.722
36.617542,490.26385
36.632423,490.26385
36.65309,491.03278
36.665154,491.03278
36.68357,491.03278
36.70081,491.93964
36.716564,491.93964
36.734577,493.6745
36.750698,493.6745
36.766632,494.50848
36.78401,494.50848
36.80143,494.50848
36.81816,494.2705
36.83368,494.2705
36.853268,495.76447
36.866455,495.76447
36.884277,496.09827
36.90058,496.09827
36.916004,496.09827
36.93441,496.75525
36.95075,496.75525
36.96587,497.00775
36.98339,497.00775
36.999897,497.00775
37.01738,497.94092
37.033077,497.94092
37.05447,497.7874
37.06451,497.7874
37.081497,497.7874
37.10088,499.6266
37.116737,499.6266
37.13418,499.78113
37.14915,499.78113
37.1671,499.79132
37.183647,499.79132
37.19827,499.79132
37.219063,501.72998
37.23264,501.72998
37.250454,502.54926
37.2661,502.54926
37.282536,502.54926
37.300106,504.24683
37.315193,504.24683
37.33317,504.18823
37.34929,504.18823
37.365833,505.0598
37.38353,505.0598
37.398872,505.0598
37.417873,506.34998
37.432472,506.34998
37.453922,508.0465
37.465622,508.0465
37.48443,509.25226
37.49961,509.25226
37.515476,509.25226
37.537632,510.42273
37.54979,510.42273
37.56538,510.27417
37.583378,510.27417
37.59814,510.27417
37.617348,511.8971
37.633236,511.8971
37.651012,513.74896
37.66694,513.74896
37.682472,513.74896
37.70075,514.4833
37.715977,514.4833
37.733166,515.0082
37.7491,515.0082
37.767357,517.9155
37.787582,517.9155
37.799118,517.9155
37.818283,517.37787
37.83288,517.37787
37.853493,517.6329
37.867172,517.6329
37.882668,517.6329
37.90036,517.68
37.915367,517.68
37.934174,520.0431
37.949924,520.0431
37.967,519.1982
37.9848,519.1982
38.00058,519.1982
38.01804,520.23175
38.03236,520.23175
38.05015,521.8899
38.06601,521.8899
38.08416,522.72687
38.099964,522.72687
38.118767,522.72687
38.13506,524.163
38.14971,524.163
38.165432,524.69684
38.183716,524.69684
38.19871,524.69684
38.217304,525.83527
38.233707,525.83527
38.25047,527.77075
38.266182,527.77075
38.282043,527.77075
38.29972,528.6129
38.315792,528.6129
38.332798,529.3411
38.349766,529.3411
38.37062,528.82574
38.383144,528.82574
38.398853,528.82574
38.417732,529.8441
38.43177,529.8441
38.45028,531.04126
38.464813,531.04126
38.485855,532.0087
38.50293,532.0087
38.51702,532.0087
38.535572,532.7125
38.549454,532.7125
38.56649,532.6356
38.584244,532.6356
38.599876,532.6356
38.620502,532.19556
38.63281,532.19556
38.650883,533.2706
38.665737,533.2706
38.682335,533.2706
38.700207,533.2143
38.717705,533.2143
38.732895,534.90546
38.7487,534.90546
38.767925,535.8856
38.782948,535.8856
38.798756,535.8856
38.817036,536.53217
38.831707,536.53217
38.850742,537.1261
38.86677,537.1261
38.88215,537.1261
38.90379,537.36
38.917164,537.36
38.933434,538.49097
38.948414,538.49097
38.967556,538.22174
38.98134,538.22174
38.999138,538.22174
39.017487,540.4977
39.032776,540.4977
39.050476,540.5405
39.0645,540.5405
39.08259,540.5405
39.098637,540.9091
39.11736,540.9091
39.133812,540.9433
39.149487,540.9433
39.165665,540.55554
39.183308,540.55554
39.1996,540.55554
39.217983,540.3984
39.231457,540.3984
39.25225,539.72974
39.267227,539.72974
39.282665,539.72974
39.300343,539.72833
39.31527,539.72833
39.335907,540.4597
39.349106,540.4597
39.367424,540.76215
39.38355,540.76215
39.399364,540.76215
39.41654,540.2478
39.43193,540.2478
39.452156,540.2974
39.465374,540.2974
39.481674,540.2974
39.500233,540.2991
39.51609,540.2991
39.532986,539.9769
39.548256,539.9769
39.57131,539.5746
39.582848,539.5746
39.598736,539.5746
39.616764,539.4425
39.633766,539.4425
39.6508,539.3026
39.665436,539.3026
39.68162,539.3026
39.69975,539.1983
39.7156,539.1983
39.733986,539.02997
39.748848,539.02997
39.765278,539.20233
39.783382,539.20233
39.799267,539.20233
39.81784,538.031
39.831223,538.031
39.851414,538.1439
39.866642,538.1439
39.883976,538.3137
39.89891,538.3137
39.915497,538.3137
39.934845,538.375
39.94912,538.375
39.9665,537.8784
39.98454,537.8784
39.999508,537.8784
40.018456,538.332
40.0334,538.332
40.050114,538.29504
40.06659,538.29504
40.083313,538.29504
40.100704,537.59546
40.11638,537.59546
40.135216,537.27386
40.14946,537.27386
40.166637,537.00415
40.183247,537.00415
40.199326,537.00415
40.217247,536.9055
40.231262,536.9055
40.24946,537.19476
40.265697,537.19476
40.28335,537.19476
40.300503,537.3863
40.315224,537.3863
40.336044,537.4766
40.35054,537.4766
40.366165,536.80835
40.383472,536.80835
40.39918,536.80835
40.41769,536.80835
40.432026,536.80835
40.449623,537.39844
40.46591,537.39844
40.484615,537.2767
40.500523,537.2767
40.5153,537.2767
40.532486,537.88525
40.547688,537.88525
40.56506,539.0708
40.582752,539.0708
40.599403,539.0708
40.618557,538.3363
40.632595,538.3363
40.650692,538.36365
40.66886,538.36365
40.684086,538.7815
40.700703,538.7815
40.716988,538.7815
40.732822,538.90515
40.748325,538.90515
40.767002,538.19165
40.783142,538.19165
40.800133,538.19165
40.817253,538.2311
40.832874,538.2311
40.850056,538.80255
40.86765,538.80255
40.88368,539.1508
40.89944,539.1508
40.916683,539.1508
40.933388,538.9188
40.948208,538.9188
40.965557,537.9828
40.983047,537.9828
40.99942,537.9828
41.01785,538.906
41.031033,538.906
41.04995,538.9289
41.06571,538.9289
41.08266,538.9289
41.10023,537.89746
41.11743,537.89746
41.13277,538.5473
41.148518,538.5473
41.165306,538.76447
41.182026,538.76447
41.19957,538.76447
41.21772,538.76447
41.233585,538.76447
41.253616,537.49384
41.267517,537.49384
41.286194,537.79254
41.300884,537.79254
41.316467,537.79254
41.332287,538.3267
41.35007,538.3267
41.36897,537.6706
41.38496,537.6706
41.398205,537.6706
41.41887,537.65234
41.43341,537.65234
41.454567,537.80634
41.46644,537.80634
41.48277,537.80634
41.500385,537.69165
41.51584,537.69165
41.53566,538.3053
41.54949,538.3053
41.56616,537.8899
41.58401,537.8899
41.599762,537.8899
41.616932,537.9693
41.633778,537.9693
41.649666,538.1696
41.66563,538.1696
41.68217,538.1696
41.700096,537.7832
41.715305,537.7832
41.735718,538.0996
41.750656,538.0996
41.767067,538.01184
41.784374,538.01184
41.799023,538.01184
41.818085,537.937
41.832455,537.937
41.850254,537.88983
41.86737,537.88983
41.883873,536.74603
41.903103,536.74603
41.917034,536.74603
41.934376,536.4825
41.949432,536.4825
41.96672,537.93335
41.983482,537.93335
41.998775,537.93335
42.01764,538.24255
42.033073,538.24255
42.051144,538.0423
42.06569,538.0423
42.08289,538.0423
42.100735,538.0039
42.114487,538.0039
42.13415,538.1891
42.14875,538.1891
42.166016,538.1891
42.18487,538.1891
42.198742,538.1891
42.217793,537.85187
42.23274,537.85187
42.253983,537.428
42.265392,537.428
42.283928,537.4383
42.299984,537.4383
42.31643,537.4383
42.33316,537.38116
42.34884,537.38116
42.365448,537.4684
42.38281,537.4684
42.398453,537.4684
42.417664,537.5794
42.432236,537.5794
42.451256,537.914
42.46688,537.914
42.48145,537.914
42.50054,537.6372
42.515415,537.6372
42.533836,535.91284
42.549644,535.91284
42.56654,535.7793
42.584293,535.7793
42.599365,535.7793
42.61634,535.08405
42.632847,535.08405
42.64912,534.05304
42.66515,534.05304
42.682556,534.05304
42.700512,532.32776
42.715446,532.32776
42.73408,531.95984
42.749603,531.95984
42.765335,531.99066
42.782475,531.99066
42.799805,531.99066
42.816147,530.34955
42.831974,530.34955
42.86002,531.5408
42.87142,531.5408
42.88652,530.45575
42.902733,530.45575
42.918037,530.45575
42.939434,528.81305
42.95434,528.81305
42.97242,528.3363
42.98769,528.3363
43.002514,528.3363
43.01856,527.7476
43.033924,527.7476
43.053013,526.45044
43.06785,526.45044
43.08653,525.82904
43.10161,525.82904
43.117855,525.82904
43.136944,525.0766
43.150913,525.0766
43.171963,524.08636
43.18471,524.08636
43.202324,524.08636
43.2193,523.39526
43.23543,523.39526
43.252632,521.5753
43.2663,521.5753
43.285946,522.2174
43.30057,522.2174
43.316795,522.2174
43.336395,521.881
43.352192,521.881
43.372753,521.1288
43.385605,521.1288
43.401546,521.1288
43.42,520.6782
43.43604,520.6782
43.45268,520.60974
43.46841,520.60974
43.48487,518.6579
43.50201,518.6579
43.51822,518.6579
43.538124,518.73834
43.550632,518.73834
43.56815,517.8018
43.584743,517.8018
43.601753,517.8018
43.618744,516.6754
43.635303,516.6754
43.651978,514.9
43.668583,514.9
43.684246,514.106
43.701946,514.106
43.717262,514.106
43.735634,513.5271
43.751675,513.5271
43.767307,513.5271
43.788937,513.5211
43.800785,513.5211
43.81878,513.0758
43.834324,513.0758
43.855537,512.4495
43.867603,512.4495
43.88489,511.99115
43.902447,511.99115
43.917248,511.99115
43.93605,511.9378
43.950466,511.9378
43.968273,511.17413
43.984154,511.17413
44.000877,511.17413
44.018585,511.57007
44.035538,511.57007
44.052803,510.70746
44.067924,510.70746
44.08499,511.52216
44.100536,511.52216
44.11841,511.52216
44.135902,510.92627
44.15176,510.92627
44.169235,510.6964
44.184494,510.6964
44.200287,510.6964
44.219242,510.41937
44.235664,510.41937
44.25379,509.50696
44.267868,509.50696
44.28476,508.05444
44.302372,508.05444
44.31848,508.05444
44.337986,507.32196
44.35035,507.32196
44.3691,507.61
44.38426,507.61
44.401302,507.61
44.418747,506.95264
44.43539,506.95264
44.45131,505.91327
44.46713,505.91327
44.48532,505.109
44.50066,505.109
44.51721,505.109
44.535633,505.13953
44.55152,505.13953
44.571163,504.32892
44.584427,504.32892
44.60202,504.32892
44.619614,503.9245
44.63497,503.9245
44.656612,502.76147
44.667435,502.76147
44.68415,501.88184
44.702827,501.88184
44.7179,501.88184
44.736103,503.62555
44.75207,503.62555
44.76846,501.47113
44.78534,501.47113
44.801716,501.47113
44.819393,500.5752
44.834297,500.5752
44.85129,500.6018
44.86816,500.6018
44.885166,499.73706
44.90197,499.73706
44.917366,499.73706
44.935764,499.61884
44.967278,498.75122
44.978825,498.75122
44.99215,498.75122
45.009407,498.5136
45.025032,498.5136
45.04222,498.5136
45.059334,498.3484
45.075645,498.3484
45.094273,498.38983
45.108463,498.38983
45.127037,499.25854
45.145855,499.25854
45.15821,499.25854
45.17671,497.63
45.192272,497.63
45.210278,498.4306
45.225143,498.4306
45.242104,498.4306
45.259323,496.867
45.275246,496.867
45.297226,496.73932
45.30918,496.73932
45.326786,496.40356
45.34572,496.40356
45.35902,496.40356
45.377457,496.5091
45.393177,496.5091
45.412827,497.0833
45.426086,497.0833
45.441494,497.0833
45.459488,497.0833
45.475174,497.0833
45.49278,496.92993
45.50922,496.92993
45.52662,497.8
45.543415,497.8
45.559467,497.8
45.57824,496.96918
45.591328,496.96918
45.609913,497.09613
45.624275,497.09613
45.641766,497.09613
45.659306,496.07593
45.676273,496.07593
45.695114,496.18103
45.70894,496.18103
45.726273,495.83612
45.74473,495.83612
45.760372,495.83612
45.77631,495.83612
45.792038,495.83612
45.813328,495.7763
45.825027,495.7763
45.842613,495.7763
45.860146,495.76752
45.875263,495.76752
45.894825,495.61414
45.907467,495.61414
45.924294,495.90253
45.941227,495.90253
45.958057,495.90253
45.976368,495.78125
45.9913,495.78125
46.011112,496.31482
46.024296,496.31482
46.04179,496.31482
46.062805,495.32507
46.076176,495.32507
46.092533,495.03027
46.11218,495.03027
46.12838,495.99567
46.143543,495.99567
46.16063,495.99567
46.176388,496.5896
46.19074,496.5896
46.213104,496.68445
46.225777,496.68445
46.241848,496.68445
46.25896,496.01825
46.27472,496.01825
46.296146,495.4889
46.307423,495.4889
46.325294,495.83618
46.341873,495.83618
46.357014,495.83618
46.37574,496.07294
46.392113,496.07294
46.410355,495.73303
46.42573,495.73303
46.44079,495.73303
46.46012,496.1416
46.475117,496.1416
46.492783,496.1416
46.50721,496.1416
46.524754,495.68085
46.541473,495.68085
46.557644,495.68085
46.577667,495.83612
46.591267,495.83612
46.612144,494.1964
46.624935,494.1964
46.643044,494.1964
46.660145,494.11792
46.675,494.11792
46.692734,495.08295
46.709194,495.08295
46.724976,494.9956
46.743,494.9956
46.758713,494.9956
46.77576,495.3216
46.792007,495.3216
46.809303,495.37823
46.82592,495.37823
46.84255,495.37823
46.859886,495.12555
46.87384,495.12555
46.89563,495.19397
46.909103,495.19397
46.926136,495.0833
46.941986,495.0833
46.958214,495.0833
46.976162,495.02167
46.991203,495.02167
47.008827,495.23682
47.024242,495.23682
47.043247,495.23682
47.0589,494.31305
47.074223,494.31305
47.092438,494.5443
47.107967,494.5443
47.124714,494.5443
47.142624,494.5443
47.159016,494.5443
47.179512,494.70868
47.191433,494.70868
47.209347,494.70868
47.225285,494.70868
47.24557,494.70868
47.260098,494.61108
47.275414,494.61108
47.29337,495.01276
47.308617,495.01276
47.326435,495.0681
47.343113,495.0681
47.35754,495.0681
47.376736,495.05957
47.392605,495.05957
47.41317,494.54785
47.425934,494.54785
47.442238,494.54785
47.459705,494.62335
47.474792,494.62335
47.49315,494.9231
47.50732,494.9231
47.525642,494.9231
47.54218,494.9231
47.559326,494.9231
47.576145,494.4508
47.59119,494.4508
47.609528,494.3875
47.624912,494.3875
47.641026,494.3875
47.65935,494.63635
47.675007,494.63635
47.692238,494.40002
47.70702,494.40002
47.724373,496.4936
47.742004,496.4936
47.7574,496.4936
47.776985,495.49152
47.791428,495.49152
47.80914,494.7395
47.82446,494.7395
47.842022,494.7395
47.859097,494.69354
47.87491,494.69354
47.892105,495.14343
47.90946,495.14343
47.92522,495.11865
47.943382,495.11865
47.959587,495.11865
47.97551,494.58203
47.992233,494.58203
48.009975,494.51624
48.025608,494.51624
48.04147,494.51624
48.060143,494.39758
48.07401,494.39758
48.092003,494.3755
48.107903,494.3755
48.12467,495.03613
48.14155,495.03613
48.159943,495.03613
48.176624,495.65967
48.191418,495.65967
48.209267,494.81775
48.225376,494.81775
48.242176,494.81775
48.258213,494.99548
48.2746,494.99548
48.292328,495.31604
48.30914,495.31604
48.32424,495.08612
48.342052,495.08612
48.357903,495.08612
48.375137,494.9234
48.39148,494.9234
48.41142,494.90637
48.425045,494.90637
48.44285,494.90637
48.460365,494.89026
48.475525,494.89026
48.49342,494.8947
48.50878,494.8947
48.524864,496.4132
48.543827,496.4132
48.559708,496.4132
48.57656,497.0558
48.591805,497.0558
48.60885,498.54388
48.624615,498.54388
48.64146,498.54388
48.65973,498.69232
48.67571,498.69232
48.69225,499.39215
48.70709,499.39215
48.72434,500.758
48.740784,500.758
48.759983,500.758
48.775043,502.41595
48.791264,502.41595
48.80912,503.85455
48.824863,503.85455
48.840904,503.85455
48.859627,503.33478
48.874847,503.33478
48.89319,504.62213
48.909035,504.62213
48.92433,505.40723
48.941536,505.40723
48.959335,505.40723
48.98019,505.385
48.991936,505.385
49.011967,505.76825
49.024933,505.76825
49.040577,505.76825
49.059242,507.9286
49.074684,507.9286
49.0925,508.02173
49.107666,508.02173
49.126095,508.61572
49.142242,508.61572
49.15755,508.61572
49.17721,510.94446
49.192417,510.94446
49.209103,512.12134
49.22498,512.12134
49.241764,512.12134
49.25969,513.1453
49.27545,513.1453
49.29676,513.4866
49.309776,513.4866
49.3266,514.6941
49.34175,514.6941
49.358917,514.6941
49.380344,516.1453
49.391212,516.1453
49.409634,515.9451
49.425854,515.9451
49.441795,515.9451
49.45946,517.6271
49.47425,517.6271
49.49391,517.7879
49.507324,517.7879
49.525124,518.533
49.543266,518.533
49.55865,518.533
49.575672,519.1667
49.591557,519.1667
49.60863,518.69916
49.62474,518.69916
49.641197,518.69916
49.6597,520.08484
49.67477,520.08484
49.692905,522.0089
49.708252,522.0089
49.724537,521.6061
49.74167,521.6061
49.759453,521.6061
49.77639,522.8981
49.79198,522.8981
49.808784,522.5286
49.82518,522.5286
49.842045,522.5286
49.858955,523.2375
49.874424,523.2375
49.894203,524.48596
49.907536,524.48596
49.92463,525.81616
49.94121,525.81616
49.959095,525.81616
49.975246,527.5708
49.991173,527.5708
50.01047,527.5665
50.02426,527.5665
50.0426,527.5665
50.06015,526.77545
50.074535,526.77545
50.095173,528.0893
50.109276,528.0893
50.124928,527.38495
50.141907,527.38495
50.15872,527.38495
50.176003,527.7652
50.191513,527.7652
50.21301,528.18384
50.225227,528.18384
50.242146,528.18384
50.259655,528.46375
50.275963,528.46375
50.292545,528.85223
50.308613,528.85223
50.32774,527.985
50.342712,527.985
50.359127,527.985
50.37704,528.0754
50.391148,528.0754
50.409073,527.8552
50.424603,527.8552
50.4417,527.8552
50.459797,526.95154
50.474247,526.95154
50.493423,526.9524
50.508045,526.9524
50.524624,527.2775
50.542297,527.2775
50.558613,527.2775
50.576828,527.4978
50.590427,527.4978
50.60863,527.12384
50.624516,527.12384
50.642258,527.12384
50.660156,527.3333
50.674305,527.3333
50.69308,528.19116
50.708282,528.19116
50.72626,528.3512
50.74359,528.3512
50.758583,528.3512
50.775696,527.2826
50.791626,527.2826
50.80931,527.08673
50.82474,527.08673
50.841793,527.08673
50.86049,527.5974
50.874847,527.5974
50.89316,527.2928
50.90867,527.2928
50.927677,526.1036
50.941456,526.1036
50.958363,526.1036
50.976215,525.819
50.9913,525.819
51.00956,526.13336
51.024483,526.13336
51.04215,526.13336
51.05927,526.25574
51.074352,526.25574
51.095657,525.08453
51.108376,525.08453
51.124626,525.0755
51.14135,525.0755
51.157337,525.0755
51.177425,525.8788
51.19112,525.8788
51.21286,526.0443
51.225258,526.0443
51.24122,526.0443
51.258728,525.7991
51.274242,525.7991
51.293125,525.7907
51.307144,525.7907
51.325516,525.64545
51.342827,525.64545
51.357708,525.64545
51.377823,525.8768
51.392757,525.8768
51.41205,526.14215
51.42493,526.14215
51.441326,526.14215
51.459286,525.9903
51.475315,525.9903
51.49331,526.31555
51.507374,526.31555
51.524685,526.28766
51.541744,526.28766
51.55782,526.28766
51.57643,525.37103
51.591454,525.37103
51.608364,525.5982
51.624805,525.5982
51.641205,525.5982
51.660236,525.5102
51.675377,525.5102
51.693523,525.7565
51.707607,525.7565
51.72463,524.8152
51.741295,524.8152
51.75778,524.8152
51.776543,524.7692
51.79455,524.7692
51.80841,524.8531
51.824253,524.8531
51.842205,524.8531
51.859177,524.29114
51.87437,524.29114
51.8934,524.75964
51.907795,524.75964
51.92664,524.72
51.94221,524.72
51.958096,524.72
51.9774,524.96906
51.991695,524.96906
52.009457,524.3379
52.025013,524.3379
52.041542,524.3379
52.05878,523.3889
52.075367,523.3889
52.093147,523.50684
52.10822,523.50684
52.12444,524.30457
52.142586,524.30457
52.16226,524.30457
52.17743,524.1211
52.193336,524.1211
52.21236,523.7727
52.225094,523.7727
52.24121,523.7727
52.259647,523.57324
52.275898,523.57324
52.29278,524.0507
52.307575,524.0507
52.32491,523.7844
52.34253,523.7844
52.358974,523.7844
52.37634,524.40955
52.391834,524.40955
52.409718,524.40955
52.42557,524.40955
52.441734,524.40955
52.459538,523.59906
52.475872,523.59906
52.493626,523.73364
52.508198,523.73364
52.52456,522.22375
52.543255,522.22375
52.55745,522.22375
52.57671,522.8302
52.591705,522.8302
52.610268,522.3805
52.625534,522.3805
52.641617,522.3805
52.660255,522.2823
52.674984,522.2823
52.69319,522.35815
52.70889,522.35815
52.725468,521.922
52.74307,521.922
52.75874,521.922
52.780193,523.3535
52.79291,523.3535
52.81054,523.5364
52.824863,523.5364
52.841457,523.5364
52.859188,522.1065
52.874405,522.1065
52.892742,521.8925
52.90929,521.8925
52.925713,521.40173
52.94417,521.40173
52.959373,521.40173
52.980644,521.40173
52.99577,521.40173
53.012566,521.75946
53.024574,521.75946
53.042484,521.75946
53.058846,521.99536
53.07579,521.99536
53.09243,521.9223
53.108852,521.9223
53.126076,521.3333
53.14283,521.3333
53.158356,521.3333
53.178696,521.5845
53.191277,521.5845
53.213314,521.95135
53.22476,521.95135
53.24102,521.95135
53.25972,522.4477
53.273865,522.4477
53.293106,522.47864
53.308903,522.47864
53.32641,522.48694
53.341667,522.48694
53.358826,522.48694
53.375816,521.81274
53.39414,521.81274
53.40984,523.2
53.424595,523.2
53.441032,523.2
53.463314,522.74023
53.475906,522.74023
53.49269,521.66064
53.50842,521.66064
53.524834,521.5184
53.54139,521.5184
53.557484,521.5184
53.576714,523.0362
53.59189,523.0362
53.61026,523.57355
53.62525,523.57355
53.642586,523.57355
53.659386,520.68097
53.67445,520.68097
53.696095,521.2911
53.707924,521.2911
53.725597,522.55963
53.743896,522.55963
53.75897,522.55963
53.77628,522.55963
53.79197,522.55963
53.80897,522.1284
53.825054,522.1284
53.84186,522.1284
53.860085,522.06665
53.87411,522.06665
53.893734,522.5309
53.908756,522.5309
53.92639,522.56274
53.942932,522.56274
53.958534,522.56274
53.97724,522.5909
53.99181,522.5909
54.00983,522.08295
54.02417,522.08295
54.04116,522.08295
54.060024,522.1941
54.07606,522.1941
54.09217,522.1941
54.108322,522.1941
54.124615,522.7137
54.14285,522.7137
54.159336,522.7137
54.176723,522.64886
54.1918,522.64886
54.209652,521.668
54.22529,521.668
54.242413,521.668
54.259632,522.6135
54.275524,522.6135
54.2935,522.0346
54.30896,522.0346
54.32735,521.4496
54.34176,521.4496
54.358368,521.4496
54.37761,521.19006
54.39141,521.19006
54.408787,520.9556
54.42649,520.9556
54.441322,520.9556
54.459923,521.46906
54.47535,521.46906
54.493782,521.0583
54.508625,521.0583
54.5256,521.0583
54.543568,521.8319
54.559765,521.8319
54.577263,521.4914
54.592148,521.4914
54.60992,521.2137
54.626,521.2137
54.641384,521.2137
54.659683,521.1753
54.67585,521.1753
54.69216,520.58466
54.707462,520.58466
54.726368,520.1565
54.743767,520.1565
54.759335,520.1565
54.77761,521.42993
54.791862,521.42993
54.809174,519.8909
54.825428,519.8909
54.842712,519.8909
54.85987,518.8194
54.875217,518.8194
54.893345,518.6977
54.90795,518.6977
54.9252,518.8102
54.942577,518.8102
54.958958,518.8102
54.97656,517.19196
54.991688,517.19196
55.00898,515.8311
55.02517,515.8311
55.041904,515.8311
55.05881,515.29034
55.075638,515.29034
55.09211,513.3871
55.10805,513.3871
55.126156,512.77826
55.142952,512.77826
55.15912,512.77826
55.17628,510.88525
55.19233,510.88525
55.210297,510.86603
55.224598,510.86603
55.242626,510.86603
55.25948,509.9325
55.274967,509.9325
55.29392,509.10712
55.30905,509.10712
55.327908,507.65338
55.342968,507.65338
55.358627,507.65338
55.376457,507.59375
55.39286,507.59375
55.410286,505.60596
55.4256,505.60596
55.442158,505.60596
55.46073,504.9685
55.47503,504.9685
55.49361,504.5
55.508133,504.5
55.52536,504.38586
55.54389,504.38586
55.559097,504.38586
55.576702,504.48584
55.591084,504.48584
55.610676,502.16962
55.6252,502.16962
55.64264,502.16962
55.659748,500.9585
55.675926,500.9585
55.693756,500.72974
55.707634,500.72974
55.72713,499.63837
55.743793,499.63837
55.75911,499.63837
55.776478,498.8606
55.792576,498.8606
55.810158,497.18262
55.82499,497.18262
55.84122,497.18262
55.859997,497.6435
55.875626,497.6435
55.892803,495.9309
55.909096,495.9309
55.926,496.33472
55.941372,496.33472
55.95983,496.33472
55.975853,495.0683
55.992325,495.0683
56.01437,494.4643
56.024715,494.4643
56.042667,494.4643
56.059223,494.38892
56.07591,494.38892
56.09317,494.75208
56.109253,494.75208
56.125507,493.99078
56.143322,493.99078
56.159405,493.99078
56.17721,492.44543
56.191353,492.44543
56.210773,491.96954
56.225338,491.96954
56.241154,491.96954
56.26039,492.17114
56.274635,492.17114
56.29443,491.39917
56.308903,491.39917
56.32529,491.08087
56.342804,491.08087
56.35871,491.08087
56.37662,490.6667
56.391567,490.6667
56.41357,490.83673
56.425488,490.83673
56.44154,490.83673
56.45928,491.54785
56.47432,491.54785
56.49689,491.45654
56.5082,491.45654
56.524715,490.5374
56.543594,490.5374
56.55817,490.5374
56.57755,489.9124
56.59294,489.9124
56.609474,489.83783
56.62533,489.83783
56.641262,489.83783
56.660065,489.95154
56.674107,489.95154
56.693394,489.87866
56.708477,489.87866
56.725685,489.3202
56.744003,489.3202
56.75976,489.3202
56.77733,489.0901
56.79124,489.0901
56.809162,488.9864
56.824203,488.9864
56.844086,489.41895
56.860214,489.41895
56.874435,489.41895
56.892036,489.65198
56.908264,489.65198
56.925846,489.68073
56.942425,489.68073
56.957836,489.68073
56.977386,489.10962
56.99129,489.10962
57.009705,489.00464
57.024757,489.00464
57.042118,489.00464
57.05989,489.4934
57.07536,489.4934
57.093544,489.80786
57.109303,489.80786
57.126434,489.812
57.14431,489.812
57.159317,489.812
57.17695,490.48608
57.190907,490.48608
57.210167,489.7652
57.22833,489.7652
57.244274,490.04218
57.261307,490.04218
57.27401,490.04218
57.29391,490.36365
57.308956,490.36365
57.32634,489.53784
57.343414,489.53784
57.358902,489.53784
57.376846,489.9875
57.39373,489.9875
57.411926,490.5219
57.424755,490.5219
57.441727,490.5219
57.459446,490.84766
57.474865,490.84766
57.49332,490.18304
57.50868,490.18304
57.528084,490.1892
57.54273,490.1892
57.55959,490.1892
57.577618,489.95746
57.592625,489.95746
57.608414,489.95746
57.62496,489.95746
57.641876,489.95746
57.6596,490.75525
57.674736,490.75525
57.69287,490.75525
57.708828,490.75525
57.72758,490.34296
57.742607,490.34296
57.75938,490.34296
57.776123,490.22632
57.79257,490.22632
57.809723,489.375
57.8258,489.375
57.841576,489.375
57.859467,489.82202
57.875504,489.82202
57.89397,490.26837
57.907646,490.26837
57.925995,490.0088
57.94304,490.0088
57.95872,490.0088
57.97738,489.0901
57.99283,489.0901
58.010258,489.6106
58.02439,489.6106
58.042637,489.6106
58.058804,489.7243
58.07542,489.7243
58.093895,489.15216
58.109062,489.15216
58.1253,488.76294
58.142952,488.76294
58.158726,488.76294
58.176533,489.11212
58.19144,489.11212
58.20935,489.68866
58.225094,489.68866
58.241993,489.68866
58.26091,489.68866
58.27522,489.68866
58.29192,490.4701
58.3086,490.4701
58.325256,490.3648
58.342514,490.3648
58.357822,490.3648
58.376945,490.1629
58.3926,490.1629
58.409733,490.3125
58.42466,490.3125
58.441628,490.3125
58.458836,490.40723
58.474606,490.40723
58.492767,489.33173
58.507713,489.33173
58.52594,488.4251
58.544712,488.4251
58.561874,488.4251
58.578537,488.39758
58.59314,488.39758
58.610287,489.05182
58.626396,489.05182
58.6424,489.05182
58.660034,489.30615
58.675217,489.30615
58.692482,489.73682
58.70806,489.73682
58.725563,488.81537
58.743343,488.81537
58.75933,488.81537
58.777023,488.96442
58.791946,488.96442
58.809914,488.96442
58.825546,488.96442
58.842003,488.96442
58.859795,488.57574
58.875027,488.57574
58.893147,488.55652
58.9086,488.55652
58.92509,488.53217
58.941673,488.53217
58.95876,488.53217
58.978092,488.56708
58.991913,488.56708
59.00991,488.25116
59.025436,488.25116
59.04211,488.25116
59.05972,488.6991
59.075012,488.6991
59.09297,487.75665
59.10834,487.75665
59.126217,487.88647
59.14337,487.88647
59.160366,487.88647
59.175896,488.5642
59.190998,488.5642
59.20863,488.53882
59.225544,488.53882
59.242477,488.53882
59.260014,488.39453
59.27634,488.39453
59.29423,489.04388
59.30929,489.04388
59.325054,489.38562
59.341568,489.38562
59.35886,489.38562
59.37731,489.4095
59.394585,489.4095
59.410294,490.38464
59.425777,490.38464
59.442955,490.38464
59.459553,490.88336
59.47671,490.88336
59.49339,489.3333
59.509003,489.3333
59.526066,490.0923
59.542274,490.0923
59.558964,490.0923
59.57593,490.67926
59.59199,490.67926
59.610897,490.2379
59.626705,490.2379
59.64211,490.2379
59.65965,490.9762
59.67565,490.9762
59.693867,491.1762
59.708633,491.1762
59.725357,490.58228
59.74273,490.58228
59.7589,490.58228
59.776684,490.7801
59.79225,490.7801
59.809536,491.02478
59.82478,491.02478
59.842255,491.02478
59.859905,491.02478
59.87566,491.02478
59.894352,490.6955
59.908367,490.6955
59.926006,490.60248
59.942417,490.60248
59.959503,490.60248
59.976967,489.30963
59.993275,489.30963
60.0,489.30963
