0.12,316.73944
0.2,318.30896
0.24,318.27777
0.27686742,318.17096
0.29305345,318.17096
0.30992982,317.14813
0.32572615,317.11652
0.34464628,317.11652
0.3588048,317.11652
0.377912,318.70477
0.39215675,318.70477
0.4170109,320.05835
0.42824104,320.05835
0.44174308,320.05835
0.46051812,318.57574
0.47452983,318.57574
0.49310857,319.68695
0.5096209,319.68695
0.5251638,318.6435
0.5425118,318.6435
0.55887645,318.6435
0.5777784,319.35925
0.591841,319.35925
0.6098278,322.4157
0.6251904,322.4157
0.64176446,322.4157
0.66050535,323.6964
0.674533,323.6964
0.6928603,324.41235
0.70738256,324.41235
0.72594094,323.6759
0.7433927,323.6759
0.75849444,323.6759
0.77712834,326.81134
0.79145586,326.81134
0.8133746,327.86438
0.82594675,327.86438
0.84129447,327.86438
0.8592833,330.25
0.8743962,330.25
0.8932585,327.76514
0.9090196,327.76514
0.9264509,330.53076
0.94184107,330.53076
0.9583163,330.53076
0.9761969,331.55072
0.99239653,331.55072
1.0096251,331.08826
1.0257288,331.08826
1.042525,331.08826
1.0584995,331.70093
1.0750573,331.70093
1.0972837,333.79578
1.1094172,333.79578
1.1286889,333.15387
1.1429592,333.15387
1.1580923,333.15387
1.1764287,335.63196
1.1919218,335.63196
1.2104928,339.04688
1.226587,339.04688
1.2428527,339.04688
1.2604226,337.93848
1.2759697,337.93848
1.2969754,338.72797
1.3095055,338.72797
1.3252511,338.84326
1.3429942,338.84326
1.3584899,338.84326
1.376879,342.72656
1.3901676,342.72656
1.4138243,340.24548
1.4261644,340.24548
1.4414924,340.24548
1.4600525,342.37738
1.4751496,342.37738
1.4934983,345.47498
1.5081103,345.47498
1.5257497,347.0769
1.5431519,347.0769
1.5580797,347.0769
1.5764391,346.66388
1.5913777,346.66388
1.6141164,345.76
1.626048,345.76
1.6413139,345.76
1.6608537,352.1504
1.6770446,352.1504
1.6936672,351.2411
1.7093706,351.2411
1.7258673,353.04272
1.7445097,353.04272
1.7591506,353.04272
1.77747,354.57025
1.7932632,354.57025
1.8110213,356.07642
1.8266554,356.07642
1.8411865,356.07642
1.8600789,358.9054
1.8756704,358.9054
1.8938522,357.51233
1.9086239,357.51233
1.9290354,358.18658
1.943069,358.18658
1.9590292,358.18658
1.9798977,360.63702
1.9933105,360.63702
2.0101817,360.63702
2.0312757,364.5301
2.042643,364.5301
2.0597246,360.82532
2.0750225,360.82532
2.0928357,363.35065
2.1076972,363.35065
2.126765,365.55707
2.1417356,365.55707
2.1598532,365.55707
2.1753116,367.6803
2.192462,367.6803
2.211043,369.2846
2.2288613,369.2846
2.241319,369.2846
2.2603083,372.52942
2.27508,372.52942
2.2941432,374.3509
2.3091724,374.3509
2.3252788,374.03052
2.3427126,374.03052
2.3585756,374.03052
2.3760302,377.6457
2.3927333,377.6457
2.4096992,378.03998
2.4260716,378.03998
2.4427876,378.03998
2.46063,379.19623
2.4759119,379.19623
2.4943254,379.93335
2.5102005,379.93335
2.5267365,382.00732
2.5427833,382.00732
2.5586023,382.00732
2.577086,380.39667
2.5919454,380.39667
2.6132991,379.55853
2.6295686,379.55853
2.641648,379.55853
2.660754,380.15515
2.6745207,380.15515
2.6917503,379.5526
2.7089462,379.5526
2.7250347,382.424
2.7414305,382.424
2.7578645,382.424
2.776588,382.99146
2.7911499,382.99146
2.8095155,382.98346
2.826011,382.98346
2.841402,382.98346
2.8596306,379.84955
2.8736396,379.84955
2.8927188,380.60315
2.9086125,380.60315
2.92608,379.91473
2.9415278,379.91473
2.957941,379.91473
2.9774952,380.0
2.9922693,380.0
3.009478,378.8047
3.0242624,378.8047
3.0416987,378.8047
3.0599253,379.11108
3.0743902,379.11108
3.0941098,377.33057
3.1093862,377.33057
3.1257954,379.24408
3.1438293,379.24408
3.159141,379.24408
3.178339,378.9781
3.1920748,378.9781
3.2112372,379.61157
3.2266827,379.61157
3.2434814,379.61157
3.2597003,378.44928
3.2748208,378.44928
3.292867,379.35382
3.3078141,379.35382
3.3283465,377.48798
3.3436122,377.48798
3.3592155,377.48798
3.3779163,376.5833
3.3918314,376.5833
3.4126177,379.4803
3.4265187,379.4803
3.441471,379.4803
3.4613273,374.51306
3.475792,374.51306
3.4933565,377.016
3.5071466,377.016
3.5286188,377.9203
3.5439706,377.9203
3.5591962,377.9203
3.5751207,377.2766
3.5913377,377.2766
3.6130137,375.3553
3.6282873,375.3553
3.6433642,375.3553
3.6613505,374.11023
3.6757247,374.11023
3.6971395,374.4179
3.709072,374.4179
3.7258785,376.1385
3.74561,376.1385
3.759437,376.1385
3.7784014,376.65625
3.7941375,376.65625
3.814374,374.8739
3.8256216,374.8739
3.8423858,374.8739
3.8601413,375.719
3.8759966,375.719
3.8929548,375.24762
3.9092782,375.24762
3.9265323,374.93335
3.9427738,374.93335
3.9589665,374.93335
3.9770997,373.75592
3.9920611,373.75592
4.0142345,375.38806
4.024784,375.38806
4.04223,375.38806
4.0598607,375.36
4.0749035,375.36
4.092486,374.75574
4.1085362,374.75574
4.126661,376.36987
4.1425653,376.36987
4.1581326,376.36987
4.176162,376.09857
4.191062,376.09857
4.210697,377.0172
4.225708,377.0172
4.2437005,377.0172
4.260195,378.4491
4.2760253,378.4491
4.2930894,377.25372
4.307713,377.25372
4.3247643,377.19403
4.341531,377.19403
4.358788,377.19403
4.3775525,376.2016
4.3914876,376.2016
4.4101357,376.05713
4.424733,376.05713
4.442382,376.05713
4.4601135,374.2553
4.4748507,374.2553
4.4928985,373.9635
4.507647,373.9635
4.526782,373.6875
4.542749,373.6875
4.5582943,373.6875
4.577331,375.44183
4.5933156,375.44183
4.6101437,375.81818
4.6252003,375.81818
4.6416616,375.81818
4.6607904,376.52527
4.6743135,376.52527
4.6930633,376.23334
4.7094345,376.23334
4.7262497,375.95538
4.7425647,375.95538
4.759883,375.95538
4.7779813,375.9375
4.792225,375.9375
4.8097157,374.2906
4.8256426,374.2906
4.841592,374.2906
4.8601823,375.8777
4.8782806,375.8777
4.8965173,374.87177
4.908348,374.87177
4.9277134,376.87177
4.944698,376.87177
4.9584346,376.87177
4.97877,375.84003
4.9938374,375.84003
5.0125675,375.83582
5.0316973,375.83582
5.0439196,375.83582
5.0600743,374.76
5.075993,374.76
5.096193,371.92157
5.1100864,371.92157
5.1264434,372.14386
5.1441436,372.14386
5.159011,372.14386
5.176696,371.7143
5.193021,371.7143
5.213446,371.31494
5.2298355,371.31494
5.243126,371.31494
5.262111,373.4483
5.2786603,373.4483
5.2978373,374.4967
5.3112283,374.4967
5.3264766,374.24115
5.3438067,374.24115
5.359104,374.24115
5.377381,373.9179
5.390486,373.9179
5.409522,375.0833
5.4254136,375.0833
5.440338,375.0833
5.4606094,371.37585
5.474365,371.37585
5.491313,376.85712
5.5089946,376.85712
5.5268955,373.49268
5.5434217,373.49268
5.559545,373.49268
5.5775294,374.40002
5.5920777,374.40002
5.61056,373.2171
5.626286,373.2171
5.6415153,373.2171
5.6603556,373.84558
5.6754985,373.84558
5.6925726,373.67462
5.7088194,373.67462
5.7276883,372.5926
5.743774,372.5926
5.760104,372.5926
5.7770805,374.8897
5.7933097,374.8897
5.8085675,372.41223
5.8255305,372.41223
5.842596,372.41223
5.859712,371.89148
5.874574,371.89148
5.892103,370.0204
5.90709,370.0204
5.924762,370.0204
5.941265,370.0204
5.9586554,370.0204
5.9771295,370.45947
5.991385,370.45947
6.013252,371.8258
6.024844,371.8258
6.041813,371.8258
6.060477,371.5725
6.0776196,371.5725
6.0931835,373.16058
6.109434,373.16058
6.1279955,373.0959
6.1468883,373.0959
6.159008,373.0959
6.178366,374.1844
6.194987,374.1844
6.21056,376.1624
6.225478,376.1624
6.2415276,376.1624
6.2596173,374.125
6.274891,374.125
6.2960863,374.5177
6.3105335,374.5177
6.3259373,373.5246
6.3431277,373.5246
6.3602343,373.5246
6.379594,371.65277
6.392639,371.65277
6.413737,372.80408
6.426199,372.80408
6.4433203,372.80408
6.4607754,372.15125
6.4761057,372.15125
6.4936185,369.82178
6.5091705,369.82178
6.52926,369.90912
6.5476165,369.90912
6.559402,369.90912
6.578858,370.8062
6.594079,370.8062
6.611503,370.81635
6.627875,370.81635
6.642449,370.81635
6.6632595,368.92535
6.675415,368.92535
6.6959715,370.12085
6.709326,370.12085
6.7252526,365.1759
6.7437286,365.1759
6.759186,365.1759
6.775464,364.85797
6.7933435,364.85797
6.8113456,364.18
6.8303385,364.18
6.844962,364.18
6.8635807,358.22223
6.8791265,358.22223
6.896173,359.07874
6.9101877,359.07874
6.925458,360.36505
6.9439354,360.36505
6.959668,360.36505
6.976251,357.29102
6.9918184,357.29102
7.013164,359.73248
7.0262365,359.73248
7.041497,359.73248
7.059569,359.04193
7.075915,359.04193
7.09283,359.04193
7.1087675,359.04193
7.129673,355.10193
7.142835,355.13123
7.1598024,355.13123
7.1763496,353.78198
7.191096,353.78198
7.2102275,353.52942
7.225316,353.52942
7.2423806,353.52942
7.258938,354.0833
7.2754,354.0833
7.2936654,352.9065
7.3084893,352.9065
7.3255157,352.02222
7.341361,352.02222
7.3592668,352.02222
7.3775086,353.52417
7.391132,353.52417
7.4131308,352.036
7.425575,352.036
7.441189,352.036
7.4599547,351.07892
7.4759307,351.07892
7.492053,350.70093
7.508753,350.70093
7.5240407,349.8647
7.541594,349.8647
7.55882,349.8647
7.576837,346.71295
7.592514,346.71295
7.6101866,348.04065
7.626158,348.04065
7.6419077,348.04065
7.658752,349.1797
7.6753,349.1797
7.6943126,348.64923
7.7085304,348.64923
7.7261553,347.2879
7.742668,347.2879
7.7583456,347.2879
7.7760754,345.13177
7.7912765,345.13177
7.8116016,345.80487
7.8249283,345.80487
7.8421555,345.80487
7.8586664,344.0775
7.8755116,344.0775
7.891912,343.58154
7.910001,343.58154
7.9259396,344.25
7.942326,344.25
7.9576697,344.25
7.9766674,342.31622
7.990677,342.31622
8.010838,341.2376
8.024439,341.2376
8.040775,341.2376
8.058583,343.9464
8.07594,343.9464
8.093362,341.54083
8.108176,341.54083
8.129156,344.3186
8.1427355,344.3186
8.157907,344.3186
8.1759615,342.44543
8.191896,342.44543
8.209843,342.9508
8.224907,342.9508
8.242308,342.9508
8.259682,341.0
8.275048,341.0
8.2927265,341.01447
8.308187,341.01447
8.325374,340.1855
8.342143,340.1855
8.358332,340.1855
8.375996,338.04877
8.391209,338.04877
8.408294,338.09088
8.4242115,338.09088
8.442529,338.09088
8.46004,337.81055
8.473855,337.81055
8.49313,336.5161
8.508445,336.5161
8.525017,336.04034
8.542645,336.04034
8.558896,336.04034
8.576472,336.15997
8.591532,336.15997
8.612777,334.52502
8.624316,334.52502
8.641586,334.52502
8.659679,335.65344
8.675578,335.65344
8.692331,335.19
8.708645,335.19
8.724798,334.4018
8.742454,334.4018
8.758996,334.4018
8.776595,332.59576
8.791715,332.59576
8.809671,332.58002
8.824942,332.58002
8.842171,332.58002
8.858629,330.96155
8.876206,330.96155
8.894436,332.25287
8.907889,332.25287
8.924641,332.09753
8.941716,332.09753
8.959085,332.09753
8.975845,331.06152
8.990789,331.06152
9.013315,333.50354
9.025346,333.50354
9.042197,333.50354
9.059422,331.23438
9.07639,331.23438
9.093617,330.39514
9.109697,330.39514
9.1275215,330.2439
9.144596,330.2439
9.1594515,330.2439
9.177278,331.22223
9.1940365,331.22223
9.210564,330.9536
9.226711,330.9536
9.241788,330.9536
9.259295,328.56378
9.274628,328.56378
9.292725,327.54675
9.3096075,327.54675
9.324652,328.21313
9.341965,328.21313
9.358567,328.21313
9.378498,327.0
9.391619,327.0
9.414677,328.52417
9.428161,328.52417
9.442588,328.52417
9.459705,329.46094
9.476545,329.46094
9.493459,328.82928
9.50859,328.82928
9.525796,329.24603
9.543355,329.24603
9.558656,329.24603
9.57783,330.456
9.59119,330.456
9.610244,330.26117
9.625795,330.26117
9.642054,330.26117
9.6606245,329.43652
9.676149,329.43652
9.693186,329.28906
9.7087555,329.28906
9.7379875,327.5135
9.753988,327.5135
9.762051,327.5135
9.78015,328.46716
9.79547,328.46716
9.813121,330.47296
9.828292,330.47296
9.846544,328.30768
9.86334,328.30768
9.878495,328.30768
9.897417,329.56488
9.912233,329.56488
9.930106,330.86884
9.945699,330.86884
9.961901,330.86884
9.980471,328.0617
9.9946,328.0617
10.014849,329.44757
10.028006,329.44757
10.045979,329.08282
10.063683,329.08282
10.079626,329.08282
10.096089,328.86578
10.112517,328.86578
10.129729,328.51367
10.146642,328.51367
10.162566,328.51367
10.1788435,330.16266
10.19563,330.16266
10.214059,326.35297
10.2293,326.35297
10.246117,326.9568
10.262804,326.9568
10.27959,326.9568
10.29719,328.21155
10.312532,328.21155
10.334674,328.1667
10.345833,328.1667
10.362842,328.1667
10.380375,325.94482
10.396108,325.94482
10.414392,325.7063
10.436343,325.7063
10.448414,326.5985
10.464034,326.5985
10.480223,326.5985
10.497222,326.65247
10.514393,326.65247
10.534343,327.5141
10.545169,327.5141
10.562041,327.5141
10.580428,327.6587
10.596657,327.6587
10.615974,326.72797
10.629749,326.72797
10.646037,326.72797
10.664354,326.72797
10.679617,326.72797
10.697803,325.40692
10.712918,325.40692
10.733143,326.5298
10.746367,326.5298
10.764559,327.1908
10.781064,327.1908
10.795562,327.1908
10.815542,327.18
10.830199,327.18
10.846355,326.53595
10.86371,326.53595
10.879778,326.53595
10.897062,326.2708
10.912814,326.2708
10.934203,324.627
10.945524,324.627
10.961876,324.627
10.979078,324.627
10.997254,324.627
11.017151,325.80554
11.030283,325.80554
11.049118,326.29333
11.064218,326.29333
11.080316,326.29333
11.098251,326.89862
11.113448,326.89862
11.134306,327.62585
11.147461,327.62585
11.162703,327.62585
11.181202,328.17072
11.196035,328.17072
11.216618,327.83618
11.229854,327.83618
11.246772,325.8023
11.265383,325.8023
11.279673,325.8023
11.297915,325.93146
11.31353,325.93146
11.332905,325.51233
11.346358,325.51233
11.362606,325.51233
11.382659,325.7284
11.397058,325.7284
11.413527,325.76666
11.43014,325.76666
11.449537,325.77716
11.465545,325.77716
11.479633,325.77716
11.499203,326.0741
11.512363,326.0741
11.530812,327.0204
11.547087,327.0204
11.563905,327.19482
11.584168,327.19482
11.595964,327.19482
11.615633,326.7785
11.631539,326.7785
11.649746,327.13635
11.666613,327.13635
11.680711,327.13635
11.697686,327.15204
11.713173,327.15204
11.730168,327.2157
11.745869,327.2157
11.7638035,327.2857
11.780586,327.2857
11.796478,327.2857
11.814248,326.66895
11.829168,326.66895
11.846184,326.57928
11.862972,326.57928
11.88015,326.57928
11.897867,326.74017
11.911618,326.74017
11.9337845,327.4046
11.946696,327.4046
11.962337,327.4046
11.981105,328.4295
11.9953,328.4295
12.014272,328.30127
12.028445,328.30127
12.047494,328.4405
12.062568,328.4405
12.078905,328.4405
12.095757,328.08075
12.112142,328.08075
12.1318655,327.92615
12.146097,327.92615
12.162385,327.92615
12.183344,327.92615
12.197664,327.92615
12.216854,328.70587
12.232797,328.70587
12.249444,328.57745
12.263851,328.57745
12.280191,328.57745
12.298572,328.75
12.312825,328.75
12.33417,327.35382
12.345415,327.35382
12.363012,327.35382
12.382202,328.42072
12.39755,328.42072
12.418293,328.75214
12.429645,328.75214
12.448555,327.3841
12.4675865,327.3841
12.48114,327.3841
12.502036,329.4936
12.513445,329.4936
12.532634,330.11768
12.548807,330.11768
12.564929,329.74658
12.581848,329.74658
12.595961,329.74658
12.616349,331.3423
12.630159,331.3423
12.648499,331.7483
12.661853,331.7483
12.678893,331.7483
12.698391,335.79138
12.713124,335.79138
12.733703,335.86505
12.745921,335.86505
12.765526,336.88654
12.78167,336.88654
12.7974615,336.88654
12.814877,336.9134
12.829784,336.9134
12.84744,337.2815
12.863608,337.2815
12.880667,337.2815
12.897533,340.0492
12.91489,340.0492
12.934148,340.17175
12.948142,340.17175
12.964034,340.72668
12.980265,340.72668
12.996965,340.72668
13.014944,340.33856
13.028174,340.33856
13.049138,342.1491
13.063909,342.1491
13.080837,342.1491
13.098719,342.14386
13.1143675,342.14386
13.131251,343.84137
13.147057,343.84137
13.165387,344.55334
13.181896,344.55334
13.196197,344.55334
13.215426,347.2787
13.23141,347.2787
13.24667,347.40363
13.264996,347.40363
13.279896,347.40363
13.298265,350.4171
13.311674,350.4171
13.331621,349.81647
13.359042,349.81647
13.370751,351.5346
13.386254,351.5346
13.400775,351.5346
13.418999,351.53333
13.433899,351.53333
13.453459,354.1781
13.467588,354.1781
13.483995,354.63446
13.502488,354.63446
13.516637,354.63446
13.535085,354.77167
13.550883,354.77167
13.569227,356.9756
13.583603,356.9756
13.6008,356.9756
13.618168,357.61963
13.634741,357.61963
13.652042,359.711
13.666425,359.711
13.684097,359.37567
13.701905,359.37567
13.716489,359.37567
13.736553,361.46155
13.750844,361.46155
13.767469,362.48187
13.785426,362.48187
13.801141,362.48187
13.817025,363.5943
13.834948,363.5943
13.851755,365.15057
13.867765,365.15057
13.88425,363.57062
13.901448,363.57062
13.917628,363.57062
13.93595,365.34857
13.951067,365.34857
13.971046,366.06702
13.983963,366.06702
14.000516,366.06702
14.019776,366.96002
14.034166,366.96002
14.051933,369.4734
14.067139,369.4734
14.084536,370.77594
14.101576,370.77594
14.117688,370.77594
14.135875,370.73492
14.151201,370.73492
14.168957,374.19385
14.183163,374.19385
14.200977,374.19385
14.219284,374.23474
14.233624,374.23474
14.252774,376.01324
14.267894,376.01324
14.284408,377.08136
14.300224,377.08136
14.317829,377.08136
14.334677,377.32855
14.349737,377.32855
14.4,377.15643
14.413619,377.15643
14.427953,378.48297
14.443712,379.37567
14.461035,379.37567
14.476292,379.37567
14.494712,381.05884
14.509837,381.05884
14.526254,382.84473
14.542436,382.84473
14.559005,382.84473
14.577343,385.01013
14.592896,385.01013
14.612421,386.55432
14.626513,386.55432
14.657008,390.01733
14.670619,390.01733
14.683026,390.01733
14.699762,388.7931
14.715622,388.7931
14.733271,392.06177
14.747938,392.06177
14.765124,390.5821
14.782526,390.5821
14.799347,390.5821
14.816996,392.18475
14.832147,392.18475
14.849223,389.6319
14.864063,389.6319
14.882223,389.6319
14.8988,391.8985
14.914691,391.8985
14.934891,392.3238
14.949136,392.3238
14.965805,391.3568
14.983574,391.3568
14.99962,391.3568
15.016516,388.63892
15.04061,388.63892
15.050426,389.07947
15.066159,389.07947
15.108571,389.16083
15.12,389.16083
15.140544,388.07843
15.151781,388.07843
15.1695595,388.81818
15.185565,388.81818
15.201428,388.81818
15.219051,387.91846
15.2351885,387.91846
15.255348,385.753
15.267449,385.753
15.284321,385.53894
15.30427,385.53894
15.3187895,385.53894
15.338326,387.4452
15.352543,387.4452
15.372621,386.46106
15.385154,386.46106
15.401986,386.46106
15.418533,386.18866
15.434791,386.18866
15.452664,387.79138
15.467904,387.79138
15.501886,389.30432
15.51807,389.30432
15.532257,389.48834
15.546578,389.48834
15.562666,389.48834
15.579609,389.528
15.593356,389.528
15.612811,389.5263
15.628389,389.5263
15.644412,386.8421
15.662189,386.8421
15.678687,386.8421
15.696124,387.6891
15.711088,387.6891
15.729347,388.33075
15.744355,388.33075
15.760673,388.33075
15.779412,386.70667
15.7951565,386.70667
15.815933,388.30408
15.827305,388.30408
15.846294,387.89026
15.861977,387.89026
15.878264,387.89026
15.897619,391.2439
15.912133,391.2439
15.929042,390.34247
15.944961,390.34247
15.960683,390.34247
15.979935,389.04974
15.994167,389.04974
16.013275,388.5
16.0269,388.5
16.046635,387.73444
16.061699,387.73444
16.07879,387.73444
16.09685,386.86517
16.110533,386.86517
16.12845,387.5027
16.144741,387.5027
16.162052,387.5027
16.17952,386.96857
16.193604,386.96857
16.216396,384.586
16.229578,384.586
16.24498,386.61877
16.261408,386.61877
16.277822,386.61877
16.295034,387.45612
16.310783,387.45612
16.329275,385.6864
16.343819,385.6864
16.36062,385.6864
16.380024,384.7417
16.395819,384.7417
16.414099,384.31372
16.429464,384.31372
16.444815,382.78394
16.462675,382.78394
16.478437,382.78394
16.495405,383.84613
16.511406,383.84613
16.52918,383.7401
16.54563,383.7401
16.561968,383.7401
16.579254,384.40002
16.594578,384.40002
16.613476,384.04822
16.628885,384.04822
16.645817,383.05084
16.660913,383.05084
16.677574,383.05084
16.694408,383.2035
16.711895,383.2035
16.729143,384.18964
16.74536,384.18964
16.761923,384.18964
16.779469,384.0774
16.794817,384.0774
16.816877,384.14618
16.82814,384.14618
16.845306,384.4386
16.862799,384.4386
16.87819,384.4386
16.895245,384.46625
16.912134,384.46625
16.929094,384.15082
16.94459,384.15082
16.961937,384.15082
16.979635,384.44708
16.994532,384.44708
17.016361,382.05554
17.028055,382.05554
17.045488,381.9677
17.062338,381.9677
17.078869,381.9677
17.096832,382.15106
17.112354,382.15106
17.130463,383.41766
17.143692,383.41766
17.161732,383.41766
17.178507,381.77777
17.193544,381.77777
17.212608,381.35077
17.228195,381.35077
17.245245,381.53253
17.261461,381.53253
17.278677,381.53253
17.295708,380.8125
17.31152,380.8125
17.329952,379.89746
17.34447,379.89746
17.360464,379.89746
17.37927,380.55554
17.39461,380.55554
17.412436,380.54596
17.429428,380.54596
17.44565,380.7273
17.462025,380.7273
17.477335,380.7273
17.498741,380.75287
17.511898,380.75287
17.529743,380.83527
17.544489,380.83527
17.56252,380.83527
17.579645,379.2102
17.594528,379.2102
17.61576,379.8333
17.628002,379.8333
17.64487,379.05164
17.661205,379.05164
17.678822,379.05164
17.69828,379.30615
17.711353,379.30615
17.729725,379.13635
17.745392,379.13635
17.761772,379.13635
17.779509,379.30768
17.795357,379.30768
17.812914,380.57892
17.829233,380.57892
17.845163,379.70422
17.86262,379.70422
17.87829,379.70422
17.89752,379.09998
17.910877,379.09998
17.933554,376.93378
17.94381,376.93378
17.961054,376.93378
17.979727,380.06097
17.995207,380.06097
18.016994,377.80603
18.028326,377.80603
18.045145,379.92712
18.062805,379.92712
18.078127,379.92712
18.097311,380.4964
18.11104,380.4964
18.128534,380.9474
18.144516,380.9474
18.162045,380.9474
18.179773,380.14117
18.194643,380.14117
18.21381,378.33856
18.229376,378.33856
18.244268,376.24
18.261726,376.24
18.277666,376.24
18.296242,379.96112
18.311703,379.96112
18.328865,373.65515
18.343971,373.65515
18.362247,373.65515
18.378967,377.2923
18.395096,377.2923
18.412912,374.79645
18.42835,374.79645
18.445059,374.93805
18.462772,374.93805
18.477457,374.93805
18.497114,372.39447
18.511396,372.39447
18.533962,372.71997
18.544798,372.71997
18.561935,372.71997
18.580217,371.62067
18.594696,371.62067
18.613268,370.04578
18.629799,370.04578
18.648413,370.5833
18.66236,370.5833
18.67745,370.5833
18.696701,371.0523
18.711405,371.0523
18.732876,371.33105
18.745338,371.33105
18.762684,371.33105
18.780035,368.64514
18.794296,368.64514
18.812504,366.04486
18.829638,366.04486
18.844572,368.2901
18.862932,368.2901
18.878374,368.2901
18.895609,364.5603
18.91208,364.5603
18.92968,365.94318
18.945585,365.94318
18.96137,365.94318
18.980198,365.22424
18.994335,365.22424
19.0142,358.65216
19.028624,358.65216
19.045876,360.3333
19.061842,360.3333
19.078808,360.3333
19.096388,358.17645
19.110966,358.17645
19.129147,356.87592
19.145231,356.87592
19.161373,356.87592
19.179193,359.27197
19.194279,359.27197
19.213457,358.461
19.228693,358.461
19.244854,355.29547
19.260946,355.29547
19.278402,355.29547
19.296295,357.3542
19.313372,357.3542
19.335747,356.33075
19.346004,356.33075
19.36193,356.33075
19.377916,354.23254
19.395391,354.23254
19.412172,356.5822
19.428192,356.5822
19.459583,357.89764
19.471872,357.89764
19.483955,356.65387
19.502735,356.65387
19.518255,356.65387
19.535284,356.70587
19.55013,356.70587
19.571041,355.92108
19.58424,355.92108
19.600426,355.92108
19.62089,355.9665
19.634453,355.9665
19.65563,353.27924
19.667238,353.27924
19.68345,353.27924
19.703041,351.6725
19.717049,351.6725
19.734737,349.85516
19.750221,349.85516
19.768465,351.4793
19.784393,351.4793
19.801075,351.4793
19.818678,352.274
19.833677,352.274
19.852861,351.1811
19.86744,351.1811
19.884836,350.52563
19.901157,350.52563
19.917637,350.52563
19.93489,351.01172
19.950716,351.01172
19.968714,348.97083
19.982977,348.97083
20.001038,348.97083
20.018606,350.21143
20.03441,350.21143
20.051357,347.80518
20.067713,347.80518
20.08484,349.5376
20.10143,349.5376
20.117462,349.5376
20.135403,348.45697
20.15076,348.45697
20.17104,345.42755
20.183756,345.42755
20.200546,345.42755
20.218819,345.6336
20.234865,345.6336
20.252073,344.44232
20.267382,344.44232
20.28457,344.8452
20.302362,344.8452
20.318579,344.8452
20.337173,345.52246
20.3519,345.52246
20.368835,343.04938
20.38541,343.04938
20.399746,343.04938
20.418907,342.1458
20.434164,342.1458
20.451887,342.89716
20.467703,342.89716
20.4825,342.89716
20.502193,341.83228
20.517817,341.83228
20.534698,340.47772
20.550573,340.47772
20.56814,339.4276
20.583895,339.4276
20.60107,339.4276
20.618732,338.77777
20.632782,338.77777
20.651506,339.32416
20.667345,339.32416
20.68407,338.50397
20.702627,338.50397
20.71704,338.50397
20.736292,338.44855
20.750336,338.44855
20.76885,339.65607
20.78486,339.65607
20.800396,339.65607
20.819271,338.27026
20.834778,338.27026
20.853516,338.90002
20.867273,338.90002
20.88386,336.086
20.901215,336.086
20.916115,336.086
20.936213,337.60712
20.950642,337.60712
20.968311,336.52338
20.984404,336.52338
21.000206,336.52338
21.018232,337.16925
21.033773,337.16925
21.052546,336.49268
21.067083,336.49268
21.084589,335.69928
21.101786,335.69928
21.118254,335.69928
21.13748,334.9925
21.14984,334.9925
21.168207,335.63696
21.184237,335.63696
21.199823,335.63696
21.218866,334.06897
21.234343,334.06897
21.2518,334.41974
21.267248,334.41974
21.284422,334.50897
21.300518,334.50897
21.31708,334.50897
21.336283,334.0351
21.349958,334.0351
21.368038,334.77856
21.385921,334.77856
21.400259,334.77856
21.418201,335.32727
21.434591,335.32727
21.455175,334.98816
21.467804,334.98816
21.484478,335.3775
21.50167,335.3775
21.516386,335.3775
21.537785,334.6266
21.550192,334.6266
21.569065,335.55902
21.58438,335.55902
21.600946,335.55902
21.619846,334.07092
21.633245,334.07092
21.651157,334.67645
21.66615,334.67645
21.685452,334.67627
21.702997,334.67627
21.716501,334.67627
21.73597,334.33606
21.749855,334.33606
21.767262,336.02112
21.785824,336.02112
21.801819,336.02112
21.819689,335.0376
21.834444,335.0376
21.853382,335.03027
21.866806,335.03027
21.884424,335.66888
21.901007,335.66888
21.916979,335.66888
21.935099,336.4032
21.951841,336.4032
21.969791,334.08105
21.983967,334.08105
22.000406,334.08105
22.019619,333.58954
22.034346,333.58954
22.05193,333.68182
22.06853,333.68182
22.083858,333.50385
22.101786,333.50385
22.118603,333.50385
22.13554,333.9756
22.150917,333.9756
22.169346,336.24408
22.183613,336.24408
22.201443,336.24408
22.219423,333.42224
22.23425,333.42224
22.25252,333.0645
22.269043,333.0645
22.283823,334.3714
22.30245,334.3714
22.316885,334.3714
22.336351,334.2409
22.350435,334.2409
22.370092,333.11487
22.383963,333.11487
22.40469,333.11487
22.421658,332.91083
22.435074,332.91083
22.454987,331.4748
22.468395,331.4748
22.484528,331.4748
22.501076,331.4748
22.517244,331.4748
22.536003,334.58917
22.550383,334.58917
22.57027,334.77344
22.584324,334.77344
22.60025,334.77344
22.618963,335.98053
22.633574,335.98053
22.65141,336.2303
22.66752,336.2303
22.684742,334.63892
22.702524,334.63892
22.717642,334.63892
22.734652,335.0276
22.750618,335.0276
22.76794,335.0855
22.786137,335.0855
22.802448,335.0855
22.819725,334.46582
22.834051,334.46582
22.85167,334.88654
22.867476,334.88654
22.884378,334.6554
22.900501,334.6554
22.917025,334.6554
22.935066,333.97516
22.950586,333.97516
22.966824,333.57892
22.984608,333.57892
22.99984,333.57892
23.018824,333.5448
23.03344,333.5448
23.050566,333.146
23.066923,333.146
23.085299,335.17053
23.101034,335.17053
23.117968,335.17053
23.1359,335.14618
23.15077,335.14618
23.1689,331.9496
23.184296,331.9496
23.200693,331.9496
23.221003,332.68243
23.234016,332.68243
23.250965,334.25714
23.267113,334.25714
23.284056,334.19708
23.302387,334.19708
23.318327,334.19708
23.334711,335.42383
23.350979,335.42383
23.368895,334.52942
23.38372,334.52942
23.399916,334.52942
23.419064,334.41937
23.434345,334.41937
23.452703,334.41937
23.467216,334.41937
23.48481,334.75177
23.501537,334.75177
23.517004,334.75177
23.535273,334.91724
23.556568,334.91724
23.570448,333.91852
23.585453,333.91852
23.599995,333.91852
23.61917,333.86615
23.634815,333.86615
23.650833,333.56293
23.668253,333.56293
23.685076,333.16565
23.703232,333.16565
23.717728,333.16565
23.73489,334.66895
23.75196,334.66895
23.770124,334.66895
23.784906,334.66895
23.800756,334.66895
23.820726,335.29858
23.834564,335.29858
23.851686,335.34692
23.868242,335.34692
23.88409,334.45392
23.902193,334.45392
23.91678,334.45392
23.935835,334.1986
23.951225,334.1986
23.966793,334.60645
23.98463,334.60645
23.999603,334.60645
24.018799,334.96527
24.033384,334.96527
24.05165,333.27405
24.07773,333.27405
24.089024,333.03333
24.102968,333.03333
24.119354,333.03333
24.137802,332.23132
24.152294,332.23132
24.170212,332.2331
24.186512,332.2331
24.210957,332.2331
24.223305,332.531
24.236677,332.531
24.253399,332.7616
24.269411,332.7616
24.285494,333.86505
24.303183,333.86505
24.318459,333.86505
24.337446,333.50995
24.35227,333.50995
24.36992,333.9925
24.385128,333.9925
24.403324,333.9925
24.420994,334.40424
24.435698,334.40424
24.457453,337.53027
24.469877,337.53027
24.485868,338.3957
24.50351,338.3957
24.518764,338.3957
24.537848,337.3841
24.552856,337.3841
24.570976,339.73102
24.58567,339.73102
24.603745,339.71893
24.620737,339.71893
24.636007,339.71893
24.653616,340.59393
24.669998,340.59393
24.686787,340.95453
24.704296,340.95453
24.718655,340.95453
24.738255,341.39105
24.752634,341.39105
24.770662,342.81757
24.785349,342.81757
24.803024,342.81757
24.820786,343.36127
24.837042,343.36127
24.853968,344.25342
24.86836,344.25342
24.885942,345.42957
24.903511,345.42957
24.920282,345.42957
24.937696,345.37036
24.95187,345.37036
24.971737,345.9557
24.986189,345.9557
25.004726,348.3871
25.020824,348.3871
25.035349,348.3871
25.053461,348.2105
25.069708,348.2105
25.085674,349.94537
25.103653,349.94537
25.118595,349.94537
25.135729,350.88336
25.15163,350.88336
25.169817,350.85712
25.186193,350.85712
25.20406,352.6057
25.220655,352.6057
25.237593,352.6057
25.253672,352.96912
25.26976,352.96912
25.285685,353.7895
25.304977,353.7895
25.320112,353.7895
25.338688,354.7566
25.353624,354.7566
25.372864,356.3681
25.38709,356.3681
25.40266,356.3681
25.420017,359.19208
25.436712,359.19208
25.45445,358.26318
25.46978,358.26318
25.485886,358.56903
25.504055,358.56903
25.519802,358.56903
25.537727,359.54547
25.552853,359.54547
25.5718,361.78333
25.585402,361.78333
25.601894,361.78333
25.62161,362.56213
25.63603,362.56213
25.65458,362.83978
25.670706,362.83978
25.691275,364.13513
25.702173,364.13513
25.719166,364.13513
25.73769,362.78394
25.752544,362.78394
25.770357,365.06042
25.790747,365.06042
25.802458,365.06042
25.821533,367.5357
25.842314,367.5357
25.855516,366.79736
25.868916,366.79736
25.88763,367.91492
25.903873,367.91492
25.920444,367.91492
25.937725,369.46387
25.95227,369.46387
25.975248,371.22894
25.986559,371.22894
26.002417,371.22894
26.020918,372.55133
26.036894,372.55133
26.055536,375.98883
26.069342,375.98883
26.08537,375.63263
26.103357,375.63263
26.12005,375.63263
26.137012,378.52197
26.153038,378.52197
26.170029,377.98773
26.186394,377.98773
26.202707,377.98773
26.221684,377.4135
26.242521,377.4135
26.259369,379.27777
26.269648,379.27777
26.28799,383.39264
26.302769,383.39264
26.318779,383.39264
26.338469,384.4754
26.352385,384.4754
26.36978,386.0244
26.384882,386.0244
26.403881,388.86188
26.419582,388.86188
26.436462,388.86188
26.457521,389.227
26.470001,389.227
26.485966,391.2
26.503683,391.2
26.519184,391.2
26.537407,386.0526
26.55304,386.0526
26.573517,389.3542
26.587357,389.3542
26.603643,389.3542
26.619823,389.59613
26.635534,389.59613
26.65633,391.76392
26.669437,391.76392
26.686716,393.24072
26.704063,393.24072
26.71954,393.24072
26.737938,392.83545
26.752298,392.83545
26.772373,392.46875
26.78695,392.46875
26.803091,392.46875
26.821484,395.74646
26.837524,395.74646
26.857,396.19232
26.870228,396.19232
26.886158,397.1203
26.904232,397.1203
26.918957,397.1203
26.936974,397.79858
26.953228,397.79858
26.970049,397.42468
26.986105,397.42468
27.002611,397.42468
27.020054,397.02722
27.03664,397.02722
27.056904,396.8871
27.069164,396.8871
27.088316,398.35382
27.103064,398.35382
27.11862,398.35382
27.137903,396.42444
27.153944,396.42444
27.172726,398.06476
27.18727,398.06476
27.2046,397.5113
27.221241,397.5113
27.237225,397.5113
27.254116,395.40826
27.270178,395.40826
27.286171,395.0833
27.304474,395.0833
27.3192,395.0833
27.33816,394.3125
27.353048,394.3125
27.370592,393.0833
27.386154,393.0833
27.4047,392.71307
27.42091,392.71307
27.436768,392.71307
27.455282,394.66113
27.470411,394.66113
27.487095,393.0963
27.503267,393.0963
27.519228,393.0963
27.538216,393.21643
27.553284,393.21643
27.574251,394.50647
27.587605,394.50647
27.604414,394.50647
27.621576,393.873
27.637249,393.873
27.654974,390.94592
27.670753,390.94592
27.689726,389.62775
27.703045,389.62775
27.720203,389.62775
27.73836,389.75696
27.751772,389.75696
27.771969,389.8
27.787098,389.8
27.802778,389.8
27.821636,391.44843
27.836903,391.44843
27.855106,390.43787
27.86829,390.43787
27.88912,391.26855
27.903423,391.26855
27.920498,391.26855
27.9366,390.7215
27.952517,390.7215
27.971916,386.3551
27.98638,386.3551
28.002443,386.3551
28.02138,386.2077
28.036667,386.2077
28.053188,387.72485
28.06912,387.72485
28.086424,386.92395
28.10498,386.92395
28.11916,386.92395
28.138592,388.22528
28.153242,388.22528
28.17106,386.85205
28.187262,386.85205
28.203583,386.85205
28.221504,386.26715
28.236778,386.26715
28.255417,387.95715
28.270117,387.95715
28.287134,389.39734
28.304068,389.39734
28.320097,389.39734
28.337942,389.41724
28.35364,389.41724
28.371258,386.12927
28.386932,386.12927
28.405138,386.12927
28.4213,386.26062
28.436657,386.26062
28.454096,385.83447
28.470606,385.83447
28.487032,386.0
28.504251,386.0
28.519432,386.0
28.538004,387.58862
28.553957,387.58862
28.574514,389.57812
28.58644,389.57812
28.604206,387.34247
28.620369,387.34247
28.635695,387.34247
28.65599,386.13287
28.670004,386.13287
28.687588,385.22345
28.704138,385.22345
28.719723,385.22345
28.73794,384.34338
28.755913,384.34338
28.774128,382.1972
28.788723,382.1972
28.805208,381.594
28.822695,381.594
28.838768,381.594
28.8573,383.99237
28.873005,383.99237
28.88969,382.55725
28.90397,382.55725
28.920101,382.55725
28.938549,382.85315
28.952843,382.85315
28.970613,382.85315
28.986683,382.85315
29.002798,382.85315
29.021862,383.53644
29.036856,383.53644
29.056509,384.58667
29.070509,384.58667
29.088667,383.63818
29.104885,383.63818
29.120491,383.63818
29.138485,382.695
29.1533,382.695
29.17174,383.7013
29.18783,383.7013
29.204548,383.86792
29.221306,383.86792
29.237722,383.86792
29.255957,382.32538
29.272861,382.32538
29.287031,380.8017
29.305716,380.8017
29.32033,380.8017
29.340458,381.5639
29.353682,381.5639
29.370836,381.22296
29.38733,381.22296
29.406086,380.15894
29.421944,380.15894
29.44001,380.15894
29.45588,380.26666
29.471237,380.26666
29.487082,381.96326
29.50412,381.96326
29.520515,381.96326
29.53893,381.27734
29.553396,381.27734
29.570648,382.23407
29.587025,382.23407
29.605526,382.23132
29.62311,382.23132
29.635923,382.23132
29.653978,381.2
29.670265,381.2
29.688503,380.7857
29.703737,380.7857
29.71877,380.7857
29.737654,381.2829
29.751818,381.2829
29.76988,378.34015
29.78688,378.34015
29.804617,379.518
29.820312,379.518
29.836838,379.518
29.854588,379.3357
29.869978,379.3357
29.888945,380.0741
29.90332,380.0741
29.92028,380.0741
29.938482,380.51428
29.9522,380.51428
29.973278,379.2149
29.987608,379.2149
30.004805,379.34088
30.022232,379.34088
30.038986,379.34088
30.055222,378.63757
30.073069,378.63757
30.088566,376.36957
30.104813,376.36957
30.120031,376.36957
30.14065,379.8418
30.153822,379.8418
30.173702,380.15387
30.187534,380.15387
30.204044,380.82465
30.221706,380.82465
30.236477,380.82465
30.255714,382.53174
30.269613,382.53174
30.288836,381.46796
30.307505,381.46796
30.321133,381.46796
30.341106,379.18048
30.354395,379.18048
30.372145,375.75
30.386646,375.75
30.40693,376.51587
30.423027,376.51587
30.43783,376.51587
30.457438,373.32
30.47026,373.32
30.489843,373.4453
30.50463,373.4453
30.52014,373.4453
30.538517,373.1812
30.553576,373.1812
30.573507,371.9167
30.586817,371.9167
30.605759,371.43408
30.620966,371.43408
30.63663,371.43408
30.65416,370.4463
30.670296,370.4463
30.68791,370.55798
30.704987,370.55798
30.721031,370.55798
30.737589,369.88464
30.75316,369.88464
30.77206,367.25714
30.788145,367.25714
30.80511,367.26392
30.822748,367.26392
30.835972,367.26392
30.857725,365.9718
30.871677,365.9718
30.889912,365.0752
30.907404,365.0752
30.920671,365.0752
30.938173,364.7376
30.954178,364.7376
30.971426,364.5874
30.987164,364.5874
31.005854,365.2069
31.02183,365.2069
31.03724,365.2069
31.05785,363.6491
31.070572,363.6491
31.089613,364.3546
31.105358,364.3546
31.11982,364.3546
31.13777,363.75
31.152662,363.75
31.174013,362.73962
31.18677,362.73962
31.205097,361.9497
31.222153,361.9497
31.236423,361.9497
31.254301,358.3291
31.270374,358.3291
31.291994,356.9375
31.304207,356.9375
31.321157,356.9375
31.338476,357.604
31.355286,357.604
31.372728,356.20862
31.390667,356.20862
31.406834,356.34534
31.423939,356.34534
31.438894,356.34534
31.457842,354.92084
31.474836,354.92084
31.491047,355.35034
31.5059,355.35034
31.52445,354.65625
31.54079,354.65625
31.555857,354.65625
31.574572,356.43903
31.590645,356.43903
31.607347,353.35962
31.62454,353.35962
31.639381,353.35962
31.658112,353.24603
31.67339,353.24603
31.693384,352.83215
31.706388,352.83215
31.724289,350.98718
31.741152,350.98718
31.757292,350.98718
31.774233,350.77637
31.790394,350.77637
31.806862,353.5172
31.82738,353.5172
31.841524,353.5172
31.858814,352.89508
31.872747,352.89508
31.894955,351.2956
31.906914,351.2956
31.926224,351.8994
31.94077,351.8994
31.957018,351.8994
31.976974,348.46387
31.990984,348.46387
32.006924,349.86707
32.024273,349.86707
32.039288,349.86707
32.05869,349.41827
32.073776,349.41827
32.092976,348.9286
32.10821,348.9286
32.12476,347.52026
32.142597,347.52026
32.15776,347.52026
32.17714,347.21875
32.190163,347.21875
32.210697,347.19476
32.22282,347.19476
32.2421,347.19476
32.259186,346.3446
32.273296,346.3446
32.29313,344.89288
32.309566,344.89288
32.324074,344.89288
32.343475,342.74683
32.357594,342.74683
32.376507,343.59875
32.395752,343.59875
32.408997,344.59692
32.423767,344.59692
32.44011,344.59692
32.457516,341.1712
32.47287,341.1712
32.491383,341.22375
32.50611,341.22375
32.52508,341.6781
32.542007,341.6781
32.557163,341.6781
32.57549,341.9737
32.593605,341.9737
32.60825,339.96326
32.624897,339.96326
32.640163,339.96326
32.660793,341.09637
32.673107,341.09637
32.693314,340.35663
32.70609,340.35663
32.72428,340.12885
32.741337,340.12885
32.756527,340.12885
32.776615,339.1667
32.793007,339.1667
32.807877,338.2
32.825077,338.2
32.839806,338.2
32.858242,340.17902
32.872635,340.17902
32.89149,338.35358
32.906803,338.35358
32.924313,338.5833
32.94137,338.5833
32.960423,338.5833
32.97609,336.61224
32.989254,336.61224
33.010086,335.91083
33.024273,335.91083
33.04114,335.91083
33.05724,336.6515
33.07312,336.6515
33.091488,339.52448
33.106064,339.52448
33.123,339.52448
33.14091,339.0523
33.156372,339.0523
33.175568,337.76648
33.189606,337.76648
33.207108,336.99414
33.22438,336.99414
33.23889,336.99414
33.25888,338.0368
33.272842,338.0368
33.29416,335.7337
33.305813,335.7337
33.3227,335.7337
33.34063,335.2857
33.35592,335.2857
33.375435,334.73608
33.38991,334.73608
33.405403,336.71033
33.42266,336.71033
33.439823,336.71033
33.45804,336.6338
33.47358,336.6338
33.49439,337.4803
33.506622,337.4803
33.524757,337.0974
33.540188,337.0974
33.556194,337.0974
33.575817,336.13983
33.588566,336.13983
33.605507,335.6194
33.62468,335.6194
33.63896,335.6194
33.657246,336.44916
33.673164,336.44916
33.690456,337.9355
33.70621,337.9355
33.72206,337.9355
33.73897,337.5
33.755043,337.5
33.77609,336.97345
33.789967,336.97345
33.808247,337.7619
33.824196,337.7619
33.839413,337.7619
33.856876,336.54718
33.873394,336.54718
33.890133,336.4463
33.905376,336.4463
33.92248,336.4463
33.940086,336.0213
33.955364,336.0213
33.974094,334.9677
33.988342,334.9677
34.009403,334.63116
34.023056,334.63116
34.038704,334.63116
34.058075,334.69464
34.07257,334.69464
34.09492,335.03876
34.10524,335.03876
34.12265,335.03876
34.141357,335.9126
34.155647,335.9126
34.173508,336.36206
34.190697,336.36206
34.206856,335.9662
34.223602,335.9662
34.24005,335.9662
34.25769,336.61426
34.27189,336.61426
34.289227,333.99323
34.30531,333.99323
34.323917,334.58942
34.341152,334.58942
34.35545,334.58942
34.37475,335.90448
34.389065,335.90448
34.410393,335.82465
34.42293,335.82465
34.438328,335.82465
34.45904,336.17908
34.47337,336.17908
34.49126,336.41174
34.507256,336.41174
34.524704,335.44965
34.54141,335.44965
34.55744,335.44965
34.57445,335.5592
34.59063,335.5592
34.60505,336.40002
34.625195,336.40002
34.639893,336.40002
34.65796,336.56726
34.671917,336.56726
34.69217,336.04865
34.70662,336.04865
34.722084,336.04865
34.739487,335.97382
34.755882,335.97382
34.777447,337.09247
34.79285,337.09247
34.80789,337.09247
34.824234,337.09247
34.83982,337.09247
34.85797,336.1808
34.873943,336.1808
34.89589,336.17682
34.90677,336.17682
34.923397,336.17682
34.94068,334.63446
34.95635,334.63446
34.975357,334.5263
34.990158,334.5263
35.00946,334.3446
35.02178,334.3446
35.03914,334.3446
35.057545,334.13043
35.07216,334.13043
35.090797,334.36365
35.107334,334.36365
35.124474,335.185
35.141193,335.185
35.1556,335.185
35.174328,334.50348
35.189472,334.50348
35.206657,334.0141
35.22313,334.0141
35.23927,334.0141
35.258278,333.8188
35.27247,333.8188
35.29181,333.25848
35.30992,333.25848
35.325336,333.25848
35.34424,333.02142
35.3564,333.02142
35.37488,333.05927
35.391277,333.05927
35.408344,334.96344
35.42429,334.96344
35.44027,334.96344
35.461273,334.95154
35.472527,334.95154
35.49477,334.1607
35.506386,334.1607
35.52322,334.1607
35.54106,333.71234
35.5581,333.71234
35.574783,333.5346
35.590363,333.5346
35.608265,333.66882
35.628292,333.66882
35.640644,333.66882
35.657345,333.9922
35.67499,333.9922
35.69105,333.9922
35.707287,333.9922
35.72365,333.9922
35.741344,334.14062
35.75871,334.14062
35.77528,335.04578
35.790104,335.04578
35.80953,337.89832
35.8249,337.89832
35.83963,337.89832
35.85776,337.49182
35.872814,337.49182
35.89136,335.35065
35.905262,335.35065
35.923653,333.9535
35.9406,333.9535
35.957165,333.9535
35.97354,335.2635
35.989967,335.2635
36.008724,336.05963
36.0228,336.05963
36.038666,336.05963
36.057423,335.8344
36.07169,335.8344
36.0908,336.8026
36.10722,336.8026
36.124332,334.52942
36.140804,334.52942
36.15616,334.52942
36.175568,335.37665
36.189724,335.37665
36.210693,337.0902
36.22344,337.0902
36.238388,337.0902
36.256638,337.80145
36.27287,337.80145
36.290524,335.34558
36.306747,335.34558
36.324326,335.67145
36.340527,335.67145
36.357006,335.67145
36.377415,336.9013
36.39154,336.9013
36.411198,340.84735
36.424126,340.84735
36.43912,340.84735
36.457775,340.72534
36.472786,340.72534
36.490616,341.53656
36.505604,341.53656
36.52192,341.53656
36.540672,341.6115
36.556316,341.6115
36.574577,341.68457
36.58883,341.68457
36.605553,344.26666
36.624218,344.26666
36.639057,344.26666
36.6582,343.21802
36.673157,343.21802
36.68901,345.06348
36.705254,345.06348
36.72253,345.06348
36.740086,346.96692
36.75586,346.96692
36.77274,346.92426
36.78972,346.92426
36.806835,346.24164
36.82331,346.24164
36.83874,346.24164
36.860558,346.0078
36.8749,346.0078
36.89248,348.19116
36.907444,348.19116
36.924175,349.58154
36.94045,349.58154
36.956493,349.58154
36.976185,350.02142
36.989162,350.02142
37.005535,351.77454
37.022858,351.77454
37.04027,351.77454
37.057644,351.90363
37.073235,351.90363
37.09095,352.9925
37.106438,352.9925
37.122517,352.9925
37.1403,353.78522
37.1565,353.78522
37.175056,354.7787
37.189037,354.7787
37.206047,352.5821
37.22328,352.5821
37.239567,352.5821
37.257362,356.35077
37.272583,356.35077
37.28985,355.87604
37.305794,355.87604
37.322693,355.87604
37.340515,356.59088
37.356205,356.59088
37.374016,359.43622
37.3892,359.43622
37.412476,360.50342
37.423122,360.50342
37.438362,360.50342
37.457882,361.2256
37.47388,361.2256
37.493492,361.42633
37.506676,361.42633
37.525402,361.88892
37.54159,361.88892
37.55713,361.88892
37.574356,362.2774
37.589638,362.2774
37.605907,361.89288
37.624615,361.89288
37.639355,361.89288
37.658447,366.44806
37.672413,366.44806
37.689465,365.81702
37.705757,365.81702
37.7242,367.63293
37.740005,367.63293
37.756042,367.63293
37.77438,369.4897
37.78967,369.4897
37.80826,368.72076
37.82239,368.72076
37.839287,368.72076
37.857403,369.75696
37.87333,369.75696
37.88975,369.609
37.90654,369.609
37.922817,369.609
37.940212,370.23407
37.955345,370.23407
37.974564,371.31097
37.98963,371.31097
38.00898,373.4295
38.024715,373.4295
38.03946,373.4295
38.05731,378.45294
38.07246,378.45294
38.09074,376.47565
38.10613,376.47565
38.12418,379.66425
38.14076,379.66425
38.157238,379.66425
38.177814,380.41132
38.1903,380.41132
38.209373,380.38818
38.223103,380.38818
38.240154,380.38818
38.257263,381.7292
38.272804,381.7292
38.29047,381.90063
38.306824,381.90063
38.325203,383.97888
38.342384,383.97888
38.356518,383.97888
38.374798,385.4463
38.389435,385.4463
38.411568,386.57556
38.424225,386.57556
38.439972,386.57556
38.45867,387.93335
38.471855,387.93335
38.48989,388.69568
38.506504,388.69568
38.524242,391.6087
38.540695,391.6087
38.557182,391.6087
38.576305,392.47778
38.589874,392.47778
38.608135,391.79663
38.623173,391.79663
38.6407,391.79663
38.657806,392.74335
38.67246,392.74335
38.691193,393.7536
38.705284,393.7536
38.723125,393.7536
38.740948,397.0714
38.755333,397.0714
38.775074,400.2774
38.7906,400.2774
38.809345,400.80914
38.827023,400.80914
38.84346,400.80914
38.859367,402.05676
38.874256,402.05676
38.891037,402.1825
38.90601,402.1825
38.92201,402.1825
38.94057,401.58502
38.955856,401.58502
38.97274,400.96027
38.989697,400.96027
39.011063,401.2138
39.022835,401.2138
39.03857,401.2138
39.0585,399.88513
39.0731,399.88513
39.091057,401.1104
39.10841,401.1104
39.124096,401.44507
39.140648,401.44507
39.157177,401.44507
39.174206,400.5
39.19099,400.5
39.20742,399.8225
39.224957,399.8225
39.240437,399.8225
39.258717,396.22144
39.27276,396.22144
39.291653,397.7484
39.305946,397.7484
39.324375,398.5395
39.34054,398.5395
39.35588,398.5395
39.373802,395.5229
39.390503,395.5229
39.408195,394.64746
39.424263,394.64746
39.440136,394.64746
39.457947,394.14117
39.4736,394.14117
39.49655,393.4286
39.50631,393.4286
39.524147,394.38098
39.540222,394.38098
39.55741,394.38098
39.57463,393.203
39.590034,393.203
39.60596,392.74164
39.62342,392.74164
39.63854,392.74164
39.658104,391.576
39.6723,391.576
39.690434,390.81354
39.70563,390.81354
39.724117,394.57556
39.74073,394.57556
39.757538,394.57556
39.776825,392.8451
39.78974,392.8451
39.808964,392.96838
39.82233,392.96838
39.83924,392.96838
39.855927,392.7697
39.872208,392.7697
39.89028,391.30188
39.905594,391.30188
39.92379,390.85614
39.939957,390.85614
39.956654,390.85614
39.975533,391.55292
39.989426,391.55292
40.006706,390.64838
40.023285,390.64838
40.038425,390.64838
40.057365,390.8333
40.07331,390.8333
40.091774,390.60132
40.10823,390.60132
40.124184,390.2365
40.14064,390.2365
40.156116,390.2365
40.176746,387.27338
40.189953,387.27338
40.207817,387.81458
40.223286,387.81458
40.248943,386.0901
40.260773,386.0901
40.27479,386.0901
40.295315,387.73682
40.30648,387.73682
40.32472,387.27197
40.341644,387.27197
40.357693,387.27197
40.375877,384.87708
40.390034,384.87708
40.40979,385.82245
40.423016,385.82245
40.44114,385.82245
40.458286,384.2937
40.47276,384.2937
40.49405,384.06
40.508427,384.06
40.52482,386.03705
40.542305,386.03705
40.55751,386.03705
40.576626,386.8105
40.590355,386.8105
40.608383,386.40442
40.62333,386.40442
40.640064,386.40442
40.65853,386.83087
40.673824,386.83087
40.691956,385.80597
40.706173,385.80597
40.723267,385.80597
40.740746,386.38165
40.75687,386.38165
40.774902,387.1233
40.789555,387.1233
40.81115,387.0
40.82314,387.0
40.848225,387.73682
40.861225,387.73682
40.872883,387.73682
40.891834,387.93707
40.907265,387.93707
40.925137,386.1242
40.94063,386.1242
40.95565,386.1242
40.974598,386.27332
40.98943,386.27332
41.006805,386.05676
41.024555,386.05676
41.039707,386.05676
41.05892,385.8875
41.074528,385.8875
41.090874,384.34436
41.10728,384.34436
41.12392,384.67786
41.141598,384.67786
41.157177,384.67786
41.176353,385.0161
41.19141,385.0161
41.20789,384.6286
41.225792,384.6286
41.2403,384.6286
41.25984,385.01172
41.274433,385.01172
41.29227,385.74597
41.307533,385.74597
41.338367,382.96185
41.350384,382.96185
41.363255,382.96185
41.38123,382.71814
41.39719,382.71814
41.414154,381.13104
41.429115,381.13104
41.448196,382.89307
41.46408,382.89307
41.47948,382.89307
41.496956,382.7826
41.513554,382.7826
41.530704,382.3189
41.545616,382.3189
41.563454,382.3189
41.58078,382.17004
41.595463,382.17004
41.614376,382.0183
41.631054,382.0183
41.646576,380.74
41.66428,380.74
41.681046,380.74
41.697407,380.94592
41.713333,380.94592
41.732635,380.78674
41.74611,380.78674
41.764076,380.24048
41.781277,380.24048
41.79727,380.24048
41.817356,382.1585
41.830288,382.1585
41.84753,381.61224
41.864716,381.61224
41.88138,381.61224
41.897995,379.14197
41.912674,379.14197
41.931564,380.5855
41.94777,380.5855
41.963913,379.8424
41.98087,379.8424
41.996605,379.8424
42.01465,377.73047
42.030148,377.73047
42.046276,379.0517
42.063316,379.0517
42.079807,379.0517
42.097206,380.2895
42.11325,380.2895
42.130554,381.38013
42.145348,381.38013
42.16265,381.38013
42.18113,380.6524
42.195667,380.6524
42.21477,378.98065
42.229435,378.98065
42.246548,379.22485
42.26375,379.22485
42.281105,379.22485
42.297146,379.02234
42.31294,379.02234
42.333782,378.8913
42.345173,378.8913
42.36212,378.8913
42.380753,376.94855
42.39606,376.94855
42.413174,378.2
42.42828,378.2
42.445496,375.16882
42.463078,375.16882
42.47834,375.16882
42.49728,375.32257
42.513103,375.32257
42.530148,374.09033
42.552937,374.09033
42.565136,372.68903
42.580772,372.68903
42.59494,372.68903
42.616768,372.274
42.629234,372.274
42.646255,370.708
42.664097,370.708
42.679344,370.708
42.70137,371.5238
42.71533,371.5238
42.733086,368.9643
42.747425,368.9643
42.76374,372.66974
42.781105,372.66974
42.79587,372.66974
42.815323,369.2381
42.829933,369.2381
42.845646,369.4029
42.862904,369.4029
42.879425,369.4029
42.89707,370.03735
42.912033,370.03735
42.930107,366.37115
42.945244,366.37115
42.962746,366.37115
42.980705,364.60437
42.9967,364.60437
43.016266,363.9076
43.028374,363.9076
43.048534,363.7909
43.062336,363.7909
43.08019,363.7909
43.09707,365.43286
43.11336,365.43286
43.12952,363.09088
43.146484,363.09088
43.16198,363.09088
43.181244,366.52173
43.195683,366.52173
43.21347,365.0783
43.229053,365.0783
43.24578,365.34534
43.26327,365.34534
43.278755,365.34534
43.296806,362.7212
43.312344,362.7212
43.332783,361.1635
43.345795,361.1635
43.361835,361.1635
43.380188,360.72144
43.409203,358.34058
43.422447,358.34058
43.435825,358.34058
43.456097,357.9704
43.468964,357.9704
43.48542,356.92188
43.502434,356.92188
43.516506,356.92188
43.537796,355.8125
43.550972,355.8125
43.573936,356.08484
43.584446,356.08484
43.601784,356.08484
43.619907,356.5985
43.63433,356.5985
43.653378,357.21796
43.668095,357.21796
43.684593,357.0927
43.703037,357.0927
43.717163,357.0927
43.738045,357.0822
43.752056,357.0822
43.77038,357.92157
43.785942,357.92157
43.801186,357.92157
43.819645,357.15387
43.834023,357.15387
43.852184,357.98193
43.868816,357.98193
43.884342,354.6443
43.903004,354.6443
43.917896,354.6443
43.93896,355.02722
43.95089,355.02722
43.96935,355.6754
43.986065,355.6754
44.00249,355.6754
44.019196,355.1183
44.03493,355.1183
44.053017,353.1353
44.06837,353.1353
44.085533,352.6585
44.10203,352.6585
44.117577,352.6585
44.13634,351.4074
44.151127,351.4074
44.169975,349.8723
44.185196,349.8723
44.2023,349.8723
44.21994,350.89612
44.2353,350.89612
44.252808,348.91742
44.268387,348.91742
44.285282,350.67096
44.30399,350.67096
44.31666,350.67096
44.335964,350.20392
44.35163,350.20392
44.37319,349.3581
44.38465,349.3581
44.40245,349.3581
44.419914,349.41724
44.434586,349.41724
44.456753,349.5036
44.468285,349.5036
44.48416,349.28247
44.5026,349.28247
44.518494,349.28247
44.53672,350.93524
44.551132,350.93524
44.571716,350.16437
44.58456,350.16437
44.60032,350.16437
44.622784,350.292
44.634285,350.292
44.653748,348.82574
44.667152,348.82574
44.68561,348.83972
44.70336,348.83972
44.719448,348.83972
44.736595,349.05383
44.750824,349.05383
44.7691,346.64386
44.784664,346.64386
44.800465,346.64386
44.819366,346.8219
44.833775,346.8219
44.851036,345.51135
44.868164,345.51135
44.8874,346.0
44.9031,346.0
44.917038,346.0
44.934612,348.19232
44.95134,348.19232
44.969227,346.90002
44.98432,346.90002
45.00099,346.90002
45.019005,345.9527
45.03481,345.9527
45.053688,346.2209
45.06885,346.2209
45.08502,345.61536
45.101517,345.61536
45.118633,345.61536
45.13575,346.12903
45.15051,346.12903
45.168667,344.85333
45.18336,344.85333
45.20233,344.85333
45.21841,345.2649
45.2344,345.2649
45.256054,343.12878
45.268147,343.12878
45.284145,345.3581
45.303864,345.3581
45.319504,345.3581
45.33825,343.23358
45.352417,343.23358
45.37155,343.6308
45.38578,343.6308
45.40209,343.6308
45.420197,341.93713
45.43515,341.93713
45.45648,342.00592
45.468998,342.00592
45.48616,343.44592
45.502506,343.44592
45.51851,343.44592
45.537468,343.4685
45.552406,343.4685
45.573452,344.5442
45.585335,344.5442
45.60257,344.5442
45.619694,344.84137
45.63541,344.84137
45.6558,342.57227
45.66821,342.57227
45.687534,342.60675
45.702614,342.60675
45.71891,342.60675
45.73652,344.45947
45.75144,344.45947
45.772785,344.26416
45.78539,344.26416
45.80303,344.26416
45.8207,342.0357
45.835114,342.0357
45.853603,341.3858
45.867287,341.3858
45.884865,341.3224
45.90097,341.3224
45.919476,341.3224
45.93728,344.1515
45.950832,344.1515
45.973274,343.64374
45.98395,343.64374
46.001575,343.64374
46.018024,343.65582
46.035645,343.65582
46.053688,344.3205
46.06867,344.3205
46.085224,344.05066
46.102596,344.05066
46.1176,344.05066
46.137035,342.08057
46.15061,342.08057
46.17075,342.98694
46.18325,342.98694
46.204296,342.98694
46.2183,344.28662
46.23533,344.28662
46.256084,343.82782
46.268658,343.82782
46.284595,342.2575
46.30293,342.2575
46.317013,342.2575
46.337456,342.52832
46.350613,342.52832
46.36866,341.91718
46.383526,341.91718
46.400814,341.91718
46.419376,342.53192
46.43402,342.53192
46.45287,340.83453
46.469112,340.83453
46.484646,340.7594
46.502422,340.7594
46.51894,340.7594
46.539345,342.96875
46.550648,342.96875
46.573185,342.69568
46.585743,342.69568
46.602726,342.69568
46.620445,344.305
46.63395,344.305
46.654053,343.0923
46.669605,343.0923
46.685947,343.44366
46.702946,343.44366
46.7175,343.44366
46.736904,344.4762
46.75148,344.4762
46.7694,344.2517
46.78903,344.2517
46.8019,344.2517
46.819614,344.3014
46.83532,344.3014
46.85269,345.3553
46.86853,345.3553
46.885307,345.3553
46.90341,345.3553
46.91884,345.3553
46.937084,345.5548
46.951675,345.5548
46.973064,345.6129
46.983818,345.6129
47.001797,345.6129
47.01856,341.76154
47.035812,341.76154
47.053852,343.75885
47.06878,343.75885
47.085934,342.0741
47.101524,342.0741
47.117653,342.0741
47.135406,342.62598
47.151398,342.62598
47.16857,345.11646
47.184692,345.11646
47.20458,345.11646
47.223907,344.54608
47.237274,344.54608
47.254894,343.94202
47.269455,343.94202
47.285797,343.91083
47.303463,343.91083
47.31874,343.91083
47.336197,343.08612
47.35307,343.08612
47.372425,342.7365
47.385223,342.7365
47.40246,342.7365
47.419632,342.2649
47.435257,342.2649
47.453445,342.74194
47.46865,342.74194
47.5137,340.3662
47.52,340.3662
47.546528,341.41223
47.560146,341.41223
47.578762,342.82965
47.593365,342.82965
47.610573,342.01318
47.626286,342.01318
47.6439,343.42072
47.661083,343.42072
47.676216,343.42072
47.694405,343.69592
47.70915,343.69592
47.727276,343.79266
47.74384,343.79266
47.760166,343.79266
47.77798,344.42676
47.792744,344.42676
47.811375,347.5774
47.82651,347.5774
47.84246,347.5774
47.85928,347.65662
47.875244,347.65662
47.892284,345.0146
47.90924,345.0146
47.926502,346.95575
47.943043,346.95575
47.958214,346.95575
47.97858,345.31494
47.992764,345.31494
48.00996,347.6643
48.0258,347.6643
48.04342,347.6643
48.059788,348.14392
48.075134,348.14392
48.09598,348.94037
48.110382,348.94037
48.12612,349.54547
48.143776,349.54547
48.159824,349.54547
48.176903,350.0
48.194153,350.0
48.215115,349.05756
48.226856,349.05756
48.242485,349.05756
48.26022,351.54675
48.27547,351.54675
48.29323,349.5351
48.309135,349.5351
48.327827,350.68066
48.34413,350.68066
48.359108,350.68066
48.377987,350.87067
48.393215,350.87067
48.411354,351.4508
48.426437,351.4508
48.442837,351.4508
48.461246,353.07758
48.47747,353.07758
48.49413,352.951
48.508976,352.951
48.52575,354.81744
48.54349,354.81744
48.559177,354.81744
48.57763,358.8025
48.59244,358.8025
48.610306,358.40173
48.626755,358.40173
48.642338,358.40173
48.661118,359.15216
48.67597,359.15216
48.69566,356.4804
48.70908,356.4804
48.73107,359.43665
48.742786,359.43665
48.76321,359.43665
48.77931,359.43665
48.79432,358.05682
48.81284,361.37616
48.825855,361.37616
48.843853,363.16278
48.860607,363.16278
48.875656,363.16278
48.893616,362.82855
48.909428,362.82855
48.92747,363.04962
48.942257,363.04962
48.959305,363.04962
48.977222,363.82355
48.992138,363.82355
49.01005,366.18256
49.027145,366.18256
49.04384,366.35034
49.060837,366.35034
49.075977,366.35034
49.094475,368.96527
49.10912,368.96527
49.12624,368.60767
49.144012,368.60767
49.158764,368.60767
49.17708,368.9248
49.192547,368.9248
49.211567,370.34644
49.225986,370.34644
49.24227,370.34644
49.26145,371.38098
49.27587,371.38098
49.295128,376.1989
49.311417,376.1989
49.327057,375.73883
49.342537,375.73883
49.358967,375.73883
49.376766,376.74
49.391605,376.74
49.41088,375.84088
49.42674,375.84088
49.44257,375.84088
49.460545,378.0133
49.476456,378.0133
49.49366,378.8156
49.509537,378.8156
49.530334,379.6715
49.542248,379.6715
49.558567,379.6715
49.57774,378.8045
49.59273,378.8045
49.613937,382.19568
49.62595,382.19568
49.654663,383.58392
49.666744,383.58392
49.680256,383.58392
49.69723,384.30615
49.71207,384.30615
49.730747,385.4228
49.74736,385.4228
49.76214,385.4228
49.78133,385.8468
49.797466,385.8468
49.81613,385.8468
49.83132,387.96155
49.84841,391.93243
49.864464,391.93243
49.87964,391.93243
49.897636,390.96106
49.91271,390.96106
49.93294,393.34973
49.945538,393.34973
49.962673,393.34973
49.980453,393.3214
49.99583,393.3214
50.01464,395.62982
50.02946,395.62982
50.04796,396.49432
50.063416,396.49432
50.07861,396.49432
50.097088,397.23077
50.112823,397.23077
50.132946,398.90363
50.145187,398.90363
50.162643,398.90363
50.18096,398.76074
50.195225,398.76074
50.215576,400.46503
50.22932,400.46503
50.248367,400.9076
50.263004,400.9076
50.279358,400.9076
50.29812,400.38263
50.313305,400.38263
50.33374,401.64893
50.34694,401.64893
50.3651,401.06433
50.38143,401.06433
50.395664,401.06433
50.415745,399.14606
50.429756,399.14606
50.44585,401.97778
50.463734,401.97778
50.479557,401.97778
50.498146,402.63794
50.51342,402.63794
50.532173,402.06586
50.54562,402.06586
50.562347,402.06586
50.581825,401.43903
50.59555,401.43903
50.617424,401.56946
50.63067,401.56946
50.648064,401.82977
50.665337,401.82977
50.6798,401.82977
50.69837,403.7964
50.712387,403.7964
50.731094,404.25165
50.746227,404.25165
50.76237,404.25165
50.779125,403.96973
50.796543,403.96973
50.813972,401.31512
50.82917,401.31512
50.846134,404.8316
50.864105,404.8316
50.878403,404.8316
50.897564,404.75543
50.91355,404.75543
50.931187,403.13965
50.946182,403.13965
50.962757,403.13965
50.981014,403.15466
50.99626,403.15466
51.015804,400.7378
51.03154,400.7378
51.048298,401.11865
51.06428,401.11865
51.08019,401.11865
51.09789,397.98804
51.112762,397.98804
51.13041,398.14465
51.147526,398.14465
51.16253,398.14465
51.181072,400.02838
51.195923,400.02838
51.215183,400.55554
51.22911,400.55554
51.248615,402.03296
51.26291,402.03296
51.28389,402.03296
51.298203,401.79895
51.315228,401.79895
51.33247,399.84454
51.347225,399.84454
51.364296,399.4048
51.380527,399.4048
51.39663,399.4048
51.415035,399.9253
51.429996,399.9253
51.446884,398.78748
51.46452,398.78748
51.480392,398.78748
51.498917,397.26257
51.51263,397.26257
51.53129,396.9074
51.54675,396.9074
51.56361,396.9074
51.581245,398.36652
51.596386,398.36652
51.61666,399.46155
51.630466,399.46155
51.64583,397.59625
51.66396,397.59625
51.67966,397.59625
51.69711,397.24023
51.71287,397.24023
51.733036,396.09375
51.745697,396.09375
51.762737,396.09375
51.780334,397.69318
51.796204,397.69318
51.817432,395.84906
51.829773,395.84906
51.84837,395.91614
51.86354,395.91614
51.87939,395.91614
51.89702,395.19257
51.914116,395.19257
51.931286,395.68384
51.946957,395.68384
51.964268,395.9552
51.979977,395.9552
51.99611,395.9552
52.014503,396.13574
52.029705,396.13574
52.04785,397.4897
52.063423,397.4897
52.07975,397.4897
52.09752,395.94403
52.11409,395.94403
52.129887,392.4702
52.145866,392.4702
52.163136,392.4702
52.18098,394.0548
52.19655,394.0548
52.214806,394.68628
52.231674,394.68628
52.247456,391.74402
52.264572,391.74402
52.27992,391.74402
52.2979,391.77478
52.31403,391.77478
52.332184,391.54785
52.345978,391.54785
52.364075,393.9015
52.3802,393.9015
52.39534,393.9015
52.415203,392.2619
52.42865,392.2619
52.44866,393.7478
52.462517,393.7478
52.478996,393.7478
52.496254,394.31897
52.51253,394.31897
52.530544,392.13562
52.54589,392.13562
52.563194,392.13562
52.58168,391.85248
52.596077,391.85248
52.61318,392.5932
52.630558,392.5932
52.648163,392.41528
52.663387,392.41528
52.679478,392.41528
52.697727,394.70453
52.71289,394.70453
52.73117,394.4488
52.74659,394.4488
52.7638,392.807
52.784035,392.807
52.79685,392.807
52.81862,393.89514
52.83124,393.89514
52.84891,395.27588
52.86289,395.27588
52.87969,395.27588
52.897564,394.74658
52.913776,394.74658
52.93042,392.96667
52.946316,392.96667
52.962708,392.96667
52.980305,393.81744
52.996643,393.81744
53.015995,392.68152
53.03089,392.68152
53.049904,391.14038
53.0637,391.14038
53.08088,391.14038
53.097404,392.74097
53.113167,392.74097
53.135773,394.27155
53.147423,394.27155
53.166664,396.2102
53.182377,396.2102
53.197716,396.2102
53.21555,395.8722
53.23097,395.8722
53.24692,393.62823
53.264847,393.62823
53.27976,393.62823
53.298138,393.58173
53.31367,393.58173
53.333324,393.09332
53.345234,393.09332
53.36539,393.84338
53.380505,393.84338
53.39774,393.84338
53.4166,393.87036
53.431675,393.87036
53.449757,393.87036
53.465034,391.46063
53.480713,391.46063
53.49892,390.85907
53.51364,390.85907
53.530388,389.66895
53.54639,389.66895
53.563824,389.1883
53.581173,389.1883
53.596813,389.1883
53.612843,388.6986
53.629845,388.6986
53.647987,388.19427
53.662666,388.19427
53.67969,388.19427
53.69758,389.90698
53.712513,389.90698
53.72962,389.39856
53.7471,389.39856
53.76204,389.39856
53.781677,389.71332
53.79735,389.71332
53.815983,389.76416
53.830112,389.76416
53.846333,389.4148
53.86495,389.4148
53.87898,389.4148
53.89808,389.1643
53.91297,389.1643
53.93215,387.88574
53.94676,387.88574
53.962055,387.88574
53.980774,390.22137
53.996384,390.22137
54.016758,389.50677
54.03017,389.50677
54.04646,386.86578
54.06616,386.86578
54.08111,386.86578
54.09777,388.36432
54.111835,388.36432
54.13562,388.0
54.14669,388.0
54.16265,388.0
54.18205,388.1457
54.19774,388.1457
54.21678,385.83972
54.230145,385.83972
54.248592,386.11768
54.265347,386.11768
54.280415,386.11768
54.29856,389.24847
54.31418,389.24847
54.33444,385.77124
54.34736,385.77124
54.36442,385.5605
54.381535,385.5605
54.397667,385.5605
54.415672,385.10742
54.4303,385.10742
54.446728,383.86884
54.46417,383.86884
54.480156,383.86884
54.498642,381.75195
54.513355,381.75195
54.531807,380.5763
54.546303,380.5763
54.563835,383.14288
54.581844,383.14288
54.597336,383.14288
54.615467,382.27777
54.629467,382.27777
54.645897,381.21082
54.66336,381.21082
54.679825,381.21082
54.69799,378.2414
54.71274,378.2414
54.732376,378.76257
54.746597,378.76257
54.7643,377.55475
54.78159,377.55475
54.79743,377.55475
54.815666,376.24835
54.82949,376.24835
54.846596,373.7094
54.864117,373.7094
54.879135,373.7094
54.896786,372.9402
54.911983,372.9402
54.932217,372.55243
54.946472,372.55243
54.96274,372.55243
54.980488,372.17932
54.996254,372.17932
55.013298,374.23492
55.02971,374.23492
55.050926,374.52985
55.065105,374.52985
55.079575,374.52985
55.096867,372.53375
55.112606,372.53375
55.134308,371.6986
55.146545,371.6986
55.16268,371.6986
55.179626,372.0
55.196854,372.0
55.21398,370.8222
55.228817,370.8222
55.248287,370.1607
55.26374,370.1607
55.27864,370.1607
55.29824,371.42676
55.315044,371.42676
55.33156,371.11188
55.347214,371.11188
55.373253,369.36426
55.38449,369.36426
55.397724,369.36426
55.41751,369.28986
55.431915,369.28986
55.45234,368.4228
55.465622,368.4228
55.483982,368.4228
55.50104,369.11377
55.515522,369.11377
55.535652,368.98737
55.547905,368.98737
55.56595,365.76862
55.584652,365.76862
55.601242,365.76862
55.620613,365.25757
55.631462,365.25757
55.65162,366.93567
55.666985,366.93567
55.682983,366.93567
55.701458,364.18
55.71558,364.18
55.732574,363.60333
55.748695,363.60333
55.765495,364.97778
55.782574,364.97778
55.797325,364.97778
55.816616,362.53162
55.833115,362.53162
55.851448,364.93976
55.867085,364.93976
55.881603,364.93976
55.899734,363.53955
55.91751,363.53955
55.9356,363.5833
55.948418,363.5833
55.965733,361.86536
55.983227,361.86536
55.999065,361.86536
56.018387,361.13727
56.03271,361.13727
56.051926,360.22784
56.06409,360.22784
56.081673,360.22784
56.09985,360.94556
56.115093,360.94556
56.132057,361.8506
56.148186,361.8506
56.166573,360.96808
56.18156,360.96808
56.197598,360.96808
56.21544,358.45453
56.232487,358.45453
56.253117,358.34546
56.26825,358.34546
56.281868,358.34546
56.30273,358.1081
56.315384,358.1081
56.336285,358.93005
56.350574,358.93005
56.365013,358.1042
56.383476,358.1042
56.401936,358.1042
56.418774,358.63818
56.4331,358.63818
56.45121,357.4496
56.46532,357.4496
56.482323,357.4496
56.49908,356.8062
56.514587,356.8062
56.53469,356.89392
56.550716,356.89392
56.56634,356.2951
56.58411,356.2951
56.597473,356.2951
56.6153,356.518
56.630993,356.518
56.650654,356.00708
56.666653,356.00708
56.681858,356.00708
56.700275,358.00635
56.7145,358.00635
56.735527,357.253
56.749756,357.253
56.76876,356.84894
56.78235,356.84894
56.798542,356.84894
56.8182,358.09088
56.832584,358.09088
56.852196,357.08612
56.865135,357.08612
56.88156,357.08612
56.89981,357.37323
56.915115,357.37323
56.932484,357.58398
56.949417,357.58398
56.966194,357.83807
56.983738,357.83807
57.000122,357.83807
57.019226,356.625
57.033104,356.625
57.050217,357.06122
57.066086,357.06122
57.083485,357.06122
57.10294,357.84827
57.117233,357.84827
57.134533,358.59998
57.15057,358.59998
57.167618,354.81378
57.18298,354.81378
57.19918,354.81378
57.21718,352.8189
57.23267,352.8189
57.250404,353.25323
57.265163,353.25323
57.282833,353.25323
57.302364,353.52448
57.31537,353.52448
57.334835,354.8239
57.348713,354.8239
57.36629,355.94666
57.382866,355.94666
57.398952,355.94666
57.41801,353.89862
57.43179,353.89862
57.450695,353.00702
57.465553,353.00702
57.482475,353.00702
57.49982,353.63922
57.516613,353.63922
57.534355,353.80273
57.549484,353.80273
57.566998,352.21875
57.584515,352.21875
57.59829,352.21875
57.61831,351.88373
57.63216,351.88373
57.651783,350.85822
57.6673,350.85822
57.685005,350.42578
57.70138,350.42578
57.716763,350.42578
57.73588,352.2527
57.749557,352.2527
57.765583,352.3
57.78503,352.3
57.802338,352.3
57.817226,352.5028
57.833866,352.5028
57.852966,352.32758
57.86531,352.32758
57.881905,352.32758
57.898846,354.9225
57.915302,354.9225
57.932903,352.73584
57.94776,352.73584
57.96478,352.97455
57.98235,352.97455
57.998684,352.97455
58.015602,353.1855
58.0315,353.1855
58.048485,353.6767
58.06351,353.6767
58.080906,353.6767
58.099163,353.71973
58.113514,353.71973
58.134163,352.031
58.14844,352.031
58.16411,354.8647
58.182648,354.8647
58.19795,354.8647
58.215916,352.39874
58.23192,352.39874
58.24903,351.81708
58.265194,351.81708
58.28151,351.81708
58.299107,351.57367
58.315678,351.57367
58.33338,352.19354
58.347157,352.19354
58.364635,351.62598
58.382065,351.62598
58.39853,351.62598
58.41786,352.7246
58.43067,352.7246
58.448975,350.45184
58.46543,350.45184
58.48172,350.45184
58.50028,350.45032
58.515568,350.45032
58.53454,348.09418
58.54849,348.09418
58.56771,349.4621
58.583168,349.4621
58.599213,349.4621
58.61692,347.82855
58.63118,347.82855
58.64893,347.96826
58.66533,347.96826
58.68262,347.96826
58.69958,350.78394
58.715183,350.78394
58.73205,350.90967
58.749218,350.90967
58.765842,349.53247
58.783916,349.53247
58.797974,349.53247
58.81826,349.59998
58.832355,349.59998
58.851074,349.02545
58.86507,349.02545
58.881657,349.02545
58.900566,349.18066
58.91588,349.18066
58.934475,350.21582
58.948936,350.21582
58.96451,350.38892
58.98219,350.38892
58.997643,350.38892
59.01637,347.55707
59.031303,347.55707
59.05284,347.43622
59.064987,347.43622
59.081905,347.43622
59.098392,347.81885
59.11337,347.81885
59.133125,347.6786
59.148457,347.6786
59.167374,349.28467
59.18208,349.28467
59.19812,349.28467
59.217243,350.47467
59.230473,350.47467
59.248844,349.25177
59.265984,349.25177
59.28105,349.25177
59.299034,349.57928
59.31441,349.57928
59.3368,350.5973
59.349247,350.5973
59.365673,349.52502
59.382725,349.52502
59.39847,349.52502
59.41881,351.1458
59.43066,351.1458
59.44902,351.43835
59.465504,351.43835
59.4818,351.43835
59.501606,351.0797
59.515606,351.0797
59.535896,351.0705
59.548347,351.0705
59.566547,349.97986
59.583714,349.97986
59.59842,349.97986
59.61768,348.8958
59.631798,348.8958
59.652176,346.89655
59.664455,346.89655
59.68374,346.89655
59.699398,347.5899
59.713932,347.5899
59.733543,348.80646
59.748478,348.80646
59.76456,350.35034
59.781895,350.35034
59.797848,350.35034
59.817383,349.74127
59.83114,349.74127
59.849308,351.57812
59.86524,351.57812
59.88055,351.57812
59.90009,352.24115
59.91599,352.24115
59.93394,352.6988
59.948143,352.6988
59.964848,353.58777
59.982697,353.58777
59.998104,353.58777
60.0,353.58777
