0.28735432,282.0
0.29903477,282.0
0.31541106,282.375
0.33240518,282.80487
0.347386,282.80487
0.36421546,282.80487
0.38199636,284.18842
0.3981258,284.18842
0.4190646,283.2464
0.43389583,283.2464
0.44902313,286.81177
0.46601924,286.81177
0.482341,286.81177
0.49845618,289.2414
0.515107,289.2414
0.5333848,290.1828
0.5475966,290.1828
0.565746,290.21838
0.5825974,290.21838
0.5976115,290.21838
0.61641103,292.2804
0.62949145,292.2804
0.64711595,293.66113
0.6647367,293.66113
0.6799801,293.66113
0.69939256,293.6435
0.7129754,293.6435
0.7298353,293.6435
0.749261,293.09637
0.7637644,296.0857
0.78187776,296.0857
0.798066,296.0857
0.81458294,293.26746
0.83107215,293.26746
0.84781826,295.08826
0.86654866,295.08826
0.8794894,295.08826
0.8998494,296.8261
0.91307145,296.8261
0.93590957,298.15662
0.94722754,298.15662
0.9637191,302.65424
0.9815857,302.65424
0.99762887,302.65424
1.0177863,302.36047
1.0302655,302.36047
1.0468409,304.19275
1.0651861,304.19275
1.0825924,304.19275
1.0996517,304.4176
1.1146322,304.4176
1.1339551,307.39795
1.1474963,307.39795
1.1649903,307.14734
1.1822348,307.14734
1.1965886,307.14734
1.2162591,306.25806
1.2304049,306.25806
1.2496836,309.0
1.2640259,309.0
1.2828097,309.0
1.2995003,311.88892
1.3146536,311.88892
1.3376911,310.4773
1.3485044,310.4773
1.3658112,311.69446
1.3826153,312.23212
1.3984253,312.23212
1.4172442,311.37335
1.4301412,311.37335
1.4514802,313.20483
1.4647609,313.20483
1.4813238,313.20483
1.4993215,315.72168
1.5137752,315.72168
1.5322261,317.7907
1.5462542,317.7907
1.5652506,321.011
1.5820472,321.011
1.5974591,321.011
1.6156049,322.44568
1.6308756,322.44568
1.6497283,326.4535
1.6642971,326.4535
1.6810122,326.4535
1.6988432,324.74713
1.7130842,324.74713
1.7324901,327.04492
1.7472911,327.04492
1.763138,327.04492
1.7821596,328.5124
1.7974935,328.5124
1.8141309,328.36273
1.8298366,328.36273
1.8472184,332.88776
1.8650284,332.88776
1.8799078,332.88776
1.8993549,331.37897
1.913688,331.37897
1.9315863,332.2
1.947218,332.2
1.9645852,332.2
1.9826238,334.84088
1.9984558,334.84088
2.0164163,338.74194
2.032227,338.74194
2.0489073,341.45282
2.0641794,341.45282
2.080496,341.45282
2.099166,340.974
2.112721,340.974
2.1320593,341.51166
2.1476293,341.51166
2.163727,342.67145
2.1812446,344.38556
2.196987,344.38556
2.2146783,350.92554
2.2302508,350.92554
2.2510223,348.43903
2.265771,348.43903
2.2807112,348.43903
2.2993138,348.85187
2.3134964,348.85187
2.331708,352.07336
2.3470018,352.07336
2.3635178,352.07336
2.3812237,353.15833
2.3994703,353.15833
2.4189212,352.3852
2.429691,352.3852
2.4470654,352.95575
2.4654067,352.95575
2.4822423,352.95575
2.5005271,354.3543
2.514421,354.3543
2.533112,356.07465
2.5483723,356.07465
2.5652773,356.07465
2.5818937,356.95496
2.5987425,356.95496
2.615789,356.675
2.6368992,356.675
2.6492183,360.17053
2.6654136,360.17053
2.6842337,360.17053
2.7024097,361.0984
2.7146504,361.0984
2.732452,359.424
2.7475917,359.424
2.7650306,358.7143
2.7818706,358.7143
2.7968934,358.7143
2.8161325,358.74323
2.8306854,358.74323
2.8478239,358.5625
2.8651328,358.5625
2.880287,358.5625
2.8979602,359.627
2.914545,359.627
2.931533,357.7953
2.945959,357.7953
2.964551,357.7953
2.9821093,357.27118
2.9976513,357.27118
3.0151901,357.89813
3.0313656,357.89813
3.0478346,358.09344
3.0660317,358.09344
3.0817559,358.09344
3.098428,356.4964
3.113088,356.4964
3.131945,356.2403
3.147016,356.2403
3.164533,356.3083
3.181332,356.3083
3.1979787,356.3083
3.2159727,355.51825
3.2301984,355.51825
3.2520587,355.75513
3.2652829,355.75513
3.2803702,355.75513
3.2988226,356.31427
3.3145378,356.31427
3.3327746,355.54303
3.347303,355.54303
3.3640368,355.54303
3.3812659,356.6797
3.3969266,356.6797
3.4164557,354.7055
3.4321716,354.7055
3.4488237,355.83472
3.4660826,355.83472
3.4814398,355.83472
3.4989812,355.76147
3.514037,355.76147
3.5325034,355.4074
3.5485365,355.4074
3.563453,355.4074
3.5831168,354.352
3.5983565,354.352
3.6159818,354.29907
3.6326346,354.29907
3.6487517,354.29907
3.6664033,354.29907
3.681677,354.29907
3.7025445,354.08002
3.7152061,354.08002
3.7371283,352.76343
3.7485192,352.76343
3.7652264,352.95453
3.7839377,352.95453
3.80103,352.95453
3.8162565,351.43298
3.8300154,351.43298
3.848557,354.8333
3.8640027,354.8333
3.8800972,354.8333
3.9009235,354.2525
3.9139242,354.2525
3.9380243,352.88043
3.948014,352.88043
3.9677858,353.3772
3.9825187,353.3772
3.9978242,353.3772
4.015205,357.5351
4.030136,357.5351
4.0477924,357.07874
4.06565,357.07874
4.0804973,357.07874
4.0982957,355.125
4.113966,355.125
4.136074,355.2143
4.14716,355.2143
4.163795,355.2143
4.181947,354.26025
4.197351,354.26025
4.2160997,352.36
4.230553,352.36
4.249829,352.4655
4.2642875,352.4655
4.2806115,352.4655
4.299377,353.25
4.3149304,353.25
4.331364,355.6964
4.3477325,355.6964
4.3655243,353.55048
4.3824673,353.55048
4.396542,353.55048
4.4154477,353.13953
4.4304385,353.13953
4.4526076,353.08698
4.46597,353.08698
4.482099,353.08698
4.499181,350.63336
4.5149937,350.63336
4.532282,351.40173
4.5469227,351.40173
4.569753,353.8214
4.581775,353.8214
4.596601,353.8214
4.6185513,353.16815
4.6307173,353.16815
4.6580143,351.3153
4.668069,351.3153
4.684082,350.96997
4.7011847,350.96997
4.7171235,350.96997
4.7351904,350.10754
4.75008,350.10754
4.7710304,351.79645
4.783567,351.79645
4.800378,351.79645
4.8179884,355.06183
4.8328424,355.06183
4.8543296,351.6778
4.866197,351.6778
4.8829036,351.6778
4.9011497,352.01086
4.9171343,352.01086
4.9349813,351.60345
4.950151,351.60345
4.9668455,349.91382
4.984018,349.91382
5.0002766,349.91382
5.01775,349.63562
5.033193,349.63562
5.055854,350.09436
5.066308,350.09436
5.0822883,350.09436
5.099786,350.03845
5.115266,350.03845
5.13943,347.44
5.1492157,347.44
5.1672106,347.44
5.184387,347.44
5.1991243,347.44
5.217776,349.64862
5.2338567,349.64862
5.252046,350.9076
5.2664127,350.9076
5.2826495,350.9076
5.3019137,348.17474
5.3175974,348.17474
5.334355,348.028
5.3487377,348.028
5.36736,349.112
5.383967,349.112
5.400514,349.112
5.4179983,351.15887
5.4326086,351.15887
5.4525323,347.59198
5.4684334,347.59198
5.483515,347.59198
5.501478,346.58118
5.5160885,346.58118
5.5377135,349.2522
5.5494614,349.2522
5.5679483,349.6767
5.584313,349.6767
5.599943,349.6767
5.618203,349.12317
5.633337,349.12317
5.6532717,349.37006
5.6655226,349.37006
5.682729,349.37006
5.7008133,349.30463
5.7164116,349.30463
5.7338552,349.7132
5.7507114,349.7132
5.7660227,348.2857
5.785261,348.2857
5.7995024,348.2857
5.8180842,348.60254
5.8330164,348.60254
5.851443,348.37036
5.867054,348.37036
5.883168,348.37036
5.9054637,348.39563
5.9167013,348.39563
5.9341006,346.7143
5.9655123,346.7143
5.9781675,345.88495
5.991075,345.88495
6.007278,349.3874
6.0245566,349.3874
6.0398345,349.3874
6.0585566,347.2857
6.0741606,347.2857
6.0934167,346.422
6.1076064,346.422
6.1265078,345.9508
6.1408424,345.9508
6.1583014,345.9508
6.175485,349.04877
6.1912985,349.04877
6.2085233,349.55457
6.225567,349.55457
6.2418723,349.55457
6.259872,346.40955
6.2739654,346.40955
6.295331,345.91174
6.3067627,345.91174
6.3274307,348.51495
6.3427553,348.51495
6.362889,348.51495
6.3786736,346.59998
6.3912015,346.59998
6.4126935,345.3719
6.4257197,345.3719
6.4407773,345.3719
6.4625683,346.06897
6.4750643,346.06897
6.494006,344.1919
6.5079517,344.1919
6.5250616,343.0741
6.5418806,343.0741
6.5584574,343.0741
6.575939,341.85364
6.5911627,341.85364
6.607744,340.55658
6.626342,340.55658
6.640792,340.55658
6.658556,338.58716
6.6745305,338.58716
6.692634,338.7458
6.708055,338.7458
6.7248755,336.92664
6.7421618,336.92664
6.758244,336.92664
6.7806673,335.63635
6.791139,335.63635
6.807267,336.52588
6.8247404,336.52588
6.8416934,336.52588
6.8589435,335.56842
6.8749266,335.56842
6.895159,334.90088
6.9070334,334.90088
6.9249544,334.5625
6.942902,334.5625
6.9579763,334.5625
6.976685,334.976
6.9924927,334.976
7.0098877,332.5772
7.0242596,332.5772
7.042646,332.5772
7.0593443,332.2901
7.0874667,332.2901
7.0994897,332.2901
7.1129394,332.2901
7.1309843,332.0916
7.14803,330.50433
7.16313,330.50433
7.180405,329.5827
7.1963906,329.5827
7.216007,328.13104
7.228928,328.13104
7.246435,328.14893
7.263613,328.14893
7.280007,328.14893
7.2974143,327.51184
7.3120117,327.51184
7.329497,325.8108
7.3467593,325.8108
7.3639026,325.8108
7.3806243,325.27338
7.3947854,325.27338
7.417258,325.62305
7.429363,325.62305
7.446248,323.21643
7.465051,323.21643
7.4795265,323.21643
7.4969325,322.14398
7.512813,322.14398
7.5311656,322.84998
7.546838,322.84998
7.5634174,322.84998
7.580205,322.3468
7.59674,322.3468
7.6147947,319.2198
7.6283917,319.2198
7.6484537,321.59186
7.6642933,321.59186
7.6793613,321.59186
7.7007656,320.32294
7.71298,320.32294
7.7311335,319.96973
7.7469177,319.96973
7.7635555,320.13208
7.780251,320.13208
7.796814,320.13208
7.8131576,317.5437
7.8295364,317.5437
7.8455415,318.38135
7.8646646,318.38135
7.8801675,318.38135
7.897071,315.1375
7.9122767,315.1375
7.932505,314.05933
7.9455304,314.05933
7.9645715,314.05933
7.981173,314.3772
7.9958916,314.3772
8.014592,312.97675
8.029523,312.97675
8.045944,312.61346
8.063509,312.61346
8.078814,312.61346
8.096833,311.9151
8.112954,311.9151
8.135243,312.40002
8.145881,312.40002
8.163851,311.2951
8.179836,311.2951
8.194822,311.2951
8.216621,310.94116
8.229582,310.94116
8.246511,311.3913
8.262636,311.3913
8.279209,311.3913
8.29815,312.56427
8.311962,312.56427
8.330092,312.10925
8.346885,312.10925
8.362053,312.10925
8.380667,309.81818
8.395189,309.81818
8.41446,310.40625
8.43008,310.40625
8.448174,311.5691
8.464758,311.5691
8.480287,311.5691
8.497982,311.0161
8.51278,311.0161
8.532952,310.1377
8.546254,310.1377
8.563624,309.04095
8.580254,309.04095
8.595673,309.04095
8.613278,309.2143
8.630279,309.2143
8.645677,310.75757
8.664019,310.75757
8.679557,310.75757
8.698632,310.15625
8.712525,310.15625
8.731009,310.2016
8.747498,310.2016
8.762418,310.2016
8.780352,309.0893
8.796197,309.0893
8.816182,310.26532
8.829744,310.26532
8.845348,310.42242
8.864392,310.42242
8.880409,310.42242
8.903255,308.1786
8.912188,308.1786
8.930252,307.7049
8.946089,307.7049
8.962307,307.7049
8.980944,306.88287
8.99604,306.88287
9.013486,305.76416
9.030037,305.76416
9.045713,305.42426
9.062788,305.42426
9.077995,305.42426
9.097389,305.4237
9.112276,305.4237
9.13016,303.66052
9.145212,303.66052
9.162809,303.66052
9.179094,304.7802
9.196119,304.7802
9.21451,305.20947
9.230051,305.20947
9.246808,303.50336
9.263362,303.50336
9.279166,303.50336
9.297603,303.70636
9.313268,303.70636
9.330376,303.3415
9.345929,303.3415
9.361921,303.3415
9.380855,304.073
9.395174,304.073
9.413816,305.8333
9.428368,305.8333
9.445487,307.74194
9.464089,307.74194
9.47881,307.74194
9.496419,306.96265
9.511338,306.96265
9.536867,306.83868
9.5466,306.83868
9.563006,306.83868
9.579187,305.83563
9.596369,305.83563
9.613613,307.07635
9.630095,307.07635
9.647611,308.56934
9.66389,308.56934
9.67955,308.56934
9.698413,303.45044
9.711598,303.45044
9.734539,304.09924
9.746395,304.09924
9.761662,304.09924
9.781023,304.687
9.796161,304.687
9.812982,304.32623
9.828536,304.32623
9.845729,304.24377
9.864193,304.24377
9.879178,304.24377
9.897992,303.36
9.91318,303.36
9.931734,305.97778
9.945571,305.97778
9.963163,305.99255
9.979768,306.32623
9.996595,306.32623
10.014213,303.5135
10.0290985,303.5135
10.048234,303.81415
10.06334,303.81415
10.079642,303.81415
10.098137,304.0
10.113341,304.0
10.13167,304.024
10.145766,304.024
10.162644,304.024
10.180729,304.7876
10.196232,304.7876
10.214789,304.0769
10.229749,304.0769
10.246311,305.45526
10.265482,305.45526
10.278936,305.45526
10.296882,305.15576
10.311604,305.15576
10.331519,304.4074
10.346173,304.4074
10.365246,305.45453
10.380998,305.45453
10.3960085,305.45453
10.4153805,303.0
10.429987,303.0
10.451258,302.79047
10.464995,302.79047
10.482284,302.79047
10.499312,304.0091
10.517764,304.0091
10.5298815,301.81195
10.546735,301.81195
10.563449,301.81195
10.581561,302.45135
10.596219,302.45135
10.617794,302.29907
10.630181,302.29907
10.646552,305.5728
10.664513,305.5728
10.679224,305.5728
10.699451,305.50476
10.712179,305.50476
10.735946,303.7411
10.746243,303.7411
10.761892,303.7411
10.78072,304.82794
10.795438,304.82794
10.815871,301.66113
10.829676,301.66113
10.847066,301.16364
10.863723,301.16364
10.880379,301.16364
10.897974,304.95935
10.913032,304.95935
10.934913,305.04034
10.946168,305.04034
10.962925,305.04034
10.980696,305.30768
10.995676,305.30768
11.016145,305.6822
11.029199,305.6822
11.046389,302.06976
11.065311,302.06976
11.079873,302.06976
11.098298,301.9076
11.112973,301.9076
11.1334505,304.2542
11.147212,304.2542
11.1625595,304.2542
11.181195,304.3504
11.197615,304.3504
11.214203,305.44446
11.2304,305.44446
11.247311,305.61243
11.264677,305.61243
11.28046,305.61243
11.301626,302.37286
11.318414,302.37286
11.331974,303.0396
11.3483715,303.0396
11.3642025,303.0396
11.380409,304.2411
11.3955145,304.2411
11.415844,304.88373
11.430051,304.88373
11.446276,303.17322
11.463568,303.17322
11.479663,303.17322
11.498789,302.94287
11.511601,302.94287
11.535948,303.35114
11.545652,303.35114
11.563036,303.35114
11.579964,303.77502
11.595486,303.77502
11.6138,302.5041
11.629257,302.5041
11.648694,302.65002
11.662991,302.65002
11.6783695,302.65002
11.6971245,304.0
11.7123575,304.0
11.729387,303.325
11.7483015,303.325
11.763756,301.78876
11.780194,301.78876
11.796713,301.78876
11.813863,301.70746
11.829502,301.70746
11.845421,299.4312
11.864491,299.4312
11.879577,299.4312
11.897641,299.6355
11.9122715,299.6355
11.934689,300.7928
11.946435,300.7928
11.964567,301.05
11.980228,301.05
11.996638,301.05
12.014364,301.4621
12.030526,301.4621
12.047451,301.72443
12.063385,301.72443
12.079838,301.72443
12.097815,302.25623
12.112504,302.25623
12.131874,302.50397
12.145511,302.50397
12.163595,302.50397
12.180142,302.6187
12.196444,302.6187
12.214571,301.91132
12.230295,301.91132
12.247847,302.45667
12.264894,302.45667
12.278914,302.45667
12.297143,302.373
12.31222,302.373
12.333994,300.9192
12.345529,300.9192
12.363218,300.9192
12.380257,302.24243
12.395727,302.24243
12.417231,301.0
12.4295225,301.0
12.446567,301.3333
12.463193,301.3333
12.479497,301.3333
12.497448,300.7381
12.514058,300.7381
12.53124,301.89148
12.546377,301.89148
12.562396,301.89148
12.581018,300.56097
12.595859,300.56097
12.616249,301.70898
12.62907,301.70898
12.646264,304.7727
12.664185,304.7727
12.6798935,304.7727
12.697124,304.96826
12.713223,304.96826
12.732149,305.7931
12.746092,305.7931
12.763377,305.4336
12.781038,305.4336
12.79632,305.4336
12.81542,306.19513
12.83077,306.19513
12.845604,306.27197
12.863155,306.27197
12.879596,306.27197
12.8994465,307.38666
12.913696,307.38666
12.932144,307.70074
12.950761,307.70074
12.9716625,309.2093
12.987989,309.2093
13.001566,309.2093
13.019195,309.45142
13.033699,309.45142
13.052232,311.13818
13.068908,311.13818
13.085671,308.91602
13.102027,308.91602
13.11771,308.91602
13.139026,312.05835
13.15487,312.05835
13.171533,312.18555
13.188203,312.18555
13.207553,311.26813
13.221615,311.26813
13.237316,311.26813
13.255254,312.87598
13.270927,312.87598
13.289186,316.2
13.303692,316.2
13.321192,316.2
13.339436,318.8551
13.354032,318.8551
13.372183,315.29755
13.386347,315.29755
13.4048195,313.75488
13.42133,313.75488
13.436328,313.75488
13.455541,315.27502
13.471136,315.27502
13.4898615,317.10925
13.503734,317.10925
13.520449,317.10925
13.538386,316.23334
13.553689,316.23334
13.571668,317.16797
13.587101,317.16797
13.604824,316.37036
13.620942,316.37036
13.638138,316.37036
13.656061,316.36975
13.670681,316.36975
13.689013,318.3871
13.704093,318.3871
13.720052,318.3871
13.739901,321.64862
13.754832,321.64862
13.770853,319.85394
13.787706,319.85394
13.803661,320.77417
13.821256,320.77417
13.836326,320.77417
13.855973,318.9798
13.871364,318.9798
13.887411,320.58618
13.905278,320.58618
13.920567,320.58618
13.939653,319.7553
13.953634,319.7553
13.971411,320.0213
13.986988,320.0213
14.004634,322.3802
14.020995,322.3802
14.039061,322.3802
14.054156,322.51
14.072034,322.51
14.088977,329.4037
14.104629,329.4037
14.1204605,329.4037
14.138386,328.0598
14.153957,328.0598
14.1728945,324.3932
14.1866665,324.3932
14.203585,326.96033
14.220594,326.96033
14.238396,326.96033
14.254661,327.57257
14.270833,327.57257
14.288447,328.67743
14.304819,328.67743
14.321132,328.67743
14.3396435,329.43475
14.3534355,329.43475
14.372208,333.65216
14.386412,333.65216
14.4047785,331.33636
14.422204,331.33636
14.437726,331.33636
14.460035,332.95575
14.470307,332.95575
14.4886875,334.5766
14.503979,334.5766
14.520185,334.5766
14.539132,335.4806
14.553002,335.4806
14.571913,335.39026
14.587356,335.39026
14.603844,335.0901
14.621396,335.0901
14.637445,335.0901
14.655662,337.46466
14.670381,337.46466
14.686735,337.48334
14.70647,337.48334
14.72103,337.48334
14.739169,340.50458
14.75402,340.50458
14.7721195,340.35486
14.789825,340.35486
14.80585,340.94263
14.8225355,340.94263
14.836387,340.94263
14.856255,341.9018
14.870956,341.9018
14.894117,344.88232
14.90428,344.88232
14.920666,344.88232
14.938321,344.0692
14.953317,344.0692
14.973933,345.78815
14.986866,345.78815
15.008349,347.69525
15.020604,347.69525
15.037218,347.69525
15.054894,346.98303
15.070364,346.98303
15.08737,348.94617
15.10461,348.94617
15.121435,348.94617
15.138352,348.22223
15.154927,348.22223
15.171674,349.49603
15.186665,349.49603
15.203988,350.7727
15.222233,350.64764
15.2374,350.64764
15.254649,351.12
15.270507,351.12
15.288306,353.72272
15.305843,353.72272
15.321397,353.72272
15.338917,353.72095
15.354827,353.72095
15.371599,353.7815
15.3880825,353.7815
15.404949,352.9107
15.422645,352.9107
15.437137,352.9107
15.455656,355.79132
15.470451,355.79132
15.491581,354.44714
15.504754,354.44714
15.520618,354.44714
15.538698,358.58777
15.554422,358.58777
15.572276,356.38098
15.587262,356.38098
15.604865,358.1042
15.621756,358.1042
15.638285,358.1042
15.659515,359.88574
15.670489,359.88574
15.6884775,360.6949
15.705651,360.6949
15.72044,360.6949
15.739652,359.96973
15.754823,359.96973
15.777223,362.5078
15.787979,362.5078
15.803594,361.0531
15.821167,361.0531
15.836323,361.0531
15.854465,362.5276
15.870361,362.5276
15.889173,363.26215
15.904992,363.26215
15.9210205,363.26215
15.938891,360.875
15.954401,360.875
15.973154,360.53534
15.987362,360.53534
16.005272,362.17645
16.02289,362.17645
16.037102,362.17645
16.055088,362.44354
16.072313,362.44354
16.089268,361.80835
16.104986,361.80835
16.120275,361.80835
16.140009,360.5263
16.153759,360.5263
16.17263,361.312
16.186754,361.312
16.208061,360.90912
16.221857,360.90912
16.238007,360.90912
16.25613,360.23126
16.279293,360.23126
16.287674,360.5417
16.303505,360.5417
16.320686,360.5417
16.338104,361.4262
16.357555,361.4262
16.373821,362.21136
16.387535,362.21136
16.404804,361.17212
16.423306,361.17212
16.437216,361.17212
16.454342,361.22314
16.470049,361.22314
16.488752,361.70148
16.503153,361.70148
16.521246,361.70148
16.538132,360.2458
16.554054,360.2458
16.570934,363.76758
16.586065,363.76758
16.604008,363.83197
16.621536,363.83197
16.637453,363.83197
16.653902,365.60797
16.670238,365.60797
16.688362,365.8722
16.70304,365.8722
16.719465,365.8722
16.738066,361.04724
16.753529,361.04724
16.77095,361.27417
16.78699,361.27417
16.803839,363.2917
16.82061,363.2917
16.836182,363.2917
16.854473,363.12952
16.869886,363.12952
16.887829,361.5
16.903322,361.5
16.919754,361.5
16.937712,360.86804
16.95273,360.86804
16.972282,360.52594
16.986681,360.52594
17.005474,360.03027
17.021406,360.03027
17.036781,360.03027
17.054604,360.13794
17.070606,360.13794
17.087498,361.11768
17.102737,361.11768
17.120214,361.11768
17.140657,358.7422
17.153837,358.7422
17.170858,358.74377
17.185793,358.74377
17.204817,356.61194
17.220392,356.61194
17.237106,356.61194
17.254095,356.8321
17.269775,356.8321
17.289324,357.69696
17.30337,357.69696
17.319965,357.69696
17.33702,360.46936
17.352955,360.46936
17.374516,358.6983
17.386011,358.6983
17.411232,358.59485
17.421934,358.59485
17.436026,358.59485
17.455297,356.90002
17.469816,356.90002
17.486393,356.36273
17.504946,356.36273
17.518887,356.36273
17.538054,357.2787
17.552849,357.2787
17.571852,355.7442
17.585812,355.7442
17.604046,356.0089
17.621017,356.0089
17.636982,356.0089
17.65483,356.63116
17.670305,356.63116
17.686749,356.453
17.70474,356.453
17.730213,356.41223
17.742407,356.41223
17.755054,356.41223
17.775162,358.0686
17.78885,358.0686
17.804958,355.93695
17.821642,355.93695
17.838547,355.93695
17.856441,353.886
17.871735,353.886
17.888939,354.2727
17.905413,354.2727
17.921413,354.2727
17.939808,353.82727
17.968702,353.5929
17.981262,353.5929
17.992714,353.5929
18.011147,354.719
18.025501,354.719
18.04367,354.80768
18.060177,354.80768
18.078321,354.80768
18.09483,353.7143
18.109642,353.7143
18.127064,354.45
18.143293,354.45
18.15962,354.45
18.17903,353.0833
18.192707,353.0833
18.2097,354.562
18.22617,354.562
18.243418,354.562
18.260675,354.14398
18.27588,354.14398
18.295862,354.9248
18.309052,354.9248
18.330294,354.0569
18.343222,354.0569
18.360615,354.0569
18.377903,352.9192
18.392452,352.9192
18.41383,352.43475
18.426794,352.43475
18.447449,352.72186
18.463287,352.72186
18.475515,352.72186
18.494987,350.65216
18.509623,350.65216
18.531378,351.02142
18.544344,351.02142
18.559261,351.02142
18.578098,349.99054
18.592222,349.99054
18.61069,347.97247
18.62799,347.97247
18.644026,350.18182
18.661268,350.18182
18.675892,350.18182
18.693438,349.521
18.708696,349.521
18.725954,350.30402
18.742483,350.30402
18.759388,350.30402
18.780577,349.49164
18.79397,349.49164
18.810747,350.42535
18.826004,350.42535
18.843027,350.42535
18.86026,348.90143
18.876146,348.90143
18.894117,350.3023
18.909475,350.3023
18.927063,347.19257
18.943024,347.19257
18.95902,347.19257
18.978374,346.68506
18.99243,346.68506
19.009289,343.83868
19.025288,343.83868
19.043713,343.6518
19.060015,343.6518
19.077188,343.6518
19.094297,343.62402
19.110252,343.62402
19.128124,343.16815
19.14251,343.16815
19.160397,343.16815
19.176811,343.14423
19.19271,343.14423
19.209553,343.61108
19.226473,343.61108
19.243404,344.63416
19.260525,344.63416
19.275244,344.63416
19.2944,344.52252
19.308386,344.52252
19.328293,340.93164
19.344109,340.93164
19.360792,340.93164
19.378902,341.09283
19.393072,341.09283
19.412712,341.62885
19.42607,341.62885
19.44263,341.62885
19.460617,338.78748
19.476702,338.78748
19.494673,337.16913
19.509964,337.16913
19.52911,339.1104
19.543905,339.1104
19.558605,339.1104
19.577923,338.70502
19.59282,338.70502
19.610447,337.00665
19.626543,337.00665
19.644182,336.96576
19.66013,336.96576
19.677301,336.96576
19.693413,334.7953
19.709028,334.7953
19.725975,334.81024
19.742857,334.81024
19.760448,334.81024
19.777977,335.12714
19.793228,335.12714
19.811672,332.2193
19.826157,332.2193
19.841959,332.2193
19.860868,335.075
19.876926,335.075
19.894659,332.59167
19.909826,332.59167
19.926962,331.77692
19.943785,331.77692
19.958714,331.77692
19.976616,330.6983
19.992403,330.6983
20.010607,330.84827
20.025763,330.84827
20.043526,329.2541
20.059649,329.2541
20.076817,329.2541
20.095577,329.82788
20.109112,329.82788
20.129871,329.53064
20.143797,329.53064
20.159733,329.53064
20.177977,330.2105
20.192265,330.2105
20.213146,330.10767
20.22618,330.10767
20.242342,330.10767
20.260265,327.51324
20.276878,327.51324
20.29439,328.75208
20.309645,328.75208
20.325958,327.78003
20.344599,327.78003
20.359316,327.78003
20.378931,330.39
20.393791,330.39
20.410555,328.0741
20.426083,328.0741
20.44575,328.1626
20.463161,328.1626
20.478268,328.1626
20.495926,327.8203
20.510323,327.8203
20.529844,326.55646
20.543324,326.55646
20.558462,326.55646
20.578999,325.97638
20.59258,325.97638
20.61076,325.83185
20.627728,325.83185
20.642702,325.83185
20.661861,327.0
20.676434,327.0
20.693327,327.76843
20.70951,327.76843
20.72815,325.36365
20.74367,325.36365
20.759457,325.36365
20.781204,321.9524
20.792952,321.9524
20.810875,322.15686
20.826097,322.15686
20.844429,322.72565
20.860703,322.72565
20.875793,322.72565
20.895277,323.3719
20.909714,323.3719
20.926237,319.2105
20.943815,319.2105
20.959097,319.2105
20.978132,317.54547
20.992914,317.54547
21.01228,318.7826
21.026228,318.7826
21.043732,318.65265
21.059706,318.65265
21.076027,318.65265
21.094429,318.1494
21.109713,318.1494
21.128292,318.4167
21.142817,318.4167
21.158665,318.4167
21.177925,322.386
21.192348,322.386
21.211796,321.60638
21.226501,321.60638
21.243776,320.82794
21.26096,320.82794
21.275604,320.82794
21.295237,319.3333
21.309631,319.3333
21.328463,317.51923
21.343761,317.51923
21.359283,317.51923
21.378721,319.0357
21.392885,319.0357
21.410118,320.17212
21.426899,320.17212
21.444357,318.9123
21.460587,318.9123
21.47646,318.9123
21.494745,320.07336
21.5099,320.07336
21.528254,318.65216
21.544876,318.65216
21.559544,318.65216
21.579077,318.4953
21.592718,318.4953
21.614763,317.83478
21.627302,317.83478
21.644691,318.04877
21.660444,318.04877
21.677372,318.04877
21.693327,316.3333
21.711155,316.3333
21.726532,314.60657
21.742928,314.60657
21.759012,314.60657
21.778172,314.72272
21.792915,314.72272
21.810148,314.31006
21.826572,314.31006
21.844023,312.30768
21.860264,312.30768
21.875011,312.30768
21.895079,314.1729
21.909353,314.1729
21.929234,312.00928
21.943125,312.00928
21.960217,312.00928
21.978113,311.40387
21.993736,311.40387
22.011425,311.81036
22.027866,311.81036
22.04371,312.0315
22.06076,312.0315
22.076048,312.0315
22.095196,311.44714
22.109371,311.44714
22.131882,311.86084
22.14253,311.86084
22.15969,311.86084
22.178204,312.27905
22.192835,312.27905
22.211676,312.75592
22.225843,312.75592
22.244799,313.36487
22.260473,313.36487
22.276033,313.36487
22.294348,313.8792
22.309847,313.8792
22.326752,314.28027
22.343777,314.28027
22.360798,314.28027
22.379162,313.78625
22.393488,313.78625
22.412073,312.97058
22.427485,312.97058
22.443987,312.51147
22.460846,312.51147
22.47619,312.51147
22.4944,312.26794
22.51021,312.26794
22.534882,311.80408
22.547747,311.80408
22.55859,311.80408
22.577824,311.53284
22.593786,311.53284
22.611292,312.40277
22.62659,312.40277
22.644024,309.47156
22.661327,309.47156
22.676819,309.47156
22.696077,309.11108
22.709097,309.11108
22.727562,307.5504
22.74383,307.5504
22.760115,307.5504
22.778063,308.08594
22.793814,308.08594
22.81183,309.30347
22.82695,309.30347
22.841965,309.30347
22.860916,310.26154
22.876904,310.26154
22.894735,309.06616
22.909904,309.06616
22.928444,308.2857
22.94288,308.2857
22.959839,308.2857
22.978197,306.91595
22.992983,306.91595
23.00992,307.67645
23.02615,307.67645
23.041983,307.67645
23.059866,310.63202
23.076078,310.63202
23.09524,309.5108
23.109856,309.5108
23.12849,309.49298
23.143715,309.49298
23.159506,309.49298
23.178064,309.47974
23.193686,309.47974
23.21178,309.8897
23.225826,309.8897
23.244253,309.6667
23.26135,309.6667
23.277504,309.6667
23.295378,308.864
23.310425,308.864
23.32669,308.9845
23.343285,308.9845
23.35936,308.9845
23.378864,307.77234
23.39365,307.77234
23.411846,308.70087
23.427975,308.70087
23.443558,306.3717
23.461481,306.3717
23.475555,306.3717
23.49611,306.8333
23.509985,306.8333
23.527973,307.7984
23.543346,307.7984
23.559849,307.7984
23.577059,308.51642
23.593853,308.51642
23.614985,308.18256
23.626244,308.18256
23.64246,308.18256
23.660936,307.9416
23.676348,307.9416
23.695063,309.5124
23.709099,309.5124
23.7274,307.80743
23.74256,307.80743
23.761326,307.80743
23.778296,309.92706
23.796074,309.92706
23.81228,309.6277
23.82662,309.6277
23.844736,307.06403
23.86096,307.06403
23.87799,307.06403
23.894274,306.63867
23.909273,306.63867
23.928467,306.35297
23.942072,306.35297
23.959496,306.35297
23.978163,304.8214
23.999508,304.8214
24.011936,303.7019
24.026564,303.7019
24.042395,303.7019
24.060133,303.5321
24.076538,303.5321
24.095177,304.1322
24.11764,304.1322
24.130241,303.43475
24.144283,303.43475
24.159655,303.43475
24.176529,303.13794
24.192917,303.13794
24.210402,303.1927
24.22654,303.1927
24.2428,303.1927
24.260462,302.92792
24.276726,302.92792
24.295744,305.61224
24.308666,305.61224
24.329668,305.70337
24.343695,305.70337
24.360392,305.70337
24.376558,305.6667
24.391912,305.6667
24.414347,303.456
24.427572,303.456
24.443756,304.3106
24.460854,304.3106
24.475939,304.3106
24.495493,303.63544
24.509619,303.63544
24.527613,305.30927
24.542315,305.30927
24.567055,303.6949
24.579557,303.6949
24.593426,303.6949
24.611572,304.33636
24.627556,304.33636
24.644007,306.2414
24.66114,306.2414
24.675505,306.2414
24.694569,305.36145
24.710505,305.36145
24.727386,307.4876
24.743446,307.4876
24.759485,307.4876
24.778149,309.19818
24.793453,309.19818
24.81154,312.375
24.826265,312.375
24.842405,312.375
24.861076,311.23254
24.876293,311.23254
24.895407,311.9784
24.910236,311.9784
24.927917,312.5
24.942244,312.5
24.959194,312.5
24.977404,312.54785
24.993013,312.54785
25.010553,312.60333
25.026798,312.60333
25.042416,312.60333
25.060467,314.84747
25.077005,314.84747
25.093807,315.8932
25.109934,315.8932
25.127705,315.64
25.143646,315.64
25.162144,315.64
25.177874,314.72382
25.193499,314.72382
25.210949,314.62262
25.226587,314.62262
25.242283,314.62262
25.259775,317.35345
25.27733,317.35345
25.294966,317.3333
25.310064,317.3333
25.32666,317.10205
25.343958,317.10205
25.36049,317.10205
25.378738,319.68964
25.394085,319.68964
25.41374,320.6667
25.427176,320.6667
25.449043,324.20325
25.463242,324.20325
25.477242,324.20325
25.495935,323.69598
25.511446,323.69598
25.527893,323.32074
25.542982,323.32074
25.559036,323.32074
25.577902,324.79382
25.593485,324.79382
25.613335,327.1842
25.627272,327.1842
25.644,325.2353
25.660114,325.2353
25.67678,325.2353
25.69525,326.69745
25.709452,326.69745
25.727476,326.90985
25.743433,326.90985
25.759914,326.90985
25.782091,330.11664
25.794052,330.11664
25.812683,330.59503
25.826733,330.59503
25.84343,333.2605
25.86132,333.2605
25.875586,333.2605
25.894165,333.61536
25.909721,333.61536
25.926107,336.94446
25.94375,336.94446
25.960382,336.94446
25.9776,337.91937
25.99405,337.91937
26.012907,339.0598
26.026962,339.0598
26.043642,340.35712
26.061398,340.35712
26.077566,340.35712
26.09488,341.792
26.109613,341.792
26.129442,343.17114
26.143568,343.17114
26.159758,343.17114
26.177336,345.46973
26.192762,345.46973
26.214613,345.3261
26.226475,345.3261
26.244385,343.51263
26.260986,343.51263
26.276655,343.51263
26.29727,349.73425
26.309774,349.73425
26.32804,348.32355
26.343529,348.32355
26.360945,348.32355
26.37886,349.61176
26.394459,349.61176
26.411583,349.22034
26.426077,349.22034
26.445162,351.26715
26.463642,351.26715
26.47727,351.26715
26.494267,353.35876
26.510176,353.35876
26.528097,355.75397
26.5431,355.75397
26.560118,355.75397
26.578608,354.9463
26.593365,354.9463
26.610909,356.15527
26.628103,356.15527
26.64369,356.41345
26.660212,356.41345
26.676777,356.41345
26.694141,359.32483
26.710886,359.32483
26.728477,358.9179
26.742748,358.9179
26.75872,358.9179
26.776781,360.63947
26.79378,360.63947
26.811272,361.31158
26.826828,361.31158
26.842634,361.31158
26.860052,363.17358
26.87776,363.17358
26.89547,362.71234
26.909714,362.71234
26.928152,364.71198
26.94309,364.71198
26.95989,364.71198
26.978752,366.75165
26.995121,366.75165
27.01165,368.20868
27.027214,368.20868
27.044378,370.11627
27.061132,370.11627
27.076353,370.11627
27.093924,370.2174
27.109365,370.2174
27.130281,373.59857
27.143284,373.59857
27.15938,373.59857
27.177977,373.31158
27.193077,373.31158
27.210798,378.00647
27.226036,378.00647
27.243673,379.3294
27.260643,379.3294
27.278313,379.3294
27.295664,378.88123
27.310022,378.88123
27.326532,381.7697
27.344282,381.7697
27.359852,381.7697
27.378992,382.60138
27.393793,382.60138
27.411682,382.6419
27.426826,382.6419
27.442896,382.6419
27.462572,381.252
27.477646,381.252
27.495506,381.71198
27.50916,381.71198
27.528685,382.5691
27.542532,382.5691
27.559776,382.5691
27.578783,383.9756
27.593752,383.9756
27.6124,381.7563
27.62747,381.7563
27.644848,382.05884
27.66097,382.05884
27.676003,382.05884
27.698053,381.44348
27.711157,381.44348
27.731617,380.12036
27.743881,380.12036
27.760317,380.12036
27.778294,382.1405
27.794472,382.1405
27.81256,379.7091
27.82619,379.7091
27.84485,382.25848
27.863474,382.25848
27.877562,382.25848
27.895794,381.21582
27.911179,381.21582
27.926783,379.60742
27.94398,379.60742
27.960394,379.60742
27.977774,376.8819
27.992981,376.8819
28.011513,378.89062
28.027617,378.89062
28.044147,378.52252
28.06012,378.52252
28.07635,378.52252
28.09451,378.8485
28.110065,378.8485
28.131783,378.15045
28.143461,378.15045
28.16056,378.15045
28.17755,377.16516
28.192474,377.16516
28.211012,378.3333
28.226788,378.3333
28.242363,378.3333
28.26134,375.65002
28.276537,375.65002
28.294836,375.26428
28.310678,375.26428
28.328827,374.825
28.342665,374.825
28.3599,374.825
28.378256,376.01575
28.393553,376.01575
28.411112,377.14386
28.426962,377.14386
28.444185,377.42566
28.461401,377.42566
28.476547,377.42566
28.495132,376.8797
28.509468,376.8797
28.5283,376.84424
28.54324,376.84424
28.560577,376.84424
28.578644,373.8319
28.594465,373.8319
28.615255,374.4394
28.627594,374.4394
28.645332,374.4394
28.661009,376.5504
28.676783,376.5504
28.694887,377.26276
28.710333,377.26276
28.731178,376.0091
28.74423,376.0091
28.760836,376.0091
28.778162,376.4793
28.794357,376.4793
28.81124,375.93494
28.82668,375.93494
28.844364,376.22388
28.860775,376.22388
28.878027,376.22388
28.896809,375.32892
28.90978,375.32892
28.92605,376.16553
28.943468,376.16553
28.959875,376.16553
28.97811,375.9394
29.007154,373.4286
29.020124,373.4286
29.031898,373.4286
29.05179,375.01697
29.063381,375.01697
29.080755,375.01697
29.098402,375.76025
29.11489,375.76025
29.135454,374.27972
29.148104,374.27972
29.167034,374.2215
29.183468,374.2215
29.198027,374.2215
29.214855,372.64288
29.238178,372.64288
29.252573,370.99353
29.266071,370.99353
29.282152,370.99353
29.299545,368.99182
29.314632,368.99182
29.33355,370.56378
29.347593,370.56378
29.363817,371.65662
29.38193,371.65662
29.397865,371.65662
29.4161,370.1529
29.431458,370.1529
29.44959,370.9665
29.465431,370.9665
29.48221,370.9665
29.50026,370.92474
29.51492,370.92474
29.53251,371.5197
29.548948,371.5197
29.56647,370.5432
29.5842,370.5432
29.597702,370.5432
29.616594,369.48358
29.632511,369.48358
29.653334,369.0174
29.66505,369.0174
29.680784,369.0174
29.699408,369.62408
29.716093,369.62408
29.733093,368.91968
29.748877,368.91968
29.765747,369.31543
29.78291,369.31543
29.798319,369.31543
29.816189,368.59088
29.831352,368.59088
29.849638,369.06427
29.865004,369.06427
29.88217,369.06427
29.902077,368.71332
29.915596,368.71332
29.933435,368.66217
29.948635,368.66217
29.965448,368.85828
29.983587,368.85828
29.997572,368.85828
30.016531,369.1582
30.030458,369.1582
30.049387,368.29877
30.065714,368.29877
30.08323,368.25806
30.098896,368.25806
30.114923,368.25806
30.131664,368.08667
30.147484,368.08667
30.166533,367.38776
30.182142,367.38776
30.197863,367.38776
30.21559,366.5147
30.231176,366.5147
30.250402,367.42334
30.265882,367.42334
30.283735,368.51703
30.302969,368.51703
30.315533,368.51703
30.333727,365.81818
30.348032,365.81818
30.364939,365.78528
30.383871,365.78528
30.398386,365.78528
30.41726,364.036
30.432152,364.036
30.451412,363.9134
30.466185,363.9134
30.484005,362.21094
30.500244,362.21094
30.515017,362.21094
30.533356,360.406
30.548576,360.406
30.566246,362.51007
30.583027,362.51007
30.599281,362.51007
30.616858,360.96838
30.631315,360.96838
30.652205,357.6233
30.66534,357.6233
30.684717,360.66174
30.699934,360.66174
30.714888,360.66174
30.732986,355.12292
30.749302,355.12292
30.764849,356.55072
30.78493,356.55072
30.798403,356.55072
30.817003,354.2138
30.830944,354.2138
30.849854,354.1504
30.864222,354.1504
30.885658,354.2837
30.899961,354.2837
30.915236,354.2837
30.933666,352.76978
30.949205,352.76978
30.966755,354.8615
30.982927,354.8615
30.998096,354.8615
31.017385,353.8603
31.032299,353.8603
31.05105,352.3742
31.065254,352.3742
31.081394,352.3742
31.10022,350.5901
31.114182,350.5901
31.136642,348.97827
31.148302,348.97827
31.167645,348.16132
31.181618,348.16132
31.198866,348.16132
31.21715,349.01288
31.232487,349.01288
31.249962,348.9776
31.263937,348.9776
31.28241,348.9776
31.300299,350.29486
31.315397,350.29486
31.33674,346.2754
31.34779,346.2754
31.36512,346.80554
31.38316,346.80554
31.399212,346.80554
31.416727,345.72614
31.431347,345.72614
31.450924,342.3487
31.465876,342.3487
31.480583,342.3487
31.500473,341.5946
31.51466,341.5946
31.533266,343.61072
31.549,343.61072
31.566944,342.03204
31.581854,342.03204
31.599,342.03204
31.615551,342.13605
31.632807,342.13605
31.649061,339.53693
31.665434,339.53693
31.68101,339.53693
31.700567,339.14667
31.71519,339.14667
31.73346,338.1803
31.748291,338.1803
31.764997,338.73914
31.782415,338.73914
31.799707,338.73914
31.81739,339.2635
31.832409,339.2635
31.850788,338.59558
31.86582,338.59558
31.883505,335.31158
31.900198,335.31158
31.916187,335.31158
31.935806,336.38623
31.94823,336.38623
31.966354,335.98676
31.98168,335.98676
31.998516,335.98676
32.016148,338.5
32.03218,338.5
32.05036,338.2348
32.066574,338.2348
32.08294,338.2348
32.10035,335.15997
32.116352,335.15997
32.136745,336.58258
32.150497,336.58258
32.166145,334.62964
32.182533,334.62964
32.19935,334.62964
32.216644,334.57275
32.230743,334.57275
32.250996,334.56696
32.26555,334.56696
32.28328,334.56696
32.30054,333.14178
32.31653,333.14178
32.335445,335.5503
32.348404,335.5503
32.367016,333.39392
32.38431,333.39392
32.398933,333.39392
32.4192,329.0924
32.4327,329.0924
32.450768,328.99292
32.466393,328.99292
32.482994,328.99292
32.501076,327.57892
32.51491,327.57892
32.53538,326.9922
32.548412,326.9922
32.567253,325.34003
32.58237,325.34003
32.598953,325.34003
32.61717,326.6667
32.63168,326.6667
32.653397,325.10742
32.66547,325.10742
32.68188,325.10742
32.70103,323.4732
32.71563,323.4732
32.73402,325.7182
32.750347,325.7182
32.767193,325.9478
32.78718,325.9478
32.79831,325.9478
32.8173,325.25
32.83175,325.25
32.84926,324.161
32.86477,324.161
32.88237,324.161
32.89945,320.3719
32.915554,320.3719
32.934303,319.5185
32.949097,319.5185
32.966614,320.36
32.982666,320.36
32.99875,320.36
33.01756,319.9322
33.03273,319.9322
33.05328,319.93042
33.065384,319.93042
33.08179,319.93042
33.100193,319.38983
33.116455,319.38983
33.133904,319.2295
33.1491,319.2295
33.164974,318.8374
33.182106,318.8374
33.198494,318.8374
33.216415,319.7838
33.23133,319.7838
33.2525,319.25928
33.264282,319.25928
33.28175,319.25928
33.300354,318.1949
33.315765,318.1949
33.334553,318.75
33.34867,318.75
33.366344,318.0365
33.382725,318.0365
33.39855,318.0365
33.41743,317.9021
33.43238,317.9021
33.451168,317.8
33.46573,317.8
33.48169,317.8
33.501144,318.0678
33.51458,318.0678
33.53338,318.49615
33.559605,318.49615
33.567596,318.66144
33.585762,318.66144
33.600735,318.66144
33.619503,318.03906
33.633194,318.03906
33.650806,317.74603
33.666862,317.74603
33.683945,316.011
33.701874,316.011
33.716858,316.011
33.73495,319.23077
33.75031,319.23077
33.76823,317.25
33.782253,317.25
33.799706,317.25
33.81805,317.12292
33.833,317.12292
33.8502,318.29498
33.8675,318.29498
33.88357,318.02203
33.90274,318.02203
33.917076,318.02203
33.935436,318.64105
33.950115,318.64105
33.969326,318.4483
33.984436,318.4483
33.999634,318.4483
34.017834,320.479
34.033497,320.479
34.051224,320.3333
34.065357,320.3333
34.084145,320.01398
34.100254,320.01398
34.116608,320.01398
34.135365,319.70068
34.15136,319.70068
34.16941,319.82355
34.18302,319.82355
34.21476,320.04895
34.23083,320.04895
34.239315,320.04895
34.257072,318.81616
34.27198,318.81616
34.29499,318.25732
34.307404,318.25732
34.323273,318.25732
34.340225,319.85034
34.35532,319.85034
34.374157,319.34558
34.389305,319.34558
34.407364,318.98413
34.422703,318.98413
34.43932,318.98413
34.457474,318.39203
34.47185,318.39203
34.490948,317.12823
34.50623,317.12823
34.524155,317.3109
34.53969,317.3109
34.556988,317.3109
34.57486,318.24164
34.591125,318.24164
34.60588,315.53998
34.62393,315.53998
34.6394,315.53998
34.65736,317.61536
34.672466,317.61536
34.68994,316.9922
34.705616,316.9922
34.723335,317.54266
34.74032,317.54266
34.75579,317.54266
34.77398,317.9466
34.78971,317.9466
34.807518,316.00775
34.822483,316.00775
34.839172,316.00775
34.8572,316.26514
34.873154,316.26514
34.891582,317.01428
34.90746,317.01428
34.92346,316.43066
34.940742,316.43066
34.955765,316.43066
34.973953,314.36975
34.988964,314.36975
35.01137,314.9854
35.02376,314.9854
35.039997,314.9854
35.056763,316.55627
35.071625,316.55627
35.089794,317.06372
35.105785,317.06372
35.122658,317.06372
35.140057,316.52002
35.15548,316.52002
35.17517,315.79468
35.18959,315.79468
35.208405,314.1679
35.223217,314.1679
35.238075,314.1679
35.25736,314.2044
35.27364,314.2044
35.29024,315.00818
35.305946,315.00818
35.322823,315.00818
35.340527,313.76923
35.355213,313.76923
35.37335,315.0141
35.389164,315.0141
35.405476,315.81378
35.422195,315.81378
35.4392,315.81378
35.458813,315.23773
35.473553,315.23773
35.49085,315.6496
35.50492,315.6496
35.521854,315.6496
35.54098,315.6087
35.555244,315.6087
35.57324,315.18842
35.58963,315.18842
35.608383,314.4381
35.622246,314.4381
35.638138,314.4381
35.657383,313.73682
35.67265,313.73682
35.690052,315.7578
35.70572,315.7578
35.722256,315.7578
35.739414,315.72308
35.755363,315.72308
35.773365,314.21985
35.78976,314.21985
35.807575,314.53333
35.821247,314.53333
35.838722,314.53333
35.857594,314.75195
35.87146,314.75195
35.890236,314.34125
35.906517,314.34125
35.923553,314.55334
35.939507,314.55334
35.9562,314.55334
35.97348,314.03497
35.988518,314.03497
36.00622,316.33887
36.023575,316.33887
36.039513,316.33887
36.057213,315.969
36.073902,315.969
36.09055,316.5952
36.106506,316.5952
36.123474,315.5282
36.140278,315.5282
36.15607,315.5282
36.173935,314.70544
36.189674,314.70544
36.211998,314.79102
36.223804,314.79102
36.24121,314.79102
36.258064,313.38684
36.272594,313.38684
36.289604,313.69012
36.305656,313.69012
36.322304,313.69012
36.34037,314.98413
36.356438,314.98413
36.37325,314.05084
36.388973,314.05084
36.405426,313.24164
36.42453,313.24164
36.440174,313.24164
36.45942,316.3692
36.473255,316.3692
36.49039,316.50836
36.506546,316.50836
36.52409,317.55884
36.54013,317.55884
36.555138,317.55884
36.57412,317.68335
36.590073,317.68335
36.608505,318.5246
36.624428,318.5246
36.640186,318.5246
36.658745,319.43335
36.67211,319.43335
36.691067,318.2857
36.70581,318.2857
36.723618,321.0238
36.74134,321.0238
36.756756,321.0238
36.77459,322.96948
36.789528,322.96948
36.80685,324.3233
36.82437,324.3233
36.840725,324.3233
36.857334,324.69843
36.872433,324.69843
36.893803,325.3009
36.90755,325.3009
36.92236,325.3009
36.940025,324.99097
36.955334,324.99097
36.974716,328.12744
36.99099,328.12744
37.00832,326.83502
37.023556,326.83502
37.04008,326.83502
37.05726,326.88525
37.073708,326.88525
37.091152,327.49194
37.106102,327.49194
37.122643,327.49194
37.13985,330.71558
37.157227,330.71558
37.174488,330.61426
37.188976,330.61426
37.2075,330.81506
37.223156,330.81506
37.24031,330.81506
37.256866,329.383
37.272408,329.383
37.29044,332.8095
37.306458,332.8095
37.323586,333.28357
37.34021,333.28357
37.355114,333.28357
37.373417,335.24243
37.390297,335.24243
37.418938,335.81946
37.43179,335.81946
37.443756,335.9137
37.461548,335.9137
37.478073,335.9137
37.497402,336.8062
37.510204,336.8062
37.531845,337.693
37.542435,337.693
37.56072,337.693
37.577126,339.307
37.592007,339.307
37.609516,339.307
37.627575,338.23712
37.642834,338.23712
37.660473,339.43298
37.675343,339.43298
37.69458,343.11023
37.709103,343.11023
37.732243,343.1172
37.742123,343.1172
37.759865,343.1172
37.77614,346.19147
37.793205,346.19147
37.81119,346.2727
37.826252,346.2727
37.841843,346.2727
37.860847,348.59998
37.87578,348.59998
37.894703,349.0
37.90856,349.0
37.925957,349.5238
37.943836,349.5238
37.958992,349.5238
37.978016,349.9051
37.991932,349.9051
38.010777,353.3263
38.026028,353.3263
38.05571,355.73584
38.06789,355.73584
38.081295,355.73584
38.098274,355.47058
38.113235,355.47058
38.133614,356.1933
38.14626,356.1933
38.16481,356.36365
38.181904,356.36365
38.196503,356.36365
38.216034,360.7704
38.229935,360.7704
38.250008,359.2555
38.26397,359.2555
38.281517,359.2555
38.29871,359.53027
38.313168,359.53027
38.331417,361.30975
38.347507,361.30975
38.36395,363.57428
38.3806,363.57428
38.39718,363.57428
38.41579,361.8
38.43112,361.8
38.449932,362.49524
38.46406,362.49524
38.481583,362.49524
38.498558,362.1778
38.52035,362.1778
38.533688,362.23456
38.54636,362.23456
38.56366,365.19318
38.581192,365.19318
38.59783,365.19318
38.615105,366.1579
38.63046,366.1579
38.64798,367.77203
38.663948,367.77203
38.679916,367.77203
38.69941,369.45526
38.714737,369.45526
38.729763,368.8261
38.746395,368.8261
38.763958,369.9685
38.782433,369.9685
38.798424,369.9685
38.815125,372.4779
38.8317,372.4779
38.850697,372.43182
38.862625,372.43182
38.88092,372.43182
38.89824,372.9256
38.912605,372.9256
38.93439,377.36694
38.946247,377.36694
38.964222,378.38654
38.980907,378.38654
38.99734,378.38654
39.01495,376.45526
39.029263,376.45526
39.051735,377.7857
39.063133,377.7857
39.083584,379.7456
39.097946,379.7456
39.114132,379.7456
39.13127,378.66425
39.145733,378.66425
39.16512,379.22375
39.180267,379.22375
39.196835,379.22375
39.216404,381.21118
39.230427,381.21118
39.249622,382.62823
39.264725,382.62823
39.27967,382.62823
39.298023,382.12048
39.31426,382.12048
39.333973,381.6667
39.346615,381.6667
39.3642,382.51428
39.38101,382.51428
39.396698,382.51428
39.415314,382.9735
39.430878,382.9735
39.44848,380.93787
39.463394,380.93787
39.479816,380.93787
39.49885,380.94373
39.51329,380.94373
39.530426,381.8
39.547054,381.8
39.563496,379.88434
39.58049,379.88434
39.597458,379.88434
39.61594,379.16968
39.631172,379.16968
39.647972,378.7044
39.662807,378.7044
39.680294,378.7044
39.699055,380.37268
39.714252,380.37268
39.731583,380.1676
39.74667,380.1676
39.762352,380.1676
39.781666,378.88464
39.796932,378.88464
39.815296,377.19403
39.83008,377.19403
39.851162,379.55145
39.863644,379.55145
39.881996,379.55145
39.898285,379.39203
39.913765,379.39203
39.93176,376.42145
39.946198,376.42145
39.96445,377.22296
39.980415,377.22296
39.996773,377.22296
40.01443,377.74548
40.03085,377.74548
40.048573,376.36133
40.06263,376.36133
40.081547,376.36133
40.09699,376.69745
40.113903,376.69745
40.132187,377.24658
40.146652,377.24658
40.164154,378.5105
40.1818,378.5105
40.197487,378.5105
40.215977,376.2143
40.230324,376.2143
40.248352,378.20367
40.263073,378.20367
40.28137,378.20367
40.29737,377.53522
40.315243,377.53522
40.331375,376.14288
40.34703,376.14288
40.365814,375.83197
40.38113,375.83197
40.396107,375.83197
40.416904,375.10767
40.430695,375.10767
40.449276,373.99323
40.46422,373.99323
40.480778,373.99323
40.498947,376.41986
40.513157,376.41986
40.533413,373.62207
40.546886,373.62207
40.563683,376.3896
40.58068,376.3896
40.59746,376.3896
40.6151,376.4522
40.630753,376.4522
40.651093,376.61267
40.66413,376.61267
40.680195,376.61267
40.697533,376.26666
40.71355,376.26666
40.73094,372.544
40.747566,372.544
40.765503,373.96106
40.782825,373.96106
40.799282,373.96106
40.81713,373.63934
40.831432,373.63934
40.849094,373.64465
40.863914,373.64465
40.88155,373.64465
40.897423,371.58197
40.91381,371.58197
40.931335,371.94446
40.94705,371.94446
40.965893,370.49036
40.980656,370.49036
40.997627,370.49036
41.014614,372.036
41.02994,372.036
41.049515,369.5158
41.062637,369.5158
41.08008,369.5158
41.09931,369.40173
41.114155,369.40173
41.133125,369.8426
41.146633,369.8426
41.166,371.43408
41.181385,371.43408
41.197723,371.43408
41.214993,370.0752
41.2297,370.0752
41.250813,368.72803
41.26346,368.72803
41.2813,368.72803
41.29975,370.45947
41.31341,370.45947
41.336372,368.46155
41.347538,368.46155
41.365154,369.84955
41.381958,369.84955
41.39655,369.84955
41.418415,370.48737
41.429745,370.48737
41.448334,369.6518
41.4675,369.6518
41.48147,369.6518
41.498856,368.5537
41.51271,368.5537
41.532402,368.59827
41.547127,368.59827
41.5635,369.23077
41.58263,369.23077
41.596798,369.23077
41.614914,368.781
41.631172,368.781
41.647194,369.07465
41.664875,369.07465
41.67976,369.07465
41.69899,367.94354
41.713512,367.94354
41.73085,368.90778
41.747303,368.90778
41.763855,366.45312
41.782192,366.45312
41.79878,366.45312
41.81473,366.7273
41.830257,366.7273
41.85167,367.8468
41.862568,367.8468
41.881012,367.8468
41.897434,367.66388
41.914032,367.66388
41.931618,366.27856
41.948296,366.27856
41.964462,365.854
41.9808,365.854
41.99852,365.854
42.016834,368.50946
42.031464,368.50946
42.049507,368.13922
42.06215,368.13922
42.08257,368.13922
42.09915,367.81763
42.112404,367.81763
42.13437,367.85095
42.14742,367.85095
42.164463,370.1778
42.18104,370.1778
42.196564,370.1778
42.216812,369.66913
42.23136,369.66913
42.249344,364.5122
42.263554,364.5122
42.280758,364.5122
42.297256,364.35962
42.314064,364.35962
42.332718,365.8905
42.347363,365.8905
42.362595,365.8905
42.381207,363.55933
42.39634,363.55933
42.415554,364.67426
42.429672,364.67426
42.447758,362.74823
42.465,362.74823
42.48052,362.74823
42.498894,364.28003
42.514267,364.28003
42.53241,361.18896
42.54644,361.18896
42.563763,361.2589
42.581993,361.2589
42.5968,361.2589
42.61488,359.60315
42.630173,359.60315
42.654232,358.42255
42.66529,358.42255
42.68076,358.42255
42.697998,359.81396
42.717396,359.81396
42.732193,357.99292
42.748398,357.99292
42.764492,358.06525
42.781193,358.06525
42.797623,358.06525
42.815353,354.31744
42.830666,354.31744
42.848576,356.30304
42.863594,356.30304
42.88344,353.2
42.897205,353.2
42.91354,353.2
42.930454,353.8
42.94741,353.8
42.9635,353.47693
42.980927,353.47693
42.99665,353.47693
43.015118,353.75397
43.030457,353.75397
43.047222,351.781
43.063145,351.781
43.08086,351.781
43.09751,352.6496
43.1139,352.6496
43.135174,353.03815
43.146694,353.03815
43.163662,351.67743
43.182034,351.67743
43.19589,351.67743
43.216785,350.3333
43.229904,350.3333
43.24969,349.14435
43.26403,349.14435
43.29186,349.70795
43.304867,349.70795
43.316456,349.70795
43.334885,347.36975
43.35027,347.36975
43.366383,346.844
43.385006,346.844
43.39937,346.844
43.41741,346.73682
43.432022,346.73682
43.4514,348.30823
43.46713,348.30823
43.48212,348.30823
43.500305,346.15002
43.51647,346.15002
43.53511,345.01678
43.549976,345.01678
43.566452,343.8678
43.58442,343.8678
43.59972,343.8678
43.618088,343.9646
43.633667,343.9646
43.65068,343.44348
43.66703,343.44348
43.684097,343.39026
43.70144,343.39026
43.71662,343.39026
43.733494,341.292
43.74977,341.292
43.76538,340.9156
43.783726,340.9156
43.79974,340.9156
43.81848,340.05963
43.83423,340.05963
43.850063,341.23254
43.866295,341.23254
43.88346,339.72803
43.90028,339.72803
43.915794,339.72803
43.93402,337.51093
43.949318,337.51093
43.966286,337.12952
43.9832,337.12952
43.99994,337.12952
44.016003,335.75
44.032402,335.75
44.051167,336.66406
44.065804,336.66406
44.084747,334.35712
44.10069,334.35712
44.116753,334.35712
44.13364,333.1667
44.148876,333.1667
44.16849,335.2826
44.18403,335.2826
44.19979,335.2826
44.21793,335.4079
44.232586,335.4079
44.251266,333.96185
44.267624,333.96185
44.284454,334.91943
44.300858,334.91943
44.31544,334.91943
44.337097,333.7895
44.349335,333.7895
44.372288,333.18384
44.384106,333.18384
44.39947,333.18384
44.417866,330.10315
44.43335,330.10315
44.45009,331.94617
44.466923,331.94617
44.481926,331.94617
44.501476,330.8471
44.515522,330.8471
44.536484,331.71332
44.550426,331.71332
44.568928,331.44666
44.582222,331.44666
44.599735,331.44666
44.618076,330.2177
44.633945,330.2177
44.652073,329.1081
44.665558,329.1081
44.684452,328.78082
44.700825,328.78082
44.71599,328.78082
44.733494,329.54968
44.749565,329.54968
44.767647,329.77484
44.781914,329.77484
44.79898,329.77484
44.817722,330.0
44.832806,330.0
44.850975,328.22644
44.8668,328.22644
44.883823,326.5971
44.901047,326.5971
44.916492,326.5971
44.934383,326.69812
44.94927,326.69812
44.966038,327.69928
44.98346,327.69928
44.999023,327.69928
45.017796,327.55066
45.032814,327.55066
45.05337,328.14667
45.06708,328.14667
45.0866,327.875
45.101715,327.875
45.120907,327.875
45.134678,326.7143
45.1497,326.7143
45.168564,325.3609
45.183647,325.3609
45.200474,325.3609
45.219597,325.875
45.233803,325.875
45.25117,326.60132
45.266422,326.60132
45.28594,327.49615
45.30318,327.49615
45.31604,327.49615
45.33544,326.25
45.349274,326.25
45.367687,325.3897
45.38423,325.3897
45.398624,325.3897
45.41698,325.81293
45.43227,325.81293
45.45126,326.5973
45.467155,326.5973
45.48488,326.8219
45.50216,326.8219
45.517185,326.8219
45.535946,326.2362
45.55082,326.2362
45.567013,326.64703
45.585,326.64703
45.598988,326.64703
45.618565,325.41858
45.632153,325.41858
45.651047,325.73914
45.667625,325.73914
45.68201,325.73914
45.701187,325.01886
45.716312,325.01886
45.73561,323.22388
45.749287,323.22388
45.769806,325.02014
45.782215,325.02014
45.80078,325.02014
45.818047,323.4768
45.83249,323.4768
45.851357,324.32092
45.86644,324.32092
45.884007,324.93707
45.90139,324.93707
45.917503,324.93707
45.93605,323.7708
45.948975,323.7708
45.96746,322.08905
45.98537,322.08905
45.999817,322.08905
46.018517,323.84027
46.031826,323.84027
46.05096,324.14813
46.065903,324.14813
46.081978,324.14813
46.101784,323.70288
46.11619,323.70288
46.137775,322.4203
46.15038,322.4203
46.169247,322.41132
46.185024,322.41132
46.200832,322.41132
46.220745,320.3333
46.23331,320.3333
46.251877,321.925
46.266254,321.925
46.284683,320.53955
46.301006,320.53955
46.31697,320.53955
46.33468,322.07935
46.35312,322.07935
46.371063,322.5985
46.384525,322.5985
46.40074,322.5985
46.417908,322.57812
46.436054,322.57812
46.451645,322.4488
46.46684,322.4488
46.484516,321.62598
46.49939,321.62598
46.51556,321.62598
46.534805,321.5725
46.549656,321.5725
46.56878,322.625
46.581493,322.625
46.59928,322.625
46.61712,322.82892
46.63348,322.82892
46.65111,321.72095
46.66732,321.72095
46.68563,321.72095
46.70047,321.72095
46.71532,321.72095
46.7355,319.89258
46.74925,319.89258
46.765415,320.7273
46.783375,320.7273
46.800266,320.7273
46.817852,322.7365
46.832325,322.7365
46.85041,323.992
46.865646,323.992
46.884613,322.26056
46.902084,322.26056
46.91574,322.26056
46.93437,322.24286
46.94955,322.24286
46.966946,319.7818
46.98521,319.7818
46.999958,319.7818
47.018204,319.9583
47.03349,319.9583
47.051136,319.81598
47.0667,319.81598
47.084293,319.81598
47.101265,319.81598
47.11642,319.81598
47.13533,319.3214
47.150528,319.3214
47.170532,321.024
47.18517,321.024
47.200943,321.024
47.217495,318.4259
47.23292,318.4259
47.254704,319.528
47.26679,319.528
47.2845,320.00946
47.29978,320.00946
47.316975,320.00946
47.33386,319.8333
47.3492,319.8333
47.36592,320.94397
47.383705,320.94397
47.398117,320.94397
47.416855,319.656
47.43243,319.656
47.450043,319.1057
47.466816,319.1057
47.484356,319.7857
47.500828,319.7857
47.516438,319.7857
47.53436,319.09772
47.549736,319.09772
47.566616,318.16217
47.584,318.16217
47.599815,318.16217
47.617027,318.13177
47.63216,318.13177
47.650646,319.36298
47.66705,319.36298
47.684746,316.63965
47.70032,316.63965
47.71612,316.63965
47.73558,316.09277
47.749863,316.09277
47.767757,316.81354
47.78357,316.81354
47.799976,316.81354
47.818844,316.8319
47.833206,316.8319
47.85092,318.0714
47.866108,318.0714
47.884445,318.1308
47.900658,318.1308
47.91612,318.1308
47.935936,319.274
47.949326,319.274
47.966377,319.55713
47.98396,319.55713
47.998917,319.55713
48.017937,318.30768
48.03303,318.30768
48.05118,318.38684
48.066433,318.38684
48.084393,318.84003
48.099686,318.84003
48.116657,318.84003
48.134293,318.84003
48.149963,318.84003
48.165752,318.9853
48.185642,318.9853
48.199677,318.9853
48.218594,319.02258
48.233723,319.02258
48.251667,320.1985
48.266865,320.1985
48.285793,321.2387
48.30159,321.2387
48.31644,321.2387
48.335346,320.11383
48.350754,320.11383
48.371315,319.74194
48.384136,319.74194
48.400074,319.74194
48.41796,320.2478
48.443523,320.2478
48.459637,322.00647
48.468937,322.00647
48.486,323.1397
48.50283,323.1397
48.51958,323.1397
48.53651,325.65674
48.552032,325.65674
48.570362,323.02606
48.586147,323.02606
48.6022,323.02606
48.62034,324.32
48.634716,324.32
48.653553,327.07874
48.668476,327.07874
48.686523,327.34375
48.701687,327.34375
48.718258,327.34375
48.73688,327.5913
48.75304,327.5913
48.769627,329.29547
48.78507,329.29547
48.80034,329.29547
48.81978,331.58868
48.834755,331.58868
48.854103,330.58118
48.867645,330.58118
48.887634,331.7591
48.901703,331.7591
48.9173,331.7591
48.93608,334.1286
48.951084,334.1286
48.97297,332.95868
48.984238,332.95868
49.00058,332.95868
49.018856,333.792
49.034687,333.792
49.054424,336.48572
49.069042,336.48572
49.086082,335.4016
49.103657,335.4016
49.118477,335.4016
49.13681,338.74243
49.15009,338.74243
49.16972,340.40985
49.1859,340.40985
49.20162,340.40985
49.21829,339.91345
49.23557,339.91345
49.255165,338.7757
49.26639,338.7757
49.285442,341.3523
49.302036,341.3523
49.317486,341.3523
49.33694,343.3233
49.351215,343.3233
49.369263,344.88428
49.384148,344.88428
49.40178,344.88428
49.418137,345.81506
49.43405,345.81506
49.45207,347.20715
49.467228,347.20715
49.484585,347.96326
49.50234,347.96326
49.518147,347.96326
49.536396,348.9167
49.55245,348.9167
49.56948,349.71222
49.585094,349.71222
49.60018,349.71222
49.622772,349.9134
49.63474,349.9134
49.65356,350.14728
49.66721,350.14728
49.684708,350.94806
49.702965,350.94806
49.718536,350.94806
49.735306,350.03735
49.75106,350.03735
49.77075,351.99237
49.785397,351.99237
49.801834,351.99237
49.819664,354.21375
49.83414,354.21375
49.852116,353.7033
49.86767,353.7033
49.88487,355.39093
49.901596,355.39093
49.917686,355.39093
49.936024,357.17285
49.95188,357.17285
49.96736,359.08984
49.984207,359.08984
50.00148,359.08984
50.019398,356.5822
50.033516,356.5822
50.054283,357.81158
50.068443,357.81158
50.08618,359.0144
50.102287,359.0144
50.117405,359.0144
50.138905,358.2932
50.151684,358.2932
50.168633,360.17035
50.183353,360.17035
50.20147,360.17035
50.21895,359.97058
50.23426,359.97058
50.25602,362.81818
50.26743,362.81818
50.28596,362.76862
50.304356,362.76862
50.317505,362.76862
50.335125,365.61395
50.350807,365.61395
50.368393,364.62097
50.38439,364.62097
50.401142,364.62097
50.41928,367.4203
50.435272,367.4203
50.456715,367.24194
50.46818,367.24194
50.486595,368.06384
50.50221,368.06384
50.517426,368.06384
50.535492,368.75592
50.551296,368.75592
50.57408,369.45325
50.584644,369.45325
50.60034,369.45325
50.620167,370.41223
50.634487,370.41223
50.652267,369.26666
50.66846,369.26666
50.685066,370.3761
50.70289,370.3761
50.717175,370.3761
50.736492,372.08618
50.75123,372.08618
50.768917,372.39417
50.784943,372.39417
50.80184,372.39417
50.818394,373.72412
50.834766,373.72412
50.85234,373.72412
50.867355,373.72412
50.88456,372.81293
50.901516,372.81293
50.9183,372.81293
50.936317,372.71973
50.950832,372.71973
50.967648,373.9732
50.98417,373.9732
51.00039,373.9732
51.01928,372.64355
51.034046,372.64355
51.051483,371.2174
51.068474,371.2174
51.08479,369.21948
51.101204,369.21948
51.117615,369.21948
51.135517,368.6579
51.150955,368.6579
51.172436,368.25598
51.184025,368.25598
51.20063,368.25598
51.21909,365.5877
51.234177,365.5877
51.251957,366.575
51.268234,366.575
51.285908,367.52295
51.302036,367.52295
51.317616,367.52295
51.336422,366.43335
51.350906,366.43335
51.37314,367.69232
51.384388,367.69232
51.40191,367.69232
51.418003,367.35822
51.43388,367.35822
51.453228,368.1269
51.46787,368.1269
51.487083,367.04315
51.50141,367.04315
51.518307,367.04315
51.536682,363.3307
51.551834,363.3307
51.569504,363.11902
51.5836,363.11902
51.60102,363.11902
51.61895,361.72058
51.633896,361.72058
51.653217,363.4101
51.667755,363.4101
51.685787,361.10687
51.70272,361.10687
51.716846,361.10687
51.73593,360.73645
51.751907,360.73645
51.769386,361.5044
51.785267,361.5044
51.800854,361.5044
51.82002,362.21375
51.83418,362.21375
51.853176,359.65466
51.868565,359.65466
51.88535,359.76227
51.902134,359.76227
51.91892,359.76227
51.935974,361.2619
51.950893,361.2619
51.970337,359.63263
51.986683,359.63263
52.00259,359.63263
52.020367,357.8758
52.034954,357.8758
52.0521,358.5664
52.06779,358.5664
52.085117,357.0224
52.101715,357.0224
52.11712,357.0224
52.135704,357.47223
52.152065,357.47223
52.169373,357.0949
52.186115,357.0949
52.201565,357.0949
52.219902,358.0
52.234055,358.0
52.252644,358.0417
52.266975,358.0417
52.285896,356.562
52.30117,356.562
52.31785,356.562
52.335823,355.60284
52.350807,355.60284
52.3671,354.11108
52.384846,354.11108
52.401115,354.11108
52.419056,355.68115
52.43483,355.68115
52.454594,355.15387
52.46814,355.15387
52.48446,356.35614
52.50118,356.35614
52.517525,356.35614
52.53617,355.71918
52.55268,355.71918
52.5695,352.56207
52.583523,352.56207
52.60658,354.38232
52.61981,354.38232
52.634678,354.38232
52.651783,353.23895
52.667328,353.23895
52.686634,352.7
52.702835,352.7
52.717777,352.7
52.73587,351.60376
52.752457,351.60376
52.76947,354.13385
52.784515,354.13385
52.800354,354.13385
52.819588,352.06555
52.83327,352.06555
52.853355,352.1328
52.86871,352.1328
52.887318,351.66156
52.90195,351.66156
52.917244,351.66156
52.935814,350.41443
52.950848,350.41443
52.969616,351.73334
52.984398,351.73334
53.001644,351.73334
53.01917,353.5398
53.03469,353.5398
53.05254,349.94366
53.067184,349.94366
53.085186,351.6667
53.101845,351.6667
53.11756,351.6667
53.136635,350.57666
53.15123,350.57666
53.17222,348.7273
53.185097,348.7273
53.210567,352.33142
53.223633,352.33142
53.23427,352.33142
53.252438,350.5298
53.26832,350.5298
53.28387,349.33105
53.30264,349.33105
53.31881,349.33105
53.33532,348.77704
53.35222,348.77704
53.373028,348.34814
53.384647,348.34814
53.400654,348.34814
53.419228,351.00616
53.435146,351.00616
53.452946,348.7829
53.468346,348.7829
53.48566,348.9875
53.501854,348.9875
53.517975,348.9875
53.536,348.78845
53.551334,348.78845
53.569862,347.75482
53.584415,347.75482
53.600826,347.75482
53.619736,346.0146
53.634274,346.0146
53.65128,345.41406
53.668182,345.41406
53.686043,345.68274
53.701977,345.68274
53.728947,345.98065
53.743862,345.98065
53.75283,345.98065
53.770737,346.38123
53.791237,346.38123
53.802307,346.38123
53.82232,346.41113
53.835785,346.41113
53.856174,345.82355
53.869976,345.82355
53.888447,343.77704
53.90187,343.77704
53.919666,343.77704
53.938038,344.161
53.95333,344.161
53.970116,344.4488
53.987724,344.4488
54.002445,344.4488
54.021015,342.11194
54.036507,342.11194
54.053707,341.76117
54.068466,341.76117
54.089146,343.15057
54.10231,343.15057
54.11928,343.15057
54.138622,342.82355
54.154728,342.82355
54.173836,344.10156
54.18708,344.10156
54.20336,343.60333
54.221294,343.60333
54.23538,343.60333
54.254692,344.15967
54.269554,344.15967
54.286186,344.27966
54.30357,344.27966
54.319992,344.27966
54.33695,343.4272
54.353767,343.4272
54.371517,344.40515
54.386444,344.40515
54.40362,344.93164
54.42215,344.93164
54.435875,344.93164
54.45539,344.15045
54.469276,344.15045
54.48947,344.20166
54.503036,344.20166
54.521442,344.20166
54.53839,344.81677
54.552044,344.81677
54.574497,341.3285
54.5859,341.3285
54.603912,341.3285
54.62221,342.6667
54.637867,342.6667
54.655876,342.24792
54.67004,342.24792
54.689022,341.00903
54.70395,341.00903
54.720078,341.00903
54.7386,339.02917
54.754,339.02917
54.77124,337.02942
54.78638,337.02942
54.80228,337.02942
54.82151,337.3106
54.8352,337.3106
54.85408,336.23187
54.868946,336.23187
54.888702,336.75574
54.90309,336.75574
54.919334,336.75574
54.93863,336.03052
54.952873,336.03052
54.969723,339.0099
54.98596,339.0099
55.003334,338.95044
55.021008,338.95044
55.036987,338.95044
55.0545,335.7273
55.06902,335.7273
55.087574,334.64288
55.104202,334.64288
55.120655,334.64288
55.139053,333.01697
55.154697,333.01697
55.17152,333.9845
55.187466,333.9845
55.2044,332.8617
55.22175,332.8617
55.23675,332.8617
55.25551,332.0833
55.270443,332.0833
55.287624,329.57263
55.304844,329.57263
55.320347,329.57263
55.336945,329.71094
55.352654,329.71094
55.37284,329.02362
55.386276,329.02362
55.403885,325.768
55.42046,325.768
55.43692,325.768
55.45538,329.34125
55.4695,329.34125
55.489166,328.1371
55.502502,328.1371
55.520565,328.1371
55.53831,328.43518
55.552643,328.43518
55.571514,327.14288
55.586372,327.14288
55.60242,327.14288
55.62091,328.3125
55.636566,328.3125
55.65507,326.14813
55.67062,326.14813
55.688313,322.47296
55.704063,322.47296
55.719597,322.47296
55.737366,321.9146
55.75379,321.9146
55.77169,325.14874
55.79109,325.14874
55.80415,323.52203
55.821842,323.52203
55.837234,323.52203
55.8548,321.51086
55.869926,321.51086
55.888237,320.76923
55.90363,320.76923
55.9211,320.76923
55.938866,321.63306
55.95316,321.63306
55.970333,320.61536
55.986572,320.61536
56.003654,319.84747
56.021084,319.84747
56.036213,319.84747
56.054325,318.9583
56.070267,318.9583
56.087868,319.64227
56.1032,319.64227
56.119484,319.64227
56.13848,320.5
56.15336,320.5
56.17175,320.9549
56.186024,320.9549
56.20459,319.3111
56.22055,319.3111
56.2361,319.3111
56.257256,320.01624
56.271133,320.01624
56.28936,317.4425
56.30272,317.4425
56.320904,317.4425
56.338013,320.0678
56.35355,320.0678
56.37137,318.84674
56.386486,318.84674
56.403564,320.37598
56.421616,320.37598
56.43677,320.37598
56.4551,320.0224
56.47059,320.0224
56.48637,317.35712
56.50433,317.35712
56.520515,317.35712
56.53804,316.30304
56.554165,316.30304
56.571487,315.38892
56.585762,315.38892
56.604927,315.1579
56.6217,315.1579
56.635654,315.1579
56.657074,314.6424
56.670586,314.6424
56.68813,315.21088
56.70424,315.21088
56.719307,315.21088
56.737873,317.8333
56.753258,317.8333
56.776066,317.5
56.791424,317.5
56.803566,315.88965
56.82088,315.88965
56.836845,315.88965
56.855507,315.48322
56.86944,315.48322
56.891937,313.937
56.904617,313.937
56.91985,313.937
56.938236,313.7448
56.953403,313.7448
56.971558,313.64862
56.988235,313.64862
57.005417,314.3742
57.02094,314.3742
57.03805,314.3742
57.054638,314.24048
57.069954,314.24048
57.088833,313.56738
57.10275,313.56738
57.1196,313.56738
57.138138,313.0345
57.152603,313.0345
57.171448,313.70148
57.186417,313.70148
57.20496,312.83942
57.219986,312.83942
57.236534,312.83942
57.254932,311.71875
57.269814,311.71875
57.286915,313.63812
57.3052,313.63812
57.321846,313.63812
57.339687,313.21783
57.35506,313.21783
57.37109,313.55713
57.387383,313.55713
57.403584,314.10455
57.42073,314.10455
57.436977,314.10455
57.455296,314.52673
57.473812,314.52673
57.488033,314.45032
57.50427,314.45032
57.52066,314.45032
57.53934,314.526
57.554066,314.526
57.570885,313.6772
57.586433,313.6772
57.603603,312.46344
57.621178,312.46344
57.63753,312.46344
57.653706,312.56897
57.66981,312.56897
57.68972,313.899
57.702606,313.899
57.720295,313.899
57.73743,311.575
57.753628,311.575
57.770306,315.00775
57.78802,315.00775
57.803528,313.5984
57.820282,313.5984
57.837414,313.5984
57.85425,311.05603
57.86971,311.05603
57.887943,312.16058
57.90552,312.16058
57.92075,312.16058
57.93797,313.7353
57.953316,313.7353
57.970673,313.3
57.98615,313.3
58.003437,310.80188
58.020752,310.80188
58.035427,310.80188
58.056286,309.5833
58.06946,309.5833
58.087143,309.188
58.103283,309.188
58.119415,309.188
58.1386,311.55707
58.152714,311.55707
58.17044,310.5705
58.186943,310.5705
58.20471,310.64813
58.22045,310.64813
58.236023,310.64813
58.25528,309.292
58.269234,309.292
58.288155,310.3576
58.303593,310.3576
58.320625,310.3576
58.33867,311.66357
58.353333,311.66357
58.37094,310.19843
58.397373,310.19843
58.410133,311.3333
58.422695,311.3333
58.439465,311.3333
58.456596,311.10297
58.47042,311.10297
58.492546,310.72357
58.50426,310.72357
58.521896,310.72357
58.53943,311.5865
58.55565,311.5865
58.572586,311.38348
58.589596,311.38348
58.60429,313.41956
58.62291,313.41956
58.638237,313.41956
58.656174,314.84662
58.671703,314.84662
58.689842,315.83673
58.70464,315.83673
58.726883,313.46796
58.740654,313.46796
58.75611,313.46796
58.777313,313.43396
58.788563,313.43396
58.803684,310.72992
58.821774,310.72992
58.838085,310.72992
58.85486,310.72992
58.871758,310.72992
58.88982,310.95203
58.90468,310.95203
58.920826,310.95203
58.939156,310.95203
58.95573,310.95203
58.97361,311.99207
58.98861,311.99207
59.004677,312.23932
59.023514,312.23932
59.03878,312.23932
59.057426,311.75806
59.072197,311.75806
59.092052,312.47327
59.10541,312.47327
59.122227,312.47327
59.13977,312.5191
59.15425,312.5191
59.174675,312.94812
59.189213,312.94812
59.206528,312.39288
59.223106,312.39288
59.237793,312.39288
59.256172,312.45258
59.271248,312.45258
59.291466,313.35767
59.30535,313.35767
59.32173,313.35767
59.33841,313.6197
59.354614,313.6197
59.374687,313.6045
59.388695,313.6045
59.404224,313.5252
59.423656,313.5252
59.438725,313.5252
59.457054,309.44354
59.471924,309.44354
59.489643,310.32825
59.503616,310.32825
59.52363,313.03125
59.539936,313.03125
59.555588,313.03125
59.572517,312.57892
59.588753,312.57892
59.604736,311.74377
59.623123,311.74377
59.638874,311.74377
59.65589,310.85907
59.671276,310.85907
59.68954,311.70587
59.70424,311.70587
59.721764,311.70587
59.737907,312.02325
59.75515,312.02325
59.773758,312.04297
59.78905,312.04297
59.805458,312.62354
59.823067,312.62354
59.83822,312.62354
59.855404,311.72668
59.871185,311.72668
59.88993,311.27454
59.904213,311.27454
59.922504,311.27454
59.93872,311.73682
59.954937,311.73682
59.971924,310.76074
59.987778,310.76074
60.0,310.76074
