0.2739615,697.948
0.2830487,697.948
0.29895052,700.575
0.31647885,700.575
0.33361834,703.132
0.34948695,703.132
0.36576226,705.4719
0.38250497,705.4719
0.3986338,705.4719
0.42025045,708.464
0.43146893,708.464
0.45073465,710.756
0.46490112,710.756
0.48379335,710.756
0.49940622,712.3286
0.51518345,712.3286
0.5332343,714.02563
0.5498189,714.02563
0.56594515,715.7752
0.5852678,715.7752
0.59958154,715.7752
0.61999905,716.8226
0.63327855,716.8226
0.6505472,717.8334
0.66417867,717.8334
0.68276536,717.8334
0.69917834,718.5
0.7152384,718.5
0.7344645,1080.0
0.74925566,1080.0
0.76611924,1080.0
0.7846462,1080.0
0.79939985,1080.0
0.8168439,1080.0
0.83291566,1080.0
0.849024,1080.0
0.86488855,1080.0
0.882337,1080.0
0.9002356,1080.0
0.91547054,1080.0
0.9330631,1080.0
0.9485304,1080.0
0.96571136,1080.0
0.98423237,1080.0
0.9982401,1080.0
1.0175625,1080.0
1.032126,1080.0
1.0490047,1080.0
1.0649881,1080.0
1.0844142,1080.0
1.1008239,1080.0
1.1158102,1080.0
1.1339136,1080.0
1.149347,1080.0
1.1650398,1080.0
1.1837841,1080.0
1.1988392,1080.0
1.2171819,1080.0
1.2315543,1080.0
1.2556157,1080.0
1.2657402,1080.0
1.2818139,1080.0
1.3000462,1080.0
1.3158875,1080.0
1.3362663,1080.0
1.3485746,1080.0
1.365771,1080.0
1.383878,1080.0
1.3993506,1080.0
1.4192481,1080.0
1.4326227,1080.0
1.4494257,1080.0
1.4667242,1080.0
1.4842627,1080.0
1.499586,1080.0
1.5162134,1080.0
1.5344105,1080.0
1.5485847,1080.0
1.5649984,1080.0
1.5831888,1080.0
1.5982478,1080.0
1.6173455,1080.0
1.6310034,1080.0
1.6510444,1080.0
1.6653669,1080.0
1.6828327,1080.0
1.7014024,1080.0
1.7159288,1080.0
1.7328538,1080.0
1.749579,1080.0
1.7666743,1080.0
1.7832556,1080.0
1.7988877,1080.0
1.8171176,1080.0
1.8321474,1080.0
1.850186,1080.0
1.8648877,1080.0
1.8821217,1080.0
1.9009638,1080.0
1.9159052,1080.0
1.9366226,1080.0
1.9492738,1080.0
1.9654522,1080.0
1.9827478,1080.0
1.9987365,1080.0
2.0161858,1080.0
2.034295,1080.0
2.0548885,1080.0
2.0649805,1080.0
2.08321,1080.0
2.0994236,1080.0
2.116544,1080.0
2.1334395,1080.0
2.1486938,1080.0
2.1656442,1080.0
2.1822069,1080.0
2.19918,1080.0
2.2175891,1080.0
2.231598,1080.0
2.25069,1080.0
2.2653143,1080.0
2.2826712,1080.0
2.2996697,1080.0
2.3162484,1080.0
2.3336926,1080.0
2.3486524,1080.0
2.364904,1080.0
2.384356,1080.0
2.4069142,1080.0
2.4200175,1080.0
2.4322047,1080.0
2.4538484,1080.0
2.4660063,1080.0
2.4846756,1080.0
2.501832,1080.0
2.517111,1080.0
2.5374262,1080.0
2.5482454,1080.0
2.5661087,1080.0
2.58331,1080.0
2.5998497,1080.0
2.6163664,1080.0
2.6335106,1080.0
2.653216,1080.0
2.6660764,1080.0
2.6812327,1080.0
2.6998556,1080.0
2.7139947,1080.0
2.7338395,1080.0
2.7497022,1080.0
2.7662725,1080.0
2.7839446,1080.0
2.7997215,1080.0
2.8172817,1080.0
2.8319812,1080.0
2.850224,1080.0
2.8650408,1080.0
2.881528,1080.0
2.8990588,1080.0
2.9150066,1080.0
2.9355245,1080.0
2.9497964,1080.0
2.9642942,1080.0
2.982456,1080.0
2.9991515,1080.0
3.0170732,1080.0
3.03166,1080.0
3.0528944,1080.0
3.0665505,1080.0
3.0814748,1080.0
3.0993574,1080.0
3.1160183,1080.0
3.1327186,1080.0
3.1484888,1080.0
3.1661704,1080.0
3.1839588,1080.0
3.1990857,1080.0
3.2169929,1080.0
3.2324708,1080.0
3.249964,1080.0
3.2672467,1080.0
3.2858756,1080.0
3.3000834,1080.0
3.3157492,1080.0
3.3335695,1080.0
3.3499744,1080.0
3.3686128,1080.0
3.3831058,1080.0
3.4000566,1080.0
3.4165144,1080.0
3.4316542,1080.0
3.4494984,1080.0
3.4666076,1080.0
3.4819057,1080.0
3.5000606,1080.0
3.515666,1080.0
3.536389,1080.0
3.5491507,1080.0
3.565528,1080.0
3.5828097,1080.0
3.5993009,1080.0
3.6164448,1080.0
3.6333125,1080.0
3.6540027,1080.0
3.6656551,1080.0
3.6817641,1080.0
3.700817,1080.0
3.7165294,1080.0
3.7356303,1080.0
3.7491794,1080.0
3.7663102,1080.0
3.7839746,1080.0
3.7983203,1080.0
3.8173213,1080.0
3.832157,1080.0
3.853936,1080.0
3.8656514,1080.0
3.8818986,1080.0
3.8985047,1080.0
3.916968,1080.0
3.9333577,1080.0
3.9497743,1080.0
3.9645207,1080.0
3.983657,1080.0
3.9987326,1080.0
4.0157657,1080.0
4.032549,1080.0
4.0496664,1080.0
4.0647306,1080.0
4.081964,1080.0
4.099573,1080.0
4.1158924,1080.0
4.1336164,1080.0
4.1500854,1080.0
4.168181,1080.0
4.182974,1080.0
4.1999083,1080.0
4.2161903,1080.0
4.231719,1080.0
4.2498364,1080.0
4.2650447,1080.0
4.2820263,1080.0
4.3005834,1080.0
4.315716,1080.0
4.335992,1080.0
4.3496423,1080.0
4.3665915,1080.0
4.38278,1080.0
4.398703,1080.0
4.4180555,1080.0
4.4319115,1080.0
4.4499984,1080.0
4.466007,1080.0
4.483984,1080.0
4.500157,1080.0
4.5157304,1080.0
4.5328927,1080.0
4.553822,1080.0
4.568536,1080.0
4.5846176,1080.0
4.5990853,1080.0
4.616753,1080.0
4.631806,1080.0
4.654891,1080.0
4.6662073,1080.0
4.6818676,1080.0
4.7005568,1080.0
4.7145667,1080.0
4.7325473,1080.0
4.750415,1080.0
4.764865,1080.0
4.783361,1080.0
4.8003397,1080.0
4.8182726,1080.0
4.8340044,1080.0
4.850891,1080.0
4.8656373,1080.0
4.882833,1080.0
4.900272,1080.0
4.915639,1080.0
4.933681,1080.0
4.9484844,1080.0
4.965856,1080.0
4.9821296,1080.0
4.999478,1080.0
5.0179095,1080.0
5.0320377,1080.0
5.053229,1080.0
5.0666866,1080.0
5.0818214,1080.0
5.1003704,1080.0
5.1155677,1080.0
5.1333284,1080.0
5.148159,1080.0
5.1663456,1080.0
5.182142,1080.0
5.19946,1080.0
5.216789,1080.0
5.232292,1080.0
5.2545614,1080.0
5.2662773,1080.0
5.2820716,1080.0
5.3006797,1080.0
5.314952,1080.0
5.3318186,1080.0
5.349369,1080.0
5.365078,1080.0
5.382199,1080.0
5.399906,1080.0
5.417385,1080.0
5.4318132,1080.0
5.4539194,1080.0
5.465174,1080.0
5.484508,1080.0
5.500791,1080.0
5.516923,1080.0
5.5335445,1080.0
5.549215,1080.0
5.567421,1080.0
5.5832205,1080.0
5.599866,1080.0
5.6166096,1080.0
5.6323285,1080.0
5.6505723,1080.0
5.666397,1080.0
5.6825876,1080.0
5.70001,1080.0
5.71506,1080.0
5.7331743,1080.0
5.750616,1080.0
5.7668447,1080.0
5.7828054,1080.0
5.7994046,1080.0
5.8180037,1080.0
5.8330474,1080.0
5.8507414,1080.0
5.8656507,1080.0
5.884335,1080.0
5.9001646,1080.0
5.9146667,1080.0
5.9364915,1080.0
5.949799,1080.0
5.966824,1080.0
5.9830365,1080.0
5.9993544,1080.0
6.0171056,1080.0
6.031216,1080.0
6.053473,1080.0
6.065588,1080.0
6.0826383,1080.0
6.10028,1080.0
6.114746,1080.0
6.132308,1080.0
6.1495337,1080.0
6.1644335,1080.0
6.183803,1080.0
6.1996746,1080.0
6.218005,1080.0
6.2315297,1080.0
6.2489805,1080.0
6.2655506,1080.0
6.2837477,1080.0
6.2992597,1080.0
6.315073,1080.0
6.336012,1080.0
6.348256,1080.0
6.3653536,1080.0
6.383978,1080.0
6.3985577,1080.0
6.419122,1080.0
6.4321175,1080.0
6.453518,1080.0
6.4665236,1080.0
6.483248,1080.0
6.500813,1080.0
6.515928,1080.0
6.5332212,1080.0
6.54966,1080.0
6.5701876,1080.0
6.584546,1080.0
6.5999765,1080.0
6.6189704,1080.0
6.632892,1080.0
6.6504326,1080.0
6.6653013,1080.0
6.6815643,1080.0
6.7002187,1080.0
6.7147202,1080.0
6.736675,1080.0
6.7487836,1080.0
6.764817,1080.0
6.783216,1080.0
6.799394,1080.0
6.8173647,1080.0
6.834141,1080.0
6.849644,1080.0
6.866686,1080.0
6.8842173,1080.0
6.899802,1080.0
6.9154267,1080.0
6.933692,718.5
6.949603,718.5
6.9660077,717.8334
6.9819756,717.8334
6.998614,717.8334
7.018343,718.06665
7.0334535,718.06665
7.0493875,717.70374
7.06639,717.70374
7.0835686,717.70374
7.099341,717.70374
7.116161,717.1555
7.133613,716.7288
7.148389,716.7288
7.1677356,716.57336
7.1836157,716.57336
7.198064,716.57336
7.2160325,715.7787
7.2317057,715.7787
7.250551,714.93024
7.2649493,714.93024
7.282084,714.93024
7.300319,713.90857
7.3154397,713.90857
7.33369,713.20636
7.3497715,713.20636
7.366716,712.57214
7.383895,712.57214
7.399193,712.57214
7.417461,712.0415
7.433243,712.0415
7.4514017,710.71075
7.4663897,710.71075
7.484194,709.7704
7.500477,709.7704
7.5151663,709.7704
7.5332036,708.7888
7.5496135,708.7888
7.566413,707.04816
7.5838623,707.04816
7.5993366,707.04816
7.617226,704.92786
7.632925,704.92786
7.6500072,703.84985
7.6659265,703.84985
7.683912,702.07715
7.7001615,702.07715
7.715835,702.07715
7.7331204,701.975
7.750565,701.975
7.766297,700.72095
7.783552,700.72095
7.799804,700.72095
7.8183045,700.1194
7.8329515,700.1194
7.850465,698.81616
7.8654284,698.81616
7.8821287,698.81616
7.899699,698.3811
7.914864,698.3811
7.935429,697.9044
7.949322,697.9044
7.9650536,697.204
7.9822836,697.204
7.9991817,697.204
8.017105,695.2606
8.031605,695.2606
8.048918,694.8551
8.066733,694.8551
8.083699,694.8932
8.100151,694.8932
8.115678,694.8932
8.134676,694.38696
8.148266,694.38696
8.16475,693.9775
8.183179,693.9775
8.199258,693.9775
8.217025,693.6942
8.232133,693.6942
8.250636,693.83673
8.2656355,693.83673
8.282007,693.83673
8.300507,693.7311
8.316949,693.7311
8.333773,693.8567
8.348817,693.8567
8.369272,693.4411
8.383148,693.4411
8.39872,693.4411
8.415348,691.3199
8.432376,691.3199
8.449304,691.069
8.464781,691.069
8.481336,691.069
8.50029,690.82263
8.515424,690.82263
8.5331335,690.2278
8.54941,690.2278
8.565732,689.1
8.583132,689.1
8.599287,689.1
8.617525,688.66956
8.633187,688.66956
8.651012,687.64075
8.665099,687.64075
8.681319,687.64075
8.699928,686.905
8.715544,686.905
8.733112,686.3688
8.749647,686.3688
8.76744,686.2554
8.784874,686.2554
8.799671,686.2554
8.81712,685.8273
8.835991,685.8273
8.849751,685.5178
8.86582,685.5178
8.888437,685.5178
8.9043665,685.7431
8.915302,685.7431
8.932852,685.3069
8.948419,685.3069
8.965927,684.34534
8.982876,684.34534
8.999311,684.34534
9.018222,684.79846
9.031224,684.79846
9.050097,684.28235
9.066048,684.28235
9.08217,684.28235
9.099986,683.36475
9.116562,683.36475
9.137751,683.3464
9.1483555,683.3464
9.166804,683.35956
9.183634,683.35956
9.198088,683.35956
9.219353,682.79944
9.231806,682.79944
9.24984,682.95105
9.266216,682.95105
9.281708,682.95105
9.298848,682.98224
9.315847,682.98224
9.334121,682.73425
9.348951,682.73425
9.36608,682.36035
9.382846,682.36035
9.398603,682.36035
9.416794,682.4221
9.432632,682.4221
9.454997,682.4971
9.466728,682.4971
9.481124,682.4971
9.500179,682.2919
9.515304,682.2919
9.534398,682.39417
9.549524,682.39417
9.565686,682.17444
9.583739,682.17444
9.599107,682.17444
9.620782,681.9046
9.633139,681.9046
9.650896,681.45374
9.666189,681.45374
9.682164,681.45374
9.700118,681.0148
9.716919,681.0148
9.733801,680.63556
9.747886,680.63556
9.766464,680.21716
9.782563,680.21716
9.799803,680.21716
9.8181,680.60645
9.832469,680.60645
9.8504305,680.13763
9.865004,680.13763
9.882669,680.13763
9.900263,680.27094
9.914762,680.27094
9.934366,680.06824
9.95063,680.06824
9.965463,680.11646
9.982905,680.11646
9.99951,680.11646
10.016855,679.9823
10.031998,679.9823
10.051934,679.78186
10.065297,679.78186
10.082537,679.78186
10.100546,679.5443
10.116139,679.5443
10.136681,679.4369
10.149273,679.4369
10.169278,679.5803
10.1827545,679.5803
10.199422,679.5803
10.217081,679.3616
10.231943,679.3616
10.250353,679.87756
10.265058,679.87756
10.282074,679.87756
10.300883,680.09033
10.314697,680.09033
10.33481,679.19324
10.350215,679.19324
10.368147,679.1061
10.383355,679.1061
10.399057,679.1061
10.418454,679.3137
10.432381,679.3137
10.450804,679.19775
10.467979,679.19775
10.484343,678.22424
10.500805,678.22424
10.516219,678.22424
10.534859,678.2961
10.548823,678.2961
10.565647,678.10284
10.5833025,678.10284
10.599253,678.10284
10.618182,678.0238
10.632406,678.0238
10.654079,677.9633
10.665062,677.9633
10.682646,677.9633
10.699787,677.93823
10.715352,677.93823
10.7338085,677.5491
10.748368,677.5491
10.769895,677.95166
10.783172,677.95166
10.798676,677.95166
10.817152,677.4519
10.833115,677.4519
10.8547,677.40753
10.866493,677.40753
10.8846035,677.49097
10.901006,677.49097
10.916683,677.49097
10.93471,677.621
10.949292,677.621
10.96631,677.83093
10.983646,677.83093
10.999635,677.83093
11.017614,678.26416
11.032893,678.26416
11.051854,677.9579
11.06726,677.9579
11.082601,677.9579
11.1011915,677.9358
11.116031,677.9358
11.136442,678.03406
11.147923,678.03406
11.168873,677.8522
11.183161,677.8522
11.199196,677.8522
11.217356,677.65735
11.231734,677.65735
11.251385,677.3733
11.265833,677.3733
11.282572,677.3733
11.300042,676.86584
11.315298,676.86584
11.33595,676.8635
11.349472,676.8635
11.365944,676.79663
11.383347,676.79663
11.398702,676.79663
11.416696,676.72314
11.432482,676.72314
11.450685,676.6985
11.465751,676.6985
11.481548,676.6985
11.501842,676.6467
11.5157175,676.6467
11.534441,675.9331
11.548923,675.9331
11.568585,675.5358
11.582766,675.5358
11.600393,675.5358
11.617711,676.0404
11.631163,676.0404
11.649364,675.5592
11.665648,675.5592
11.682594,675.5592
11.700839,674.8455
11.716182,674.8455
11.735276,674.4258
11.750191,674.4258
11.765231,674.402
11.7835455,674.402
11.799821,674.402
11.815694,675.5536
11.8339615,675.5536
11.853734,675.82886
11.86552,675.82886
11.882218,675.82886
11.901896,677.14233
11.915258,677.14233
11.933095,678.13055
11.949113,678.13055
11.96616,678.2705
11.982964,678.2705
11.999448,678.2705
12.016846,680.6577
12.033497,680.6577
12.050877,682.7342
12.066484,682.7342
12.083739,683.7712
12.099548,683.7712
12.116614,683.7712
12.134152,684.9343
12.148962,684.9343
12.16613,687.06177
12.184237,687.06177
12.199644,687.06177
12.217565,688.9386
12.232693,688.9386
12.253787,690.69696
12.266546,690.69696
12.282261,690.69696
12.300476,692.4411
12.316268,692.4411
12.333422,694.6657
12.3490925,694.6657
12.367072,696.8257
12.384241,696.8257
12.399267,696.8257
12.418768,697.6383
12.43311,697.6383
12.451283,698.77167
12.465799,698.77167
12.484167,700.15247
12.500813,700.15247
12.514832,700.15247
12.534131,701.00366
12.549673,701.00366
12.565042,702.22015
12.583876,702.22015
12.598912,702.22015
12.61678,703.32874
12.632802,703.32874
12.650322,704.4939
12.664849,704.4939
12.681424,704.4939
12.700853,705.5842
12.715462,705.5842
12.733627,707.3596
12.749076,707.3596
12.768273,709.01807
12.783918,709.01807
12.800692,709.01807
12.818021,709.5498
12.832874,709.5498
12.850418,711.0
12.866744,711.0
12.882329,711.0
12.900305,712.55365
12.916273,712.55365
12.9366455,713.42426
12.952281,713.42426
12.966299,714.4394
12.982857,714.4394
12.999292,714.4394
13.01561,715.4765
13.03167,715.4765
13.050123,716.12244
13.065644,716.12244
13.081422,716.12244
13.099549,716.6333
13.115592,716.6333
13.140272,717.1
13.148869,717.1
13.165927,717.7
13.183344,717.7
13.199592,717.7
13.216906,718.5
13.232736,718.5
13.253614,1080.0
13.265386,1080.0
13.281385,1080.0
13.299716,1080.0
13.315435,1080.0
13.333484,1080.0
13.350624,1080.0
13.36605,1080.0
13.383362,1080.0
13.399217,1080.0
13.418097,1080.0
13.431529,1080.0
13.452286,1080.0
13.466449,1080.0
13.482405,1080.0
13.500722,1080.0
13.515164,1080.0
13.532268,1080.0
13.550077,1080.0
13.565801,1080.0
13.58302,1080.0
13.599405,1080.0
13.617113,1080.0
13.632976,1080.0
13.65412,1080.0
13.666219,1080.0
13.682078,1080.0
13.699837,1080.0
13.716092,1080.0
13.733043,1080.0
13.748419,1080.0
13.769548,1080.0
13.783041,1080.0
13.798975,1080.0
13.816198,1080.0
13.832831,1080.0
13.854155,1080.0
13.865829,1080.0
13.883717,1080.0
13.900433,1080.0
13.915106,1080.0
13.936119,1080.0
13.949339,1080.0
13.966736,1080.0
13.983152,1080.0
13.999682,1080.0
14.016507,1080.0
14.032411,1080.0
14.052383,1080.0
14.066686,1080.0
14.082563,1080.0
14.09974,1080.0
14.11639,1080.0
14.133332,1080.0
14.148652,1080.0
14.165434,1080.0
14.182454,1080.0
14.199438,1080.0
14.216867,1080.0
14.232204,1080.0
14.253086,1080.0
14.266137,1080.0
14.283653,1080.0
14.300934,1080.0
14.315994,1080.0
14.3369875,1080.0
14.348613,1080.0
14.366835,1080.0
14.384646,1080.0
14.401588,1080.0
14.417405,1080.0
14.432839,1080.0
14.455144,1080.0
14.467647,1080.0
14.485407,1080.0
14.500157,1080.0
14.515148,1080.0
14.533441,1080.0
14.55063,1080.0
14.570101,1080.0
14.582631,1080.0
14.599434,1080.0
14.619694,1080.0
14.633406,1080.0
14.650618,1080.0
14.665168,1080.0
14.683862,1080.0
14.700869,1080.0
14.7167,1080.0
14.73288,1080.0
14.747982,1080.0
14.767471,1080.0
14.783749,1080.0
14.799575,1080.0
14.817976,1080.0
14.833089,1080.0
14.849927,1080.0
14.865461,1080.0
14.882024,1080.0
14.901364,1080.0
14.915989,1080.0
14.932747,1080.0
14.948635,1080.0
14.966779,1080.0
14.983862,1080.0
14.999372,1080.0
15.016763,1080.0
15.032493,1080.0
15.054945,1080.0
15.065662,1080.0
15.082348,1080.0
15.10062,1080.0
15.116649,1080.0
15.13764,1080.0
15.149494,1080.0
15.16943,1080.0
15.182625,1080.0
15.200414,1080.0
15.21626,1080.0
15.232174,1080.0
15.249122,1080.0
15.26738,1080.0
15.283589,1080.0
15.301078,1080.0
15.3160305,1080.0
15.332912,1080.0
15.350162,1080.0
15.368287,1080.0
15.381798,1080.0
15.400067,1080.0
15.416999,1080.0
15.432857,1080.0
15.455362,1080.0
15.466835,1080.0
15.482567,1080.0
15.500257,1080.0
15.515234,1080.0
15.534524,1080.0
15.550647,1080.0
15.566024,1080.0
15.584032,1080.0
15.599537,1080.0
15.617035,1080.0
15.633304,1080.0
15.650909,1080.0
15.665036,1080.0
15.684394,1080.0
15.701286,1080.0
15.716161,1080.0
15.735284,1080.0
15.749271,1080.0
15.766579,1080.0
15.782976,1080.0
15.798284,1080.0
15.818055,1080.0
15.83397,1080.0
15.850895,1080.0
15.86628,1080.0
15.88207,1080.0
15.900368,1080.0
15.915775,1080.0
15.933889,1080.0
15.94966,1080.0
15.966078,1080.0
15.982585,1080.0
15.999595,1080.0
16.01639,1080.0
16.033403,1080.0
16.053654,1080.0
16.06609,1080.0
16.083712,1080.0
16.100826,1080.0
16.114946,1080.0
16.133991,1080.0
16.148605,1080.0
16.16659,1080.0
16.182524,1080.0
16.199865,1080.0
16.217016,1080.0
16.233027,1080.0
16.250093,1080.0
16.266539,1080.0
16.282188,1080.0
16.30108,1080.0
16.315956,1080.0
16.333735,1080.0
16.349886,1080.0
16.36868,1080.0
16.383368,1080.0
16.400848,1080.0
16.416916,1080.0
16.433914,1080.0
16.453228,1080.0
16.465666,1080.0
16.484793,1080.0
16.50054,1080.0
16.516243,1080.0
16.537914,1080.0
16.550936,1080.0
16.566843,1080.0
16.583755,1080.0
16.59987,1080.0
16.6206,1080.0
16.633438,1080.0
16.652185,1080.0
16.66695,1080.0
16.683584,1080.0
16.70124,1080.0
16.716558,1080.0
16.736164,1080.0
16.749437,1080.0
16.767628,1080.0
16.782597,1080.0
16.800556,1080.0
16.816896,1080.0
16.833439,1080.0
16.85031,1080.0
16.866331,1080.0
16.88231,1080.0
16.900326,1080.0
16.916008,1080.0
16.934345,1080.0
16.949251,1080.0
16.96572,1080.0
16.983715,1080.0
16.998743,1080.0
17.018541,1080.0
17.033846,1080.0
17.051802,1080.0
17.067146,1080.0
17.084093,1080.0
17.101217,1080.0
17.115139,1080.0
17.134283,1080.0
17.150059,1080.0
17.165684,1080.0
17.184013,1080.0
17.200415,1080.0
17.21786,1080.0
17.233274,1080.0
17.249943,1080.0
17.265015,1080.0
17.284111,1080.0
17.300932,1080.0
17.316832,1080.0
17.333054,1080.0
17.349947,1080.0
17.36862,1080.0
17.383308,1080.0
17.39899,1080.0
17.417877,1080.0
17.43374,1080.0
17.451681,1080.0
17.465828,1080.0
17.482508,1080.0
17.500761,1080.0
17.516428,1080.0
17.534235,1080.0
17.54943,1080.0
17.566204,1080.0
17.584541,1080.0
17.599089,1080.0
17.616352,1080.0
17.633638,1080.0
17.654732,1080.0
17.66598,1080.0
17.683754,1080.0
17.701557,1080.0
17.716078,1080.0
17.733261,1080.0
17.749157,1080.0
17.765446,1080.0
17.785374,1080.0
17.80032,1080.0
17.81736,1080.0
17.834164,1080.0
17.849955,1080.0
17.865198,1080.0
17.884153,1080.0
17.90057,1080.0
17.914883,1080.0
17.932877,1080.0
17.950153,1080.0
17.967495,1080.0
17.982533,1080.0
17.999058,1080.0
18.016855,1080.0
18.031906,1080.0
18.052572,1080.0
18.066307,1080.0
18.083721,1080.0
18.100012,1080.0
18.114946,1080.0
18.13405,1080.0
18.149122,1080.0
18.165764,1080.0
18.18291,1080.0
18.199415,1080.0
18.21739,1080.0
18.232758,1080.0
18.253414,1080.0
18.267193,1080.0
18.28259,1080.0
18.301823,1080.0
18.316566,1080.0
18.334126,1080.0
18.348454,1080.0
18.36809,1080.0
18.381577,1080.0
18.400055,1080.0
18.417515,1080.0
18.431955,1080.0
18.450663,1080.0
18.466976,1080.0
18.483614,1080.0
18.50015,1080.0
18.5159,1080.0
18.533434,1080.0
18.550348,1080.0
18.568354,1080.0
18.583063,1080.0
18.600132,1080.0
18.61775,1080.0
18.634024,1080.0
18.655167,1080.0
18.666292,1080.0
18.68274,1080.0
18.700377,718.5
18.716354,718.5
18.737932,717.9286
18.750338,717.9286
18.766796,717.9546
18.784021,717.9546
18.799261,717.9546
18.818487,717.30554
18.833208,717.30554
18.850384,717.0454
18.866308,717.0454
18.883947,716.29504
18.901691,716.29504
18.915565,716.29504
18.932873,716.2973
18.949457,716.2973
18.967003,715.7527
18.98321,715.7527
18.998531,715.7527
19.016546,715.48645
19.032454,715.48645
19.049255,714.94073
19.066185,714.94073
19.083672,714.7162
19.100052,714.7162
19.116268,714.7162
19.134468,713.3681
19.149931,713.3681
19.16652,712.47125
19.182833,712.47125
19.19931,712.47125
19.217033,712.07654
19.232517,712.07654
19.250914,710.9
19.26679,710.9
19.282145,710.9
19.300594,710.3259
19.316029,710.3259
19.33789,709.2707
19.348131,709.2707
19.369846,708.80585
19.384338,708.80585
19.399517,708.80585
19.417742,707.84674
19.432688,707.84674
19.45413,707.4752
19.465452,707.4752
19.484167,706.68066
19.501505,706.68066
19.517046,706.68066
19.537256,705.8716
19.550179,705.8716
19.567635,704.64496
19.583076,704.64496
19.600603,704.64496
19.617636,703.4542
19.633167,703.4542
19.652662,702.8095
19.66513,702.8095
19.681824,702.8095
19.701057,701.99646
19.716248,701.99646
19.73622,701.5364
19.750322,701.5364
19.766958,701.2429
19.784456,701.2429
19.799906,701.2429
19.818047,700.7987
19.83223,700.7987
19.851019,700.2174
19.867346,700.2174
19.884663,699.68475
19.90008,699.68475
19.91497,699.68475
19.935251,699.3322
19.950047,699.3322
19.966885,699.22485
19.983013,699.22485
19.999886,699.22485
20.018064,698.2935
20.03303,698.2935
20.051332,698.79333
20.065914,698.79333
20.082773,698.79333
20.10091,699.30066
20.116995,699.30066
20.13477,698.26117
20.14916,698.26117
20.166,697.92725
20.183628,697.92725
20.199753,697.92725
20.217669,698.4212
20.232725,698.4212
20.252312,698.70825
20.265879,698.70825
20.282398,698.70825
20.300478,698.59155
20.316322,698.59155
20.334318,697.9822
20.350256,697.9822
20.36599,698.0675
20.38392,698.0675
20.39954,698.0675
20.4185,698.5591
20.432981,698.5591
20.45203,698.697
20.467176,698.697
20.483397,697.4789
20.500763,697.4789
20.515951,697.4789
20.532715,696.9497
20.551094,696.9497
20.566624,695.9121
20.583721,695.9121
20.600266,695.9121
20.617744,695.8673
20.632593,695.8673
20.653475,696.1405
20.667603,696.1405
20.682201,696.1405
20.700872,696.24023
20.716164,696.24023
20.73645,695.48425
20.749033,695.48425
20.766735,695.4217
20.784113,695.4217
20.800846,695.4217
20.817528,695.3031
20.833727,695.3031
20.850412,694.79333
20.8661,694.79333
20.88254,694.79333
20.90179,695.4645
20.915194,695.4645
20.934292,695.4791
20.948782,695.4791
20.967014,694.6756
20.983194,694.6756
20.999851,694.6756
21.018398,694.0747
21.032995,694.0747
21.049782,694.08264
21.066761,694.08264
21.082304,694.08264
21.100853,693.79346
21.116034,693.79346
21.133064,694.3849
21.149282,694.3849
21.16572,694.02136
21.183395,694.02136
21.198559,694.02136
21.2179,693.8739
21.233555,693.8739
21.253876,694.27075
21.266483,694.27075
21.2837,693.26746
21.301544,693.26746
21.316454,693.26746
21.335331,693.39
21.350933,693.39
21.369652,692.8276
21.382812,692.8276
21.399366,692.8276
21.417463,692.94543
21.433146,692.94543
21.45178,693.02954
21.465866,693.02954
21.482433,693.02954
21.500212,692.651
21.515549,692.651
21.537987,692.10315
21.550367,692.10315
21.566652,692.046
21.584019,692.046
21.59899,692.046
21.618298,691.9629
21.635054,691.9629
21.655792,691.928
21.66497,691.928
21.684084,692.3623
21.702995,692.3623
21.71679,692.3623
21.735233,691.9096
21.74925,691.9096
21.766415,691.6011
21.784014,691.6011
21.801674,691.6011
21.817902,691.44745
21.834269,691.44745
21.849546,690.8994
21.865652,690.8994
21.882757,690.8994
21.901798,691.035
21.915545,691.035
21.934029,689.94165
21.950296,689.94165
21.966934,690.4879
21.983234,690.4879
21.999752,690.4879
22.019123,690.4507
22.034353,690.4507
22.051867,690.2526
22.067835,690.2526
22.084677,689.76904
22.101315,689.76904
22.11528,689.76904
22.13462,689.8451
22.149622,689.8451
22.168215,688.3439
22.183016,688.3439
22.199533,688.3439
22.218655,688.126
22.232632,688.126
22.250837,688.5864
22.266071,688.5864
22.28191,688.5864
22.301016,688.18286
22.315998,688.18286
22.3341,688.45105
22.34895,688.45105
22.372232,688.6087
22.383142,688.6087
22.399044,688.6087
22.417347,688.8776
22.434454,688.8776
22.451128,687.961
22.4675,687.961
22.483578,686.92426
22.501402,686.92426
22.517021,686.92426
22.537096,686.8596
22.552734,686.8596
22.570995,687.1864
22.58444,687.1864
22.599365,687.1864
22.617327,687.05176
22.633392,687.05176
22.651722,687.0183
22.666082,687.0183
22.684416,686.75073
22.701773,686.75073
22.715786,686.75073
22.737528,687.4727
22.749523,687.4727
22.76646,687.49084
22.784485,687.49084
22.799866,687.49084
22.818644,687.09015
22.833305,687.09015
22.851963,687.15234
22.865242,687.15234
22.884632,687.24384
22.900904,687.24384
22.917582,687.24384
22.933245,687.2401
22.950523,687.2401
22.966408,685.7543
22.984137,685.7543
22.99925,685.7543
23.018564,685.6865
23.033823,685.6865
23.050058,686.09705
23.065578,686.09705
23.083796,686.22864
23.1008,686.22864
23.11662,686.22864
23.136662,685.1643
23.148577,685.1643
23.170502,685.1643
23.183357,685.1643
23.200369,685.1643
23.217012,685.619
23.232212,685.619
23.25092,685.79346
23.265959,685.79346
23.28209,685.79346
23.300251,686.59937
23.316013,686.59937
23.333956,686.6511
23.350536,686.6511
23.367233,685.8136
23.382835,685.8136
23.399317,685.8136
23.417269,686.37616
23.43251,686.37616
23.453793,685.98096
23.466406,685.98096
23.482527,685.98096
23.501713,685.9016
23.516695,685.9016
23.534632,685.5945
23.55068,685.5945
23.568832,685.7893
23.583086,685.7893
23.60033,685.7893
23.617393,686.08203
23.63336,686.08203
23.654795,685.88416
23.667253,685.88416
23.683722,686.0864
23.70221,686.0864
23.716335,686.0864
23.734175,685.829
23.74953,685.829
23.768917,687.24774
23.782515,687.24774
23.79813,687.24774
23.817919,687.47925
23.832079,687.47925
23.85115,688.69104
23.866644,688.69104
23.882458,688.69104
23.900688,689.5259
23.915504,689.5259
23.934307,688.93713
23.950373,688.93713
23.966703,689.22644
23.98389,689.22644
23.000013,689.22644
24.018568,690.69714
24.032238,690.69714
24.050919,691.8468
24.066956,691.8468
24.08217,691.8468
24.101042,692.2006
24.117306,692.2006
24.135067,693.8136
24.149496,693.8136
24.166775,694.5251
24.183279,694.5251
24.200642,694.5251
24.216913,695.1887
24.23292,695.1887
24.251585,696.6184
24.266771,696.6184
24.28418,697.9664
24.302044,697.9664
24.316969,697.9664
24.336369,697.78076
24.34989,697.78076
24.368206,699.24695
24.383732,699.24695
24.399305,699.24695
24.417925,700.234
24.433546,700.234
24.451159,701.2426
24.467405,701.2426
24.484243,701.813
24.501928,701.813
24.51639,701.813
24.537642,702.7491
24.549778,702.7491
24.571629,703.95
24.58313,703.95
24.600847,703.95
24.621721,705.13635
24.634474,705.13635
24.652306,705.68933
24.6673,705.68933
24.682438,705.68933
24.701765,706.69556
24.715244,706.69556
24.733984,707.2528
24.750263,707.2528
24.767046,708.0855
24.783043,708.0855
24.799273,708.0855
24.81866,708.81323
24.832253,708.81323
24.851793,709.656
24.866703,709.656
24.882713,709.656
24.903852,710.563
24.916739,710.563
24.93515,711.61865
24.950697,711.61865
24.966846,711.6923
24.98537,711.6923
25.000233,711.6923
25.017467,712.5936
25.033157,712.5936
25.05144,713.15063
25.066223,713.15063
25.084227,714.08057
25.101091,714.08057
25.11588,714.08057
25.134056,714.93335
25.14982,714.93335
25.166552,715.5929
25.183165,715.5929
25.20002,715.5929
25.217043,715.84375
25.23231,715.84375
25.25573,716.55554
25.266,716.55554
25.28218,716.55554
25.301334,717.2632
25.316734,717.2632
25.336964,717.7
25.349413,717.7
25.367233,718.5
25.384789,718.5
25.400099,718.5
25.418251,1080.0
25.43295,1080.0
25.45459,1080.0
25.467333,1080.0
25.484835,1080.0
25.500746,1080.0
25.516092,1080.0
25.532791,1080.0
25.549658,1080.0
25.566341,1080.0
25.584848,1080.0
25.599936,1080.0
25.61806,1080.0
25.633055,1080.0
25.650349,1080.0
25.665787,1080.0
25.683905,1080.0
25.701185,1080.0
25.71698,1080.0
25.733604,1080.0
25.748764,1080.0
25.767944,1080.0
25.78317,1080.0
25.79894,1080.0
25.820614,1080.0
25.833157,1080.0
25.853548,1080.0
25.86636,1080.0
25.882652,1080.0
25.901283,1080.0
25.915604,1080.0
25.934402,1080.0
25.94945,1080.0
25.968111,1080.0
25.982428,1080.0
25.999409,1080.0
26.018665,1080.0
26.033577,1080.0
26.05557,1080.0
26.067728,1080.0
26.083845,1080.0
26.101416,1080.0
26.11662,1080.0
26.135399,1080.0
26.15028,1080.0
26.167334,1080.0
26.183886,1080.0
26.199116,1080.0
26.218315,1080.0
26.232094,1080.0
26.25095,1080.0
26.267063,1080.0
26.283508,1080.0
26.300808,1080.0
26.316126,1080.0
26.334879,1080.0
26.349808,1080.0
26.36806,1080.0
26.383568,1080.0
26.399588,1080.0
26.417871,1080.0
26.433874,1080.0
26.45383,1080.0
26.467443,1080.0
26.483648,1080.0
26.50153,1080.0
26.515522,1080.0
26.53436,1080.0
26.551302,1080.0
26.567913,1080.0
26.583248,1080.0
26.59906,1080.0
26.618256,1080.0
26.632904,1080.0
26.655539,1080.0
26.665876,1080.0
26.68328,1080.0
26.701475,1080.0
26.716318,1080.0
26.735054,1080.0
26.749868,1080.0
26.767132,1080.0
26.78475,1080.0
26.799377,1080.0
26.817265,1080.0
26.834183,1080.0
26.851122,1080.0
26.865408,1080.0
26.882765,1080.0
26.901102,1080.0
26.917685,1080.0
26.935135,1080.0
26.949543,1080.0
26.970324,1080.0
26.984978,1080.0
27.002014,1080.0
27.018435,1080.0
27.03401,1080.0
27.05145,1080.0
27.067568,1080.0
27.08525,1080.0
27.10113,1080.0
27.116436,1080.0
27.13554,1080.0
27.150867,1080.0
27.16625,1080.0
27.185108,1080.0
27.200571,1080.0
27.218662,1080.0
27.233921,1080.0
27.250717,1080.0
27.267298,1080.0
27.283876,1080.0
27.301085,1080.0
27.317535,1080.0
27.334787,1080.0
27.349232,1080.0
27.36885,1080.0
27.383694,1080.0
27.398754,1080.0
27.41785,1080.0
27.433214,1080.0
27.451021,1080.0
27.465979,1080.0
27.482895,1080.0
27.500631,1080.0
27.515684,1080.0
27.537796,1080.0
27.551075,1080.0
27.568554,1080.0
27.584496,1080.0
27.599545,1080.0
27.618307,1080.0
27.632519,1080.0
27.6512,1080.0
27.665098,1080.0
27.684204,1080.0
27.70168,1080.0
27.716455,1080.0
27.733326,1080.0
27.749947,1080.0
27.766462,1080.0
27.784067,1080.0
27.798937,1080.0
27.819115,1080.0
27.832943,1080.0
27.85303,1080.0
27.868065,1080.0
27.88361,1080.0
27.901558,1080.0
27.916294,1080.0
27.936317,1080.0
27.950438,1080.0
27.966513,1080.0
27.984154,1080.0
27.999826,1080.0
28.01918,1080.0
28.033575,1080.0
28.051489,1080.0
28.066986,1080.0
28.082516,1080.0
28.100323,1080.0
28.116533,1080.0
28.133457,1080.0
28.150099,1080.0
28.169989,1080.0
28.18359,1080.0
28.199703,1080.0
28.219048,1080.0
28.232943,1080.0
28.254536,1080.0
28.266256,1080.0
28.282007,1080.0
28.301176,1080.0
28.317959,1080.0
28.333973,1080.0
28.350233,1080.0
28.368793,1080.0
28.382725,1080.0
28.399837,1080.0
28.417953,1080.0
28.43309,1080.0
28.451944,1080.0
28.467836,1080.0
28.48281,1080.0
28.501595,1080.0
28.517776,1080.0
28.53555,1080.0
28.550585,1080.0
28.56776,1080.0
28.584253,1080.0
28.60032,1080.0
28.618185,1080.0
28.633419,1080.0
28.655258,1080.0
28.666971,1080.0
28.683943,1080.0
28.70183,1080.0
28.717138,1080.0
28.735807,1080.0
28.749723,1080.0
28.767885,1080.0
28.785074,1080.0
28.800806,1080.0
28.819063,1080.0
28.83363,1080.0
28.853508,1080.0
28.8665,1080.0
28.884663,1080.0
28.900482,1080.0
28.915556,1080.0
28.93656,1080.0
28.95058,1080.0
28.966803,1080.0
28.98345,1080.0
28.999582,1080.0
29.01847,1080.0
29.032618,1080.0
29.05042,1080.0
29.066069,1080.0
29.084251,1080.0
29.100586,1080.0
29.116734,1080.0
29.134611,1080.0
29.150034,1080.0
29.167828,1080.0
29.184237,1080.0
29.19906,1080.0
29.218382,1080.0
29.233126,1080.0
29.250265,1080.0
29.266993,1080.0
29.28483,1080.0
29.300404,1080.0
29.316368,1080.0
29.334864,1080.0
29.34915,1080.0
29.36822,1080.0
29.38318,1080.0
29.400017,1080.0
29.418219,1080.0
29.431902,1080.0
29.45409,1080.0
29.466486,1080.0
29.482727,1080.0
29.5016,1080.0
29.51644,1080.0
29.534676,1080.0
29.550455,1080.0
29.567635,1080.0
29.58409,1080.0
29.60039,1080.0
29.618603,1080.0
29.63347,1080.0
29.651436,1080.0
29.666178,1080.0
29.68433,1080.0
29.700705,1080.0
29.716675,1080.0
29.73534,1080.0
29.750196,1080.0
29.771038,1080.0
29.783058,1080.0
29.800797,1080.0
29.821766,1080.0
29.833918,1080.0
29.851711,1080.0
29.865631,1080.0
29.883991,1080.0
29.89956,1080.0
29.917841,1080.0
29.935045,1080.0
29.950138,1080.0
29.968117,1080.0
29.982857,1080.0
29.000013,1080.0
30.018394,1080.0
30.032007,1080.0
30.051197,1080.0
30.066326,1080.0
30.082516,1080.0
30.101099,1080.0
30.117409,1080.0
30.137383,1080.0
30.151745,1080.0
30.167212,1080.0
30.183126,1080.0
30.20062,1080.0
30.217825,718.5
30.233313,718.5
30.253817,718.5
30.267036,718.5
30.284264,717.8334
30.300901,717.8334
30.316624,717.8334
30.33419,717.0
30.34943,717.0
30.36964,716.9828
30.384138,716.9828
30.399433,716.9828
30.417343,716.1923
30.43234,716.1923
30.454943,715.1896
30.466736,715.1896
30.486828,713.63794
30.501974,713.63794
30.516455,713.63794
30.53514,712.5187
30.55028,712.5187
30.566929,711.7195
30.584862,711.7195
30.598963,711.7195
30.618326,710.6836
30.632843,710.6836
30.652317,709.2135
30.668102,709.2135
30.684855,707.8716
30.700155,707.8716
30.718092,707.8716
30.73609,706.551
30.750715,706.551
30.76804,705.65735
30.784143,705.65735
30.799698,705.65735
30.81797,704.6745
30.83421,704.6745
30.854677,703.9716
30.86585,703.9716
30.884659,702.84503
30.901348,702.84503
30.915543,702.84503
30.935448,703.23
30.950602,703.23
30.96789,702.3153
30.98361,702.3153
31.000164,702.3153
31.018457,701.51575
31.03365,701.51575
31.051765,700.8494
31.065847,700.8494
31.084562,700.2385
31.100182,700.2385
31.116976,700.2385
31.134972,699.7572
31.150784,699.7572
31.167685,699.4808
31.184147,699.4808
31.199236,699.4808
31.218685,697.9417
31.233557,697.9417
31.250916,697.9752
31.267075,697.9752
31.283812,696.7927
31.300844,696.7927
31.316568,696.7927
31.335203,696.9913
31.349522,696.9913
31.36611,696.7352
31.384155,696.7352
31.400244,696.7352
31.41842,695.526
31.43256,695.526
31.451014,694.21893
31.46763,694.21893
31.483706,693.5735
31.501802,693.5735
31.515724,693.5735
31.533787,692.2092
31.550507,692.2092
31.56895,691.2915
31.584764,691.2915
31.600418,691.2915
31.62151,690.72705
31.633314,690.72705
31.655205,689.75793
31.666098,689.75793
31.682194,689.75793
31.702341,690.2537
31.71667,690.2537
31.736818,689.72473
31.751747,689.72473
31.771477,688.5978
31.784367,688.5978
31.801115,688.5978
31.817638,688.3944
31.834051,688.3944
31.854961,688.19885
31.866945,688.19885
31.884956,687.48474
31.90017,687.48474
31.915628,687.48474
31.933989,687.05975
31.949514,687.05975
31.966751,687.0336
31.985043,687.0336
32.000927,687.0336
32.017548,686.3187
32.034893,686.3187
32.052475,685.6748
32.068096,685.6748
32.084557,685.28534
32.10089,685.28534
32.116615,685.28534
32.13443,684.57263
32.149654,684.57263
32.168114,684.23267
32.1839,684.23267
32.199806,684.23267
32.218323,683.68335
32.240135,683.68335
32.25544,683.34875
32.266586,683.34875
32.284084,682.8124
32.301327,682.8124
32.316944,682.8124
32.33521,682.70984
32.349648,682.70984
32.366375,682.3717
32.385273,682.3717
32.400063,682.3717
32.41825,681.51416
32.434025,681.51416
32.4512,681.25214
32.46725,681.25214
32.483856,680.4407
32.501484,680.4407
32.51711,680.4407
32.535465,680.18945
32.55143,680.18945
32.572693,680.97595
32.58273,680.97595
32.600918,680.97595
32.61947,680.7543
32.634098,680.7543
32.65232,680.39685
32.666924,680.39685
32.684788,680.2212
32.700615,680.2212
32.71608,680.2212
32.733994,680.6006
32.749836,680.6006
32.768745,680.3921
32.784115,680.3921
32.800083,680.3921
32.820454,680.0947
32.833595,680.0947
32.850876,680.235
32.865685,680.235
32.884655,679.2538
32.901325,679.2538
32.916805,679.2538
32.934853,679.7493
32.951912,679.7493
32.972115,678.84265
32.982586,678.84265
33.00055,678.84265
33.018875,679.2204
33.033947,679.2204
33.050602,679.2586
33.065563,679.2586
33.084015,679.21094
33.100025,679.21094
33.11716,679.21094
33.135128,678.8982
33.150837,678.8982
33.1714,678.5407
33.184208,678.5407
33.200527,678.5407
33.218876,678.0829
33.23318,678.0829
33.25085,677.7011
33.26701,677.7011
33.284164,678.06647
33.30098,678.06647
33.31767,678.06647
33.33515,677.79675
33.349453,677.79675
33.367413,677.18054
33.385242,677.18054
33.400173,677.18054
33.417923,676.618
33.433193,676.618
33.4528,676.03796
33.466022,676.03796
33.48381,676.1
33.500935,676.1
33.51775,676.1
33.535294,676.5228
33.550743,676.5228
33.57173,676.43933
33.58295,676.43933
33.599102,676.43933
33.61777,676.12695
33.633564,676.12695
33.65587,675.7656
33.66654,675.7656
33.68718,676.20105
33.70163,676.20105
33.717052,676.20105
33.73667,675.9
33.751537,675.9
33.772816,675.38794
33.783848,675.38794
33.799934,675.38794
33.818714,675.4665
33.83357,675.4665
33.85277,674.8053
33.867527,674.8053
33.88368,674.86945
33.901077,674.86945
33.918507,674.86945
33.934288,676.3631
33.95005,676.3631
33.969593,676.62726
33.984383,676.62726
34.00016,676.62726
34.019077,675.7012
34.032616,675.7012
34.05202,675.781
34.065823,675.781
34.08356,675.3352
34.100605,675.3352
34.117153,675.3352
34.135403,675.4584
34.15117,675.4584
34.171494,675.29175
34.183414,675.29175
34.20052,675.29175
34.21896,675.1936
34.2328,675.1936
34.253654,675.45654
34.26723,675.45654
34.28414,675.73083
34.301514,675.73083
34.318413,675.73083
34.33487,674.3307
34.35104,674.3307
34.368156,674.36676
34.383842,674.36676
34.400867,674.36676
34.419163,674.64246
34.43271,674.64246
34.45161,674.68066
34.466175,674.68066
34.48312,674.68066
34.501183,674.0103
34.517143,674.0103
34.534744,673.849
34.550842,673.849
34.571384,673.7374
34.58241,673.7374
34.600655,673.7374
34.61841,673.7324
34.633427,673.7324
34.652046,673.91437
34.666443,673.91437
34.68288,673.91437
34.701138,674.51025
34.71737,674.51025
34.736134,674.0729
34.75127,674.0729
34.772316,674.4689
34.783695,674.4689
34.800854,674.4689
34.818848,673.76166
34.835087,673.76166
34.85479,674.70245
34.867733,674.70245
34.883934,674.57544
34.90125,674.57544
34.917168,674.57544
34.934948,674.73987
34.95005,674.73987
34.96817,675.2012
34.983486,675.2012
35.00041,675.2012
35.01858,675.92096
35.033184,675.92096
35.051353,676.3549
35.06663,676.3549
35.083908,676.25
35.100945,676.25
35.11816,676.25
35.13432,676.75696
35.152817,676.75696
35.169106,676.947
35.183525,676.947
35.2009,676.947
35.2184,677.0461
35.23474,677.0461
35.253136,677.21246
35.26693,677.21246
35.283707,677.8523
35.30046,677.8523
35.31778,677.8523
35.334675,678.35693
35.351032,678.35693
35.367966,678.2029
35.384846,678.2029
35.39989,678.2029
35.41914,678.6776
35.434464,678.6776
35.451992,678.61176
35.466076,678.61176
35.48694,679.53674
35.50246,679.53674
35.51849,679.53674
35.53516,680.0112
35.54912,680.0112
35.568993,680.3176
35.58541,680.3176
35.600033,680.3176
35.617825,680.43396
35.634415,680.43396
35.6513,680.0829
35.666172,680.0829
35.68419,680.762
35.70169,680.762
35.71753,680.762
35.735527,681.7019
35.75072,681.7019
35.76829,682.0337
35.788437,682.0337
35.8001,682.0337
35.819176,682.9276
35.83274,682.9276
35.85226,683.86
35.867172,683.86
35.885185,685.3701
35.901905,685.3701
35.915695,685.3701
35.93795,686.09735
35.950634,686.09735
35.96918,686.6579
35.983902,686.6579
36.000893,686.6579
36.019466,688.07605
36.032696,688.07605
36.051716,688.9684
36.067726,688.9684
36.082905,688.9684
36.101406,689.9506
36.116722,689.9506
36.134964,691.4177
36.15153,691.4177
36.16717,692.43713
36.18368,692.43713
36.199604,692.43713
36.21919,693.84436
36.233673,693.84436
36.25175,694.5685
36.265636,694.5685
36.28487,696.0883
36.30149,696.0883
36.316917,696.0883
36.335014,698.00903
36.351036,698.00903
36.36629,699.09827
36.38537,699.09827
36.40056,699.09827
36.419632,700.43805
36.433395,700.43805
36.452213,701.81555
36.467327,701.81555
36.48442,702.7981
36.502052,702.7981
36.51635,702.7981
36.534985,704.1533
36.551537,704.1533
36.57196,705.56604
36.585175,705.56604
36.60066,705.56604
36.61915,706.68726
36.632736,706.68726
36.655506,707.00354
36.66682,707.00354
36.685818,708.6113
36.70186,708.6113
36.71795,708.6113
36.735226,709.6747
36.75101,709.6747
36.768448,710.70886
36.784542,710.70886
36.801167,710.70886
36.81974,711.6571
36.83278,711.6571
36.852257,712.7143
36.86687,712.7143
36.88544,713.63745
36.900692,713.63745
36.916607,713.63745
36.93596,714.84515
36.951298,714.84515
36.970314,715.5834
36.98386,715.5834
37.000645,715.5834
37.018513,716.0
37.03423,716.0
37.055046,716.8959
37.06834,716.8959
37.08376,718.0
37.101883,718.0
37.117966,718.0
37.134907,1080.0
37.15005,1080.0
37.172028,1080.0
37.18427,1080.0
37.20014,1080.0
37.218544,1080.0
37.233833,1080.0
37.252064,1080.0
37.267097,1080.0
37.284805,1080.0
37.30142,1080.0
37.31714,1080.0
37.334854,1080.0
37.350094,1080.0
37.368134,1080.0
37.38526,1080.0
37.40008,1080.0
37.41846,1080.0
37.43449,1080.0
37.45144,1080.0
37.46712,1080.0
37.483593,1080.0
37.502094,1080.0
37.517433,1080.0
37.536148,1080.0
37.55184,1080.0
37.568676,1080.0
37.585037,1080.0
37.599663,1080.0
37.618847,1080.0
37.634438,1080.0
37.652237,1080.0
37.666855,1080.0
37.684494,1080.0
37.701378,1080.0
37.717964,1080.0
37.73404,1080.0
37.75169,1080.0
37.773174,1080.0
37.785114,1080.0
37.800404,1080.0
37.819447,1080.0
37.835587,1080.0
37.85147,1080.0
37.866695,1080.0
37.883953,1080.0
37.901985,1080.0
37.91702,1080.0
37.936325,1080.0
37.951004,1080.0
37.9684,1080.0
37.982975,1080.0
38.000946,1080.0
38.018394,1080.0
38.034664,1080.0
38.052616,1080.0
38.066925,1080.0
38.084496,1080.0
38.101917,1080.0
38.117924,1080.0
38.135506,1080.0
38.150555,1080.0
38.17943,1080.0
38.191494,1080.0
38.204185,1080.0
38.2228,1080.0
38.237434,1080.0
38.256115,1080.0
38.270123,1080.0
38.287758,1080.0
38.30313,1080.0
38.321564,1080.0
38.33752,1080.0
38.354237,1080.0
38.372902,1080.0
38.38753,1080.0
38.406387,1080.0
38.420765,1080.0
38.437122,1080.0
38.454502,1080.0
38.469524,1080.0
38.489513,1080.0
38.503216,1080.0
38.52041,1080.0
38.537712,1080.0
38.55431,1080.0
38.571487,1080.0
38.58775,1080.0
38.60392,1080.0
38.622707,1080.0
38.637337,1080.0
38.655712,1080.0
38.67046,1080.0
38.686466,1080.0
38.703968,1080.0
38.720703,1080.0
38.73784,1080.0
38.754,1080.0
38.772446,1080.0
38.78693,1080.0
38.803673,1080.0
38.823875,1080.0
38.83652,1080.0
38.85581,1080.0
38.870613,1080.0
38.89051,1080.0
38.90312,1080.0
38.920578,1080.0
38.938473,1080.0
38.954308,1080.0
38.975716,1080.0
38.988758,1080.0
39.004356,1080.0
39.02202,1080.0
39.03623,1080.0
39.055496,1080.0
39.07003,1080.0
39.088463,1080.0
39.103905,1080.0
39.121445,1080.0
39.139133,1080.0
39.153744,1080.0
39.17548,1080.0
39.188274,1080.0
39.204174,1080.0
39.222565,1080.0
39.236996,1080.0
39.25633,1080.0
39.27064,1080.0
39.287594,1080.0
39.305202,1080.0
39.322475,1080.0
39.338882,1080.0
39.353718,1080.0
39.371914,1080.0
39.38654,1080.0
39.402702,1080.0
39.42199,1080.0
39.43674,1080.0
39.455112,1080.0
39.472054,1080.0
39.487156,1080.0
39.505245,1080.0
39.520905,1080.0
39.538853,1080.0
39.55423,1080.0
39.5715,1080.0
39.587276,1080.0
39.603672,1080.0
39.62251,1080.0
39.636677,1080.0
39.657097,1080.0
39.671112,1080.0
39.69128,1080.0
39.705048,1080.0
39.721237,1080.0
39.73813,1080.0
39.753273,1080.0
39.77296,1080.0
39.78716,1080.0
39.80495,1080.0
39.821915,1080.0
39.837208,1080.0
39.855274,1080.0
39.870464,1080.0
39.891857,1080.0
39.902927,1080.0
39.92138,1080.0
39.93832,1080.0
39.95398,1080.0
39.97543,1080.0
39.988583,1080.0
40.004543,1080.0
40.020565,1080.0
40.037037,1080.0
40.05553,1080.0
40.06977,1080.0
40.087723,1080.0
40.103714,1080.0
40.12121,1080.0
40.138577,1080.0
40.152596,1080.0
40.17228,1080.0
40.18683,1080.0
40.20288,1080.0
40.221153,1080.0
40.23683,1080.0
40.25531,1080.0
40.270733,1080.0
40.289383,1080.0
40.30487,1080.0
40.32086,1080.0
40.337994,1080.0
40.353527,1080.0
40.37066,1080.0
40.387096,1080.0
40.404293,1080.0
40.421986,1080.0
40.43681,1080.0
40.456238,1080.0
40.47181,1080.0
40.493195,1080.0
40.503647,1080.0
40.52061,1080.0
40.537617,1080.0
40.55501,1080.0
40.57038,1080.0
40.588673,1080.0
40.603607,1080.0
40.622513,1080.0
40.637917,1080.0
40.655807,1080.0
40.66985,1080.0
40.688156,1080.0
40.704556,1080.0
40.720966,1080.0
40.739227,1080.0
40.7547,1080.0
40.770695,1080.0
40.78831,1080.0
40.803596,1080.0
40.822437,1080.0
40.837036,1080.0
40.853973,1080.0
40.87076,1080.0
40.89239,1080.0
40.90374,1080.0
40.91988,1080.0
40.937695,1080.0
40.95402,1080.0
40.971752,1080.0
40.989067,1080.0
41.00532,1080.0
41.02118,1080.0
41.03665,1080.0
41.057404,1080.0
41.070908,1080.0
41.08823,1080.0
41.10401,1080.0
41.12223,1080.0
41.13876,1080.0
41.15376,1080.0
41.172604,1080.0
41.18892,1080.0
41.205044,1080.0
41.2222,1080.0
41.23665,1080.0
41.255814,1080.0
41.271618,1080.0
41.288643,1080.0
41.30444,1080.0
41.321262,1080.0
41.339043,1080.0
41.35397,1080.0
41.373566,1080.0
41.38799,1080.0
41.40424,1080.0
41.421978,1080.0
41.437405,1080.0
41.45571,1080.0
41.47038,1080.0
41.490032,1080.0
41.504017,1080.0
41.52167,1080.0
41.53858,1080.0
41.5537,1080.0
41.570446,1080.0
41.587223,1080.0
41.604683,1080.0
41.621037,1080.0
41.637157,1080.0
41.655277,1080.0
41.67023,1080.0
41.686462,1080.0
41.705257,1080.0
41.72084,1080.0
41.73907,1080.0
41.75361,1080.0
41.770817,1080.0
41.789604,1080.0
41.804802,1080.0
41.821987,1080.0
41.838238,1080.0
41.85542,1080.0
41.871563,1080.0
41.89115,1080.0
41.90315,1080.0
41.921196,1080.0
41.939156,1080.0
41.954514,1080.0
41.974644,1080.0
41.987442,1080.0
42.007557,1080.0
42.02191,1080.0
42.038372,1080.0
42.05589,1080.0
42.07124,1080.0
42.088745,718.5
42.103687,718.5
42.12139,718.5
42.13907,718.5
42.152596,718.5
42.172165,717.7
42.187042,717.7
42.20741,717.6428
42.22142,717.6428
42.23738,717.6428
42.255745,717.0926
42.271034,717.0926
42.288174,717.1
42.304127,717.1
42.32197,717.1
42.339283,716.2262
42.354397,716.2262
42.372562,715.7157
42.386677,715.7157
42.404053,715.3098
42.421387,715.3098
42.437225,715.3098
42.456158,714.7892
42.47116,714.7892
42.48927,713.35504
42.50406,713.35504
42.521645,713.35504
42.539333,712.733
42.55395,712.733
42.571255,711.8372
42.58787,711.8372
42.604633,711.13025
42.62197,711.13025
42.63725,711.13025
42.65584,709.0383
42.67034,709.0383
42.688553,708.0039
42.704662,708.0039
42.720512,708.0039
42.73859,708.08044
42.755356,708.08044
42.771984,706.7125
42.78835,706.7125
42.803654,706.52704
42.822216,706.52704
42.837585,706.52704
42.855125,705.36206
42.869907,705.36206
42.887547,704.6555
42.9038,704.6555
42.921074,704.6555
42.93917,703.0707
42.953804,703.0707
42.974415,702.0548
42.988132,702.0548
43.003475,701.9479
43.02161,701.9479
43.037624,701.9479
43.056206,701.30273
43.070423,701.30273
43.08863,700.1821
43.10357,700.1821
43.12142,700.1821
43.13871,699.74927
43.154125,699.74927
43.172768,699.0
43.188103,699.0
43.206337,697.5648
43.22189,697.5648
43.23743,697.5648
43.25713,696.7947
43.27006,696.7947
43.288094,697.6378
43.303474,697.6378
43.320103,697.6378
43.33849,697.021
43.35476,697.021
43.372272,696.3064
43.387848,696.3064
43.404366,694.99133
43.421917,694.99133
43.43838,694.99133
43.456608,693.8539
43.469864,693.8539
43.487816,692.5603
43.505016,692.5603
43.523037,692.5603
43.538982,691.62006
43.55308,691.62006
43.572514,690.65356
43.587975,690.65356
43.60418,689.7431
43.621696,689.7431
43.637115,689.7431
43.656055,688.43286
43.670185,688.43286
43.68928,687.687
43.704323,687.687
43.72215,687.687
43.739784,686.70374
43.753845,686.70374
43.77021,686.2022
43.78688,686.2022
43.8047,684.84155
43.822308,684.84155
43.838036,684.84155
43.854107,684.72144
43.87173,684.72144
43.888325,683.92004
43.902576,683.92004
43.92076,683.92004
43.938934,682.5566
43.956696,682.5566
43.975338,681.9256
43.98961,681.9256
44.005177,680.8994
44.022194,680.8994
44.038357,680.8994
44.05545,680.31226
44.07045,680.31226
44.092457,679.125
44.103336,679.125
44.120564,679.125
44.138798,678.7396
44.15433,678.7396
44.17539,677.5873
44.18744,677.5873
44.20435,677.86255
44.22213,677.86255
44.236202,677.86255
44.256832,676.525
44.271355,676.525
44.28983,675.9294
44.30439,675.9294
44.3207,675.9294
44.33945,674.8639
44.354713,674.8639
44.372456,674.28296
44.386845,674.28296
44.416775,673.7462
44.428585,673.7462
44.4414,673.7462
44.463688,673.17883
44.475334,673.17883
44.491238,671.5879
44.50692,671.5879
44.525635,671.1715
44.542786,671.1715
44.55747,671.1715
44.575657,670.2583
44.59225,670.2583
44.608913,669.95105
44.62374,669.95105
44.641273,669.95105
44.664482,669.2396
44.67693,669.2396
44.69488,669.2396
44.708065,669.1875
44.726913,667.6293
44.74295,667.6293
44.759304,667.6293
44.77947,667.31055
44.79178,667.31055
44.809414,668.04333
44.824852,668.04333
44.840187,668.04333
44.859543,667.6217
44.875313,667.6217
44.894188,666.78064
44.90823,666.78064
44.925873,665.72815
44.942833,665.72815
44.957176,665.72815
44.975613,665.7554
44.99167,665.7554
45.008583,665.61096
45.025578,665.61096
45.042553,665.61096
45.05949,666.1023
45.074947,666.1023
45.092846,665.49225
45.10832,665.49225
45.12533,664.90967
45.14369,664.90967
45.1582,664.90967
45.17618,664.1338
45.192795,664.1338
45.21308,664.0863
45.225464,664.0863
45.241837,664.0863
45.259888,663.6848
45.275585,663.6848
45.293297,663.4396
45.308315,663.4396
45.328926,662.7716
45.343338,662.7716
45.3592,662.7716
45.376114,662.71204
45.39253,662.71204
45.409893,661.6831
45.42571,661.6831
45.442913,661.6831
45.459976,662.04895
45.475967,662.04895
45.493206,661.1216
45.509396,661.1216
45.528618,661.72815
45.54317,661.72815
45.55933,661.72815
45.57853,661.2655
45.59242,661.2655
45.60933,660.84094
45.62488,660.84094
45.64204,660.84094
45.660046,660.773
45.673855,660.773
45.69686,660.55304
45.70902,660.55304
45.72829,660.1954
45.74279,660.1954
45.759468,660.1954
45.775654,659.1801
45.792355,659.1801
45.810505,659.70886
45.82552,659.70886
45.842377,659.70886
45.861073,658.5672
45.875072,658.5672
45.89404,657.99146
45.90883,657.99146
45.927002,658.11255
45.94326,658.11255
45.958138,658.11255
45.976208,658.1688
45.99236,658.1688
46.008835,658.2102
46.026237,658.2102
46.042057,658.2102
46.05965,658.12866
46.07428,658.12866
46.09234,658.1293
46.109398,658.1293
46.12799,657.94116
46.144157,657.94116
46.15889,657.94116
46.17704,658.07385
46.192295,658.07385
46.213493,658.00635
46.22557,658.00635
46.241833,658.00635
46.26056,657.1797
46.274715,657.1797
46.296047,657.6435
46.308685,657.6435
46.324757,657.8606
46.342957,657.8606
46.35714,657.8606
46.376163,657.50146
46.391094,657.50146
46.4126,656.426
46.424934,656.426
46.44201,656.426
46.458622,656.67883
46.47533,656.67883
46.495277,656.0062
46.50891,656.0062
46.52509,655.95935
46.543705,655.95935
46.55795,655.95935
46.575256,655.9873
46.59152,655.9873
46.608513,655.8302
46.624714,655.8302
46.642326,655.8302
46.6594,656.3495
46.6749,656.3495
46.693455,656.08307
46.707207,656.08307
46.726746,654.8273
46.743015,654.8273
46.75776,654.8273
46.77688,655.04016
46.791897,655.04016
46.813324,655.1122
46.824074,655.1122
46.840683,655.1122
46.859734,654.9309
46.87437,654.9309
46.891937,654.9673
46.907574,654.9673
46.925808,654.89935
46.943047,654.89935
46.959145,654.89935
46.977894,654.74646
46.9917,654.74646
47.010185,654.40576
47.02496,654.40576
47.04422,655.02325
47.06009,655.02325
47.07523,655.02325
47.093796,654.86475
47.108677,654.86475
47.12474,654.8042
47.142567,654.8042
47.15862,654.8042
47.17665,654.6221
47.190945,654.6221
47.20858,653.76764
47.224857,653.76764
47.24078,653.76764
47.2602,654.2716
47.274765,654.2716
47.29553,653.8385
47.308804,653.8385
47.324276,654.2383
47.341667,654.2383
47.357727,654.2383
47.378696,654.03296
47.39403,654.03296
47.40968,653.8627
47.425175,653.8627
47.442,653.8627
47.46032,653.49854
47.47481,653.49854
47.492504,653.52295
47.50785,653.52295
47.52462,653.761
47.54198,653.761
47.557835,653.761
47.575073,653.7549
47.59127,653.7549
47.61333,653.78735
47.624943,653.78735
47.64183,653.78735
47.66046,653.80176
47.67499,653.80176
47.694622,653.34595
47.7074,653.34595
47.725456,653.34705
47.743183,653.34705
47.757034,653.34705
47.775288,652.9337
47.7914,652.9337
47.809784,653.25146
47.825325,653.25146
47.840935,653.25146
47.859127,653.769
47.875095,653.769
47.891937,654.25415
47.90766,654.25415
47.926826,655.027
47.94301,655.027
47.95857,655.027
47.97484,655.09467
47.992672,655.09467
48.012974,656.23145
48.024506,656.23145
48.041092,656.23145
48.059002,657.09216
48.073772,657.09216
48.092773,657.59814
48.10777,657.59814
48.123917,658.56396
48.143475,658.56396
48.158123,658.56396
48.176834,659.6676
48.191826,659.6676
48.209435,661.1974
48.225494,661.1974
48.241436,661.1974
48.259544,662.98627
48.276108,662.98627
48.292614,664.1905
48.30812,664.1905
48.326336,666.51685
48.34271,666.51685
48.35864,666.51685
48.37632,668.51355
48.391693,668.51355
48.411484,670.48267
48.425545,670.48267
48.441277,670.48267
48.463562,672.1421
48.474266,672.1421
48.49604,674.31604
48.50788,674.31604
48.52523,677.261
48.542664,677.261
48.55784,677.261
48.57575,679.07996
48.592155,679.07996
48.608852,681.2006
48.624985,681.2006
48.6409,681.2006
48.660027,683.6261
48.674744,683.6261
48.69176,685.997
48.70932,685.997
48.72527,687.9882
48.74171,687.9882
48.757397,687.9882
48.77932,689.93274
48.79161,689.93274
48.814728,689.9081
48.825344,689.9081
48.842327,689.9081
48.858692,692.0054
48.875298,692.0054
48.893974,691.2345
48.907932,691.2345
48.92582,692.2328
48.943275,692.2328
48.95748,692.2328
48.978695,692.7069
48.991905,692.7069
49.008347,694.3371
49.02493,694.3371
49.042133,694.3371
49.059887,695.19714
49.074635,695.19714
49.095802,696.8357
49.107883,696.8357
49.124252,696.9917
49.142693,696.9917
49.157673,696.9917
49.176918,697.6704
49.19136,697.6704
49.20975,698.8113
49.224888,698.8113
49.241116,698.8113
49.259895,700.01556
49.275307,700.01556
49.29236,701.13684
49.30794,701.13684
49.326138,702.5448
49.34212,702.5448
49.358433,702.5448
49.37647,702.292
49.391396,702.292
49.408394,703.6395
49.42536,703.6395
49.442516,703.6395
49.460182,705.2989
49.476353,705.2989
49.4964,706.94574
49.508728,706.94574
49.525215,707.8719
49.542583,707.8719
49.55896,707.8719
49.577568,708.1233
49.590694,708.1233
49.609802,710.924
49.62593,710.924
49.64189,710.924
49.65995,711.6293
49.67578,711.6293
49.692688,712.6345
49.709454,712.6345
49.725964,713.13715
49.743164,713.13715
49.75744,713.13715
49.775658,714.7486
49.79169,714.7486
49.813915,715.41724
49.82509,715.41724
49.840267,715.41724
49.85868,715.5042
49.874973,715.5042
49.892273,716.0
49.907383,716.0
49.927216,716.69354
49.940998,716.69354
49.957893,716.69354
49.97708,717.27905
49.99169,717.27905
50.013405,717.8334
50.024086,717.8334
50.04211,717.8334
50.06104,718.5
50.075565,718.5
50.09622,718.5
50.10807,718.5
50.126045,1080.0
50.14398,1080.0
50.15768,1080.0
50.176144,1080.0
50.191547,1080.0
50.2093,1080.0
50.22412,1080.0
50.24214,1080.0
50.259007,1080.0
50.276043,1080.0
50.292824,1080.0
50.308994,1080.0
50.325005,1080.0
50.343372,1080.0
50.357502,1080.0
50.37734,1080.0
50.393085,1080.0
50.408146,1080.0
50.424923,1080.0
50.441776,1080.0
50.459988,1080.0
50.47518,1080.0
50.492958,1080.0
50.506943,1080.0
50.5251,1080.0
50.542526,1080.0
50.55882,1080.0
50.57727,1080.0
50.59178,1080.0
50.61228,1080.0
50.62611,1080.0
50.64208,1080.0
50.659798,718.5
50.67531,718.5
50.696114,718.5
50.707882,718.5
50.727455,718.5
50.742794,718.5
50.75794,718.5
50.77842,718.5
50.79196,718.5
50.808784,718.0
50.825054,718.0
50.84093,718.0
50.86008,718.36365
50.874878,718.36365
50.892597,717.7647
50.907883,717.7647
50.927002,718.3077
50.94265,718.3077
50.95864,718.3077
50.976475,717.6923
50.991013,717.6923
51.009712,717.7
51.024628,717.7
51.04146,717.7
51.05961,717.8334
51.0747,717.8334
51.092438,717.8334
51.107746,717.8334
51.12454,717.3948
51.14231,717.3948
51.159973,717.3948
51.177883,717.3948
51.191967,717.3948
51.210274,717.1428
51.233803,717.1428
51.246246,717.1538
51.260517,717.1538
51.2758,717.1538
51.294914,717.2273
51.30863,717.2273
51.32684,717.2273
51.3431,717.2273
51.358223,717.2273
51.376114,717.3111
51.391487,717.3111
51.409744,717.3111
51.423954,717.3111
51.440823,717.3111
51.45993,717.1321
51.476143,717.1321
51.492252,717.1321
51.508373,717.1321
51.52644,716.84485
51.54282,716.84485
51.55767,716.84485
51.57747,716.80646
51.59151,716.80646
51.60903,716.7213
51.626392,716.7213
51.643505,716.7213
51.66021,716.7213
51.675377,716.7213
51.69349,716.3286
51.709198,716.3286
51.724667,716.4493
51.742996,716.4493
51.758217,716.4493
51.776276,716.2143
51.7921,716.2143
51.80903,716.2143
51.82483,716.2143
51.841988,716.2143
51.860077,716.4193
51.875954,716.4193
51.89347,716.17896
51.90788,716.17896
51.92486,715.7308
51.942932,715.7308
51.958183,715.7308
51.976902,715.7308
51.99206,715.7308
52.013847,716.31683
52.026947,716.31683
52.04262,716.31683
52.06065,716.31683
52.074295,716.31683
52.09267,716.297
52.108143,716.297
52.12608,716.1134
52.14335,716.1134
52.158367,716.1134
52.176514,716.2883
52.192635,716.2883
52.21067,716.2883
52.224792,716.2883
52.240906,716.2883
52.259388,715.8286
52.27571,715.8286
52.293396,715.8286
52.308464,715.8286
52.325283,715.7157
52.34309,715.7157
52.35895,715.7157
52.376034,715.71295
52.392216,715.71295
52.409027,715.708
52.425835,715.708
52.441895,715.708
52.46279,715.708
52.475567,715.708
52.492252,715.7414
52.50846,715.7414
52.52562,715.688
52.543365,715.688
52.557346,715.688
52.575584,715.60504
52.593018,715.60504
52.613594,715.60504
52.62437,715.60504
52.64211,715.60504
52.659668,715.4154
52.675716,715.4154
52.692623,715.4154
52.709534,715.4154
52.72612,715.5276
52.742947,715.5276
52.75848,715.5276
52.77597,715.5276
52.793293,715.5276
52.8097,715.5271
52.825794,715.5271
52.843616,715.5271
52.859417,715.5271
52.875984,715.5271
52.89355,715.5303
52.90891,715.5303
52.924683,715.2331
52.943073,715.2331
52.95784,715.2331
52.97664,714.75
52.99095,714.75
53.00953,715.00696
53.02449,715.00696
53.04135,715.00696
53.060066,714.8255
53.07539,714.8255
53.092728,714.5783
53.10888,714.5783
53.12503,714.3908
53.14337,714.3908
53.158283,714.3908
53.176483,714.3908
53.192585,714.3908
53.210148,714.0797
53.22542,714.0797
53.242313,714.0797
53.259853,713.8882
53.274467,713.8882
53.293415,713.85626
53.30889,713.85626
53.32506,713.85626
53.3429,713.85626
53.358814,713.85626
53.37584,713.56287
53.393005,713.56287
53.41086,713.6952
53.425823,713.6952
53.441063,713.6952
53.46078,713.1156
53.47564,713.1156
53.49252,713.1156
53.50866,713.1156
53.525852,713.2158
53.543896,713.2158
53.558434,713.2158
53.57572,713.57715
53.592354,713.57715
53.609978,713.11053
53.62535,713.11053
53.64247,713.11053
53.659824,713.20746
53.676548,713.20746
53.69729,713.17474
53.709057,713.17474
53.727177,712.67285
53.74267,712.67285
53.759026,712.67285
53.77605,712.16205
53.793175,712.16205
53.808735,711.9276
53.82595,711.9276
53.841892,711.9276
53.859432,711.756
53.875626,711.756
53.8927,710.008
53.9084,710.008
53.92581,709.2705
53.942238,709.2705
53.958164,709.2705
53.976456,707.8561
53.99134,707.8561
54.011986,705.9481
54.025635,705.9481
54.042683,705.9481
54.060196,704.7943
54.074978,704.7943
54.092087,704.6266
54.109356,704.6266
54.12932,702.774
54.143265,702.774
54.15894,702.774
54.17715,701.62384
54.19113,701.62384
54.21318,700.86957
54.22446,700.86957
54.242424,700.86957
54.259544,700.031
54.27558,700.031
54.29212,698.80646
54.30856,698.80646
54.325035,698.0381
54.343136,698.0381
54.358242,698.0381
54.377384,697.57043
54.392254,697.57043
54.41158,695.9256
54.428223,695.9256
54.442524,695.9256
54.460346,694.80457
54.47541,694.80457
54.49379,692.30615
54.50911,692.30615
54.525978,691.01843
54.543377,691.01843
54.557903,691.01843
54.576576,690.5
54.590595,690.5
54.61331,690.08875
54.62587,690.08875
54.64182,690.08875
54.66031,688.87604
54.67592,688.87604
54.69682,687.9727
54.70953,687.9727
54.725777,685.8512
54.743023,685.8512
54.758263,685.8512
54.776463,684.4934
54.792503,684.4934
54.810535,682.8334
54.826035,682.8334
54.844,681.7688
54.859993,681.7688
54.87499,681.7688
54.893124,680.5796
54.908554,680.5796
54.924694,679.7589
54.94225,679.7589
54.958897,679.7589
54.975784,677.58264
54.991932,677.58264
55.01059,676.41296
55.0249,676.41296
55.043312,676.41296
55.05902,675.48376
55.074604,675.48376
55.091377,673.9547
55.107975,673.9547
55.12479,673.09064
55.14275,673.09064
55.158634,673.09064
55.17654,671.5785
55.191517,671.5785
55.208305,669.80164
55.2246,669.80164
55.25379,669.655
55.266075,669.655
55.278664,669.655
55.29615,669.465
55.31132,669.465
55.330536,668.2843
55.34544,668.2843
55.361195,668.2843
55.380405,666.06464
55.396664,666.06464
55.41306,665.5873
55.429832,665.5873
55.446224,664.74634
55.464314,664.74634
55.478832,664.74634
55.497227,663.6758
55.512405,663.6758
55.528694,663.0237
55.545628,663.0237
55.56152,663.0237
55.579723,663.2204
55.595497,663.2204
55.61614,662.7184
55.629833,662.7184
55.64776,662.01294
55.661736,662.01294
55.679283,662.01294
55.696644,661.7634
55.712624,661.7634
55.730045,660.8176
55.745514,660.8176
55.76208,660.8176
55.780594,660.4083
55.796547,660.4083
55.81326,660.3077
55.8294,660.3077
55.846413,659.4479
55.86312,659.4479
55.878246,659.4479
55.89587,659.56305
55.91125,659.56305
55.93292,659.37897
55.945286,659.37897
55.96228,659.37897
55.97889,658.7624
55.994366,658.7624
56.01323,657.24927
56.028374,657.24927
56.045544,658.0814
56.06275,658.0814
56.078968,658.0814
56.09571,657.61633
56.11174,657.61633
56.12972,656.92773
56.144714,656.92773
56.161343,656.92773
56.179844,656.48376
56.193855,656.48376
56.213943,656.48645
56.228897,656.48645
56.245125,656.83484
56.261593,656.83484
56.27771,656.83484
56.297485,656.69745
56.311672,656.69745
56.32889,656.06946
56.345676,656.06946
56.361637,656.06946
56.379517,655.65857
56.3959,655.65857
56.41316,655.19476
56.42842,655.19476
56.449104,654.99695
56.4651,654.99695
56.479412,654.99695
56.496185,653.59766
56.511604,653.59766
56.529125,653.7365
56.54567,653.7365
56.562668,653.7365
56.580532,652.43353
56.59447,652.43353
56.612263,653.0211
56.62929,653.0211
56.645493,652.03217
56.66412,652.03217
56.679283,652.03217
56.696827,652.05554
56.71164,652.05554
56.72918,652.58154
56.746178,652.58154
56.76205,652.58154
56.778637,651.42004
56.796314,651.42004
56.813076,652.2598
56.829063,652.2598
56.845295,652.2
56.8632,652.2
56.877613,652.2
56.896343,650.67444
56.911793,650.67444
56.933178,650.94543
56.9467,650.94543
56.96368,649.71375
56.9804,649.71375
56.994785,649.71375
57.013977,649.9082
57.028942,649.9082
57.04583,649.375
57.062454,649.375
57.079777,649.375
57.096138,649.5744
57.111618,649.5744
57.13474,649.5205
57.146465,649.5205
57.16353,649.431
57.179825,649.431
57.195095,649.431
57.21695,648.72925
57.229477,648.72925
57.24655,648.6903
57.26268,648.6903
57.279167,648.6903
57.297123,648.2583
57.31142,648.2583
57.33052,648.3539
57.345425,648.3539
57.36242,648.3539
57.380424,648.6676
57.396076,648.6676
57.41315,648.6647
57.42882,648.6647
57.445377,647.9421
57.463715,647.9421
57.47874,647.9421
57.497093,647.80664
57.51091,647.80664
57.5298,648.1942
57.54507,648.1942
57.560627,648.1942
57.579845,648.1942
57.595497,648.1942
57.61548,647.8399
57.63004,647.8399
57.647446,647.60315
57.66431,647.60315
57.67879,647.60315
57.69827,646.88586
57.712486,646.88586
57.733482,646.8677
57.746517,646.8677
57.762043,646.8677
57.78036,646.542
57.79565,646.542
57.813126,646.61176
57.829483,646.61176
57.84986,646.1111
57.862564,646.1111
57.878277,646.1111
57.897137,646.0703
57.912323,646.0703
57.93433,645.85547
57.94511,645.85547
57.963497,646.0062
57.979923,646.0062
57.99517,646.0062
58.016743,645.6057
58.02795,645.6057
58.04565,645.6915
58.062283,645.6915
58.07998,645.6915
58.09572,645.46106
58.111603,645.46106
58.12883,645.3407
58.147083,645.3407
58.160587,645.3407
58.180214,645.8138
58.194244,645.8138
58.21368,645.75085
58.22839,645.75085
58.244713,645.62103
58.263092,645.62103
58.27943,645.62103
58.29736,645.4259
58.311295,645.4259
58.329754,645.6043
58.345898,645.6043
58.362717,645.6043
58.3805,645.93976
58.396202,645.93976
58.417076,645.3899
58.428482,645.3899
58.444897,645.569
58.463566,645.569
58.47965,645.569
58.49624,644.7431
58.512444,644.7431
58.530174,644.43805
58.54627,644.43805
58.563793,644.4373
58.580296,644.4373
58.594837,644.4373
58.614254,644.28436
58.629032,644.28436
58.64614,644.7372
58.66353,644.7372
58.679306,644.7372
58.697132,644.683
58.712738,644.683
58.73009,644.42773
58.746525,644.42773
58.76211,644.42773
58.78056,643.97925
58.794804,643.97925
58.813293,644.05347
58.828224,644.05347
58.84628,643.69116
58.862396,643.69116
58.877934,643.69116
58.896767,643.71344
58.91281,643.71344
58.929806,643.97253
58.944588,643.97253
58.961567,643.97253
58.979755,643.46765
58.995514,643.46765
59.017464,643.4392
59.02986,643.4392
59.049286,643.3766
59.062336,643.3766
59.07836,643.3766
59.09672,643.9007
59.112488,643.9007
59.133747,643.3441
59.145466,643.3441
59.163734,643.5232
59.18017,643.5232
59.196198,643.5232
59.217617,644.095
59.22872,644.095
59.246563,643.7633
59.263424,643.7633
59.27886,643.7633
59.297302,643.57324
59.31165,643.57324
59.330154,643.8082
59.346355,643.8082
59.364,643.3353
59.379314,643.3353
59.395214,643.3353
59.41329,642.8832
59.429813,642.8832
59.44562,643.04016
59.463062,643.04016
59.479733,643.04016
59.49715,643.08057
59.512356,643.08057
59.53019,643.3591
59.545128,643.3591
59.561172,643.3591
59.580418,643.1776
59.59495,643.1776
59.61326,642.4737
59.629925,642.4737
59.64978,642.38196
59.663033,642.38196
59.679153,642.38196
59.696117,643.03467
59.71321,643.03467
59.73477,642.62463
59.746082,642.62463
59.76171,642.62463
59.780785,642.79175
59.795704,642.79175
59.813824,643.235
59.82874,643.235
59.846207,643.8176
59.86328,643.8176
59.87967,643.8176
59.89733,644.6748
59.911842,644.6748
59.929745,646.2166
59.945763,646.2166
59.9622,646.2166
59.980724,646.27014
59.99474,646.27014
60.0,646.27014
