0.28916138,624.1641
0.2978563,624.1641
0.31631333,624.3125
0.33424553,624.6914
0.34780446,624.6914
0.3638053,625.10046
0.3824506,625.10046
0.39721188,625.10046
0.41563392,627.375
0.43867078,627.375
0.45576617,628.71643
0.47058004,628.71643
0.48731107,629.1859
0.5060745,629.1859
0.52086645,629.1859
0.53841007,630.23456
0.5545572,630.23456
0.5728864,633.8918
0.5874338,633.8918
0.60495955,633.8918
0.6224011,634.6068
0.63601583,634.6068
0.65780246,637.5984
0.6699085,637.5984
0.692746,640.39026
0.7036328,640.39026
0.721189,640.39026
0.7373901,640.39026
0.7557902,643.0493
0.77228266,643.12054
0.7962163,643.12054
0.80589336,645.24255
0.823158,645.24255
0.83720934,645.24255
0.8566675,646.33765
0.8710869,646.33765
0.88826907,649.2084
0.90418345,649.2084
0.9201252,649.2084
0.9391052,650.82227
0.95371574,650.82227
0.9727277,652.2205
0.9872057,652.2205
1.004695,655.8799
1.022761,655.8799
1.0366086,655.8799
1.0567759,657.9343
1.0710284,657.9343
1.0896981,658.20087
1.1041013,658.20087
1.1193347,658.20087
1.1380138,660.16235
1.1528243,660.16235
1.1725631,662.24756
1.1871599,662.24756
1.2026465,662.24756
1.2229351,663.92957
1.2377651,663.92957
1.255065,666.16144
1.2707388,666.16144
1.2890757,669.3274
1.3043504,669.3274
1.3333685,669.2723
1.348032,669.2723
1.3599747,669.2723
1.3797469,671.9949
1.3942924,671.9949
1.4114679,674.43506
1.4273394,674.43506
1.4432371,674.43506
1.4615988,676.53625
1.4769036,676.53625
1.4932042,677.2827
1.5108497,677.2827
1.5319666,678.7067
1.5442557,678.7067
1.560351,678.7067
1.5789733,678.2073
1.5940435,678.2073
1.6116736,679.724
1.6278222,679.724
1.6429381,679.724
1.6615341,680.4135
1.6766539,680.4135
1.6946529,682.1057
1.7103231,682.1057
1.7259672,683.5021
1.7435836,683.5021
1.7596545,683.5021
1.7778447,685.66376
1.7965841,685.66376
1.8116624,686.03864
1.8270159,686.03864
1.8429906,686.03864
1.861861,687.9352
1.8778405,687.9352
1.8980025,689.7637
1.9097551,689.7637
1.9287654,691.36
1.9435145,691.36
1.9609703,691.36
1.977792,691.7028
1.9940107,691.7028
2.0109591,692.93787
2.0256002,692.93787
2.04489,693.53406
2.062434,693.53406
2.0765176,693.53406
2.095566,694.42426
2.1093962,694.42426
2.1283278,696.2149
2.145726,696.2149
2.1597607,696.2149
2.178871,696.41327
2.1933703,696.41327
2.2121587,696.6835
2.2262592,696.6835
2.244236,697.6244
2.2620442,697.6244
2.2771814,697.6244
2.2948413,697.7124
2.310316,697.7124
2.3286395,698.32544
2.3438787,698.32544
2.3599894,698.32544
2.378364,699.318
2.393171,699.318
2.4127223,700.0
2.4273305,700.0
2.44434,701.65466
2.4654856,701.65466
2.477161,701.65466
2.4953213,701.8095
2.510324,701.8095
2.527617,700.93115
2.548304,700.93115
2.5597403,700.93115
2.579626,700.5
2.5938287,700.5
2.6137977,701.4343
2.627681,701.4343
2.6444623,701.7877
2.660464,701.7877
2.6755035,701.7877
2.694481,702.2031
2.7107253,702.2031
2.7283797,702.9896
2.7426414,702.9896
2.7595792,702.9896
2.777643,702.8778
2.7939496,702.8778
2.8115401,702.5333
2.8257842,702.5333
2.8442729,703.40686
2.8602786,703.40686
2.8767564,703.40686
2.8941662,702.7451
2.911021,702.7451
2.9289086,702.62634
2.9446754,702.62634
2.9603581,702.62634
2.9770412,702.62634
2.9928327,702.62634
3.011645,703.385
3.0268795,703.385
3.0441823,703.12445
3.0604148,703.12445
3.0757742,703.12445
3.0973363,702.7489
3.110169,702.7489
3.126895,702.2451
3.1439993,702.2451
3.1601124,702.2451
3.177656,702.9685
3.193787,702.9685
3.2143698,702.2097
3.2269583,702.2097
3.244653,702.2097
3.2612913,702.76306
3.276474,702.76306
3.2946892,702.79895
3.3101873,702.79895
3.3294756,703.26666
3.3431294,703.26666
3.3597724,703.26666
3.3788402,701.93427
3.3940873,701.93427
3.4109025,701.933
3.4271178,701.933
3.4439845,701.0212
3.4618285,701.0212
3.4775655,701.0212
3.49513,700.60315
3.510103,700.60315
3.5293746,701.2217
3.5436323,701.2217
3.559708,701.2217
3.5787718,701.2936
3.594614,701.2936
3.6158829,701.39355
3.627826,701.39355
3.6431954,701.39355
3.6603444,700.6407
3.6767516,700.6407
3.694623,700.2149
3.7112942,700.2149
3.725728,700.54285
3.7457445,700.54285
3.7605882,700.54285
3.777798,699.79913
3.7942574,699.79913
3.8103108,699.34436
3.826741,699.34436
3.8449688,700.34766
3.8613708,700.34766
3.8764837,700.34766
3.8962348,700.14636
3.9104047,700.14636
3.9265,700.02057
3.9451637,700.02057
3.9600961,700.02057
3.977016,699.6106
3.9940512,699.6106
4.0115056,700.3024
4.026998,700.3024
4.042603,700.3024
4.0602245,700.8182
4.0764227,700.8182
4.0948467,700.8717
4.1094394,700.8717
4.126768,700.8363
4.145265,700.8363
4.1598334,700.8363
4.178438,700.375
4.192619,700.375
4.2118115,700.177
4.2263384,700.177
4.2426476,700.177
4.2611065,700.177
4.276569,700.177
4.2962766,700.02454
4.3095717,700.02454
4.3286705,699.58795
4.343696,699.58795
4.359711,699.58795
4.3790827,699.3982
4.3922257,699.3982
4.415312,699.7196
4.426215,699.7196
4.443551,699.7196
4.463343,698.0637
4.478553,698.0637
4.4975953,698.95074
4.509985,698.95074
4.5297933,699.18726
4.5465555,699.18726
4.5606704,699.18726
4.578007,699.18726
4.593329,699.18726
4.6152563,699.30695
4.628197,699.30695
4.649918,699.30695
4.661137,699.8191
4.6783013,699.8191
4.6940346,698.9099
4.7105207,698.9099
4.7277627,698.56604
4.7425613,698.56604
4.759557,698.56604
4.7766485,698.375
4.7929196,698.375
4.811733,698.2775
4.840598,698.2775
4.8559823,698.6261
4.8671093,698.6261
4.882114,698.6261
4.8996954,698.6638
4.914797,698.6638
4.933781,697.83484
4.948778,697.83484
4.9691725,697.83484
4.983682,697.83484
4.9991217,697.83484
5.017626,698.6898
5.0328226,698.6898
5.050743,698.57275
5.066756,698.57275
5.083852,698.2339
5.1005297,698.2339
5.114989,698.2339
5.1367645,698.29846
5.148463,698.29846
5.1668816,697.75653
5.18327,697.75653
5.199061,697.75653
5.217993,698.10754
5.232603,698.10754
5.250403,698.8178
5.266163,698.8178
5.282594,698.8178
5.3007,698.88354
5.31529,698.88354
5.333626,698.39685
5.3494062,698.39685
5.3657312,698.5771
5.3832273,698.5771
5.398584,698.5771
5.4177637,699.1333
5.433315,699.1333
5.450182,698.9042
5.467038,698.9042
5.4815087,698.9042
5.4998617,698.8291
5.51641,698.8291
5.5339394,698.7814
5.549574,698.7814
5.5684686,698.4232
5.5823574,698.4232
5.5999036,698.4232
5.6169167,698.2201
5.6337943,698.2201
5.6493893,697.7511
5.6646323,697.7511
5.6849403,697.8108
5.700862,697.8108
5.7155566,697.8108
5.734527,698.155
5.7494464,698.155
5.765459,698.1938
5.783643,698.1938
5.799224,698.1938
5.817214,697.18835
5.8336797,697.18835
5.853191,698.326
5.8658905,698.326
5.884463,698.1787
5.900024,698.1787
5.9161296,698.1787
5.9360595,697.7586
5.949164,697.7586
5.969417,697.72534
5.982951,697.72534
5.9998593,697.72534
6.017672,697.7322
6.0312595,697.7322
6.0496225,697.66113
6.0657463,697.66113
6.0824056,697.66113
6.100026,697.66113
6.1153255,697.66113
6.1333113,698.1355
6.148795,698.1355
6.1674485,698.1284
6.1843667,698.1284
6.199326,698.1284
6.2161055,698.0862
6.2332587,698.0862
6.254797,696.57324
6.266274,696.57324
6.283973,695.2381
6.3002744,695.2381
6.3145666,695.2381
6.33787,694.50195
6.348762,694.50195
6.3682184,691.27386
6.381736,691.27386
6.3999877,691.27386
6.415673,689.5641
6.4328933,689.5641
6.449755,688.32117
6.4653664,688.32117
6.4829164,688.32117
6.5010004,685.63464
6.516121,685.63464
6.53448,682.0506
6.5488825,682.0506
6.5648055,679.8224
6.5843825,679.8224
6.5995893,679.8224
6.620244,678.97046
6.6329613,678.97046
6.6510158,678.1542
6.665975,678.1542
6.6824503,678.1542
6.6995354,677.4647
6.714387,677.4647
6.735161,674.83044
6.7482176,674.83044
6.765785,673.8512
6.7842765,673.8512
6.7988014,673.8512
6.817291,672.96277
6.8320174,672.96277
6.8504996,671.1703
6.8665943,671.1703
6.8824296,671.1703
6.898978,672.36066
6.915073,672.36066
6.9344673,669.59015
6.9492884,669.59015
6.9688296,668.6616
6.9831114,668.6616
6.9986424,668.6616
7.0173774,667.2897
7.032541,667.2897
7.050929,666.603
7.0651803,666.603
7.082507,666.603
7.099676,666.603
7.116554,664.92993
7.136843,664.55054
7.1486626,664.55054
7.1680236,663.50415
7.1826177,663.50415
7.1989074,663.50415
7.2181416,662.7543
7.2328534,662.7543
7.250623,662.43164
7.2649093,662.43164
7.282903,662.43164
7.301647,660.11743
7.3156843,660.11743
7.334906,660.1311
7.3487396,660.1311
7.367824,659.33984
7.3817043,659.33984
7.4000006,659.33984
7.417495,657.8599
7.4329405,657.8599
7.4504066,657.1981
7.4655757,657.1981
7.4826593,657.1981
7.5014544,655.01306
7.515874,655.01306
7.535108,654.4258
7.548325,654.4258
7.567647,654.38025
7.5821404,654.38025
7.5993977,654.38025
7.616705,653.251
7.6331606,653.251
7.6509247,652.8168
7.6662426,652.8168
7.682083,652.8168
7.7012377,652.9407
7.7161365,652.9407
7.734781,651.86694
7.748255,651.86694
7.767771,651.013
7.78214,651.013
7.80027,651.013
7.817989,649.5272
7.8322864,649.5272
7.849872,649.0044
7.86509,649.0044
7.8837395,648.80164
7.900057,648.80164
7.9152184,648.80164
7.934365,649.22864
7.950568,649.22864
7.9673166,647.2316
7.983971,647.2316
7.9985332,647.2316
8.017223,646.573
8.032342,646.573
8.050099,646.0416
8.066576,646.0416
8.082763,646.0416
8.100605,645.6813
8.115585,645.6813
8.134918,645.7686
8.149517,645.7686
8.169067,645.99225
8.18335,645.99225
8.199551,645.99225
8.21646,644.8361
8.232424,644.8361
8.251261,643.9546
8.265574,643.9546
8.284218,644.3678
8.300567,644.3678
8.31545,644.3678
8.3339205,643.5333
8.348297,643.5333
8.366231,643.5735
8.382925,643.5735
8.397718,643.5735
8.417236,643.0224
8.432114,643.0224
8.452053,641.6134
8.4657545,641.6134
8.484449,640.69617
8.500134,640.69617
8.516988,640.69617
8.534176,640.3233
8.549019,640.3233
8.56515,640.26666
8.583147,640.26666
8.599306,640.26666
8.617466,640.0283
8.632748,640.0283
8.650095,638.7041
8.665455,638.7041
8.682115,638.7041
8.700918,638.92114
8.715045,638.92114
8.7340145,638.8806
8.748167,638.8806
8.768542,638.75916
8.782293,638.75916
8.7994795,638.75916
8.816522,639.0769
8.832184,639.0769
8.850992,638.3496
8.864772,638.3496
8.889547,638.3496
8.899432,637.0476
8.914632,637.0476
8.934462,637.5913
8.949534,637.5913
8.969013,637.5913
8.982356,637.5913
8.999877,637.5913
9.017577,636.41504
9.033171,636.41504
9.049132,636.16327
9.066047,636.16327
9.081746,636.16327
9.101016,636.7491
9.116082,636.7491
9.134032,636.7263
9.148804,636.7263
9.166235,634.75745
9.183494,634.75745
9.198839,634.75745
9.216454,636.12036
9.231643,636.12036
9.250726,635.0232
9.265815,635.0232
9.28229,635.0232
9.30102,634.8318
9.316036,634.8318
9.334642,635.7943
9.349286,635.7943
9.366142,637.0
9.382853,637.0
9.399906,637.0
9.417885,635.5931
9.43365,635.5931
9.450392,634.3944
9.466096,634.3944
9.482604,634.3944
9.5012245,634.28766
9.516191,634.28766
9.532667,634.21027
9.550756,634.21027
9.565716,634.2704
9.583373,634.2704
9.599628,634.2704
9.617294,634.69495
9.632824,634.69495
9.650388,633.6367
9.666946,633.6367
9.683805,633.5
9.7006645,633.5
9.715609,633.5
9.73601,633.99146
9.749141,633.99146
9.76618,633.48303
9.783525,633.48303
9.800228,633.48303
9.817796,633.671
9.833158,633.671
9.850593,633.671
9.866502,633.671
9.883576,633.16797
9.900801,633.16797
9.9156065,633.16797
9.933804,632.79614
9.948808,632.79614
9.967256,633.031
9.983439,633.031
9.999257,633.031
10.016866,632.9593
10.03304,632.9593
10.050286,632.6453
10.065498,632.6453
10.081972,632.6453
10.099256,633.51624
10.115937,633.51624
10.134057,632.5454
10.14908,632.5454
10.169555,633.1572
10.18251,633.1572
10.1991625,633.1572
10.216947,633.3871
10.231767,633.3871
10.250081,632.65076
10.266556,632.65076
10.281349,632.65076
10.300523,633.50464
10.315387,633.50464
10.336563,633.49304
10.348275,633.49304
10.365519,631.8163
10.3831005,631.8163
10.399495,631.8163
10.417532,632.3811
10.433049,632.3811
10.450031,630.432
10.466981,630.432
10.482602,630.432
10.502177,630.70154
10.516636,630.70154
10.535491,631.5114
10.549614,631.5114
10.5671425,632.2427
10.583153,632.2427
10.598917,632.2427
10.617158,631.0171
10.633677,631.0171
10.649608,631.0171
10.666232,631.0171
10.682931,631.0171
10.701377,630.80286
10.715409,630.80286
10.734627,630.80286
10.750081,630.80286
10.771005,629.2632
10.782792,629.2632
10.799381,629.2632
10.816214,629.74585
10.83356,629.74585
10.853455,630.73444
10.8651905,630.73444
10.882254,630.73444
10.89982,630.54395
10.915144,630.54395
10.93459,631.0536
10.94918,631.0536
10.965651,631.1553
10.9830065,631.1553
10.999616,631.1553
11.016679,630.4701
11.033778,630.4701
11.053925,630.897
11.066588,630.897
11.081877,630.897
11.10013,630.272
11.115688,630.272
11.137425,629.5915
11.148313,629.5915
11.168108,630.0548
11.18404,630.0548
11.19829,630.0548
11.217484,630.0548
11.232647,630.0548
11.254862,630.4507
11.266519,630.4507
11.282124,630.4507
11.300593,630.33777
11.315866,630.33777
11.33519,630.7295
11.349192,630.7295
11.366041,630.5681
11.383556,630.5681
11.398942,630.5681
11.417111,629.5819
11.433161,629.5819
11.453622,629.7265
11.465239,629.7265
11.484463,629.71484
11.500066,629.71484
11.515171,629.71484
11.53371,629.71484
11.550134,629.71484
11.565325,629.1659
11.583893,629.1659
11.600079,629.1659
11.617137,629.1659
11.632096,629.1659
11.6521,628.75
11.666994,628.75
11.684866,628.75
11.700771,628.75
11.716327,628.75
11.733641,628.8122
11.750335,628.8122
11.767128,628.89954
11.784014,628.89954
11.798421,628.89954
11.81631,630.19836
11.832561,630.19836
11.851275,630.45715
11.866326,630.45715
11.882903,630.45715
11.900639,629.6235
11.915423,629.6235
11.934162,629.8197
11.948435,629.8197
11.969032,629.36273
11.983315,629.36273
11.9998665,629.36273
12.017002,629.7387
12.032352,629.7387
12.049167,629.4706
12.066242,629.4706
12.08249,629.4706
12.100117,629.6592
12.116347,629.6592
12.1367,629.58826
12.149224,629.58826
12.167886,629.6202
12.183641,629.6202
12.200609,629.6202
12.217974,630.2222
12.232817,630.2222
12.254234,630.8689
12.267034,630.8689
12.284172,632.2897
12.300851,632.2897
12.316425,632.2897
12.334464,632.4959
12.350334,632.4959
12.371395,634.1733
12.383373,634.1733
12.400343,634.1733
12.41802,635.84766
12.434019,635.84766
12.450072,635.5926
12.467165,635.5926
12.484762,637.61975
12.500606,637.61975
12.516091,637.61975
12.534255,638.3273
12.550654,638.3273
12.565939,640.6336
12.583503,640.6336
12.59886,640.6336
12.620158,642.2193
12.633208,642.2193
12.650705,643.7982
12.666141,643.7982
12.681996,643.7982
12.699666,645.30383
12.7159605,645.30383
12.7339,646.7478
12.748273,646.7478
12.768041,649.0
12.782652,649.0
12.80006,649.0
12.816792,649.35065
12.831997,649.35065
12.851603,649.9547
12.8657,649.9547
12.8819275,649.9547
12.901559,652.58765
12.91649,652.58765
12.934745,653.6987
12.95028,653.6987
12.968986,654.51
12.983374,654.51
12.999197,654.51
13.017856,656.6039
13.0320425,656.6039
13.049667,657.36365
13.065625,657.36365
13.082057,657.36365
13.09975,657.95386
13.115922,657.95386
13.139305,660.4448
13.149281,660.4448
13.166203,660.4581
13.183654,660.4581
13.200208,660.4581
13.215753,662.40894
13.232876,662.40894
13.250273,662.75323
13.266987,662.75323
13.283144,662.75323
13.300275,665.7585
13.315706,665.7585
13.334333,664.09045
13.348869,664.09045
13.368511,667.9174
13.383164,667.9174
13.39904,667.9174
13.417012,669.26605
13.432369,669.26605
13.451231,669.80457
13.465766,669.80457
13.48247,669.80457
13.500832,670.78705
13.514995,670.78705
13.537096,670.95215
13.5496855,670.95215
13.565572,671.81165
13.583875,671.81165
13.600915,671.81165
13.6165,672.745
13.631875,672.745
13.650201,673.5834
13.665846,673.5834
13.683919,674.73334
13.700336,674.73334
13.715627,674.73334
13.737481,676.07275
13.749223,676.07275
13.766539,677.8938
13.782931,677.8938
13.799332,677.8938
13.81808,679.05396
13.83372,679.05396
13.8512945,679.5326
13.865446,679.5326
13.883617,681.12146
13.900076,681.12146
13.916627,681.12146
13.933665,684.08936
13.949776,684.08936
13.97013,682.08594
13.982147,682.08594
13.999065,682.08594
14.017413,684.3224
14.0335,684.3224
14.050325,687.23303
14.06659,687.23303
14.082698,687.23303
14.10157,686.47485
14.116672,686.47485
14.137664,687.4338
14.148622,687.4338
14.169325,687.4884
14.182775,687.4884
14.1992035,687.4884
14.217798,688.55725
14.233911,688.55725
14.251376,690.5394
14.267337,690.5394
14.282293,690.5394
14.301506,693.07605
14.316156,693.07605
14.334804,693.4031
14.348352,693.4031
14.369904,693.38934
14.383279,693.38934
14.400725,693.38934
14.417367,694.2727
14.434492,694.2727
14.4552,695.1017
14.467814,695.1017
14.48289,695.1017
14.50079,695.518
14.515484,695.518
14.534474,696.3092
14.549519,696.3092
14.565887,695.7619
14.584376,695.7619
14.600288,695.7619
14.616843,697.27234
14.633607,697.27234
14.649791,697.225
14.665328,697.225
14.68176,697.225
14.701287,696.5708
14.716806,696.5708
14.736626,696.56335
14.749991,696.56335
14.764989,697.0607
14.784364,697.0607
14.799067,697.0607
14.817193,695.98804
14.832913,695.98804
14.851517,695.93164
14.865858,695.93164
14.882251,695.93164
14.900561,695.2046
14.915932,695.2046
14.934675,695.1992
14.949035,695.1992
14.966087,695.0442
14.984321,695.0442
14.999919,695.0442
15.018021,693.8347
15.033376,693.8347
15.05486,693.8494
15.06619,693.8494
15.083882,692.08496
15.10169,692.08496
15.115866,692.08496
15.134582,691.687
15.150324,691.687
15.169913,690.98376
15.184589,690.98376
15.198893,690.98376
15.217463,691.5615
15.232629,691.5615
15.25071,691.25916
15.266411,691.25916
15.282032,691.25916
15.30254,690.4125
15.316857,690.4125
15.337545,691.24164
15.348975,691.24164
15.367371,690.073
15.383508,690.073
15.400896,690.073
15.417761,689.9498
15.432706,689.9498
15.45138,690.22986
15.467508,690.22986
15.484529,689.1767
15.501491,689.1767
15.516925,689.1767
15.534209,689.3557
15.549122,689.3557
15.570181,688.4908
15.583126,688.4908
15.59987,688.4908
15.617352,689.0564
15.633856,689.0564
15.65021,689.2632
15.6663,689.2632
15.68417,689.4151
15.701086,689.4151
15.71486,689.4151
15.736899,689.5827
15.750123,689.5827
15.7661915,688.9163
15.783711,688.9163
15.800642,688.9163
15.81768,689.1229
15.831929,689.1229
15.852093,689.11066
15.865325,689.11066
15.882663,689.11066
15.901122,686.95154
15.915828,686.95154
15.934496,686.6177
15.948794,686.6177
15.9662485,686.87555
15.984172,686.87555
15.999693,686.87555
16.017782,687.8093
16.033182,687.8093
16.051468,687.79016
16.065823,687.79016
16.082294,687.79016
16.10116,687.79016
16.115917,687.79016
16.13394,687.875
16.149992,687.875
16.167913,687.76746
16.183239,687.76746
16.199385,687.76746
16.217772,686.84814
16.232376,686.84814
16.250942,687.0857
16.266846,687.0857
16.28355,687.0857
16.301168,686.34766
16.316193,686.34766
16.337605,686.67053
16.350515,686.67053
16.371881,687.42163
16.386,687.42163
16.40036,687.42163
16.417255,687.9138
16.433554,687.9138
16.450218,687.3208
16.46697,687.3208
16.481792,687.3208
16.50072,687.2661
16.516687,687.2661
16.534071,687.9874
16.550985,687.9874
16.56704,688.68774
16.583954,688.68774
16.599804,688.68774
16.617874,686.62964
16.633116,686.62964
16.651445,687.32385
16.666243,687.32385
16.683578,685.9647
16.701702,685.9647
16.71677,685.9647
16.73488,686.54504
16.749666,686.54504
16.768066,686.4198
16.783007,686.4198
16.800074,686.4198
16.81712,686.788
16.83283,686.788
16.85284,685.6822
16.866507,685.6822
16.882551,685.6822
16.900063,685.4643
16.928905,686.0772
16.941223,686.0772
16.954916,686.0772
16.97211,685.7273
16.987206,685.7273
17.005188,686.66095
17.021154,686.66095
17.03667,686.66095
17.05527,686.63513
17.070812,686.63513
17.08803,686.3673
17.103748,686.3673
17.11995,686.3673
17.139336,686.31134
17.152927,686.31134
17.17149,685.2647
17.185783,685.2647
17.203594,685.3566
17.22213,685.3566
17.236341,685.3566
17.255201,684.8703
17.27029,684.8703
17.288895,684.5137
17.303865,684.5137
17.320183,684.5137
17.338818,684.76074
17.353745,684.76074
17.372133,685.0781
17.3863,685.0781
17.410498,685.0781
17.42219,684.5034
17.438358,684.5034
17.4549,684.42126
17.470293,684.42126
17.48875,684.3881
17.503252,684.3881
17.519686,684.3881
17.537203,684.4448
17.555088,684.4448
17.571772,684.9084
17.58836,684.9084
17.603798,684.9084
17.620762,684.9084
17.63671,684.9084
17.655136,684.8291
17.671503,684.8291
17.68917,684.71796
17.703514,684.71796
17.721216,684.71796
17.739073,685.97485
17.75356,685.97485
17.771116,685.73865
17.787424,685.73865
17.80525,684.50183
17.821789,684.50183
17.836926,684.50183
17.85532,685.1107
17.870733,685.1107
17.886946,684.55945
17.90526,684.55945
17.920254,684.55945
17.93818,683.5851
17.954165,683.5851
17.973024,684.7986
17.98707,684.7986
18.004145,684.5145
18.020403,684.5145
18.038443,684.5145
18.05511,685.2174
18.070024,685.2174
18.086292,684.93677
18.104116,684.93677
18.119493,684.93677
18.139866,683.88074
18.153484,683.88074
18.171373,683.47534
18.186796,683.47534
18.203817,680.9283
18.22099,680.9283
18.237774,680.9283
18.256035,680.6382
18.270653,680.6382
18.288372,680.1709
18.30269,680.1709
18.320059,680.1709
18.337038,677.4275
18.35521,677.4275
18.375261,676.3755
18.386818,676.3755
18.404076,674.55115
18.420776,674.55115
18.449543,671.9592
18.466679,671.9592
18.476065,671.9592
18.493847,671.4258
18.507982,671.4258
18.524532,669.881
18.543543,669.881
18.557653,669.881
18.578085,667.93335
18.59137,667.93335
18.608389,667.4591
18.624447,667.4591
18.640835,667.4591
18.659338,666.12445
18.674976,666.12445
18.695126,664.82837
18.707481,664.82837
18.725004,663.27185
18.741552,663.27185
18.757368,663.27185
18.779587,663.46155
18.79119,663.46155
18.80953,661.5526
18.824078,661.5526
18.84203,661.5526
18.858513,660.2008
18.874052,660.2008
18.891415,658.58093
18.907047,658.58093
18.924303,658.42664
18.94075,658.42664
18.957708,658.42664
18.97569,656.5605
19.000969,656.5605
19.015541,653.8291
19.026896,653.8291
19.042725,653.8291
19.06051,653.9824
19.075867,653.9824
19.09408,651.0299
19.108849,651.0299
19.125807,652.06696
19.143171,652.06696
19.159174,652.06696
19.177898,647.95746
19.192844,647.95746
19.215006,648.73
19.225565,648.73
19.243853,647.41736
19.259756,647.41736
19.274874,647.41736
19.295004,646.7318
19.30862,646.7318
19.325073,645.5991
19.343689,645.5991
19.3587,645.5991
19.377552,644.1737
19.39249,644.1737
19.415081,644.0751
19.425694,644.0751
19.442307,644.0751
19.460382,644.166
19.476303,644.166
19.49421,643.464
19.509352,643.464
19.528366,642.8025
19.541862,642.8025
19.559204,642.8025
19.57919,641.7588
19.592667,641.7588
19.611279,640.916
19.626793,640.916
19.643118,640.916
19.660538,639.3226
19.675505,639.3226
19.69382,639.63635
19.71001,639.63635
19.726707,639.359
19.744165,639.359
19.759724,639.359
19.777573,638.44824
19.793907,638.44824
19.81149,637.6349
19.825384,637.6349
19.8424,637.6349
19.860285,637.01636
19.875465,637.01636
19.893253,635.3441
19.909557,635.3441
19.928045,635.35455
19.942112,635.35455
19.958881,635.35455
19.97745,633.2886
19.99252,633.2886
20.011694,633.11816
20.025486,633.11816
20.042768,633.11816
20.06091,633.4587
20.07589,633.4587
20.094746,632.8871
20.108372,632.8871
20.125696,633.04315
20.143156,633.04315
20.158934,633.04315
20.177485,632.74817
20.192467,632.74817
20.214445,631.8326
20.226828,631.8326
20.244291,631.1283
20.259417,631.1283
20.292305,630.45654
20.307632,630.45654
20.31749,630.45654
20.335733,630.29834
20.350935,630.29834
20.369207,630.703
20.385336,630.703
20.401545,630.703
20.41911,630.63196
20.433996,630.63196
20.452936,632.23865
20.46842,632.23865
20.484848,631.3513
20.50091,631.3513
20.516846,631.3513
20.535849,630.29346
20.551619,630.29346
20.569548,630.29346
20.585386,630.29346
20.600613,630.29346
20.617783,630.4741
20.63407,630.4741
20.655912,629.8145
20.667784,629.8145
20.684456,629.5968
20.702648,629.5968
20.71649,629.5968
20.735842,629.89166
20.749302,629.89166
20.767014,626.58093
20.785414,626.58093
20.800907,626.58093
20.819166,627.278
20.834526,627.278
20.852468,626.18
20.866875,626.18
20.885277,626.0141
20.901945,626.0141
20.916965,626.0141
20.935667,624.00464
20.951225,624.00464
20.977877,623.6791
20.988743,623.6791
21.002232,623.6791
21.020191,624.4131
21.035185,624.4131
21.056072,624.30304
21.069199,624.30304
21.085342,624.57324
21.104237,624.57324
21.118353,624.57324
21.136396,624.3042
21.151821,624.3042
21.170803,624.12445
21.185286,624.12445
21.20201,624.12445
21.219236,622.87964
21.234947,622.87964
21.254038,622.75
21.268509,622.75
21.285425,622.7268
21.303736,622.7268
21.318172,622.7268
21.337873,623.12134
21.351555,623.12134
21.36909,624.19165
21.38578,624.19165
21.403654,623.8646
21.419966,623.8646
21.435024,623.8646
21.454111,623.6853
21.46951,623.6853
21.48557,623.29224
21.503902,623.29224
21.518892,623.29224
21.536871,623.3009
21.550785,623.3009
21.5688,624.4206
21.584913,624.4206
21.603737,624.83484
21.619633,624.83484
21.635338,624.83484
21.653961,624.3458
21.671265,624.3458
21.685448,623.0759
21.703344,623.0759
21.720419,623.0759
21.736967,623.4773
21.752077,623.4773
21.77105,622.0553
21.786768,622.0553
21.80162,622.0553
21.819456,622.69507
21.835962,622.69507
21.85327,623.0604
21.868412,623.0604
21.885677,622.85284
21.90275,622.85284
21.9184,622.85284
21.936958,623.0269
21.951113,623.0269
21.971588,622.9417
21.985409,622.9417
22.001934,622.9417
22.019812,622.8976
22.03518,622.8976
22.052153,623.6652
22.068216,623.6652
22.090609,623.37396
22.103218,623.37396
22.118021,623.37396
22.137342,623.20416
22.152435,623.20416
22.174517,622.9031
22.185833,622.9031
22.202372,622.9031
22.219612,622.08545
22.235954,622.08545
22.253958,622.2273
22.269276,622.2273
22.287523,622.1791
22.302181,622.1791
22.318619,622.1791
22.3381,621.5357
22.351418,621.5357
22.372477,623.141
22.384983,623.141
22.402384,623.141
22.41988,623.0636
22.435156,623.0636
22.456305,623.1051
22.470112,623.1051
22.485123,622.75586
22.503296,622.75586
22.518845,622.75586
22.537271,621.86957
22.551777,621.86957
22.571215,622.4298
22.586208,622.4298
22.60227,622.4298
22.620745,622.55023
22.636347,622.55023
22.657253,622.375
22.669228,622.375
22.685465,622.829
22.704243,622.829
22.717842,622.829
22.737389,623.43317
22.752663,623.43317
22.770655,623.45886
22.78541,623.45886
22.8016,623.45886
22.819942,623.8157
22.836323,623.8157
22.852516,622.0211
22.868181,622.0211
22.88649,622.3203
22.904537,622.3203
22.92081,622.3203
22.937346,622.8217
22.95302,622.8217
22.971613,622.088
22.98488,622.088
23.00277,622.088
23.02051,623.4939
23.034422,623.4939
23.053383,622.8145
23.068558,622.8145
23.085625,622.7521
23.103592,622.7521
23.119272,622.7521
23.137236,622.3334
23.151917,622.3334
23.170471,622.021
23.185114,622.021
23.202284,622.021
23.220022,622.08167
23.237068,622.08167
23.255201,622.3434
23.269205,622.3434
23.288136,622.6354
23.303896,622.6354
23.318708,622.6354
23.336973,622.7897
23.35399,622.7897
23.372925,622.1474
23.386564,622.1474
23.402485,622.1474
23.419968,620.74255
23.435434,620.74255
23.453411,620.4348
23.468931,620.4348
23.48556,620.80505
23.503235,620.80505
23.519403,620.80505
23.536346,620.8559
23.551218,620.8559
23.569712,620.8246
23.585712,620.8246
23.602278,620.8246
23.620575,620.96204
23.635138,620.96204
23.653715,621.1919
23.669125,621.1919
23.686563,621.2523
23.70543,621.2523
23.718777,621.2523
23.735954,621.75555
23.753023,621.75555
23.772648,622.28455
23.785042,622.28455
23.80283,622.28455
23.81884,621.3699
23.835363,621.3699
23.8545,621.1028
23.869127,621.1028
23.891376,621.4286
23.901945,621.4286
23.918003,621.4286
23.937237,620.40656
23.951984,620.40656
23.96985,621.77026
23.985079,621.77026
24.002274,621.77026
24.019997,621.46265
24.035946,621.46265
24.052744,621.7725
24.067719,621.7725
24.084797,621.94495
24.102474,621.94495
24.118761,621.94495
24.13752,620.924
24.152996,620.924
24.170311,620.9216
24.185112,620.9216
24.202185,620.9216
24.219854,624.22986
24.235104,624.22986
24.254108,622.307
24.270058,622.307
24.28776,622.2202
24.304201,622.2202
24.319107,622.2202
24.33903,621.99554
24.353119,621.99554
24.371271,621.4022
24.385399,621.4022
24.401943,621.4022
24.420042,625.5
24.43661,625.5
24.457075,624.3
24.470089,624.3
24.486288,626.1791
24.504768,626.1791
24.51869,626.1791
24.539463,627.3122
24.552515,627.3122
24.569868,628.2589
24.586975,628.2589
24.601807,628.2589
24.620531,630.574
24.63693,630.574
24.654922,632.7457
24.66992,632.7457
24.687017,633.0
24.704086,633.0
24.71888,633.0
24.737204,633.4009
24.75208,633.4009
24.770061,634.8572
24.785946,634.8572
24.802855,634.8572
24.81937,637.36914
24.835129,637.36914
24.854586,639.3983
24.867933,639.3983
24.899343,641.8233
24.915344,641.8233
24.92525,644.67126
24.94167,644.67126
24.957066,644.67126
24.97381,646.444
24.989965,646.444
25.011538,646.8981
25.025139,646.8981
25.041393,646.8981
25.05912,649.47864
25.074339,649.47864
25.096186,650.84186
25.107113,650.84186
25.124073,652.03894
25.142601,652.03894
25.156912,652.03894
25.175268,653.447
25.191114,653.447
25.20835,655.32385
25.224617,655.32385
25.253038,658.7053
25.26438,658.7053
25.2782,658.7053
25.296902,661.0415
25.31127,661.0415
25.329096,662.75745
25.343899,662.75745
25.371628,665.44653
25.383026,665.44653
25.396883,665.44653
25.413897,666.4348
25.428822,666.4348
25.444757,666.9763
25.463886,666.9763
25.479712,666.9763
25.497993,669.59564
25.512571,669.59564
25.533764,672.4939
25.545584,672.4939
25.56274,672.4939
25.579306,674.754
25.596403,674.754
25.614635,675.7731
25.629751,675.7731
25.651176,677.9458
25.665974,677.9458
25.679375,677.9458
25.697603,679.6125
25.713535,679.6125
25.730558,680.4426
25.746641,680.4426
25.764252,681.49023
25.780453,681.49023
25.796856,681.49023
25.814148,682.3651
25.829369,682.3651
25.849459,680.9915
25.864874,680.9915
25.879835,680.9915
25.896643,683.9707
25.91364,683.9707
25.932913,684.8274
25.946909,684.8274
25.962027,684.8274
25.979668,686.3411
25.996704,686.3411
26.013056,686.82056
26.031355,686.82056
26.051723,687.7732
26.063286,687.7732
26.079939,687.7732
26.09667,689.2415
26.113096,689.2415
26.130484,689.8117
26.14548,689.8117
26.162186,689.8117
26.179653,691.0155
26.19665,691.0155
26.215593,691.8307
26.22871,691.8307
26.248499,692.6604
26.263096,692.6604
26.28097,692.6604
26.298014,693.3983
26.31282,693.3983
26.330826,692.73364
26.345928,692.73364
26.363142,692.73364
26.37962,695.34875
26.396223,695.34875
26.416046,696.58826
26.430052,696.58826
26.446049,696.07117
26.465359,696.07117
26.47978,696.07117
26.49827,695.38696
26.512537,695.38696
26.53093,695.9481
26.546633,695.9481
26.562504,695.9481
26.580408,697.0222
26.596666,697.0222
26.61264,696.55273
26.630848,696.55273
26.64883,696.59375
26.663208,696.59375
26.678799,696.59375
26.699577,695.6244
26.712622,695.6244
26.734179,696.29663
26.746462,696.29663
26.76436,696.73016
26.778788,696.73016
26.795137,696.73016
26.815594,696.84015
26.830193,696.84015
26.847672,697.04834
26.863792,697.04834
26.879416,697.04834
26.89751,697.20374
26.913506,697.20374
26.92956,697.31274
26.946491,697.31274
26.963905,696.63135
26.9801,696.63135
26.996572,696.63135
27.0131,698.4392
27.030994,698.4392
27.045849,697.7633
27.063578,697.7633
27.080542,697.7633
27.097935,697.02716
27.112286,697.02716
27.1303,697.54504
27.146944,697.54504
27.164917,697.4502
27.180735,697.4502
27.195887,697.4502
27.21449,697.2981
27.229412,697.2981
27.24683,696.6976
27.263447,696.6976
27.279202,696.6976
27.296791,696.5071
27.312586,696.5071
27.331503,696.0404
27.345299,696.0404
27.363735,696.2613
27.37993,696.2613
27.395735,696.2613
27.414026,695.7959
27.430569,695.7959
27.445198,695.89545
27.464695,695.89545
27.47917,695.89545
27.496668,695.01245
27.512417,695.01245
27.529602,695.4464
27.545692,695.4464
27.562742,695.4464
27.581833,695.6666
27.59777,695.6666
27.61801,695.7285
27.629967,695.7285
27.646517,694.9302
27.664175,694.9302
27.679726,694.9302
27.696268,694.8465
27.712877,694.8465
27.730412,694.4891
27.746511,694.4891
27.764385,694.4891
27.779236,694.4891
27.797663,694.4891
27.81329,694.62555
27.83014,694.62555
27.846594,694.20276
27.865854,694.20276
27.87933,694.20276
27.899143,694.48444
27.913351,694.48444
27.93243,694.1521
27.946537,694.1521
27.964262,694.8373
27.980825,694.8373
27.997038,694.8373
28.015877,695.2019
28.029598,695.2019
28.051723,692.0
28.063152,692.0
28.07888,692.0
28.097492,692.1649
28.112293,692.1649
28.13004,693.2541
28.14508,693.2541
28.162853,693.2541
28.1812,693.2541
28.196434,693.2541
28.214228,691.4884
28.23063,691.4884
28.247211,692.14575
28.264286,692.14575
28.278912,692.14575
28.298653,690.9584
28.31309,690.9584
28.330631,691.2245
28.344963,691.2245
28.362482,691.2245
28.380352,691.53955
28.39718,691.53955
28.415348,691.7189
28.430105,691.7189
28.446712,691.6465
28.465078,691.6465
28.479536,691.6465
28.498434,691.5642
28.513592,691.5642
28.531998,690.6019
28.545053,690.6019
28.563843,690.77295
28.581202,690.77295
28.595972,690.77295
28.61413,690.31665
28.630161,690.31665
28.6464,689.8535
28.66359,689.8535
28.680372,689.8535
28.697489,690.21765
28.711893,690.21765
28.734278,690.10693
28.746616,690.10693
28.763891,690.4261
28.77968,690.4261
28.797512,690.4261
28.81371,690.69336
28.831657,690.69336
28.846285,691.1674
28.864141,691.1674
28.878916,691.1674
28.896963,690.406
28.91193,690.406
28.931562,690.4578
28.946098,690.4578
28.962934,690.4578
28.980345,690.05
28.995703,690.05
29.013422,688.51013
29.028608,688.51013
29.047483,688.59045
29.06401,688.59045
29.080633,688.59045
29.09772,690.2191
29.112717,690.2191
29.13014,689.6786
29.147497,689.6786
29.163774,688.9044
29.180653,688.9044
29.196554,688.9044
29.215654,689.05554
29.229921,689.05554
29.247458,687.38464
29.265114,687.38464
29.28007,687.38464
29.301075,688.3572
29.312347,688.3572
29.33035,688.55396
29.345945,688.55396
29.36257,688.55396
29.379215,687.80426
29.395924,687.80426
29.416279,687.32886
29.429842,687.32886
29.449942,688.0315
29.464897,688.0315
29.479847,688.0315
29.49827,687.4474
29.51324,687.4474
29.531633,687.6306
29.547413,687.6306
29.564014,686.5256
29.581055,686.5256
29.59549,686.5256
29.614376,686.5256
29.630268,686.5256
29.647503,687.8364
29.667551,687.8364
29.681232,687.8364
29.698381,688.29865
29.714203,688.29865
29.732498,687.2289
29.746552,687.2289
29.765102,686.723
29.781174,686.723
29.796494,686.723
29.815294,687.2328
29.831049,687.2328
29.848011,687.43854
29.863325,687.43854
29.880867,687.43854
29.897741,688.072
29.91236,688.072
29.93087,687.7471
29.94759,687.7471
29.962723,687.7471
29.980215,686.54346
29.995739,686.54346
30.0166,686.41516
30.029987,686.41516
30.045916,686.9456
30.064285,686.9456
30.080729,686.9456
30.09889,685.98376
30.112715,685.98376
30.134256,686.37976
30.146729,686.37976
30.163641,686.1724
30.180964,686.1724
30.196325,686.1724
30.217287,684.45703
30.23,684.45703
30.246675,681.28687
30.26338,681.28687
30.279467,681.28687
30.298735,680.5875
30.313038,680.5875
30.33065,677.32635
30.346464,677.32635
30.363926,675.11206
30.381319,675.11206
30.396648,675.11206
30.413237,673.168
30.430344,673.168
30.446466,671.5731
30.465435,671.5731
30.479082,671.5731
30.498434,671.3108
30.513918,671.3108
30.530916,670.1693
30.54615,670.1693
30.563831,669.2916
30.582565,669.2916
30.596392,669.2916
30.613792,666.70184
30.629538,666.70184
30.646984,666.05
30.664778,666.05
30.679861,666.05
30.698204,664.4956
30.713236,664.4956
30.730562,665.8867
30.746773,665.8867
30.762133,665.8867
30.782177,663.30304
30.797112,663.30304
30.814573,663.72064
30.83032,663.72064
30.849857,663.14404
30.86355,663.14404
30.880135,663.14404
30.89793,661.0718
30.91271,661.0718
30.9317,660.2919
30.946638,660.2919
30.961985,660.2919
30.98093,659.04224
30.996756,659.04224
31.014545,657.32886
31.028917,657.32886
31.046463,657.4352
31.064907,657.4352
31.080742,657.4352
31.097788,656.19086
31.112597,656.19086
31.130491,656.1356
31.146358,656.1356
31.163368,656.1356
31.179798,655.67883
31.19587,655.67883
31.214596,653.9801
31.22965,653.9801
31.24825,652.91174
31.262394,652.91174
31.279295,652.91174
31.297619,652.104
31.31301,652.104
31.331043,652.6655
31.347015,652.6655
31.362703,652.6655
31.38111,650.4693
31.39541,650.4693
31.415127,651.1199
31.43053,651.1199
31.446714,650.51514
31.463451,650.51514
31.480354,650.51514
31.498266,651.0038
31.513517,651.0038
31.532463,650.3408
31.546072,650.3408
31.562622,650.3408
31.580256,649.88403
31.59611,649.88403
31.617735,649.8374
31.630594,649.8374
31.64917,649.0782
31.662933,649.0782
31.679373,649.0782
31.696194,647.93134
31.712215,647.93134
31.730503,647.8
31.747103,647.8
31.762346,647.8
31.78087,646.3377
31.797653,646.3377
31.814129,645.9617
31.829748,645.9617
31.848106,645.80676
31.864056,645.80676
31.879976,645.80676
31.897337,644.70044
31.912899,644.70044
31.931189,644.42175
31.94607,644.42175
31.96222,644.42175
31.9805,644.1297
31.995377,644.1297
32.013508,643.19824
32.029854,643.19824
32.047817,643.0294
32.063232,643.0294
32.079144,643.0294
32.098164,643.1797
32.11278,643.1797
32.13103,642.7535
32.146572,642.7535
32.163784,642.135
32.179604,642.135
32.196342,642.135
32.21513,641.4425
32.231323,641.4425
32.247833,641.40906
32.26349,641.40906
32.278954,641.40906
32.300186,641.2052
32.313705,641.2052
32.330917,641.18384
32.346123,641.18384
32.363815,641.18384
32.380817,640.1831
32.397377,640.1831
32.415558,639.6178
32.429237,639.6178
32.44727,638.8871
32.464664,638.8871
32.478924,638.8871
32.497063,638.85944
32.51364,638.85944
32.53213,639.7455
32.546886,639.7455
32.562817,639.7455
32.580418,639.12
32.595493,639.12
32.61645,640.37134
32.63112,640.37134
32.647552,638.6428
32.66409,638.6428
32.680912,638.6428
32.69841,638.96277
32.71485,638.96277
32.735264,639.77954
32.746983,639.77954
32.762146,639.77954
32.781433,639.1271
32.79598,639.1271
32.81437,638.87085
32.831142,638.87085
32.846104,637.50684
32.864098,637.50684
32.880573,637.50684
32.897884,636.7619
32.91366,636.7619
32.93452,636.82605
32.947388,636.82605
32.96486,637.0922
32.980938,637.0922
32.99607,637.0922
33.01387,636.20447
33.030506,636.20447
33.04625,636.4372
33.063065,636.4372
33.092793,635.9234
33.10664,635.9234
33.11776,635.9234
33.136345,635.44727
33.150177,635.44727
33.170406,635.79456
33.183987,635.79456
33.20201,635.79456
33.21864,636.2356
33.234356,636.2356
33.252487,635.54584
33.267532,635.54584
33.285572,634.06726
33.30361,634.06726
33.317413,634.06726
33.336388,633.9956
33.351433,633.9956
33.372612,633.5307
33.384743,633.5307
33.402115,633.5307
33.41894,633.50854
33.43508,633.50854
33.45632,632.97815
33.468563,632.97815
33.484352,633.4957
33.502647,633.4957
33.517612,633.4957
33.53683,633.6177
33.55213,633.6177
33.571636,633.34045
33.58383,633.34045
33.600964,633.34045
33.61911,633.29956
33.633774,633.29956
33.653515,633.0
33.667965,633.0
33.684734,633.0779
33.705105,633.0779
33.71892,633.0779
33.73649,632.5877
33.751793,632.5877
33.772503,632.235
33.78485,632.235
33.801426,632.235
33.81841,632.5314
33.83465,632.5314
33.852528,631.9859
33.867382,631.9859
33.883606,632.2553
33.901947,632.2553
33.917595,632.2553
33.935734,631.355
33.950462,631.355
33.969048,630.4679
33.98467,630.4679
34.00114,630.4679
34.019054,629.8051
34.03424,629.8051
34.052467,629.99
34.067654,629.99
34.08491,629.99
34.10284,629.99
34.117985,629.99
34.13841,630.7389
34.152374,630.7389
34.169056,630.7389
34.18491,630.7389
34.200237,630.7389
34.21867,627.8221
34.23503,627.8221
34.25339,628.605
34.268055,628.605
34.28429,629.6607
34.302254,629.6607
34.32337,629.6607
34.337162,628.8866
34.351463,628.8866
34.368362,629.95654
34.38506,629.95654
34.400524,629.95654
34.419025,629.7816
34.434998,629.7816
34.451694,629.72766
34.46854,629.72766
34.484436,630.8218
34.503105,630.8218
34.518394,630.8218
34.535484,630.19196
34.5517,630.19196
34.569515,630.1747
34.584705,630.1747
34.601517,630.1747
34.6184,629.34595
34.634647,629.34595
34.65227,629.23364
34.66871,629.23364
34.68489,627.3819
34.702938,627.3819
34.71787,627.3819
34.736538,627.3469
34.75137,627.3469
34.76847,629.1121
34.78478,629.1121
34.802353,629.1121
34.81884,628.2523
34.834667,628.2523
34.85364,628.32874
34.867546,628.32874
34.887344,628.39545
34.90257,628.39545
34.91705,628.39545
34.935646,630.1018
34.952377,630.1018
34.968536,630.2311
34.984455,630.2311
35.00081,630.2311
35.01841,629.694
35.033623,629.694
35.053005,631.3665
35.067783,631.3665
35.08487,629.1212
35.10378,629.1212
35.11741,629.1212
35.136032,629.1848
35.15078,629.1848
35.168594,630.9909
35.184444,630.9909
35.201008,630.9909
35.217594,631.3661
35.234524,631.3661
35.252426,632.6327
35.26801,632.6327
35.285706,632.2149
35.301662,632.2149
35.317944,632.2149
35.335865,632.553
35.35157,632.553
35.36925,631.87244
35.38458,631.87244
35.40088,631.87244
35.4196,634.3405
35.43496,634.3405
35.453556,635.7375
35.468952,635.7375
35.48481,635.5371
35.50254,635.5371
35.517532,635.5371
35.53708,636.15045
35.55051,636.15045
35.572487,635.0359
35.58472,635.0359
35.60141,635.0359
35.618977,634.8837
35.63487,634.8837
35.653557,634.37317
35.669247,634.37317
35.684814,634.3815
35.704308,634.3815
35.716476,634.3815
35.73665,634.9851
35.751476,634.9851
35.772293,634.5874
35.784542,634.5874
35.800987,634.5874
35.81893,637.17456
35.834583,637.17456
35.852493,637.1349
35.868523,637.1349
35.88431,634.60803
35.902008,634.60803
35.917637,634.60803
35.936222,635.12134
35.951214,635.12134
35.969635,635.1843
35.98429,635.1843
36.000916,635.1843
36.01841,634.4201
36.034523,634.4201
36.052395,634.6387
36.067444,634.6387
36.0862,634.5506
36.102295,634.5506
36.117615,634.5506
36.13669,635.89343
36.151413,635.89343
36.172867,637.2857
36.18491,637.2857
36.200703,637.2857
36.219734,636.88617
36.23481,636.88617
36.25279,637.9166
36.267605,637.9166
36.28404,639.6498
36.30336,639.6498
36.317825,639.6498
36.33649,639.7102
36.351204,639.7102
36.370575,640.6144
36.38486,640.6144
36.401432,640.6144
36.41769,642.42914
36.436016,642.42914
36.452557,643.099
36.469456,643.099
36.484413,642.6986
36.50225,642.6986
36.518703,642.6986
36.539135,644.29126
36.550297,644.29126
36.569977,646.43335
36.58541,646.43335
36.6021,646.43335
36.619026,647.0964
36.6352,647.0964
36.656464,647.2632
36.668518,647.2632
36.685238,650.199
36.703087,650.199
36.718994,650.199
36.738693,651.16296
36.75273,651.16296
36.77149,652.062
36.784805,652.062
36.802692,652.062
36.819595,652.83887
36.83464,652.83887
36.85568,654.5773
36.86813,654.5773
36.885265,655.4159
36.90189,655.4159
36.91739,655.4159
36.937466,656.97815
36.951427,656.97815
36.968494,659.44543
36.984253,659.44543
37.00034,659.44543
37.019524,658.88074
37.03314,658.88074
37.053455,661.94165
37.06904,661.94165
37.085415,662.5431
37.102337,662.5431
37.117542,662.5431
37.1366,663.5392
37.151936,663.5392
37.172142,665.6666
37.185238,665.6666
37.2008,665.6666
37.22081,666.96533
37.23517,666.96533
37.251656,668.0211
37.267918,668.0211
37.2895,669.34247
37.303223,669.34247
37.31899,669.34247
37.336422,671.3361
37.352764,671.3361
37.368713,672.1138
37.384895,672.1138
37.401115,672.1138
37.418762,672.5132
37.43475,672.5132
37.453518,673.14355
37.468937,673.14355
37.48515,675.2605
37.50241,675.2605
37.51778,675.2605
37.536797,676.6127
37.55086,676.6127
37.571896,678.2427
37.585083,678.2427
37.602173,678.2427
37.619667,679.1016
37.63494,679.1016
37.654495,679.2782
37.667656,679.2782
37.684,680.3197
37.703026,680.3197
37.71895,680.3197
37.736073,680.40686
37.75104,680.40686
37.76908,681.2
37.785122,681.2
37.802765,681.2
37.819996,683.772
37.835297,683.772
37.853394,684.8074
37.879433,684.8074
37.891266,685.79486
37.90543,685.79486
37.920628,685.79486
37.939945,686.41174
37.954834,686.41174
37.97174,687.5271
37.98867,687.5271
38.004494,689.07056
38.022125,689.07056
38.036762,689.07056
38.05669,690.6134
38.070293,690.6134
38.088562,690.3347
38.10632,690.3347
38.120193,690.3347
38.138943,691.80725
38.153473,691.80725
38.172333,692.77234
38.18887,692.77234
38.204163,695.18677
38.22216,695.18677
38.237366,695.18677
38.256035,695.9741
38.2715,695.9741
38.28872,694.71204
38.30617,694.71204
38.320362,694.71204
38.33933,695.4463
38.354477,695.4463
38.375866,696.2234
38.38731,696.2234
38.404175,696.8341
38.420956,696.8341
38.43867,696.8341
38.455734,695.9847
38.471706,695.9847
38.48906,697.0751
38.504593,697.0751
38.51997,697.0751
38.538567,698.5232
38.554165,698.5232
38.573353,699.08295
38.58731,699.08295
38.608322,698.85144
38.620556,698.85144
38.637295,698.85144
38.655483,698.91785
38.67008,698.91785
38.691517,698.8657
38.703583,698.8657
38.720863,698.8657
38.739372,698.89636
38.755054,698.89636
38.774403,699.03345
38.786877,699.03345
38.80428,699.4391
38.821907,699.4391
38.83674,699.4391
38.856598,699.63916
38.87085,699.63916
38.89126,699.6081
38.906086,699.6081
38.925117,697.5606
38.939648,697.5606
38.954178,697.5606
38.97403,697.94934
38.987404,697.94934
39.00429,696.8653
39.022552,696.8653
39.037895,696.8653
39.056427,697.0203
39.070324,697.0203
39.086445,697.245
39.104836,697.245
39.120293,697.245
39.14142,697.131
39.15466,697.131
39.17468,697.2344
39.18765,697.2344
39.208103,697.0675
39.220936,697.0675
39.23665,697.0675
39.255814,696.9237
39.27028,696.9237
39.28799,696.7521
39.305946,696.7521
39.320557,696.7521
39.337986,695.056
39.355675,695.056
39.371605,695.56824
39.38794,695.56824
39.408062,696.3248
39.42178,696.3248
39.437347,696.3248
39.45544,695.8836
39.47108,695.8836
39.487946,696.0747
39.504486,696.0747
39.521378,696.0747
39.539665,696.2816
39.554543,696.2816
39.574055,696.4362
39.587215,696.4362
39.60513,696.1822
39.621155,696.1822
39.637608,696.1822
39.654488,695.8628
39.67016,695.8628
39.691593,696.1897
39.703693,696.1897
39.72257,696.1897
39.740044,696.2883
39.753212,696.2883
39.773403,696.7143
39.787952,696.7143
39.806496,694.67804
39.8209,694.67804
39.83777,694.67804
39.85516,694.76843
39.87126,694.76843
39.886593,694.3406
39.906425,694.3406
39.919895,694.3406
39.938435,694.57965
39.953785,694.57965
39.97111,693.9177
39.987484,693.9177
40.00846,694.46985
40.021954,694.46985
40.03687,694.46985
40.056767,694.6666
40.071083,694.6666
40.08882,695.9922
40.104984,695.9922
40.120403,695.9922
40.1422,694.80347
40.15488,694.80347
40.17178,694.67676
40.187466,694.67676
40.22003,693.8202
40.232815,693.8202
40.24394,693.859
40.262478,693.859
40.277393,693.859
40.295628,693.1577
40.311256,693.1577
40.32982,692.1271
40.34492,692.1271
40.360947,692.1271
40.379433,693.2172
40.39321,693.2172
40.411713,693.03265
40.428406,693.03265
40.444595,693.5774
40.461285,693.5774
40.477383,693.5774
40.49529,692.8932
40.51192,692.8932
40.52895,693.3043
40.5449,693.3043
40.561623,693.3043
40.57912,693.2539
40.593777,693.2539
40.611816,693.0081
40.627274,693.0081
40.644245,692.9606
40.661907,692.9606
40.677322,692.9606
40.697586,693.5375
40.710617,693.5375
40.727108,693.1187
40.74475,693.1187
40.760048,693.1187
40.779156,693.46277
40.794006,693.46277
40.812195,693.0346
40.82856,693.0346
40.845177,692.51355
40.862297,692.51355
40.877525,692.51355
40.895855,692.6577
40.91034,692.6577
40.92876,693.3766
40.943745,693.3766
40.960346,693.3766
40.979206,693.1719
40.99552,693.1719
41.01314,693.96265
41.02725,693.96265
41.045544,693.78723
41.06178,693.78723
41.07701,693.78723
41.09549,693.20874
41.109894,693.20874
41.128445,693.20874
41.143307,693.20874
41.160233,693.20874
41.179543,694.06696
41.19415,694.06696
41.21341,693.3954
41.2282,693.3954
41.244217,692.9767
41.262314,692.9767
41.27716,692.9767
41.295208,693.11554
41.31111,693.11554
41.33203,693.6604
41.344273,693.6604
41.361103,693.6604
41.3789,693.76514
41.393085,693.76514
41.41314,691.953
41.427277,691.953
41.444923,691.78015
41.462036,691.78015
41.47747,691.78015
41.4971,692.8441
41.51071,692.8441
41.52872,692.81305
41.544815,692.81305
41.560455,692.81305
41.577732,691.4331
41.593628,691.4331
41.611393,691.8601
41.62852,691.8601
41.644512,692.2
41.661514,692.2
41.676655,692.2
41.695335,692.44165
41.71169,692.44165
41.7326,692.5115
41.744793,692.5115
41.761425,692.5115
41.779495,691.5796
41.794674,691.5796
41.81186,691.2604
41.82731,691.2604
41.84539,692.2776
41.862373,692.2776
41.876934,692.2776
41.895836,691.59827
41.91089,691.59827
41.932327,691.5641
41.945133,691.5641
41.96114,691.5641
41.977497,690.8565
41.994076,690.8565
42.013268,690.3574
42.028454,690.3574
42.044903,692.90906
42.06177,692.90906
42.077644,692.90906
42.096283,692.8702
42.11198,692.8702
42.129494,692.485
42.145382,692.485
42.170822,692.7712
42.181465,692.7712
42.19545,692.7712
42.216843,691.86487
42.228436,691.86487
42.245483,690.7635
42.262253,690.7635
42.27893,690.7635
42.297356,688.0303
42.31332,688.0303
42.33265,687.40234
42.346424,687.40234
42.36259,687.40234
42.379818,686.2864
42.396164,686.2864
42.413517,686.2388
42.42862,686.2388
42.44556,685.10046
42.46286,685.10046
42.477917,685.10046
42.497154,683.56683
42.51185,683.56683
42.52886,682.7441
42.545143,682.7441
42.561626,682.7441
42.58089,682.45593
42.5952,682.45593
42.61386,681.1245
42.62882,681.1245
42.645226,681.1194
42.664024,681.1194
42.6795,681.1194
42.696545,679.4566
42.71313,679.4566
42.728497,680.05475
42.745815,680.05475
42.761745,680.05475
42.78021,679.4851
42.795235,679.4851
42.81365,679.29626
42.828857,679.29626
42.84528,678.3252
42.86243,678.3252
42.878506,678.3252
42.897923,678.9164
42.91267,678.9164
42.931118,676.5043
42.945568,676.5043
42.964214,676.11017
42.979015,676.11017
42.994354,676.11017
43.014477,674.19196
43.028606,674.19196
43.046417,673.3761
43.06331,673.3761
43.07865,673.3761
43.09708,673.1358
43.111214,673.1358
43.130234,672.68146
43.14453,672.68146
43.16169,672.68146
43.17964,672.7606
43.195538,672.7606
43.21454,671.80756
43.229237,671.80756
43.244408,670.70544
43.263096,670.70544
43.27708,670.70544
43.29645,671.1294
43.313282,671.1294
43.333702,668.5211
43.345463,668.5211
43.36147,668.5211
43.3809,667.55145
43.394215,667.55145
43.414463,665.9336
43.42937,665.9336
43.445545,665.35535
43.463108,665.35535
43.479256,665.35535
43.49735,664.76355
43.512123,664.76355
43.530815,664.41125
43.54548,664.41125
43.56236,664.41125
43.57958,662.95996
43.59519,662.95996
43.613323,661.68774
43.629692,661.68774
43.646587,661.5856
43.66212,661.5856
43.678284,661.5856
43.696808,660.2943
43.71351,660.2943
43.729538,658.322
43.745564,658.322
43.76297,658.322
43.7803,657.68445
43.79541,657.68445
43.814163,658.42255
43.828472,658.42255
43.84546,657.0521
43.86304,657.0521
43.877842,657.0521
43.897137,656.6504
43.912292,656.6504
43.93037,655.94714
43.945446,655.94714
43.96252,655.94714
43.97916,655.2222
43.99452,655.2222
44.013767,655.21277
44.02865,655.21277
44.046925,653.52814
44.063087,653.52814
44.078537,653.52814
44.096966,654.89557
44.11152,654.89557
44.132465,653.7549
44.14574,653.7549
44.16214,653.7549
44.180367,653.2857
44.19832,653.2857
44.216682,650.61597
44.229286,650.61597
44.246845,649.72
44.263893,649.72
44.279465,649.72
44.299755,650.1859
44.31313,650.1859
44.33319,649.8145
44.345955,649.8145
44.36241,649.8145
44.38098,648.77527
44.394722,648.77527
44.416664,647.38806
44.43014,647.38806
44.44616,646.47974
44.464725,646.47974
44.478798,646.47974
44.497086,645.3189
44.51254,645.3189
44.529636,645.5926
44.545723,645.5926
44.563446,645.5926
44.579758,645.30383
44.594673,645.30383
44.613773,646.0778
44.63043,646.0778
44.646145,643.8798
44.663284,643.8798
44.6798,643.8798
44.69623,644.3098
44.71282,644.3098
44.730495,643.1605
44.745953,643.1605
44.761772,643.1605
44.780437,643.2174
44.79448,643.2174
44.813835,642.9207
44.830063,642.9207
44.844448,641.4651
44.862236,641.4651
44.879936,641.4651
44.897343,641.78015
44.911884,641.78015
44.929535,640.0278
44.944927,640.0278
44.962826,640.0278
44.980816,639.6914
44.99672,639.6914
45.015026,640.75
45.028973,640.75
45.052574,641.2972
45.065277,641.2972
45.077477,641.2972
45.098602,639.6277
45.111443,639.6277
45.133286,638.9585
45.145184,638.9585
45.161358,638.9585
45.18126,639.00415
45.19522,639.00415
45.213127,638.54065
45.229046,638.54065
45.248287,639.3707
45.264015,639.3707
45.280136,639.3707
45.297295,639.0042
45.313408,639.0042
45.329952,637.96277
45.34584,637.96277
45.363075,637.96277
45.380978,637.8024
45.395473,637.8024
45.41688,637.66125
45.430008,637.66125
45.449203,636.82684
45.463528,636.82684
45.479614,636.82684
45.497307,636.364
45.51258,636.364
45.53024,636.5391
45.54633,636.5391
45.565063,635.9065
45.582302,635.9065
45.596092,635.9065
45.616745,635.968
45.630386,635.968
45.648598,635.76544
45.663338,635.76544
45.679413,635.76544
45.69899,635.7149
45.712837,635.7149
45.73103,634.29126
45.745956,634.29126
45.7646,634.55554
45.78077,634.55554
45.796963,634.55554
45.813557,634.968
45.829597,634.968
45.8466,634.47235
45.864567,634.47235
45.87957,634.47235
45.89701,633.88104
45.91146,633.88104
45.93271,634.45044
45.94537,634.45044
45.96184,634.45044
45.981224,634.08765
45.995007,634.08765
46.01295,634.84033
46.030075,634.84033
46.0484,634.6109
46.06359,634.6109
46.079735,634.6109
46.097584,634.63135
46.11244,634.63135
46.13279,634.6168
46.149323,634.6168
46.164772,634.5639
46.180984,634.5639
46.196133,634.5639
46.21449,633.5096
46.22924,633.5096
46.248226,633.541
46.263706,633.541
46.278744,633.541
46.297276,631.9425
46.31193,631.9425
46.332905,631.9356
46.34607,631.9356
46.364307,632.428
46.381275,632.428
46.39552,632.428
46.41637,632.5586
46.429623,632.5586
46.446777,631.59644
46.463398,631.59644
46.478104,631.59644
46.496433,631.62054
46.512753,631.62054
46.530083,630.53467
46.54599,630.53467
46.562252,630.53467
46.57976,630.53467
46.5958,630.53467
46.613758,629.9552
46.628757,629.9552
46.64607,630.1223
46.662884,630.1223
46.67799,630.1223
46.697884,629.8919
46.7124,629.8919
46.730896,629.8334
46.745964,629.8334
46.763683,630.9751
46.779835,630.9751
46.79578,630.9751
46.81316,630.93005
46.83041,630.93005
46.846077,630.5857
46.86376,630.5857
46.877766,630.5857
46.896595,630.6548
46.912395,630.6548
46.930157,630.73413
46.944336,630.73413
46.96162,630.73413
46.97939,630.5686
46.99536,630.5686
47.013557,630.3679
47.028545,630.3679
47.045826,630.306
47.063175,630.306
47.07862,630.306
47.09693,630.2863
47.11184,630.2863
47.129692,630.1653
47.144726,630.1653
47.162254,630.1653
47.179367,628.5857
47.196003,628.5857
47.213223,629.2067
47.229237,629.2067
47.24817,629.0696
47.26289,629.0696
47.279285,629.0696
47.296967,628.1743
47.3115,628.1743
47.330635,629.57336
47.345703,629.57336
47.3619,629.57336
47.379578,630.116
47.394955,630.116
47.414486,629.52356
47.42871,629.52356
47.4478,630.43054
47.46314,630.43054
47.478794,630.43054
47.497143,627.5736
47.51252,627.5736
47.529766,627.38385
47.54499,627.38385
47.56217,627.38385
47.580906,627.5102
47.595276,627.5102
47.613537,627.8257
47.62963,627.8257
47.64708,629.6483
47.662666,629.6483
47.678772,629.6483
47.697906,629.1167
47.712673,629.1167
47.729946,629.15247
47.746536,629.15247
47.762497,629.15247
47.780834,629.15765
47.796574,629.15765
47.816254,628.31433
47.82875,628.31433
47.84682,628.8103
47.861954,628.8103
47.87994,628.8103
47.897644,628.0541
47.912582,628.0541
47.930073,628.7644
47.945484,628.7644
47.964355,628.7466
47.980114,628.7466
47.995403,628.7466
48.013416,628.11005
48.02851,628.11005
48.04751,628.1864
48.063713,628.1864
48.078587,628.1864
48.09716,628.1864
48.111034,628.1864
48.130367,628.4584
48.14539,628.4584
48.163635,627.6478
48.17946,627.6478
48.19429,627.6478
48.21354,628.28937
48.228977,628.28937
48.24511,630.14954
48.26264,630.14954
48.279766,630.14954
48.30062,629.3109
48.311756,629.3109
48.32964,631.61505
48.345867,631.61505
48.3629,631.61505
48.380466,631.29816
48.400593,631.29816
48.41566,633.2622
48.42849,633.2622
48.447815,634.60516
48.463444,634.60516
48.478737,634.60516
48.49792,635.52655
48.511635,635.52655
48.53031,637.1428
48.54541,637.1428
48.56371,637.1428
48.579533,639.4538
48.595615,639.4538
48.61581,641.4595
48.62977,641.4595
48.645493,643.51404
48.663475,643.51404
48.679382,643.51404
48.696068,644.7783
48.712513,644.7783
48.732155,646.80286
48.746056,646.80286
48.762222,646.80286
48.780876,648.68567
48.795963,648.68567
48.816566,650.1776
48.829414,650.1776
48.84768,651.20984
48.862736,651.20984
48.879154,651.20984
48.897057,651.8276
48.913322,651.8276
48.933533,655.944
48.945915,655.944
48.962738,655.944
48.98036,657.0891
48.995647,657.0891
49.01756,657.0658
49.030136,657.0658
49.046658,658.2439
49.06413,658.2439
49.079376,658.2439
49.097954,661.05383
49.112312,661.05383
49.131214,662.5586
49.14576,662.5586
49.162167,662.5586
49.180283,664.8728
49.195084,664.8728
49.213177,665.8356
49.2303,665.8356
49.245842,667.27734
49.262733,667.27734
49.2779,667.27734
49.297188,668.50867
49.313198,668.50867
49.33092,671.208
49.34582,671.208
49.361988,671.208
49.381046,672.6625
49.395954,672.6625
49.41407,674.431
49.42926,674.431
49.445496,675.80444
49.464645,675.80444
49.479584,675.80444
49.49696,676.59546
49.51306,676.59546
49.530697,676.3294
49.545666,676.3294
49.561974,676.3294
49.57961,675.9309
49.59611,675.9309
49.61411,677.1202
49.630676,677.1202
49.64879,677.19916
49.662704,677.19916
49.678944,677.19916
49.699543,678.8009
49.715553,678.8009
49.73014,680.219
49.74555,680.219
49.76233,680.219
49.778942,680.4658
49.79751,680.4658
49.813953,682.1692
49.829033,682.1692
49.84545,682.2604
49.86276,682.2604
49.880447,682.2604
49.897045,685.63184
49.911213,685.63184
49.929237,687.5209
49.94545,687.5209
49.962143,687.5209
49.98004,687.6332
49.995167,687.6332
50.013638,689.2826
50.028557,689.2826
50.046906,690.90906
50.063297,690.90906
50.078182,690.90906
50.097652,690.7804
50.11313,690.7804
50.130074,692.90454
50.14577,692.90454
50.163616,693.9879
50.179855,693.9879
50.195625,693.9879
50.21441,694.75195
50.228676,694.75195
50.244938,696.3796
50.264027,696.3796
50.278614,696.3796
50.296936,696.89166
50.3129,696.89166
50.32957,699.0079
50.346073,699.0079
50.36378,699.15
50.380646,699.15
50.395264,699.15
50.415703,699.49475
50.42834,699.49475
50.444553,700.53705
50.463863,700.53705
50.47967,700.53705
50.496098,701.6544
50.51215,701.6544
50.529064,703.8632
50.54622,703.8632
50.561226,703.8632
50.58147,704.8182
50.595573,704.8182
50.613678,706.287
50.63055,706.287
50.645393,706.6124
50.663136,706.6124
50.678944,706.6124
50.6984,706.3224
50.713318,706.3224
50.73109,707.3402
50.74774,707.3402
50.76098,707.3402
50.78005,706.95074
50.79632,706.95074
50.812954,706.8079
50.82861,706.8079
50.845478,707.9204
50.8627,707.9204
50.879967,707.9204
50.895317,706.6837
50.91298,706.6837
50.930756,705.44507
50.945694,705.44507
50.96173,705.44507
50.97947,704.3977
50.995316,704.3977
51.013992,704.01953
51.029118,704.01953
51.047485,703.79004
51.063816,703.79004
51.07914,703.79004
51.097965,702.9045
51.11185,702.9045
51.130848,703.5215
51.14611,703.5215
51.162006,703.5215
51.180122,702.9006
51.1966,702.9006
51.21374,702.7012
51.229355,702.7012
51.24565,703.8634
51.263123,703.8634
51.278492,703.8634
51.296047,702.85785
51.312813,702.85785
51.329964,703.4422
51.34568,703.4422
51.362453,703.4422
51.38147,702.9624
51.395725,702.9624
51.41402,702.7926
51.42998,702.7926
51.44604,702.02325
51.46426,702.02325
51.479183,702.02325
51.497967,701.06104
51.51188,701.06104
51.529675,701.06976
51.545967,701.06976
51.563866,700.78705
51.580242,700.78705
51.594925,700.78705
51.613544,699.9548
51.630238,699.9548
51.646744,700.871
51.664104,700.871
51.688877,700.8452
51.70163,700.8452
51.71438,700.8452
51.73175,700.4852
51.747555,700.4852
51.764103,699.89233
51.781292,699.89233
51.79691,699.89233
51.81548,699.1478
51.831165,699.1478
51.847546,698.32886
51.86296,698.32886
51.879837,698.32886
51.89684,698.8945
51.91272,698.8945
51.931694,698.7799
51.945908,698.7799
51.963,698.7799
51.980656,698.3843
51.996063,698.3843
52.015324,697.783
52.030426,697.783
52.04636,698.3572
52.064133,698.3572
52.079834,698.3572
52.09831,697.89215
52.11429,697.89215
52.13213,696.41956
52.14752,696.41956
52.164013,697.0526
52.181503,697.0526
52.196518,697.0526
52.21576,698.4977
52.229214,698.4977
52.24931,698.07654
52.26384,698.07654
52.280785,698.07654
52.298996,698.28503
52.31356,698.28503
52.332462,698.049
52.34682,698.049
52.364895,698.6636
52.383076,698.6636
52.398926,698.6636
52.416393,698.07886
52.430534,698.07886
52.44686,696.5825
52.465263,696.5825
52.47966,696.5825
52.499733,696.94147
52.51227,696.94147
52.53159,696.2773
52.54749,696.2773
52.564133,697.3151
52.58181,697.3151
52.596497,697.3151
52.61524,696.6218
52.630455,696.6218
52.65173,695.35913
52.664272,695.35913
52.68082,695.35913
52.697533,695.7642
52.714134,695.7642
52.7317,695.32605
52.7478,695.32605
52.76483,696.3472
52.779892,696.3472
52.797043,696.3472
52.813164,696.22473
52.829315,696.22473
52.84821,694.3175
52.86325,694.3175
52.88003,694.3175
52.89818,695.4512
52.913757,695.4512
52.933903,695.5126
52.947876,695.5126
52.96554,695.085
52.981117,695.085
52.996048,695.085
53.015327,693.49365
53.02956,693.49365
53.048122,692.84424
53.0619,692.84424
53.07973,692.84424
53.098183,692.1366
53.112495,692.1366
53.131275,691.6697
53.146572,691.6697
53.16564,692.09875
53.183678,692.09875
53.198147,692.09875
53.215897,690.77924
53.2303,690.77924
53.24875,691.485
53.264053,691.485
53.279247,691.485
53.29918,691.0873
53.313282,691.0873
53.331863,691.6693
53.34681,691.6693
53.363808,691.6033
53.3818,691.6033
53.397343,691.6033
53.413364,691.5041
53.430534,691.5041
53.447826,691.25
53.464497,691.25
53.48047,691.25
53.499054,690.95746
53.51369,690.95746
53.531216,691.0766
53.546356,691.0766
53.562653,691.0766
53.581974,690.1063
53.596348,690.1063
53.61361,690.4752
53.6303,690.4752
53.64894,689.166
53.664387,689.166
53.67994,689.166
53.697063,688.78485
53.714054,688.78485
53.73013,689.928
53.746235,689.928
53.763893,689.95294
53.780296,689.95294
53.797188,689.95294
53.813286,689.79694
53.829582,689.79694
53.84794,689.1041
53.863327,689.1041
53.880474,689.1041
53.897377,687.1338
53.91256,687.1338
53.93172,688.1311
53.9467,688.1311
53.96363,687.16736
53.98038,687.16736
53.99713,687.16736
54.015553,685.5845
54.029682,685.5845
54.046505,687.173
54.064243,687.173
54.07937,687.173
54.098106,686.6419
54.114147,686.6419
54.13112,686.3889
54.146206,686.3889
54.164646,685.97424
54.181133,685.97424
54.197563,685.97424
54.21518,686.1478
54.230022,686.1478
54.24915,683.79895
54.262905,683.79895
54.279312,683.79895
54.29781,681.70325
54.313457,681.70325
54.33169,680.0083
54.347515,680.0083
54.364555,678.0188
54.38216,678.0188
54.397045,678.0188
54.416225,677.66797
54.430603,677.66797
54.44681,674.30646
54.46563,674.30646
54.480213,674.30646
54.498924,672.1726
54.514,672.1726
54.533752,672.68933
54.546673,672.68933
54.564396,671.59033
54.580776,671.59033
54.595543,671.59033
54.614754,668.91174
54.63058,668.91174
54.64575,666.874
54.663456,666.874
54.679745,666.874
54.698975,667.05945
54.714752,667.05945
54.732388,666.20074
54.74661,666.20074
54.764317,663.6178
54.779945,663.6178
54.79692,663.6178
54.81545,663.0041
54.82963,663.0041
54.846195,662.0565
54.864414,662.0565
54.880146,662.0565
54.897686,660.39056
54.913734,660.39056
54.93273,660.44653
54.94642,660.44653
54.96383,659.3527
54.97993,659.3527
54.996628,659.3527
55.015312,657.749
55.03004,657.749
55.04632,657.06226
55.063866,657.06226
55.08124,657.06226
55.098152,655.93805
55.115017,655.93805
55.131645,654.99194
55.147144,654.99194
55.16479,652.8599
55.18047,652.8599
55.196877,652.8599
55.21629,652.2415
55.22997,652.2415
55.248825,651.9302
55.264927,651.9302
55.280777,651.9302
55.301647,651.85474
55.312885,651.85474
55.332882,650.3668
55.346344,650.3668
55.375294,650.43494
55.387775,650.43494
55.3997,650.43494
55.4177,649.84753
55.43305,649.84753
55.453434,649.5286
55.466034,649.5286
55.485252,648.5265
55.50146,648.5265
55.51578,648.5265
55.534714,648.1566
55.548397,648.1566
55.567993,647.41394
55.582367,647.41394
55.599785,647.41394
55.617363,646.7655
55.632595,646.7655
55.65152,644.9241
55.666695,644.9241
55.683327,644.9241
55.701496,643.94885
55.720028,643.94885
55.735115,645.7052
55.750656,645.7052
55.766205,645.19006
55.784588,645.19006
55.799114,645.19006
55.818695,644.7583
55.832497,644.7583
55.85064,644.2672
55.865356,644.2672
55.882767,644.2672
55.89929,643.7544
55.916718,643.7544
55.937458,642.55505
55.94978,642.55505
55.966408,641.0
55.983887,641.0
56.000534,641.0
56.017834,640.65845
56.033264,640.65845
56.05063,639.808
56.066807,639.808
56.08363,639.59033
56.100067,639.59033
56.116055,639.59033
56.13523,639.29114
56.15023,639.29114
56.16631,638.8913
56.184124,638.8913
56.19971,638.8913
56.21829,638.31647
56.232758,638.31647
56.251938,637.79913
56.26747,637.79913
56.283493,637.7268
56.30041,637.7268
56.315903,637.7268
56.336803,636.6992
56.349056,636.6992
56.370728,636.4103
56.385357,636.4103
56.398987,636.4103
56.418602,635.1167
56.432793,635.1167
56.450012,633.1521
56.466995,633.1521
56.482635,633.1521
56.50051,632.95154
56.516617,632.95154
56.53429,633.906
56.550247,633.906
56.568573,633.5714
56.58406,633.5714
56.599392,633.5714
56.62134,632.09314
56.633793,632.09314
56.650604,631.6666
56.666588,631.6666
56.682323,631.6666
56.701138,632.4484
56.71508,632.4484
56.73589,631.3136
56.74946,631.3136
56.771477,631.5375
56.78341,631.5375
56.79954,631.5375
56.818954,630.1188
56.833405,630.1188
56.854004,629.94006
56.867207,629.94006
56.88214,629.94006
56.90151,630.14417
56.91588,630.14417
56.935265,629.2134
56.950863,629.2134
56.96735,629.14526
56.984768,629.14526
56.999527,629.14526
57.01758,630.157
57.033615,630.157
57.051376,630.09735
57.067127,630.09735
57.084614,628.93695
57.1011,628.93695
57.1169,628.93695
57.13588,630.8017
57.149784,630.8017
57.16623,631.01904
57.18519,631.01904
57.20111,631.01904
57.21766,630.79364
57.23341,630.79364
57.25039,630.6018
57.266434,630.6018
57.285072,629.62555
57.300056,629.62555
57.319904,629.62555
57.335903,630.402
57.349243,630.402
57.36936,629.71564
57.383514,629.71564
57.399567,629.71564
57.41865,630.4115
57.434235,630.4115
57.451305,630.4115
57.46567,630.4115
57.484215,630.2193
57.5007,630.2193
57.51562,630.2193
57.5374,629.479
57.549797,629.479
57.568058,629.343
57.582924,629.343
57.599983,629.343
57.621143,628.31384
57.6338,628.31384
57.652103,628.1366
57.666477,628.1366
57.683067,628.1366
57.70095,628.1435
57.716125,628.1435
57.734478,627.39746
57.750416,627.39746
57.7711,628.0243
57.783073,628.0243
57.79989,628.0243
57.818684,626.2773
57.833813,626.2773
57.854626,626.5024
57.86697,626.5024
57.88431,626.2106
57.902767,626.2106
57.916935,626.2106
57.93737,626.4326
57.95013,626.4326
57.970554,626.4732
57.984142,626.4732
57.99948,626.4732
58.01764,625.7208
58.033947,625.7208
58.05056,625.10504
58.06679,625.10504
58.083706,624.8983
58.100426,624.8983
58.1158,624.8983
58.13453,624.9186
58.149776,624.9186
58.168953,625.08887
58.183983,625.08887
58.19977,625.08887
58.218643,625.02844
58.23435,625.02844
58.25296,625.9829
58.2665,625.9829
58.28226,625.9829
58.301373,626.1513
58.316807,626.1513
58.33515,625.87805
58.35001,625.87805
58.366795,625.2566
58.384274,625.2566
58.40124,625.2566
58.417347,625.42554
58.4339,625.42554
58.449577,624.41766
58.466038,624.41766
58.48427,623.6537
58.502125,623.6537
58.516804,623.6537
58.53724,623.213
58.550182,623.213
58.571785,622.9854
58.585155,622.9854
58.60016,622.9854
58.61743,622.30396
58.633232,622.30396
58.65077,622.7877
58.6671,622.7877
58.68222,622.7877
58.70028,622.99115
58.716927,622.99115
58.737095,622.83606
58.748814,622.83606
58.767773,622.616
58.783566,622.616
58.801533,622.616
58.818108,623.1312
58.833412,623.1312
58.85124,623.4
58.866318,623.4
58.883896,623.4795
58.900948,623.4795
58.916107,623.4795
58.93479,622.9692
58.94979,622.9692
58.968563,622.5845
58.98341,622.5845
59.001858,622.5845
59.018356,623.04254
59.032654,623.04254
59.05238,622.97
59.06664,622.97
59.08597,623.32947
59.101086,623.32947
59.116688,623.32947
59.13803,623.4881
59.150333,623.4881
59.165897,622.31915
59.183678,622.31915
59.200073,622.31915
59.218697,622.75
59.233395,622.75
59.25162,622.628
59.26569,622.628
59.28367,621.52704
59.300964,621.52704
59.316643,621.52704
59.335026,621.75
59.34998,621.75
59.3681,621.56885
59.38315,621.56885
59.40024,621.56885
59.416817,621.45374
59.433266,621.45374
59.45182,622.1423
59.467007,622.1423
59.484016,621.3408
59.500355,621.3408
59.515297,621.3408
59.53463,620.67206
59.54964,620.67206
59.567806,620.4536
59.58347,620.4536
59.6006,620.4536
59.618454,620.2567
59.632698,620.2567
59.65481,621.40497
59.66771,621.40497
59.68407,621.4828
59.701107,621.4828
59.716522,621.4828
59.73467,621.3895
59.750206,621.3895
59.771706,621.1184
59.783077,621.1184
59.80061,621.1184
59.81876,621.168
59.832954,621.168
59.852345,621.3755
59.86735,621.3755
59.884247,621.32776
59.901928,621.32776
59.915928,621.32776
59.935013,621.5209
59.950886,621.5209
59.96668,621.4113
59.98475,621.4113
59.999054,621.4113
60.0,621.4113
