0.2560364,653.8544
0.265536,653.8544
0.28061557,653.8544
0.29851532,656.31305
0.314591,656.31305
0.33280542,658.3917
0.3469531,658.3917
0.36397114,659.5388
0.3828804,659.5388
0.39709187,659.5388
0.41537312,663.0516
0.43177274,663.0516
0.44908231,664.09283
0.46403298,664.09283
0.47994593,664.09283
0.4986163,665.674
0.51289713,665.674
0.53117895,667.2091
0.5479615,667.2091
0.5644337,668.75
0.58235985,668.75
0.5978516,668.75
0.61985165,670.6166
0.63164276,670.6166
0.648258,673.0144
0.6637545,673.0144
0.6810897,673.0144
0.69800276,674.6139
0.71394163,674.6139
0.7352502,675.71497
0.7475692,675.71497
0.7641204,676.9557
0.7821708,676.9557
0.79817104,676.9557
0.8169936,677.364
0.83037895,677.364
0.8538559,679.51514
0.86490476,679.51514
0.88119036,679.51514
0.8995726,680.094
0.91478926,680.094
0.93386835,681.738
0.9482706,681.738
0.9658422,682.7185
0.9819916,682.7185
0.99798185,682.7185
1.0160645,684.8806
1.0314095,684.8806
1.0499768,685.3992
1.0642471,685.3992
1.0811204,685.3992
1.098079,686.1374
1.113858,686.1374
1.1349373,688.1829
1.1478076,688.1829
1.1646763,688.9496
1.1813991,688.9496
1.1984128,688.9496
1.2150664,690.9764
1.2307673,690.9764
1.2510641,690.61176
1.2632847,690.61176
1.2816706,690.61176
1.2989889,693.26447
1.3141518,693.26447
1.3322737,694.39465
1.3480211,694.39465
1.3649931,696.31274
1.3814368,696.31274
1.3972796,696.31274
1.417179,696.3087
1.4302862,696.3087
1.4490697,696.4178
1.4641812,696.4178
1.4834054,696.4178
1.4993473,697.3662
1.5144403,697.3662
1.5310793,698.1708
1.5470762,698.1708
1.5648859,698.8878
1.5809691,698.8878
1.5972738,698.8878
1.6189744,700.469
1.6319784,700.469
1.6482972,701.15533
1.6640981,701.15533
1.6803012,701.15533
1.6973541,702.69604
1.7145028,702.69604
1.7322237,703.1675
1.746933,703.1675
1.7665436,702.8114
1.7827222,702.8114
1.799854,702.8114
1.8155369,704.29004
1.8303511,704.29004
1.849762,705.56335
1.8637758,705.56335
1.882395,705.56335
1.8994102,706.96295
1.9152751,706.96295
1.9327028,707.7033
1.9479685,707.7033
1.9666085,707.93567
1.9814625,707.93567
1.9977151,707.93567
2.015607,707.93567
2.0329638,707.6028
2.053787,708.53076
2.063393,708.53076
2.0817928,708.53076
2.0994854,709.69336
2.115118,709.69336
2.1353352,711.31213
2.149701,711.31213
2.1649687,712.49713
2.1818616,712.49713
2.1975822,712.49713
2.2159882,713.08844
2.2309577,713.08844
2.2506092,713.47015
2.2629895,713.47015
2.2804718,713.47015
2.2990577,713.8906
2.3139892,713.8906
2.33524,714.2295
2.3480966,714.2295
2.3651755,715.21906
2.3850017,715.21906
2.398527,715.21906
2.4156344,715.19006
2.4334857,715.19006
2.4511895,715.7522
2.4664557,715.7522
2.4828243,715.7522
2.5013855,715.92395
2.5147264,715.92395
2.5364537,716.2561
2.5478172,716.2561
2.5655537,716.43243
2.5832703,716.43243
2.598413,716.43243
2.6158183,717.0
2.6303391,717.0
2.6483865,716.6666
2.6642025,716.6666
2.6809626,716.6666
2.6986673,717.1
2.7137334,717.1
2.732345,716.94446
2.7474904,716.94446
2.7640214,717.2258
2.7828074,717.2258
2.7967186,717.2258
2.8151093,717.5
2.8306332,717.5
2.8522794,718.0
2.8634949,718.0
2.910658,718.0
2.9326968,718.0
2.9478016,718.5
2.9581819,718.5
2.975118,717.7
2.9899225,717.7
3.011486,717.7
3.0249014,717.7
3.0402782,717.7
3.0591757,718.5
3.0736377,718.5
3.0906029,718.5
3.1069663,718.5
3.1226249,718.5
3.1404562,717.8095
3.1577244,717.8095
3.1743908,717.8095
3.190898,717.8095
3.2084541,717.82605
3.2232313,717.82605
3.2396588,717.82605
3.2571852,717.2414
3.2747085,717.2414
3.2908607,716.97437
3.307609,716.97437
3.3282084,716.97437
3.3412201,716.97437
3.357477,716.97437
3.3789623,716.8125
3.389237,716.8125
3.4067328,717.079
3.4241817,717.079
3.4404073,717.079
3.4582655,716.7705
3.4734256,716.7705
3.495842,716.3823
3.5072346,716.3823
3.5396686,716.5454
3.5516112,716.5454
3.5639827,716.56
3.5853574,716.56
3.598564,716.56
3.6161253,716.46576
3.6322217,716.46576
3.6486795,716.6
3.6651626,716.6
3.6818314,716.6
3.700416,716.4675
3.7160416,716.4675
3.7334821,716.4675
3.7481346,716.4675
3.7643862,716.1923
3.7812576,716.1923
3.7983398,716.1923
3.8164835,716.1923
3.8323464,716.1923
3.8486187,716.4568
3.8638148,716.4568
3.882534,716.4568
3.8974695,716.4568
3.9149024,716.4568
3.9314222,716.09094
3.946581,716.09094
3.965073,716.09094
3.9815052,716.09094
3.9988146,716.09094
4.0154543,715.8025
4.0312524,715.8025
4.049029,715.8025
4.064676,715.8025
4.0821586,715.8025
4.0992465,715.9121
4.1152024,715.9121
4.1326118,715.9425
4.147577,715.9425
4.164852,715.8163
4.182107,715.8163
4.197838,715.8163
4.2174296,715.9355
4.2317777,715.9355
4.2506924,715.6923
4.265214,715.6923
4.2819147,715.6923
4.3016834,715.9
4.3150454,715.9
4.335081,715.8523
4.3464355,715.8523
4.367528,716.0
4.3837857,716.0
4.3974514,716.0
4.417075,716.1183
4.432048,716.1183
4.449321,716.23914
4.464846,716.23914
4.482491,716.23914
4.499881,715.8229
4.5150166,715.8229
4.534814,715.8
4.5483036,715.8
4.5712214,715.7368
4.583523,715.7368
4.5973997,715.7368
4.619668,715.86865
4.630602,715.86865
4.6481056,715.78217
4.665393,715.78217
4.6819854,715.78217
4.6999145,715.9271
4.715043,715.9271
4.7317576,716.1354
4.7484035,716.1354
4.764891,716.11707
4.7836604,716.11707
4.798132,716.11707
4.8157654,716.046
4.832145,716.046
4.8526635,716.046
4.866257,716.046
4.881815,716.046
4.899383,715.94946
4.9145336,715.94946
4.9327183,715.94946
4.9492855,715.94946
4.965463,715.3793
4.9836583,715.3793
4.9978614,715.3793
5.0164523,715.0
5.032025,715.0
5.0487013,715.09094
5.06425,715.09094
5.0817165,715.09094
5.0981693,715.1008
5.1142216,715.1008
5.1335444,715.15845
5.1482725,715.15845
5.1658154,714.6869
5.18239,714.6869
5.1975174,714.6869
5.216912,714.90265
5.231265,714.90265
5.2525806,715.1802
5.2644334,715.1802
5.2814927,715.1802
5.300563,715.1473
5.3142805,715.1473
5.3335104,714.75916
5.348692,714.75916
5.364566,714.79364
5.381854,714.79364
5.3985367,714.79364
5.416872,714.79364
5.4312444,714.79364
5.451754,714.7721
5.466609,714.7721
5.4817233,714.7721
5.5003247,714.7721
5.515406,714.7721
5.534413,714.8049
5.548472,714.8049
5.5644684,714.88135
5.5823717,714.88135
5.5984225,714.88135
5.615662,714.55457
5.63254,714.55457
5.649129,714.47864
5.6645846,714.47864
5.6822133,714.47864
5.700266,714.47485
5.7147436,714.47485
5.7322793,714.40625
5.7487855,714.40625
5.7642283,714.4475
5.783519,714.4475
5.799149,714.4475
5.815999,714.3507
5.8321953,714.3507
5.8497686,714.03424
5.8635187,714.03424
5.881264,714.03424
5.899893,713.96375
5.915952,713.96375
5.931574,713.60144
5.9483504,713.60144
5.9646473,713.60144
5.982939,713.60144
5.9975204,713.60144
6.0157924,713.55
6.032592,713.55
6.049725,713.5177
6.063785,713.5177
6.081381,713.5177
6.098531,714.176
6.1149244,714.176
6.1326513,713.6306
6.148064,713.6306
6.1645827,713.57324
6.1819406,713.57324
6.196938,713.57324
6.217927,713.57324
6.23018,713.57324
6.250201,713.6273
6.2639446,713.6273
6.2882266,713.8808
6.304409,713.8808
6.3143005,713.8808
6.33362,711.97437
6.3471212,711.97437
6.366221,711.5632
6.383707,711.5632
6.398136,711.5632
6.417131,709.8928
6.4321046,709.8928
6.44938,709.04706
6.4650784,709.04706
6.481169,709.04706
6.500139,708.6133
6.5133057,708.6133
6.5336137,708.0703
6.5480294,708.0703
6.5651426,706.9162
6.5818086,706.9162
6.5981727,706.9162
6.616342,706.3334
6.6316776,706.3334
6.648174,706.3412
6.664959,706.3412
6.6803575,706.3412
6.6998677,705.41705
6.7149034,705.41705
6.731926,704.89233
6.7475815,704.89233
6.7638273,703.69055
6.7864637,703.69055
6.7983375,703.69055
6.8150206,702.09753
6.832282,702.09753
6.8490806,701.18225
6.8644376,701.18225
6.8815384,701.18225
6.8987603,700.7424
6.91452,700.7424
6.9327807,699.47876
6.9486136,699.47876
6.965182,699.2864
6.981721,699.2864
6.9985905,699.2864
7.016708,699.10376
7.0323596,699.10376
7.0491667,698.12445
7.0666904,698.12445
7.081706,698.12445
7.0972204,698.12445
7.1168046,698.4622
7.1332498,697.444
7.149848,697.444
7.164268,696.3767
7.1826987,696.3767
7.1966534,696.3767
7.217433,695.5941
7.2305145,695.5941
7.2519217,695.4319
7.2643795,695.4319
7.281371,695.4319
7.3002133,693.37085
7.3149242,693.37085
7.333031,692.16077
7.3479767,692.16077
7.3663564,690.4418
7.3826756,690.4418
7.397849,690.4418
7.4159746,690.7218
7.4315658,690.7218
7.4498153,690.31433
7.464533,690.31433
7.482099,690.31433
7.499987,689.328
7.5149517,689.328
7.532483,688.996
7.5485954,688.996
7.567516,688.6459
7.583845,688.6459
7.5987086,688.6459
7.617125,686.26294
7.6308537,686.26294
7.649328,684.8605
7.6649227,684.8605
7.682256,684.8605
7.6986265,685.129
7.713908,685.129
7.7331343,683.0807
7.7471886,683.0807
7.7643523,682.5665
7.783251,682.5665
7.7983146,682.5665
7.817675,681.89404
7.8328876,681.89404
7.853594,680.49365
7.86376,680.49365
7.8824015,680.49365
7.898135,679.83655
7.9144998,679.83655
7.9347925,679.01624
7.948021,679.01624
7.965042,679.3939
7.9833755,679.3939
7.9970417,679.3939
8.01636,678.80524
8.032224,678.80524
8.053859,678.2214
8.063956,678.2214
8.081369,678.2214
8.099223,677.2143
8.115651,677.2143
8.1325865,676.2529
8.147265,676.2529
8.164089,676.1853
8.182188,676.1853
8.198616,676.1853
8.215885,676.50635
8.232474,676.50635
8.25024,674.88354
8.2639675,674.88354
8.2808,674.88354
8.298834,674.09784
8.314343,674.09784
8.332129,672.06494
8.348315,672.06494
8.365059,671.85596
8.381873,671.85596
8.397975,671.85596
8.416854,669.4681
8.43277,669.4681
8.44826,670.36646
8.464782,670.36646
8.481213,670.36646
8.499556,669.3984
8.515028,669.3984
8.532656,669.4658
8.548041,669.4658
8.565148,668.3421
8.582011,668.3421
8.597801,668.3421
8.615878,667.40173
8.631514,667.40173
8.652678,667.3783
8.664552,667.3783
8.682048,667.3783
8.699512,667.50635
8.714743,667.50635
8.735603,668.32947
8.748182,668.32947
8.764024,667.7711
8.783523,667.7711
8.797726,667.7711
8.816194,667.349
8.831195,667.349
8.848979,667.6033
8.864518,667.6033
8.882436,667.6033
8.899036,668.36035
8.914221,668.36035
8.932127,667.39453
8.947635,667.39453
8.965626,668.26404
8.981687,668.26404
8.997619,668.26404
9.01543,668.0929
9.031369,668.0929
9.050167,668.6085
9.064151,668.6085
9.08139,668.6085
9.100126,669.0676
9.114984,669.0676
9.131787,667.2319
9.148833,667.2319
9.16419,667.2319
9.181642,667.2319
9.197057,667.2319
9.216305,665.1802
9.232303,665.1802
9.25263,664.8371
9.266368,664.8371
9.28267,664.8371
9.299148,664.10046
9.315479,664.10046
9.332979,664.4121
9.347504,664.4121
9.364565,664.5095
9.38248,664.5095
9.399227,664.5095
9.416432,663.6699
9.431123,663.6699
9.453704,664.6517
9.467216,664.6517
9.481729,664.6517
9.502078,664.34375
9.515241,664.34375
9.532157,662.96136
9.549525,662.96136
9.564899,663.3739
9.58324,663.3739
9.597214,663.3739
9.61717,662.69165
9.632065,662.69165
9.649388,662.69165
9.665205,662.69165
9.6811695,662.69165
9.699101,663.98987
9.714663,663.98987
9.732855,663.7861
9.748418,663.7861
9.764706,664.7533
9.782028,664.7533
9.797964,664.7533
9.816379,664.6267
9.830191,664.6267
9.850276,663.0274
9.864045,663.0274
9.881253,663.0274
9.899016,663.76105
9.915681,663.76105
9.933078,663.91125
9.948246,663.91125
9.968519,663.81396
9.983172,663.81396
9.998891,663.81396
10.016627,662.9585
10.032679,662.9585
10.050513,663.1818
10.065203,663.1818
10.081052,663.1818
10.099239,663.7072
10.114102,663.7072
10.136142,663.7306
10.147857,663.7306
10.168148,660.77435
10.182672,660.77435
10.198263,660.77435
10.216768,661.0881
10.231064,661.0881
10.2518015,662.2081
10.266758,662.2081
10.282645,662.2081
10.299986,662.82996
10.315674,662.82996
10.335667,661.56683
10.34876,661.56683
10.365273,661.43317
10.38368,661.43317
10.398289,661.43317
10.416443,662.4955
10.432121,662.4955
10.450121,662.76575
10.466231,662.76575
10.483096,662.76575
10.499751,662.06995
10.51628,662.06995
10.533538,662.06995
10.548835,662.06995
10.565983,660.97534
10.582407,660.97534
10.598732,660.97534
10.616326,661.0204
10.631516,661.0204
10.653314,661.59436
10.664241,661.59436
10.680495,661.59436
10.699361,661.49603
10.717109,661.49603
10.73197,660.3191
10.747114,660.3191
10.764414,660.3191
10.782733,660.3191
10.798935,660.3191
10.817172,661.5659
10.831767,661.5659
10.851648,661.57916
10.865695,661.57916
10.884692,662.0143
10.899368,662.0143
10.915282,662.0143
10.9338,662.1934
10.948008,662.1934
10.965101,661.70264
10.98306,661.70264
10.997999,661.70264
11.015699,661.95703
11.031769,661.95703
11.050818,660.04895
11.064778,660.04895
11.0820675,660.04895
11.100125,660.04895
11.115321,660.04895
11.135538,661.3678
11.148136,661.3678
11.164549,661.02905
11.182516,661.02905
11.197904,661.02905
11.215957,660.6749
11.232107,660.6749
11.249142,660.6749
11.26475,660.6749
11.281049,660.6749
11.299157,660.1715
11.314458,660.1715
11.333071,660.22406
11.349299,660.22406
11.365208,660.69293
11.38239,660.69293
11.399175,660.69293
11.416775,660.69293
11.431824,660.69293
11.453173,660.5314
11.464989,660.5314
11.481547,660.5314
11.499761,660.5125
11.514137,660.5125
11.532705,660.5244
11.548699,660.5244
11.564409,660.628
11.581934,660.628
11.59693,660.628
11.616109,660.15063
11.631752,660.15063
11.6490965,660.18677
11.664772,660.18677
11.681199,660.18677
11.700027,660.1609
11.715258,660.1609
11.735533,660.5654
11.7477665,660.5654
11.764236,661.1318
11.782834,661.1318
11.797294,661.1318
11.817224,660.751
11.830736,660.751
11.8500595,661.6748
11.864883,661.6748
11.881765,661.6748
11.898671,662.6498
11.914688,662.6498
11.933806,662.21875
11.947903,662.21875
11.965338,661.69714
11.982908,661.69714
11.998628,661.69714
12.017669,662.65234
12.032767,662.65234
12.049939,662.86273
12.06406,662.86273
12.082122,662.86273
12.099644,661.9021
12.114407,661.9021
12.131638,662.5834
12.148959,662.5834
12.1642685,660.79626
12.1816,660.79626
12.198341,660.79626
12.217388,662.89954
12.231279,662.89954
12.24929,663.243
12.265618,663.243
12.282408,663.243
12.303691,664.8513
12.315352,664.8513
12.3330965,664.7796
12.3482065,664.7796
12.364015,664.6171
12.382204,664.6171
12.3982315,664.6171
12.416786,666.41736
12.430869,666.41736
12.452929,667.6498
12.474026,667.6498
12.484984,668.1411
12.502321,668.1411
12.516089,668.1411
12.532853,668.92566
12.547804,668.92566
12.564086,670.8978
12.583161,670.8978
12.597542,670.8978
12.615396,673.17114
12.630704,673.17114
12.649807,673.1715
12.6633415,673.1715
12.681424,673.1715
12.699186,675.5858
12.715149,675.5858
12.73179,676.40186
12.746787,676.40186
12.764872,679.0
12.782822,679.0
12.79864,679.0
12.817687,680.81274
12.831199,680.81274
12.853617,682.2218
12.864244,682.2218
12.880962,682.2218
12.898924,684.1456
12.914539,684.1456
12.931485,685.34155
12.948308,685.34155
12.96465,686.8095
12.982769,686.8095
12.997297,686.8095
13.016647,688.24786
13.031308,688.24786
13.050039,692.171
13.064974,692.171
13.081213,692.171
13.0996,693.9722
13.1145315,693.9722
13.132148,695.87396
13.148302,695.87396
13.164895,696.2946
13.182904,696.2946
13.197767,696.2946
13.216188,697.03516
13.231655,697.03516
13.25122,696.9247
13.263752,696.9247
13.280962,696.9247
13.299723,696.85266
13.314778,696.85266
13.333013,697.67926
13.349146,697.67926
13.364902,698.2833
13.381831,698.2833
13.397921,698.2833
13.416344,698.3936
13.431959,698.3936
13.449488,698.6818
13.466179,698.6818
13.481856,698.6818
13.499764,699.57776
13.5151005,699.57776
13.533859,700.96375
13.548891,700.96375
13.56466,701.82184
13.583568,701.82184
13.597792,701.82184
13.619649,703.29254
13.631861,703.29254
13.649232,704.0105
13.665463,704.0105
13.681068,704.0105
13.700001,704.18665
13.714755,704.18665
13.73353,705.54675
13.749455,705.54675
13.7644205,706.2709
13.782644,706.2709
13.798538,706.2709
13.815423,706.4388
13.832073,706.4388
13.849104,706.6814
13.86541,706.6814
13.880979,706.6814
13.898896,707.37915
13.914643,707.37915
13.93599,708.5148
13.949204,708.5148
13.964205,708.37573
13.982402,708.37573
13.998985,708.37573
14.01914,709.7398
14.032255,709.7398
14.053729,710.24457
14.06424,710.24457
14.081945,710.24457
14.099873,711.0
14.1147,711.0
14.132576,711.4641
14.149464,711.4641
14.16418,711.9625
14.183333,711.9625
14.198256,711.9625
14.21776,712.4176
14.232056,712.4176
14.25122,712.9927
14.2654085,712.9927
14.281086,712.9927
14.298996,713.4646
14.315009,713.4646
14.332794,714.2612
14.348568,714.2612
14.365525,714.46716
14.382072,714.46716
14.397079,714.46716
14.41532,714.68494
14.4312,714.68494
14.451093,714.8397
14.4659605,714.8397
14.482007,714.8397
14.498258,714.8
14.514899,714.8
14.533278,714.59485
14.548922,714.59485
14.565403,715.0612
14.582979,715.0612
14.59727,715.0612
14.617466,714.73395
14.631853,714.73395
14.654011,714.7322
14.663996,714.7322
14.681206,714.7322
14.700005,714.7322
14.714479,714.7322
14.73266,715.1404
14.747905,715.1404
14.765784,715.042
14.783747,715.042
14.7988405,715.042
14.815656,714.40515
14.830537,714.40515
14.848705,714.4
14.863588,714.4
14.881528,714.4
14.899218,714.3594
14.914403,714.3594
14.9333105,714.09094
14.948051,714.09094
14.964972,714.09155
14.983227,714.09155
14.997633,714.09155
15.017048,713.95715
15.031545,713.95715
15.049665,713.6846
15.0656185,713.6846
15.082105,713.6846
15.097878,713.6846
15.11432,713.6846
15.133225,713.36804
15.148415,713.36804
15.164696,713.36804
15.183436,713.36804
15.198467,713.36804
15.217119,713.20544
15.232252,713.20544
15.249611,713.20544
15.264347,713.20544
15.280529,713.20544
15.300288,712.6747
15.314786,712.6747
15.333375,712.64
15.348839,712.64
15.364288,712.7707
15.383599,712.7707
15.398797,712.7707
15.416946,712.7516
15.432224,712.7516
15.451799,712.5305
15.465406,712.5305
15.481742,712.5305
15.499741,712.3791
15.515274,712.3791
15.53294,712.34753
15.5491495,712.34753
15.565318,712.4072
15.583173,712.4072
15.5979,712.4072
15.61977,712.1852
15.631994,712.1852
15.649279,712.04486
15.664979,712.04486
15.681409,712.04486
15.698023,712.3158
15.71442,712.3158
15.733075,712.0792
15.74841,712.0792
15.765539,712.0797
15.783143,712.0797
15.798149,712.0797
15.816329,711.90686
15.830709,711.90686
15.848861,712.19745
15.8648815,712.19745
15.882729,712.19745
15.899241,711.7862
15.914519,711.7862
15.932622,711.395
15.948,711.395
15.964882,711.6513
15.983105,711.6513
16.00028,711.6513
16.019327,711.5526
16.032667,711.5526
16.053375,711.4839
16.06536,711.4839
16.081219,711.4839
16.100063,710.96985
16.115267,710.96985
16.133049,710.96985
16.149109,710.96985
16.164322,710.9423
16.18313,710.9423
16.198242,710.9423
16.21744,711.2024
16.232182,711.2024
16.249819,711.0941
16.265234,711.0941
16.282087,711.0941
16.299864,711.1337
16.314611,711.1337
16.334606,710.9363
16.355413,710.9363
16.370077,710.5952
16.383003,710.5952
16.398422,710.5952
16.416426,709.9359
16.43208,709.9359
16.453007,710.15
16.46588,710.15
16.484707,709.5664
16.499517,709.5664
16.514814,709.5664
16.536186,709.1582
16.547848,709.1582
16.567165,709.6354
16.582533,709.6354
16.598686,709.6354
16.616564,708.3356
16.630669,708.3356
16.649607,708.2838
16.66543,708.2838
16.681879,708.2838
16.700047,708.25366
16.71618,708.25366
16.733198,707.8543
16.747843,707.8543
16.76455,707.7905
16.783573,707.7905
16.797367,707.7905
16.816908,708.2195
16.832111,708.2195
16.850586,708.26666
16.863914,708.26666
16.882341,708.26666
16.899035,708.9722
16.914051,708.9722
16.93317,709.3879
16.947832,709.3879
16.96512,708.875
16.983545,708.875
16.997736,708.875
17.01528,708.62366
17.03498,708.62366
17.052805,709.3279
17.065504,709.3279
17.082556,709.3279
17.102045,708.615
17.1156,708.615
17.13591,707.6454
17.148657,707.6454
17.165756,708.0796
17.181181,708.0796
17.197733,708.0796
17.21672,707.4166
17.23157,707.4166
17.249659,706.89
17.26425,706.89
17.281605,706.89
17.29926,706.5333
17.31502,706.5333
17.335577,706.8711
17.349182,706.8711
17.364666,705.10266
17.383356,705.10266
17.39746,705.10266
17.416641,705.1135
17.43228,705.1135
17.453697,706.43335
17.464514,706.43335
17.481916,706.43335
17.498884,705.22595
17.515543,705.22595
17.535292,705.74023
17.549356,705.74023
17.56467,705.4515
17.583231,705.4515
17.597593,705.4515
17.618565,705.3772
17.632286,705.3772
17.652428,705.2863
17.665506,705.2863
17.682665,705.2863
17.698982,706.1126
17.71458,706.1126
17.733927,706.60486
17.74857,706.60486
17.765888,706.2757
17.782515,706.2757
17.79939,706.2757
17.816626,706.2757
17.831306,706.2757
17.850054,705.1269
17.86422,705.1269
17.88251,705.1269
17.899965,705.1269
17.915142,705.1269
17.933008,704.9949
17.948038,704.9949
17.965199,704.9949
17.983423,704.9949
17.998444,704.9949
18.017437,704.6477
18.032509,704.6477
18.051239,705.2781
18.064198,705.2781
18.081516,705.2781
18.09889,704.05493
18.115627,704.05493
18.131275,704.5895
18.148603,704.5895
18.164444,704.1791
18.182875,704.1791
18.199724,704.1791
18.217567,704.86194
18.231762,704.86194
18.251745,703.9817
18.26422,703.9817
18.284111,704.0314
18.300488,704.0314
18.314825,704.0314
18.333206,702.8182
18.347786,702.8182
18.366566,701.0534
18.383415,701.0534
18.398237,701.0534
18.41865,700.8836
18.431362,700.8836
18.452703,699.73334
18.465124,699.73334
18.483494,698.6777
18.499392,698.6777
18.515593,698.6777
18.533188,698.375
18.549007,698.375
18.564936,698.375
18.583496,696.4978
18.597801,696.4978
18.617863,696.0
18.632242,696.0
18.653393,694.9575
18.66638,694.9575
18.688456,694.9575
18.699621,694.85767
18.715576,694.85767
18.737719,692.8745
18.747984,692.8745
18.764265,691.9353
18.783329,691.9353
18.798185,691.9353
18.817095,690.27893
18.831886,690.27893
18.849102,689.55743
18.864723,689.55743
18.881079,689.55743
18.899673,688.6139
18.914999,688.6139
18.932968,687.5171
18.949003,687.5171
18.964317,685.64685
18.983238,685.64685
18.998642,685.64685
19.017687,684.59485
19.032879,684.59485
19.053503,684.41016
19.064697,684.41016
19.082266,684.41016
19.09936,681.86865
19.130644,681.24554
19.142729,681.24554
19.15724,681.24554
19.173903,680.704
19.187847,680.704
19.205755,679.21075
19.224228,679.21075
19.2403,679.21075
19.256762,678.85657
19.27315,678.85657
19.291178,677.0112
19.304443,677.0112
19.32217,677.0112
19.340256,676.6151
19.35481,676.6151
19.37441,675.3396
19.388952,675.3396
19.410086,675.0867
19.42438,675.0867
19.44022,675.0867
19.460377,674.0763
19.476645,674.0763
19.490686,673.8082
19.505764,673.8082
19.52264,673.8082
19.539413,672.1498
19.555313,672.1498
19.573332,673.1393
19.589106,673.1393
19.605688,670.43567
19.622677,670.43567
19.640076,670.43567
19.657776,670.56506
19.672823,670.56506
19.68958,668.8229
19.705849,668.8229
19.722555,668.8229
19.73941,669.4453
19.754484,669.4453
19.7724,668.77936
19.790014,668.77936
19.805874,668.7706
19.823437,668.7706
19.838686,668.7706
19.857473,669.1234
19.871878,669.1234
19.89016,668.0748
19.906315,668.0748
19.922812,668.0748
19.93965,667.6008
19.954613,667.6008
19.97446,667.4789
19.989458,667.4789
20.005596,668.35986
20.02358,668.35986
20.040487,668.35986
20.056269,668.146
20.071676,668.146
20.09025,666.6195
20.106579,666.6195
20.122425,666.6195
20.140577,667.4362
20.155416,667.4362
20.173626,666.75195
20.188404,666.75195
20.205431,667.2957
20.222984,667.2957
20.238455,667.2957
20.255423,667.20416
20.272709,667.20416
20.29043,666.3613
20.304373,666.3613
20.32288,666.3613
20.340698,666.4297
20.354757,666.4297
20.3736,666.9541
20.388855,666.9541
20.405844,666.1594
20.42357,666.1594
20.4488,666.07825
20.460262,666.07825
20.473513,666.07825
20.493748,665.1535
20.506435,665.1535
20.524403,663.3721
20.539896,663.3721
20.556417,663.3721
20.574629,662.1592
20.589878,662.1592
20.608242,661.4623
20.623789,661.4623
20.639673,661.4623
20.657675,660.7318
20.67327,660.7318
20.69499,660.3087
20.7073,660.3087
20.72409,661.50775
20.741589,661.50775
20.755857,661.50775
20.774757,661.5928
20.790438,661.5928
20.808073,660.71545
20.823458,660.71545
20.839705,660.71545
20.856937,660.8855
20.874514,660.8855
20.8919,661.9115
20.906439,661.9115
20.92395,660.582
20.940367,660.582
20.956226,660.582
20.974802,660.7057
20.9902,660.7057
21.018106,659.7617
21.029757,659.7617
21.045761,660.36145
21.060902,660.36145
21.076351,660.36145
21.09393,660.3158
21.11024,660.3158
21.127901,660.766
21.145529,660.766
21.15902,660.766
21.176592,660.766
21.191954,660.766
21.210121,660.71014
21.225025,660.71014
21.242632,660.71014
21.260061,660.51904
21.277441,660.51904
21.29462,660.49817
21.308954,660.49817
21.326092,660.509
21.344654,660.509
21.359596,660.509
21.37676,660.9375
21.393028,660.9375
21.411358,659.81226
21.426386,659.81226
21.442791,659.81226
21.460308,658.91406
21.47663,658.91406
21.494236,658.2143
21.508593,658.2143
21.5271,657.1019
21.544247,657.1019
21.560146,657.1019
21.57787,657.63983
21.592484,657.63983
21.609365,657.10315
21.625586,657.10315
21.642172,657.10315
21.65996,657.10315
21.676487,657.10315
21.69429,657.50226
21.708399,657.50226
21.726416,657.50226
21.743567,657.36707
21.760654,657.36707
21.777103,657.9817
21.793745,657.9817
21.810333,658.1937
21.825157,658.1937
21.84194,658.1937
21.862366,657.8465
21.876427,657.8465
21.893719,657.23785
21.90927,657.23785
21.925655,657.82465
21.944538,657.82465
21.959272,657.82465
21.978424,657.95374
21.992928,657.95374
22.010183,657.1469
22.027136,657.1469
22.042381,657.1469
22.06118,657.1469
22.077576,657.1469
22.094076,656.94763
22.108543,656.94763
22.12643,656.58655
22.144653,656.58655
22.159872,656.58655
22.17672,656.35095
22.192497,656.35095
22.209532,656.2876
22.226618,656.2876
22.242825,656.2876
22.26118,656.30994
22.276453,656.30994
22.297068,655.31165
22.309328,655.31165
22.329386,657.14404
22.343964,657.14404
22.359718,657.14404
22.378056,657.14404
22.393267,657.14404
22.410093,654.37823
22.425848,654.37823
22.44254,654.37823
22.46052,655.3396
22.47599,655.3396
22.493631,654.8861
22.508846,654.8861
22.525164,654.92615
22.544369,654.92615
22.558712,654.92615
22.576727,655.8182
22.591703,655.8182
22.610651,655.8182
22.62552,655.8182
22.642569,655.8182
22.65981,656.1845
22.676437,656.1845
22.696936,656.1845
22.710003,656.1845
22.728662,655.32324
22.744707,655.32324
22.758865,655.32324
22.776619,655.32324
22.79201,655.32324
22.811152,655.29047
22.825584,655.29047
22.841644,655.29047
22.861118,655.147
22.876017,655.147
22.893984,654.5845
22.909832,654.5845
22.92462,654.5845
22.943136,654.5845
22.959919,654.5845
22.977722,654.7974
22.992176,654.7974
23.014065,654.74475
23.02619,654.74475
23.043997,654.4358
23.060219,654.4358
23.076605,654.4358
23.094368,654.4358
23.110111,654.4358
23.128323,654.75
23.143942,654.75
23.1591,654.75
23.177723,654.75
23.192762,654.75
23.214485,653.36633
23.225645,653.36633
23.24156,653.36633
23.260952,653.463
23.27574,653.463
23.293728,653.70984
23.309721,653.70984
23.326038,654.4722
23.344624,654.4722
23.359219,654.4722
23.378448,654.8692
23.39283,654.8692
23.411753,654.817
23.426899,654.817
23.443727,654.3468
23.460833,654.3468
23.476526,654.3468
23.494469,654.5102
23.508974,654.5102
23.525068,652.7875
23.544184,652.7875
23.558813,652.7875
23.578154,652.9138
23.593815,652.9138
23.61296,653.9137
23.627077,653.9137
23.643145,653.9137
23.66101,653.7403
23.676552,653.7403
23.693775,653.5
23.709023,653.5
23.726015,654.1818
23.744015,654.1818
23.761826,654.1818
23.777935,654.173
23.793488,654.173
23.814014,654.173
23.825397,654.173
23.842623,654.173
23.859732,654.0038
23.876122,654.0038
23.89636,654.0608
23.908995,654.0608
23.92675,654.02136
23.94435,654.02136
23.958681,654.02136
23.977465,654.621
23.993765,654.621
24.010078,655.147
24.026579,655.147
24.042704,655.147
24.061184,655.2447
24.07604,655.2447
24.093828,654.1311
24.109068,654.1311
24.125887,655.48914
24.14356,655.48914
24.159279,655.48914
24.177982,656.8218
24.19268,656.8218
24.214739,657.68146
24.22648,657.68146
24.244951,658.625
24.2616,658.625
24.27626,658.625
24.294403,659.4424
24.310188,659.4424
24.327251,660.7106
24.343428,660.7106
24.358992,660.7106
24.376944,660.87
24.392387,660.87
24.410398,660.869
24.426216,660.869
24.442488,660.869
24.46051,662.2393
24.475443,662.2393
24.49344,662.944
24.508774,662.944
24.526249,663.8419
24.543978,663.8419
24.559618,663.8419
24.578154,665.56146
24.592901,665.56146
24.611317,666.605
24.626196,666.605
24.643003,666.605
24.660948,667.2811
24.676014,667.2811
24.693855,668.7512
24.71006,668.7512
24.72545,670.0917
24.744343,670.0917
24.75955,670.0917
24.777416,671.7019
24.79385,671.7019
24.810595,674.30396
24.825397,674.30396
24.842615,674.30396
24.861103,675.7932
24.87562,675.7932
24.894356,677.5127
24.908358,677.5127
24.927055,678.8186
24.944416,678.8186
24.95906,678.8186
24.97615,679.952
24.994078,679.952
25.01123,681.77234
25.026152,681.77234
25.044014,681.3198
25.06035,681.3198
25.075281,681.3198
25.095776,683.6266
25.109373,683.6266
25.128078,683.7385
25.143522,683.7385
25.1589,683.7385
25.177721,684.944
25.19327,684.944
25.211191,687.39453
25.227156,687.39453
25.244097,689.68445
25.260555,689.68445
25.276743,689.68445
25.294418,688.8186
25.30952,688.8186
25.326504,690.02246
25.345325,690.02246
25.35888,690.02246
25.37837,690.69385
25.393087,690.69385
25.412449,694.5992
25.42602,694.5992
25.442446,694.5992
25.461363,695.19354
25.475782,695.19354
25.494522,695.58606
25.508879,695.58606
25.527887,697.2817
25.543076,697.2817
25.559391,697.2817
25.577976,698.951
25.592686,698.951
25.610935,698.5294
25.626816,698.5294
25.64365,700.5749
25.660568,700.5749
25.675922,700.5749
25.693703,700.63367
25.710266,700.63367
25.725904,701.8465
25.743773,701.8465
25.758963,701.8465
25.782938,702.8405
25.792578,702.8405
25.809828,704.01794
25.825644,704.01794
25.842558,704.01794
25.861488,705.6946
25.875755,705.6946
25.894264,706.4706
25.909489,706.4706
25.927998,706.38916
25.943901,706.38916
25.960703,706.38916
25.977425,707.244
25.992805,707.244
26.010954,708.09344
26.025621,708.09344
26.043867,707.8982
26.061016,707.8982
26.076235,707.8982
26.09479,709.06836
26.110401,709.06836
26.131685,709.175
26.143682,709.175
26.160904,709.175
26.1778,709.8301
26.192396,709.8301
26.210806,710.74603
26.225765,710.74603
26.242203,710.74603
26.260784,710.8988
26.277046,710.8988
26.293575,711.70654
26.309057,711.70654
26.324852,711.87415
26.34436,711.87415
26.359335,711.87415
26.378227,712.6666
26.39343,712.6666
26.410763,713.57043
26.425253,713.57043
26.444704,713.57043
26.461292,714.0217
26.476532,714.0217
26.493267,713.8292
26.51011,713.8292
26.525215,714.3218
26.544065,714.3218
26.560122,714.3218
26.577185,714.1288
26.59329,714.1288
26.610266,714.4351
26.626205,714.4351
26.642143,714.4351
26.661188,713.7483
26.675673,713.7483
26.69431,713.7483
26.708712,713.7483
26.726156,713.36365
26.74411,713.36365
26.759026,713.36365
26.777864,712.9255
26.791925,712.9255
26.809925,713.255
26.825754,713.255
26.84187,713.255
26.86065,713.255
26.876032,713.255
26.894907,712.7483
26.910898,712.7483
26.927336,712.5036
26.944515,712.5036
26.95843,712.5036
26.977863,712.595
26.99382,712.595
27.014517,712.92255
27.026487,712.92255
27.042356,712.92255
27.060476,712.21387
27.075895,712.21387
27.096073,712.21387
27.109138,712.21387
27.1268,711.6577
27.144472,711.6577
27.159246,711.6577
27.177494,711.9221
27.192026,711.9221
27.214972,711.84143
27.22591,711.84143
27.242373,711.84143
27.261234,711.70703
27.274973,711.70703
27.294184,711.96216
27.309496,711.96216
27.32633,711.60803
27.3448,711.60803
27.35979,711.60803
27.377613,711.28
27.39348,711.28
27.410517,711.55914
27.42689,711.55914
27.443785,710.8325
27.460777,710.8325
27.4768,710.8325
27.494629,710.63354
27.508512,710.63354
27.52816,710.89417
27.550108,710.89417
27.561827,710.89417
27.57562,711.204
27.592146,711.204
27.611235,710.74
27.625906,710.74
27.643427,710.8081
27.660452,710.8081
27.676558,710.8081
27.694227,710.95105
27.70934,710.95105
27.726494,710.8783
27.744934,710.8783
27.759851,710.8783
27.776785,710.0604
27.794521,710.0604
27.810469,710.0604
27.825666,710.0604
27.842505,710.0604
27.859835,709.77295
27.876616,709.77295
27.894762,709.86566
27.909695,709.86566
27.926725,709.64246
27.943617,709.64246
27.959682,709.64246
27.978767,709.64246
27.992506,709.64246
28.011904,710.2514
28.027702,710.2514
28.042667,710.2514
28.061548,710.3294
28.076975,710.3294
28.09724,710.48486
28.109379,710.48486
28.127428,710.4702
28.14461,710.4702
28.159733,710.4702
28.179148,709.875
28.192514,709.875
28.213263,710.0635
28.225603,710.0635
28.244087,710.1759
28.259747,710.1759
28.276176,710.1759
28.29477,710.1616
28.30892,710.1616
28.327938,709.8281
28.343037,709.8281
28.359259,709.8281
28.37748,710.09644
28.392313,710.09644
28.41187,709.54065
28.426794,709.54065
28.441872,709.54065
28.460852,709.54065
28.476933,709.54065
28.495592,709.3115
28.510603,709.3115
28.525713,709.22284
28.543716,709.22284
28.558615,709.22284
28.57788,709.2378
28.592667,709.2378
28.610975,709.2337
28.62779,709.2337
28.641897,709.2337
28.661028,709.61426
28.676968,709.61426
28.693586,709.67004
28.708471,709.67004
28.726784,708.88043
28.74387,708.88043
28.759623,708.88043
28.77763,709.20636
28.792583,709.20636
28.810703,709.6526
28.82565,709.6526
28.843384,709.6526
28.861256,709.6526
28.876703,709.6526
28.895617,708.74286
28.909908,708.74286
28.927732,708.8378
28.943813,708.8378
28.959957,708.8378
28.976665,708.87573
28.993002,708.87573
29.01008,709.0351
29.027174,709.0351
29.043058,709.0351
29.060534,708.4535
29.07699,708.4535
29.095093,708.4535
29.109955,708.4535
29.127914,708.45087
29.144127,708.45087
29.160067,708.45087
29.177778,707.81775
29.193083,707.81775
29.211798,707.7849
29.22736,707.7849
29.244986,707.7849
29.26052,707.7849
29.27703,707.7849
29.294338,707.8207
29.31029,707.8207
29.327938,707.9625
29.34344,707.9625
29.359144,707.9625
29.378124,708.73706
29.393032,708.73706
29.41115,708.1523
29.427158,708.1523
29.4438,708.8318
29.461267,708.8318
29.476109,708.8318
29.495514,708.8
29.51534,708.8
29.533285,707.7716
29.54312,707.7716
29.559574,707.7716
29.578226,707.6548
29.592934,707.6548
29.61078,707.64606
29.627678,707.64606
29.643433,707.64606
29.660402,707.64606
29.6766,707.64606
29.694592,707.66846
29.709217,707.66846
29.7278,707.7355
29.742891,707.7355
29.761736,707.7355
29.778389,706.8191
29.792686,706.8191
29.810734,706.92017
29.825302,706.92017
29.84371,707.2152
29.8608,707.2152
29.877138,707.2152
29.893774,707.0845
29.91052,707.0845
29.92635,707.89734
29.945137,707.89734
29.959679,707.89734
29.97874,707.89734
29.993633,707.89734
30.011154,707.0132
30.026262,707.0132
30.04525,707.1752
30.059288,707.1752
30.076868,707.1752
30.095478,707.1546
30.109848,707.1546
30.126339,706.6555
30.144161,706.6555
30.159737,706.6555
30.178247,706.8152
30.19387,706.8152
30.21028,706.1101
30.226692,706.1101
30.24302,706.1101
30.260597,705.60913
30.276114,705.60913
30.29484,704.9657
30.30933,704.9657
30.327297,703.80444
30.342524,703.80444
30.361147,703.80444
30.378271,703.2275
30.392757,703.2275
30.411354,702.09314
30.42673,702.09314
30.44234,702.09314
30.461287,701.312
30.476871,701.312
30.494604,701.44885
30.508842,701.44885
30.52707,699.3705
30.543976,699.3705
30.568117,698.2857
30.5835,698.2857
30.593056,698.2857
30.613672,698.3346
30.627237,698.3346
30.643677,696.8602
30.660194,696.8602
30.676767,696.8602
30.697363,695.55914
30.709564,695.55914
30.726906,694.9408
30.743996,694.9408
30.759705,694.9408
30.777428,694.30615
30.79375,694.30615
30.810951,692.8356
30.825281,692.8356
30.84264,692.8356
30.859566,691.566
30.876923,691.566
30.894646,689.8685
30.9092,689.8685
30.931475,689.16345
30.943823,689.16345
30.959461,689.16345
30.977463,688.67285
30.992767,688.67285
31.011852,687.5423
31.027866,687.5423
31.044651,686.0558
31.061104,686.0558
31.07751,686.0558
31.09456,684.92944
31.1088,684.92944
31.126389,683.9409
31.14409,683.9409
31.160175,683.9409
31.178566,682.83594
31.193373,682.83594
31.215214,681.5273
31.226093,681.5273
31.24282,681.5273
31.259169,681.2683
31.276396,681.2683
31.294613,679.84814
31.30981,679.84814
31.328642,678.7891
31.34381,678.7891
31.359436,678.7891
31.377596,677.80524
31.392864,677.80524
31.412382,676.11694
31.425766,676.11694
31.444172,675.56616
31.460817,675.56616
31.475666,675.56616
31.493841,674.15826
31.509874,674.15826
31.52633,672.6751
31.544294,672.6751
31.560059,672.6751
31.577631,671.9888
31.59311,671.9888
31.611176,671.277
31.62708,671.277
31.642298,671.277
31.661085,669.80786
31.677013,669.80786
31.694216,668.78015
31.709482,668.78015
31.729124,667.97656
31.743784,667.97656
31.758972,667.97656
31.778122,667.0836
31.794407,667.0836
31.810932,666.3434
31.825636,666.3434
31.843962,665.2101
31.861265,665.2101
31.877079,665.2101
31.894703,665.0769
31.909672,665.0769
31.926775,664.58234
31.945362,664.58234
31.959524,664.58234
31.977537,663.17065
31.993425,663.17065
32.011986,663.97644
32.027836,663.97644
32.04649,664.28186
32.06113,664.28186
32.076458,664.28186
32.094143,661.8633
32.10957,661.8633
32.13176,661.7
32.14399,661.7
32.159046,661.7
32.17812,660.10034
32.192852,660.10034
32.21174,659.33704
32.226788,659.33704
32.24389,659.7837
32.261345,659.7837
32.277695,659.7837
32.294006,658.4217
32.30941,658.4217
32.326897,658.5106
32.3445,658.5106
32.359077,658.5106
32.377438,658.45
32.393314,658.45
32.411087,658.32947
32.42559,658.32947
32.44259,658.32947
32.46209,656.91956
32.477608,656.91956
32.49397,656.9011
32.509037,656.9011
32.528305,656.584
32.54341,656.584
32.5722,654.5458
32.58422,654.5458
32.596935,654.5458
32.61594,654.83716
32.629604,654.83716
32.648743,653.5597
32.66443,653.5597
32.681644,653.5597
32.699337,653.28076
32.71341,653.28076
32.734962,653.2886
32.747314,653.2886
32.764233,652.2706
32.780117,652.2706
32.796257,652.2706
32.815582,652.33984
32.831017,652.33984
32.84878,651.2934
32.864204,651.2934
32.88013,651.2934
32.898815,652.1992
32.91286,652.1992
32.930645,652.3689
32.946228,652.3689
32.966393,652.3465
32.980396,652.3465
32.996372,652.3465
33.01462,653.4795
33.031563,653.4795
33.04968,652.9585
33.063824,652.9585
33.081097,652.9585
33.097687,653.38464
33.113117,653.38464
33.13051,652.9643
33.14721,652.9643
33.16466,652.7114
33.18164,652.7114
33.197388,652.7114
33.214966,652.1299
33.230362,652.1299
33.24774,652.2727
33.263943,652.2727
33.2808,652.2727
33.29879,652.8241
33.31444,652.8241
33.33193,652.90564
33.347313,652.90564
33.363796,651.8406
33.38177,651.8406
33.396015,651.8406
33.41546,651.794
33.4309,651.794
33.446133,651.6572
33.46463,651.6572
33.48018,651.6572
33.499184,651.68146
33.51408,651.68146
33.53642,652.0039
33.54769,652.0039
33.562435,652.0039
33.581944,652.0039
33.596718,652.0039
33.618134,651.4542
33.630344,651.4542
33.64778,651.5308
33.664364,651.5308
33.68113,651.5308
33.698437,650.841
33.71243,650.841
33.7305,650.841
33.74671,650.841
33.764088,649.8523
33.780643,649.8523
33.797375,649.8523
33.81502,650.171
33.830006,650.171
33.849033,650.19543
33.863693,650.19543
33.880314,650.19543
33.897224,650.3086
33.913635,650.3086
33.931904,650.532
33.94715,650.532
33.964535,650.41455
33.98164,650.41455
33.99655,650.41455
34.01528,650.4552
34.031002,650.4552
34.048683,650.88
34.06272,650.88
34.080956,650.88
34.098736,650.3334
34.113808,650.3334
34.13552,651.4945
34.14704,651.4945
34.164387,651.21985
34.18162,651.21985
34.19667,651.21985
34.215645,651.4387
34.23129,651.4387
34.24851,651.64026
34.26372,651.64026
34.28138,651.64026
34.299164,651.83276
34.31395,651.83276
34.332413,651.3164
34.34795,651.3164
34.364956,651.19366
34.38118,651.19366
34.39823,651.19366
34.415718,652.2705
34.43091,652.2705
34.449673,652.80066
34.46543,652.80066
34.481518,652.80066
34.498215,652.0328
34.51469,652.0328
34.53225,652.4276
34.548233,652.4276
34.56389,652.44556
34.58198,652.44556
34.5965,652.44556
34.619232,652.1177
34.630375,652.1177
34.652687,651.17395
34.66409,651.17395
34.679672,651.17395
34.698433,650.78
34.71281,650.78
34.731064,651.3015
34.74735,651.3015
34.76301,651.3015
34.781303,651.3015
34.79563,651.3015
34.815857,652.26337
34.830246,652.26337
34.848354,652.26337
34.864277,652.26337
34.88096,652.26337
34.897083,652.00745
34.91317,652.00745
34.93143,651.8016
34.947178,651.8016
34.96367,651.29517
34.981773,651.29517
34.998894,651.29517
35.014854,651.708
35.030483,651.708
35.04817,651.87744
35.062687,651.87744
35.08052,651.87744
35.097546,651.82935
35.11392,651.82935
35.13143,652.06946
35.146706,652.06946
35.16378,652.06946
35.18141,652.06946
35.196144,652.06946
35.214233,651.5902
35.230175,651.5902
35.250072,652.0419
35.262985,652.0419
35.282295,652.0419
35.298016,651.74146
35.313576,651.74146
35.332012,651.67316
35.34848,651.67316
35.36453,651.4962
35.381336,651.4962
35.408062,651.73584
35.419815,651.73584
35.43251,651.73584
35.451294,651.7628
35.466244,651.7628
35.483402,651.7628
35.499905,651.7628
35.517853,651.7628
35.533955,651.3795
35.549408,651.3795
35.57165,651.6504
35.58173,651.6504
35.599113,651.6504
35.617077,651.55884
35.632904,651.55884
35.65122,651.1992
35.6656,651.1992
35.682335,651.1992
35.70161,652.0616
35.716007,652.0616
35.73736,651.18286
35.753708,651.18286
35.766834,653.4889
35.784443,653.4889
35.80341,653.43866
35.81737,653.43866
35.83333,653.43866
35.85214,653.7571
35.865322,653.7571
35.884598,654.421
35.900322,654.421
35.915432,654.421
35.934284,653.80237
35.94832,653.80237
35.967754,655.04236
35.982327,655.04236
36.000687,655.04236
36.017746,655.4758
36.03332,655.4758
36.050323,654.648
36.067375,654.648
36.084583,656.3812
36.100204,656.3812
36.115444,656.3812
36.134296,656.9309
36.14985,656.9309
36.166557,658.6616
36.18423,658.6616
36.199192,658.6616
36.218365,659.2345
36.233284,659.2345
36.250538,659.3466
36.266598,659.3466
36.282738,659.3466
36.30134,661.1698
36.316494,661.1698
36.33401,662.2814
36.34945,662.2814
36.371418,662.3463
36.382397,662.3463
36.400154,662.3463
36.41827,663.9429
36.433147,663.9429
36.4508,664.8417
36.466194,664.8417
36.48354,666.1814
36.50119,666.1814
36.51551,666.1814
36.53518,667.7273
36.549606,667.7273
36.567978,668.1417
36.583508,668.1417
36.59935,668.1417
36.61684,670.4137
36.632217,670.4137
36.65066,671.3536
36.66685,671.3536
36.682667,671.3536
36.699913,672.3557
36.71646,672.3557
36.734447,674.77985
36.748608,674.77985
36.76778,676.4209
36.783146,676.4209
36.800358,676.4209
36.817978,675.8941
36.832455,675.8941
36.85532,678.18726
36.866055,678.18726
36.88225,678.18726
36.901726,679.2744
36.916447,679.2744
36.93509,681.4356
36.950294,681.4356
36.96741,682.124
36.984917,682.124
37.000095,682.124
37.018986,684.1185
37.033173,684.1185
37.05229,686.5873
37.06532,686.5873
37.083424,686.5873
37.0999,687.4308
37.116093,687.4308
37.13386,688.23254
37.150394,688.23254
37.166363,688.57263
37.184315,688.57263
37.19892,688.57263
37.21838,691.0687
37.233055,691.0687
37.250137,692.041
37.266167,692.041
37.28282,692.041
37.300743,693.2
37.31724,693.2
37.334778,694.7026
37.356323,694.7026
37.368126,695.5263
37.383682,695.5263
37.400345,695.5263
37.417236,695.1008
37.431797,695.1008
37.44969,697.6753
37.466763,697.6753
37.482445,697.6753
37.499958,698.0
37.51647,698.0
37.534115,699.62555
37.54925,699.62555
37.565525,701.3611
37.58425,701.3611
37.5993,701.3611
37.618034,702.17444
37.632927,702.17444
37.653625,702.6753
37.666897,702.6753
37.684944,703.1256
37.701527,703.1256
37.71602,703.1256
37.733624,704.9204
37.749676,704.9204
37.767693,706.85846
37.783638,706.85846
37.79995,706.85846
37.817993,707.0568
37.832584,707.0568
37.851562,708.6089
37.866657,708.6089
37.882805,708.6089
37.900017,709.2021
37.916893,709.2021
37.934406,709.40955
37.950386,709.40955
37.9661,710.90857
37.983673,710.90857
37.99991,710.90857
38.018246,711.5363
38.03374,711.5363
38.054073,712.6319
38.06557,712.6319
38.083965,712.97076
38.101227,712.97076
38.11676,712.97076
38.134167,713.88513
38.150547,713.88513
38.16759,714.48804
38.18303,714.48804
38.20013,714.48804
38.21842,715.2455
38.232746,715.2455
38.250893,715.2124
38.266975,715.2124
38.28206,715.2124
38.299828,715.5
38.316204,715.5
38.33425,715.9528
38.34938,715.9528
38.366623,716.44446
38.38443,716.44446
38.400314,716.44446
38.418205,716.7143
38.43226,716.7143
38.45112,717.2143
38.467064,717.2143
38.48377,717.1087
38.5017,717.1087
38.515858,717.1087
38.533875,717.1666
38.551174,717.1666
38.566246,717.8334
38.583286,717.8334
38.599724,717.8334
38.61759,717.8334
38.632797,717.8334
38.65415,717.8334
38.666367,717.8334
38.684147,717.8334
38.70125,717.8334
38.717133,717.8334
38.735123,717.3889
38.749527,717.3889
38.76579,717.3889
38.784225,717.3889
38.79965,717.3889
38.819332,717.1724
38.834682,717.1724
38.851227,717.1724
38.866997,717.1724
38.884342,717.1724
38.900932,717.1724
38.91644,717.1724
38.934666,717.1724
38.950092,717.1724
38.96798,717.2916
38.982346,717.2916
38.999535,717.2916
39.01812,717.7727
39.034485,717.7727
39.051533,717.6666
39.066807,717.6666
39.083878,717.6666
39.09953,717.6666
39.116318,717.6666
39.137856,717.7143
39.15031,717.7143
39.16718,717.7727
39.184345,717.7727
39.199516,717.7727
39.21996,717.80646
39.23331,717.80646
39.25124,717.80646
39.266872,717.80646
39.2825,717.80646
39.30066,717.3235
39.316555,717.3235
39.33552,717.3429
39.350883,717.3429
39.369488,717.18604
39.383533,717.18604
39.399517,717.18604
39.41749,717.1277
39.432896,717.1277
39.454506,716.2807
39.4668,716.2807
39.48412,716.2807
39.5018,716.2807
39.51681,716.2807
39.53467,716.3279
39.551064,716.3279
39.568214,716.5
39.58274,716.5
39.600323,716.5
39.617878,716.4
39.63205,716.4
39.650253,716.4
39.666336,716.4
39.683735,716.50684
39.700363,716.50684
39.715885,716.50684
39.734226,716.4487
39.748596,716.4487
39.765602,716.6666
39.78509,716.6666
39.80063,716.6666
39.818836,716.6666
39.833046,716.6666
39.851135,716.49414
39.86705,716.49414
39.884495,716.49414
39.902103,716.49414
39.9165,716.49414
39.935555,715.7677
39.950382,715.7677
39.96631,715.9895
39.98384,715.9895
39.99961,715.9895
40.019283,715.64075
40.032627,715.64075
40.051662,715.64075
40.066875,715.64075
40.08458,715.7619
40.100826,715.7619
40.116074,715.7619
40.133854,715.7619
40.14949,715.7619
40.16671,715.7477
40.184364,715.7477
40.19934,715.7477
40.21845,715.7477
40.23379,715.7477
40.250336,715.98145
40.266457,715.98145
40.283535,715.7727
40.300278,715.7727
40.317,715.7727
40.334114,715.54004
40.350227,715.54004
40.367695,715.53467
40.391403,715.53467
40.403755,715.53467
40.41831,715.94116
40.432896,715.94116
40.45023,715.73584
40.46679,715.73584
40.4838,715.92456
40.500637,715.92456
40.51719,715.92456
40.533676,715.9623
40.551212,715.9623
40.566204,715.6356
40.58402,715.6356
40.598804,715.6356
40.61769,715.2368
40.632973,715.2368
40.651577,714.8889
40.66598,714.8889
40.684822,714.8889
40.701614,714.8889
40.71682,714.8889
40.735237,715.10156
40.75045,715.10156
40.76664,714.8029
40.784206,714.8029
40.800327,714.8029
40.818176,714.9553
40.832306,714.9553
40.853786,715.0082
40.86639,715.0082
40.88408,714.6846
40.90124,714.6846
40.916786,714.6846
40.934948,714.629
40.950764,714.629
40.972107,714.6454
40.98357,714.6454
40.999573,714.6454
41.01868,714.39343
41.033978,714.39343
41.05493,714.1316
41.06829,714.1316
41.08462,714.0367
41.101223,714.0367
41.11613,714.0367
41.134243,713.8106
41.150204,713.8106
41.169495,713.8473
41.183636,713.8473
41.200104,713.8473
41.218246,713.4574
41.23326,713.4574
41.254128,713.50757
41.266487,713.50757
41.284534,713.3795
41.300934,713.3795
41.31694,713.3795
41.33558,713.0552
41.359447,713.0552
41.370594,713.5
41.385315,713.5
41.400227,713.5
41.418484,713.53424
41.43423,713.53424
41.45374,713.1111
41.468468,713.1111
41.483932,713.1533
41.502346,713.1533
41.518417,713.1533
41.535122,713.20374
41.550537,713.20374
41.569607,713.2857
41.58473,713.2857
41.600277,713.2857
41.61872,712.4778
41.632946,712.4778
41.65249,711.85376
41.667057,711.85376
41.687584,712.2956
41.702084,712.2956
41.71891,712.2956
41.735832,712.2256
41.751423,712.2256
41.768475,711.8226
41.783733,711.8226
41.800175,711.8226
41.818977,711.93713
41.8325,711.93713
41.85182,711.9624
41.86801,711.9624
41.88426,711.9624
41.901665,711.9624
41.9182,711.9624
41.935482,711.78235
41.950554,711.78235
41.967766,711.57544
41.98525,711.57544
42.000168,711.57544
42.019695,711.87036
42.033394,711.87036
42.054474,711.2367
42.066578,711.2367
42.085484,711.49756
42.100903,711.49756
42.11678,711.49756
42.134888,711.48755
42.15186,711.48755
42.17219,711.0995
42.183945,711.0995
42.199997,711.0995
42.21829,711.0995
42.240204,711.0995
42.257206,710.96924
42.26753,710.96924
42.284687,710.0985
42.304546,710.0985
42.317516,710.0985
42.33481,709.20636
42.351097,709.20636
42.367916,707.62634
42.383904,707.62634
42.3998,707.62634
42.418053,707.5792
42.43293,707.5792
42.45251,706.54504
42.46799,706.54504
42.483253,706.54504
42.500492,706.48944
42.51813,706.48944
42.534626,705.5875
42.551712,705.5875
42.569122,703.2381
42.58396,703.2381
42.600533,703.2381
42.619297,702.4606
42.633713,702.4606
42.65109,701.2032
42.667118,701.2032
42.683826,700.0537
42.701294,700.0537
42.717495,700.0537
42.73606,698.76733
42.750526,698.76733
42.768867,697.3819
42.78444,697.3819
42.800144,697.3819
42.818645,696.57806
42.834316,696.57806
42.85312,696.82605
42.868057,696.82605
42.884438,695.651
42.901485,695.651
42.91694,695.651
42.934902,694.992
42.950874,694.992
42.967083,693.6905
42.985405,693.6905
43.000534,693.6905
43.01887,692.7173
43.035473,692.7173
43.051857,691.6952
43.068333,691.6952
43.084763,690.5298
43.101982,690.5298
43.11738,690.5298
43.139027,689.88196
43.15117,689.88196
43.16802,689.1221
43.183514,689.1221
43.200382,689.1221
43.21946,687.0988
43.233974,687.0988
43.252335,686.8253
43.266888,686.8253
43.28644,685.249
43.30124,685.249
43.316334,685.249
43.3358,683.68677
43.350834,683.68677
43.369415,684.4963
43.384106,684.4963
43.400513,684.4963
43.419056,682.6426
43.433537,682.6426
43.451916,682.5176
43.467617,682.5176
43.484497,681.42444
43.501667,681.42444
43.51823,681.42444
43.53625,680.6912
43.55071,680.6912
43.568405,679.2143
43.584927,679.2143
43.60075,679.2143
43.618702,678.3198
43.633648,678.3198
43.65249,677.66016
43.666786,677.66016
43.68594,676.85156
43.702072,676.85156
43.717556,676.85156
43.735493,676.5598
43.75072,676.5598
43.77111,673.94336
43.785496,673.94336
43.801395,673.94336
43.81972,673.7441
43.83529,673.7441
43.85205,672.66907
43.867435,672.66907
43.885494,672.3321
43.90205,672.3321
43.917618,672.3321
43.9355,670.8745
43.94998,670.8745
43.971928,670.8071
43.98295,670.8071
44.001198,670.8071
44.019005,671.0263
44.032772,671.0263
44.052303,670.59546
44.067272,670.59546
44.084816,670.5263
44.10286,670.5263
44.117176,670.5263
44.135883,669.8339
44.149914,669.8339
44.17446,668.4396
44.187107,668.4396
44.202057,668.4396
44.218735,668.4231
44.23401,668.4231
44.25357,668.2932
44.26836,668.2932
44.284584,667.3358
44.30128,667.3358
44.315937,667.3358
44.335007,666.7378
44.350456,666.7378
44.36655,666.4962
44.385746,666.4962
44.401283,666.4962
44.418503,666.4718
44.434036,666.4718
44.452785,666.67017
44.467464,666.67017
44.4871,666.72076
44.501442,666.72076
44.516502,666.72076
44.53548,666.56177
44.55088,666.56177
44.56862,665.2549
44.584732,665.2549
44.600292,665.2549
44.62338,665.819
44.634396,665.819
44.655445,665.8214
44.666435,665.8214
44.683628,665.28406
44.70124,665.28406
44.716454,665.28406
44.735504,663.9805
44.751553,663.9805
44.766697,663.7974
44.785366,663.7974
44.800575,663.7974
44.81924,663.87695
44.83306,663.87695
44.853592,663.51666
44.868267,663.51666
44.88435,662.4385
44.903255,662.4385
44.916542,662.4385
44.93619,662.11383
44.951218,662.11383
44.972904,661.55786
44.986088,661.55786
45.0007,661.55786
45.019375,660.8208
45.035416,660.8208
45.05362,661.27985
45.067852,661.27985
45.08303,661.27985
45.10187,661.62756
45.11702,661.62756
45.137928,660.6553
45.152046,660.6553
45.16802,660.6553
45.183765,660.6553
45.20247,660.6553
45.219055,662.2073
45.233788,662.2073
45.255745,660.2692
45.267925,660.2692
45.28531,662.36017
45.304825,662.36017
45.317524,662.36017
45.335423,661.72144
45.35174,661.72144
45.36877,661.0974
45.384697,661.0974
45.40083,661.0974
45.419685,661.80646
45.43531,661.80646
45.453247,660.8353
45.46759,660.8353
45.48602,660.8353
45.502525,660.8353
45.51825,660.8353
45.538864,660.9695
45.55051,660.9695
45.56752,660.9695
45.587048,659.87744
45.60068,659.87744
45.61782,659.61426
45.635498,659.61426
45.65152,659.61426
45.668537,659.61426
45.685593,658.03253
45.701942,658.03253
45.718212,658.03253
45.73632,658.1992
45.751545,658.1992
45.77284,657.6305
45.783077,657.6305
45.801422,657.6305
45.820015,657.92456
45.83282,657.92456
45.853027,658.1316
45.868217,658.1316
45.88759,658.0524
45.90103,658.0524
45.918114,658.0524
45.93528,657.573
45.95172,657.573
45.972534,657.4332
45.984344,657.4332
46.000797,657.4332
46.01945,656.97156
46.03438,656.97156
46.053616,656.89624
46.067234,656.89624
46.08625,657.5102
46.10216,657.5102
46.118015,657.5102
46.13527,656.91223
46.151196,656.91223
46.16934,656.6395
46.184303,656.6395
46.201157,656.6395
46.21906,656.5708
46.23477,656.5708
46.25486,657.19763
46.26814,657.19763
46.28572,657.432
46.301937,657.432
46.31819,657.432
46.336193,657.8314
46.35137,657.8314
46.369457,657.6875
46.38394,657.6875
46.40087,657.6875
46.418453,657.63257
46.434734,657.63257
46.45527,657.0958
46.46699,657.0958
46.48414,656.7565
46.50293,656.7565
46.5172,656.7565
46.53321,656.8963
46.55297,656.8963
46.56886,656.4771
46.58379,656.4771
46.600857,656.4771
46.619152,656.1383
46.633884,656.1383
46.65569,655.9529
46.669353,655.9529
46.685276,655.8417
46.702873,655.8417
46.718433,655.8417
46.735916,655.04694
46.750927,655.04694
46.769302,654.99615
46.78456,654.99615
46.801414,654.99615
46.819645,654.9348
46.83435,654.9348
46.85273,655.1448
46.86755,655.1448
46.884144,653.9822
46.901962,653.9822
46.918224,653.9822
46.935497,654.0174
46.951008,654.0174
46.968193,653.33057
46.983685,653.33057
47.001274,653.33057
47.018955,652.8206
47.033924,652.8206
47.052143,652.85657
47.067715,652.85657
47.083897,652.8992
47.10136,652.8992
47.117085,652.8992
47.13578,653.4048
47.151016,653.4048
47.16862,653.51
47.183834,653.51
47.201004,653.51
47.21856,653.99255
47.235073,653.99255
47.25288,653.8106
47.267376,653.8106
47.2857,652.84784
47.30131,652.84784
47.318558,652.84784
47.336254,652.90295
47.350918,652.90295
47.36923,654.21216
47.383976,654.21216
47.39957,654.21216
47.41876,654.17346
47.435974,654.17346
47.453316,653.6957
47.468826,653.6957
47.48498,654.07086
47.501606,654.07086
47.51752,654.07086
47.53473,654.17737
47.55153,654.17737
47.56671,654.327
47.584774,654.327
47.60048,654.327
47.618916,653.89325
47.634895,653.89325
47.65098,653.7385
47.668118,653.7385
47.685627,652.23596
47.70173,652.23596
47.718166,652.23596
47.73458,652.65063
47.751156,652.65063
47.76879,653.4582
47.784454,653.4582
47.800434,653.4582
47.81832,653.46497
47.83637,653.46497
47.856274,652.60706
47.868237,652.60706
47.883945,652.44824
47.901073,652.44824
47.917572,652.44824
47.93632,653.95685
47.95198,653.95685
47.968536,653.5425
47.98467,653.5425
48.00139,653.5425
48.02126,654.2672
48.033615,654.2672
48.052032,654.2692
48.067245,654.2692
48.08498,655.36084
48.102264,655.36084
48.116653,655.36084
48.135376,654.1623
48.15098,654.1623
48.168594,656.3037
48.184753,656.3037
48.200718,656.3037
48.2201,656.5719
48.233543,656.5719
48.255657,656.0951
48.26702,656.0951
48.286545,658.5548
48.300644,658.5548
48.317825,658.5548
48.336437,658.1188
48.351265,658.1188
48.368244,659.94775
48.383835,659.94775
48.400833,659.94775
48.419937,660.24414
48.43478,660.24414
48.45203,661.4768
48.466877,661.4768
48.48509,662.47955
48.503014,662.47955
48.51765,662.47955
48.537853,663.37915
48.552258,663.37915
48.56818,664.8701
48.58347,664.8701
48.6014,664.8701
48.619095,666.181
48.634197,666.181
48.652115,666.90356
48.66822,666.90356
48.699863,668.7112
48.714317,668.7112
48.7247,669.44403
48.742146,669.44403
48.75718,669.44403
48.775322,671.7423
48.790745,671.7423
48.812733,673.7904
48.82331,673.7904
48.83992,673.7904
48.859173,675.7316
48.872795,675.7316
48.890884,675.3527
48.906574,675.3527
48.92314,675.3527
48.941586,676.5255
48.95596,676.5255
48.975845,678.484
48.990646,678.484
49.00754,680.33215
49.02291,680.33215
49.04052,680.33215
49.057434,682.6116
49.07331,682.6116
49.09054,684.28625
49.107033,684.28625
49.124943,685.37067
49.139896,685.37067
49.15723,685.37067
49.173954,687.13306
49.19074,687.13306
49.208218,689.7132
49.224606,689.7132
49.24094,689.7132
49.258564,691.214
49.27407,691.214
49.29239,692.9259
49.307148,692.9259
49.323616,695.0035
49.34091,695.0035
49.356438,695.0035
49.37608,695.77
49.390965,695.77
49.407887,696.7033
49.424366,696.7033
49.43957,696.7033
49.46103,696.80896
49.473415,696.80896
49.49533,697.8251
49.50596,697.8251
49.524315,697.9906
49.540756,697.9906
49.55818,697.9906
49.574707,698.8
49.589813,698.8
49.60612,700.3517
49.625286,700.3517
49.63989,700.3517
49.657547,700.5198
49.67295,700.5198
49.69086,700.8411
49.70589,700.8411
49.724556,702.6344
49.74173,702.6344
49.757027,702.6344
49.778538,702.7227
49.78972,702.7227
49.80637,704.4619
49.82456,704.4619
49.84052,704.4619
49.858437,705.71814
49.873634,705.71814
49.89179,705.84344
49.908276,705.84344
49.940285,707.2864
49.955017,707.2864
49.965927,708.41077
49.982067,708.41077
49.999065,708.41077
50.01638,709.14136
50.03177,709.14136
50.05275,709.67596
50.068905,709.67596
50.084118,709.67596
50.100235,711.2011
50.11448,711.2011
50.132328,711.6306
50.147564,711.6306
50.16443,712.8844
50.180954,712.8844
50.198215,712.8844
50.217094,713.3312
50.232166,713.3312
50.250175,714.0408
50.264153,714.0408
50.28212,714.0408
50.29876,714.7923
50.314163,714.7923
50.333126,715.58264
50.34739,715.58264
50.36529,715.7647
50.38275,715.7647
50.39832,715.7647
50.416107,716.1111
50.431347,716.1111
50.45319,716.561
50.465164,716.561
50.48217,716.561
50.49965,716.2152
50.51615,716.2152
50.53375,717.03394
50.547867,717.03394
50.56483,716.98035
50.583107,716.98035
50.597694,716.98035
50.61796,716.98035
50.63064,716.98035
50.65242,717.06665
50.66528,717.06665
50.681007,717.06665
50.699528,716.4035
50.71488,716.4035
50.737064,716.57745
50.749027,716.57745
50.765198,716.5416
50.78211,716.5416
50.797863,716.5416
50.816193,716.0115
50.831657,716.0115
50.84881,716.5
50.864357,716.5
50.880703,716.5
50.899292,715.9341
50.914257,715.9341
50.93355,715.86365
50.94855,715.86365
50.964645,716.3587
50.982327,716.3587
50.998196,716.3587
51.01743,715.7551
51.032455,715.7551
51.052998,715.625
51.06454,715.625
51.081886,715.625
51.09951,715.625
51.114525,715.625
51.133923,715.56
51.149277,715.56
51.164654,715.56
51.18239,715.56
51.197376,715.56
51.21581,715.69525
51.23126,715.69525
51.25186,715.44543
51.265038,715.44543
51.28227,715.44543
51.299522,715.2407
51.3151,715.2407
51.332977,715.2407
51.348137,715.2407
51.365406,715.0762
51.3832,715.0762
51.397057,715.0762
51.41628,715.2833
51.431477,715.2833
51.448704,714.9339
51.465122,714.9339
51.481934,714.9339
51.50002,715.0
51.51501,715.0
51.53636,714.8678
51.547974,714.8678
51.56511,714.8455
51.582382,714.8455
51.597725,714.8455
51.615536,714.44525
51.630985,714.44525
51.654167,714.0207
51.664433,714.0207
51.68139,714.0207
51.702076,713.83673
51.713917,713.83673
51.732224,713.8889
51.746975,713.8889
51.766644,713.3655
51.784004,713.3655
51.797363,713.3655
51.815125,713.2903
51.83232,713.2903
51.853065,713.73914
51.866074,713.73914
51.882248,713.73914
51.899254,713.5918
51.915848,713.5918
51.933468,712.7059
51.949066,712.7059
51.965065,712.7059
51.98348,712.7059
51.998375,712.7059
52.01576,712.7778
52.03188,712.7778
52.050007,712.7485
52.06534,712.7485
52.080963,712.7485
52.100098,712.8176
52.115555,712.8176
52.13214,712.8176
52.147976,712.8176
52.164536,712.4552
52.18133,712.4552
52.19906,712.4552
52.21573,712.97034
52.232765,712.97034
52.252644,712.68945
52.267403,712.68945
52.282856,712.68945
52.302177,712.67285
52.314674,712.67285
52.333782,712.369
52.348522,712.369
52.365627,712.2485
52.381916,712.2485
52.3984,712.2485
52.41636,712.302
52.432228,712.302
52.448986,712.51807
52.465424,712.51807
52.481464,712.51807
52.499973,711.92395
52.514236,711.92395
52.533787,711.8421
52.548634,711.8421
52.566525,711.9171
52.58315,711.9171
52.598408,711.9171
52.61512,711.77014
52.632256,711.77014
52.652874,711.1156
52.665844,711.1156
52.680794,711.1156
52.700462,711.1156
52.7162,711.1156
52.733433,711.28125
52.74897,711.28125
52.766335,711.25464
52.782333,711.25464
52.798847,711.25464
52.816177,711.12573
52.83128,711.12573
52.852917,711.1548
52.86573,711.1548
52.882496,711.1548
52.899677,711.2158
52.91455,711.2158
52.93248,711.26666
52.94746,711.26666
52.965675,710.8587
52.98258,710.8587
52.9995,710.8587
53.017498,710.72485
53.032566,710.72485
53.049778,710.7644
53.066216,710.7644
53.081936,710.7644
53.099403,710.8118
53.11565,710.8118
53.1328,710.245
53.148003,710.245
53.16499,710.40704
53.181625,710.40704
53.19834,710.40704
53.21562,710.285
53.23138,710.285
53.249012,710.1188
53.26457,710.1188
53.281456,710.1188
53.300064,709.8656
53.31386,709.8656
53.33624,709.9043
53.348213,709.9043
53.36538,709.3483
53.38267,709.3483
53.39872,709.3483
53.415768,709.3483
53.431606,709.3483
53.449924,708.94214
53.464725,708.94214
53.480732,708.94214
53.500328,709.4265
53.51446,709.4265
53.53731,708.4294
53.547363,708.4294
53.56604,708.2086
53.583168,708.2086
53.59728,708.2086
53.617752,708.06177
53.63232,708.06177
53.65243,707.94946
53.664387,707.94946
53.682323,707.94946
53.699314,707.328
53.714226,707.328
53.735718,706.7979
53.749123,706.7979
53.76795,706.151
53.782307,706.151
53.79874,706.151
53.816864,705.9282
53.832424,705.9282
53.852673,706.0481
53.86716,706.0481
53.88224,706.0481
53.899708,706.22644
53.91499,706.22644
53.932266,706.2883
53.947914,706.2883
53.964256,706.2279
53.98265,706.2279
53.99797,706.2279
54.015244,704.8908
54.032207,704.8908
54.05002,705.3572
54.06443,705.3572
54.081898,705.3572
54.098785,705.0238
54.11484,705.0238
54.13365,704.8071
54.14883,704.8071
54.164505,704.3684
54.182053,704.3684
54.198185,704.3684
54.21673,704.3456
54.232693,704.3456
54.250523,704.80414
54.26556,704.80414
54.28233,704.80414
54.299824,705.3334
54.31562,705.3334
54.33276,704.90955
54.347992,704.90955
54.365025,704.8844
54.38276,704.8844
54.39853,704.8844
54.41755,704.19214
54.43165,704.19214
54.454014,704.0204
54.46567,704.0204
54.4823,704.0204
54.500267,703.6
54.514267,703.6
54.533615,702.4074
54.548443,702.4074
54.568783,701.2152
54.581875,701.2152
54.59856,701.2152
54.61714,700.7825
54.631588,700.7825
54.65408,699.2925
54.66558,699.2925
54.681324,699.2925
54.700386,699.07336
54.716377,699.07336
54.73387,697.28015
54.74808,697.28015
54.765068,696.4828
54.781605,696.4828
54.79846,696.4828
54.81636,694.08655
54.832005,694.08655
54.849026,694.1675
54.86635,694.1675
54.882034,694.1675
54.90026,694.85657
54.915897,694.85657
54.932064,693.2489
54.94879,693.2489
54.965935,692.75635
54.983265,692.75635
54.998672,692.75635
55.0167,692.5485
55.03119,692.5485
55.049675,691.77014
55.065937,691.77014
55.082417,691.77014
55.098797,690.6178
55.115437,690.6178
55.133625,688.8789
55.147648,688.8789
55.16565,689.4696
55.181446,689.4696
55.197968,689.4696
55.21537,686.7143
55.231007,686.7143
55.2505,687.3264
55.264915,687.3264
55.281723,687.3264
55.30076,685.6926
55.315594,685.6926
55.332592,684.376
55.348366,684.376
55.36929,683.71875
55.38247,683.71875
55.398346,683.71875
55.415905,683.5775
55.431194,683.5775
55.4508,682.9841
55.464928,682.9841
55.48244,682.9841
55.50011,683.3334
55.515106,683.3334
55.534344,681.80554
55.54913,681.80554
55.565617,681.3251
55.58246,681.3251
55.598198,681.3251
55.616535,679.7992
55.63079,679.7992
55.654243,678.87256
55.664368,678.87256
55.682392,678.87256
55.69947,679.2316
55.71469,679.2316
55.736202,677.94934
55.748344,677.94934
55.76601,677.19476
55.783077,677.19476
55.799908,677.19476
55.81703,676.5
55.83238,676.5
55.853218,675.85455
55.86471,675.85455
55.881542,675.85455
55.90029,675.2086
55.91674,675.2086
55.9357,674.38635
55.948246,674.38635
55.964664,673.60693
55.983097,673.60693
55.998135,673.60693
56.01675,673.42566
56.032352,673.42566
56.0505,673.05884
56.06545,673.05884
56.081875,673.05884
56.100384,672.6754
56.115425,672.6754
56.132786,673.2529
56.148785,673.2529
56.165787,671.2912
56.181046,671.2912
56.198845,671.2912
56.215237,670.66003
56.23222,670.66003
56.251244,669.1479
56.26492,669.1479
56.281754,669.1479
56.299686,670.0426
56.314636,670.0426
56.33171,669.6543
56.347916,669.6543
56.36605,668.9387
56.38258,668.9387
56.397903,668.9387
56.416325,668.0304
56.43117,668.0304
56.4497,667.20416
56.46485,667.20416
56.482002,667.20416
56.499123,667.1708
56.51397,667.1708
56.532845,666.7692
56.54878,666.7692
56.56793,666.27875
56.583183,666.27875
56.5997,666.27875
56.617428,665.7746
56.63137,665.7746
56.648884,665.15094
56.665005,665.15094
56.68215,665.15094
56.700336,664.82104
56.714954,664.82104
56.736095,664.4153
56.7489,664.4153
56.766365,664.2403
56.78289,664.2403
56.797947,664.2403
56.816853,663.3885
56.831768,663.3885
56.85376,661.77734
56.864952,661.77734
56.881706,661.77734
56.900364,662.26807
56.916065,662.26807
56.933746,661.4657
56.94907,661.4657
56.967377,661.98926
56.984142,661.98926
56.99853,661.98926
57.017155,661.3723
57.032364,661.3723
57.050674,660.4904
57.06553,660.4904
57.080414,660.4904
57.099697,660.2973
57.115414,660.2973
57.13257,659.4839
57.14845,659.4839
57.16573,659.425
57.18335,659.425
57.198032,659.425
57.216446,659.4264
57.233234,659.4264
57.250828,659.56067
57.265213,659.56067
57.28101,659.56067
57.300533,659.0956
57.3158,659.0956
57.333744,659.1095
57.348724,659.1095
57.366234,658.71173
57.382782,658.71173
57.398422,658.71173
57.417553,658.4869
57.431507,658.4869
57.44959,658.51733
57.466564,658.51733
57.4811,658.51733
57.501175,657.8699
57.514748,657.8699
57.53336,657.1106
57.549423,657.1106
57.56492,657.527
57.582565,657.527
57.597923,657.527
57.617104,657.29584
57.633194,657.29584
57.65317,657.29584
57.66529,657.29584
57.681553,657.29584
57.69936,657.56274
57.71469,657.56274
57.73334,657.5551
57.748203,657.5551
57.767067,656.7143
57.78286,656.7143
57.79992,656.7143
57.814873,656.18823
57.831654,656.18823
57.850906,655.9762
57.865444,655.9762
57.88339,655.9762
57.898445,655.7195
57.914345,655.7195
57.93458,657.1804
57.948685,657.1804
57.96498,656.91595
57.983624,656.91595
57.997524,656.91595
58.016907,655.513
58.032383,655.513
58.05121,655.552
58.06447,655.552
58.082684,655.552
58.10051,654.46643
58.115257,654.46643
58.133045,655.05457
58.148987,655.05457
58.164284,655.2915
58.18269,655.2915
58.19795,655.2915
58.21732,655.14526
58.23162,655.14526
58.25333,654.41223
58.26751,654.41223
58.280975,654.41223
58.300247,654.5344
58.314854,654.5344
58.332886,654.3176
58.349487,654.3176
58.36586,654.7117
58.38171,654.7117
58.39909,654.7117
58.415524,655.41797
58.43221,655.41797
58.45011,655.31006
58.465725,655.31006
58.482162,655.31006
58.50078,655.05664
58.515434,655.05664
58.533264,655.0834
58.549744,655.0834
58.5666,655.4405
58.583805,655.4405
58.59788,655.4405
58.6172,655.4064
58.632774,655.4064
58.650192,655.1412
58.66497,655.1412
58.6814,655.1412
58.699265,655.04785
58.715603,655.04785
58.732994,654.75183
58.748543,654.75183
58.7646,654.76337
58.782906,654.76337
58.797684,654.76337
58.816242,654.8068
58.83209,654.8068
58.84932,654.8068
58.86491,654.8068
58.882496,654.8068
58.89953,654.0989
58.914738,654.0989
58.93424,654.1854
58.948776,654.1854
58.96742,654.559
58.983242,654.559
59.000114,654.559
59.01766,654.416
59.032192,654.416
59.05155,654.0246
59.0661,654.0246
59.08209,654.0246
59.10029,653.93115
59.115837,653.93115
59.133175,653.71155
59.1495,653.71155
59.166054,653.71155
59.18307,653.71155
59.199867,653.71155
59.217922,654.3524
59.232437,654.3524
59.24906,653.92737
59.26644,653.92737
59.28132,653.92737
59.300114,654.1976
59.314198,654.1976
59.335484,654.35657
59.34905,654.35657
59.365974,653.3867
59.381737,653.3867
59.399498,653.3867
59.41836,652.9355
59.430294,652.9355
59.450397,653.3307
59.465405,653.3307
59.48195,653.3307
59.500946,653.3307
59.515327,653.3307
59.53308,652.4914
59.548088,652.4914
59.564735,652.4914
59.58231,652.4914
59.598763,652.4914
59.616848,652.8296
59.631866,652.8296
59.649628,652.8296
59.664654,652.8296
59.682102,652.8296
59.699543,652.12
59.715137,652.12
59.73327,651.9106
59.74831,651.9106
59.765938,651.23114
59.78295,651.23114
59.798046,651.23114
59.816235,651.23114
59.831795,651.23114
59.849995,651.2451
59.864513,651.2451
59.88322,651.2451
59.899677,651.1821
59.916092,651.1821
59.932625,650.41077
59.94896,650.41077
59.96895,650.41077
59.981163,650.41077
59.99882,650.41077
60.0,650.41077
