0.26144484,119.44476
0.27158955,119.765564
0.2861565,119.765564
0.3043018,120.108765
0.3196999,120.108765
0.33737332,120.33148
0.3527219,120.33148
0.37079522,120.49603
0.38556585,120.49603
0.41139457,120.49603
0.42215508,120.45447
0.43674567,120.45447
0.45421225,120.44537
0.46989146,120.44537
0.48984975,120.24762
0.50254965,120.24762
0.52038115,120.24762
0.5385705,120.204956
0.55301654,120.204956
0.5735726,119.99866
0.5847552,119.99866
0.6028376,119.99866
0.6185356,119.95776
0.6354452,119.95776
0.6554764,119.692505
0.6693575,119.692505
0.68781257,119.63434
0.70224243,119.63434
0.72004235,119.63434
0.7358117,119.63434
0.75411177,119.45929
0.7747402,119.26581
0.78606474,119.26581
0.8033183,118.92157
0.82101107,118.92157
0.8365699,118.92157
0.85357136,118.74982
0.868449,118.74982
0.8894288,118.55841
0.9023138,118.55841
0.91982645,118.55841
0.9375838,118.370544
0.9530101,118.370544
0.97061914,118.06201
0.9856814,118.06201
1.0035939,117.832825
1.0193783,117.832825
1.0355954,117.832825
1.0526638,117.50104
1.0698248,117.50104
1.0883282,117.28546
1.1026868,117.28546
1.1198364,117.28546
1.1368759,117.11688
1.1531389,117.11688
1.1702604,117.07214
1.1853713,117.07214
1.2025318,117.07214
1.2211459,117.0163
1.2359031,117.0163
1.2531897,116.931335
1.2694409,116.931335
1.2856252,116.796814
1.3039522,116.796814
1.3192317,116.796814
1.3366935,116.585754
1.3524543,116.585754
1.3704633,116.48236
1.3854988,116.48236
1.4023111,116.48236
1.420577,116.295166
1.4357011,116.295166
1.4531368,116.06152
1.4692651,116.06152
1.4868582,115.908936
1.5041146,115.908936
1.519136,115.908936
1.5411627,115.84961
1.5533857,115.84961
1.5710976,115.88019
1.5872031,115.88019
1.6045115,115.87744
1.6213703,115.87744
1.6363059,115.87744
1.6540225,116.03223
1.6701663,116.03223
1.6867859,116.22522
1.7043558,116.22522
1.7194169,116.22522
1.7386965,116.69281
1.7533336,116.69281
1.7715387,117.07092
1.78631,117.07092
1.8036001,117.50482
1.8208463,117.50482
1.8358642,117.50482
1.856475,117.79358
1.8687769,117.79358
1.8852634,118.191284
1.9033892,118.191284
1.9190449,118.191284
1.9397982,118.532715
1.9535465,118.532715
1.9701,119.02759
1.9866954,119.02759
2.0020084,119.02759
2.0213943,119.35321
2.0354896,119.35321
2.0540898,119.651184
2.0694494,119.651184
2.0864315,119.92828
2.1036046,119.92828
2.1204247,119.92828
2.1380773,120.17096
2.1523829,120.17096
2.169364,120.28717
2.1860216,120.28717
2.203693,120.61566
2.220129,120.61566
2.235503,120.61566
2.2542486,120.92737
2.2685144,120.92737
2.2876837,121.22772
2.3033526,121.22772
2.319753,121.22772
2.337572,121.39801
2.3527086,121.39801
2.3710766,121.66821
2.3870695,121.66821
2.4025388,121.66821
2.4195917,121.791626
2.43736,121.791626
2.453661,122.254395
2.470519,122.254395
2.4878874,122.58722
2.501757,122.58722
2.5196352,122.58722
2.538445,123.12329
2.5526638,123.12329
2.572407,123.381714
2.586639,123.381714
2.6037917,124.06415
2.621735,124.06415
2.6365561,124.06415
2.6564162,124.3277
2.669366,124.3277
2.6865988,125.29944
2.7037153,125.29944
2.7182627,125.29944
2.7371879,125.848816
2.7519898,125.848816
2.7712498,126.73151
2.7848024,126.73151
2.8040285,126.744385
2.8206167,126.744385
2.8360403,126.744385
2.8546364,128.06653
2.8691676,128.06653
2.9040942,128.664
2.920793,128.664
2.933375,129.70667
2.9461567,129.70667
2.96338,130.45538
2.9800339,130.45538
2.9962606,130.45538
3.0155158,131.39703
3.0286937,131.39703
3.0454926,132.2713
3.0624578,132.2713
3.0797842,132.2713
3.0977123,134.1789
3.1115568,134.1789
3.1342535,136.45654
3.1467657,136.45654
3.1637013,135.61426
3.1789832,135.61426
3.195315,135.61426
3.21461,137.25934
3.2306437,137.25934
3.2469327,140.90143
3.2626157,140.90143
3.279461,140.90143
3.2968035,142.35278
3.3121872,142.35278
3.3340816,144.77704
3.345543,144.77704
3.362846,144.77704
3.381152,146.86725
3.3956125,146.86725
3.4142041,150.54669
3.429335,150.54669
3.4466062,151.1983
3.4624577,151.1983
3.4785438,151.1983
3.4976463,151.76953
3.5122483,151.76953
3.5308805,152.52979
3.5468183,152.52979
3.5649574,153.41394
3.5812316,153.41394
3.5950665,153.41394
3.614621,153.62665
3.6288242,153.62665
3.6468072,154.11194
3.6635532,154.11194
3.6799676,154.11194
3.697112,155.13043
3.7126007,155.13043
3.7314372,156.45947
3.7473407,156.45947
3.7653103,158.04694
3.7800326,158.04694
3.7964215,158.04694
3.815588,160.1665
3.8287845,160.1665
3.8470337,161.95251
3.8647301,161.95251
3.8788743,161.95251
3.8974082,163.17993
3.9138165,163.17993
3.9310875,163.55383
3.9459596,163.55383
3.9621606,163.55383
3.9805515,164.81042
3.9960332,164.81042
4.012734,165.72858
4.0293503,165.72858
4.0476933,166.83179
4.061812,166.83179
4.079719,166.83179
4.097905,168.13147
4.1244626,168.13147
4.1375594,170.12146
4.151881,170.12146
4.1676707,170.56616
4.182031,170.56616
4.199147,170.56616
4.21727,170.95294
4.2322874,170.95294
4.2489862,170.97516
4.265469,170.97516
4.282221,170.97516
4.2989492,171.4226
4.3156805,171.4226
4.336883,171.3584
4.3497305,171.3584
4.3670087,170.68372
4.3842907,170.68372
4.3984656,170.68372
4.418352,170.02197
4.4324865,170.02197
4.4514046,169.91699
4.466173,169.91699
4.484499,169.37347
4.500916,169.37347
4.5158987,169.37347
4.536833,168.68048
4.54975,168.68048
4.566613,167.61957
4.585502,167.61957
4.598958,167.61957
4.616775,167.39996
4.632949,167.39996
4.6497707,166.42108
4.667676,166.42108
4.682479,166.42108
4.7003803,165.21906
4.7150908,165.21906
4.73182,165.05768
4.749602,165.05768
4.7679067,164.67407
4.7829413,164.67407
4.798078,164.67407
4.816941,164.86127
4.832348,164.86127
4.851171,164.6571
4.8657236,164.6571
4.880917,164.6571
4.900999,164.4862
4.916606,164.4862
4.935166,164.55646
4.948543,164.55646
4.965371,164.62994
4.9825306,164.62994
4.9986777,164.62994
5.016527,164.97675
5.0322933,164.97675
5.049854,166.00488
5.065641,166.00488
5.08356,166.34033
5.099373,166.34033
5.116059,166.34033
5.137199,165.99713
5.149869,165.99713
5.1662507,165.58423
5.181954,165.58423
5.1979675,165.58423
5.217042,165.46454
5.2330804,165.46454
5.2606163,165.2038
5.271394,165.2038
5.2891855,164.4361
5.3029103,164.4361
5.3187294,164.4361
5.3357205,163.6084
5.350555,163.6084
5.368378,162.6488
5.384794,162.6488
5.4007273,162.6488
5.418417,161.91583
5.43467,161.91583
5.4526186,162.67456
5.4692497,162.67456
5.485894,161.69751
5.5026593,161.69751
5.518858,161.69751
5.538849,161.87317
5.552043,161.87317
5.569384,160.56317
5.584077,160.56317
5.6010323,160.56317
5.6199446,160.4422
5.6338053,160.4422
5.652517,160.24677
5.668101,160.24677
5.6849623,160.54779
5.7015076,160.54779
5.718951,160.54779
5.736543,160.28564
5.750651,160.28564
5.7687902,160.05896
5.7848897,160.05896
5.8008957,160.05896
5.819076,160.0907
5.836147,160.0907
5.853592,160.5639
5.8677983,160.5639
5.884662,160.30011
5.9030943,160.30011
5.9188266,160.30011
5.9362464,160.49713
5.9515014,160.49713
5.974043,160.1189
5.9852705,160.1189
6.000197,160.1189
6.018928,160.43774
6.0354023,160.43774
6.052369,160.59143
6.06796,160.59143
6.084703,160.48462
6.102103,160.48462
6.119532,160.48462
6.1363463,160.67554
6.151255,160.67554
6.16947,159.83014
6.18464,159.83014
6.201522,159.83014
6.21895,160.18445
6.2356005,160.18445
6.253509,160.27637
6.2679515,160.27637
6.285497,160.29797
6.3016214,160.29797
6.3181214,160.29797
6.3368354,159.97943
6.351035,159.97943
6.36909,160.16931
6.384295,160.16931
6.415029,160.31555
6.428009,160.31555
6.4396286,160.31555
6.456906,160.10242
6.472631,160.10242
6.491747,160.30035
6.505493,160.30035
6.524178,160.2096
6.541518,160.2096
6.5565815,160.2096
6.5779696,160.08673
6.590716,160.08673
6.6081676,160.39929
6.6245832,160.39929
6.6386943,160.39929
6.658624,160.2301
6.6735015,160.2301
6.691571,160.60217
6.7064905,160.60217
6.726022,160.48932
6.7412467,160.48932
6.757195,160.48932
6.7752066,160.53192
6.7958894,160.53192
6.8082767,160.45331
6.823356,160.45331
6.838947,160.45331
6.8585324,160.31128
6.8733034,160.31128
6.8899565,160.11194
6.9068556,160.11194
6.92384,159.22876
6.9415407,159.22876
6.957652,159.22876
6.9737988,158.68976
6.990247,158.68976
7.0099473,157.8443
7.0231676,157.8443
7.03994,157.8443
7.0581045,158.38568
7.0743356,158.38568
7.091085,158.38568
7.1071835,158.38568
7.1244736,157.90839
7.1432924,156.90729
7.1581783,156.90729
7.174532,156.19354
7.1907406,156.19354
7.2086487,155.69989
7.2247458,155.69989
7.239805,155.69989
7.2583704,155.15967
7.2737346,155.15967
7.2913756,155.10773
7.307672,155.10773
7.324112,154.23846
7.340281,154.23846
7.3575673,154.23846
7.3745437,154.13098
7.3906746,154.13098
7.408636,153.80444
7.422525,153.80444
7.4404154,153.80444
7.458294,153.16937
7.47329,153.16937
7.4909067,151.8736
7.507334,151.8736
7.5247483,151.15497
7.5408344,151.15497
7.5563955,151.15497
7.574598,151.8172
7.5897403,151.8172
7.6107183,151.54016
7.6239996,151.54016
7.6394014,151.54016
7.658121,150.48102
7.674193,150.48102
7.6920333,150.45514
7.7063007,150.45514
7.725645,149.46313
7.7417727,149.46313
7.7564764,149.46313
7.7753043,149.71301
7.7888355,149.71301
7.8085566,148.74902
7.825135,148.74902
7.839718,148.74902
7.858138,148.3703
7.87344,148.3703
7.891767,147.41638
7.906304,147.41638
7.9242907,147.05847
7.940538,147.05847
7.9566545,147.05847
7.974864,147.48138
7.989911,147.48138
8.008797,146.89612
8.022923,146.89612
8.040115,146.89612
8.057857,146.69019
8.073855,146.69019
8.093302,147.01404
8.106662,147.01404
8.123903,145.77527
8.144596,145.77527
8.155642,145.77527
8.174924,145.34131
8.190031,145.34131
8.20768,144.58496
8.223267,144.58496
8.238978,144.58496
8.257543,144.87042
8.273886,144.87042
8.290833,144.38611
8.306871,144.38611
8.323831,144.53381
8.34065,144.53381
8.35619,144.53381
8.374225,143.98297
8.38914,143.98297
8.408223,143.7406
8.42348,143.7406
8.440692,143.7406
8.458282,143.02039
8.473544,143.02039
8.4917,142.9845
8.506223,142.9845
8.535349,142.81451
8.546719,142.81451
8.560276,142.81451
8.578014,141.86328
8.59236,141.86328
8.611384,140.58423
8.6263485,140.58423
8.642305,140.58423
8.661396,140.08673
8.675543,140.08673
8.694317,140.28198
8.709904,140.28198
8.729849,139.47601
8.743555,139.47601
8.760518,139.47601
8.777396,139.01001
8.792936,139.01001
8.8103895,138.59912
8.825677,138.59912
8.843031,138.59912
8.860408,138.32672
8.875996,138.32672
8.894438,137.81445
8.908763,137.81445
8.928088,136.90204
8.943354,136.90204
8.959453,136.90204
8.980373,136.23645
8.99266,136.23645
9.014395,135.7605
9.027075,135.7605
9.041812,135.7605
9.06066,134.95905
9.075513,134.95905
9.09452,134.50781
9.109405,134.50781
9.128132,133.84167
9.142609,133.84167
9.159432,133.84167
9.178522,132.9018
9.193304,132.9018
9.214808,131.87946
9.226084,131.87946
9.242826,131.87946
9.260152,131.38959
9.275452,131.38959
9.294142,130.61316
9.30938,130.61316
9.330803,130.29797
9.343533,130.29797
9.359329,130.29797
9.377839,129.73804
9.394333,129.73804
9.414484,129.38849
9.427491,129.38849
9.444169,128.97296
9.461149,128.97296
9.476013,128.97296
9.493939,128.64905
9.509357,128.64905
9.527685,128.09937
9.54367,128.09937
9.558947,128.09937
9.577827,127.76813
9.5919285,127.76813
9.614523,127.49774
9.626895,127.49774
9.642069,127.49774
9.660954,127.4317
9.677203,127.4317
9.693739,127.15692
9.709109,127.15692
9.732015,126.95935
9.743283,126.95935
9.759135,126.95935
9.777743,126.666016
9.793203,126.666016
9.810188,126.56061
9.826566,126.56061
9.843469,126.22162
9.861545,126.22162
9.876876,126.22162
9.894726,126.11835
9.909979,126.11835
9.928586,125.90784
9.944364,125.90784
9.960192,125.90784
9.977474,125.76544
9.9923725,125.76544
10.011217,125.59125
10.026556,125.59125
10.043427,125.477844
10.061311,125.477844
10.075566,125.477844
10.095003,125.2146
10.109467,125.2146
10.128723,125.06329
10.143625,125.06329
10.159281,125.06329
10.177479,124.77228
10.192664,124.77228
10.20958,124.690674
10.227463,124.690674
10.243531,124.272705
10.260567,124.272705
10.287806,123.95892
10.301342,123.95892
10.312276,123.95892
10.333906,123.417114
10.346199,123.417114
10.36363,123.099
10.380556,123.099
10.39561,123.099
10.414352,122.71942
10.428278,122.71942
10.447727,122.65808
10.461552,122.65808
10.482345,122.65808
10.496549,122.505615
10.512692,122.505615
10.533819,122.43262
10.5460005,122.43262
10.562769,122.43262
10.582484,122.08722
10.596072,122.08722
10.613934,121.92139
10.630024,121.92139
10.648963,121.70447
10.664046,121.70447
10.678972,121.70447
10.697809,121.53778
10.712299,121.53778
10.730906,121.37561
10.745866,121.37561
10.761628,121.37561
10.779499,121.4527
10.795022,121.4527
10.813081,121.34625
10.828524,121.34625
10.847825,121.31781
10.863148,121.31781
10.87837,121.31781
10.897543,121.13733
10.91132,121.13733
10.930605,121.127075
10.945491,121.127075
10.96222,121.127075
10.979019,121.01819
10.995932,121.01819
11.013413,120.9928
11.0283785,120.9928
11.047541,120.836426
11.065713,120.836426
11.078425,120.836426
11.097523,120.75964
11.113218,120.75964
11.133722,120.47986
11.145811,120.47986
11.16376,120.40857
11.180957,120.40857
11.1960125,120.40857
11.213986,120.30859
11.228823,120.30859
11.248697,120.382935
11.2636595,120.382935
11.279864,120.382935
11.301722,120.281555
11.312765,120.281555
11.330657,120.207886
11.345804,120.207886
11.361226,120.207886
11.379235,119.98352
11.395443,119.98352
11.413733,119.98938
11.428379,119.98938
11.44568,119.9292
11.462458,119.9292
11.478815,119.9292
11.4969425,120.00073
11.511878,120.00073
11.529636,119.883545
11.547365,119.883545
11.563972,119.96625
11.579701,119.96625
11.595656,119.96625
11.617171,119.84076
11.629062,119.84076
11.645529,119.86047
11.662387,119.86047
11.678856,119.86047
11.697106,119.770386
11.712579,119.770386
11.729282,119.818054
11.745939,119.818054
11.762436,119.818054
11.780644,119.813416
11.796708,119.813416
11.813708,119.93164
11.828618,119.93164
11.846776,119.88025
11.864071,119.88025
11.879748,119.88025
11.8971615,119.81555
11.912924,119.81555
11.934447,119.661194
11.945154,119.661194
11.963815,119.75214
11.981001,119.75214
11.995844,119.75214
12.013419,119.66278
12.028476,119.66278
12.048661,119.66089
12.062507,119.66089
12.078864,119.66089
12.096429,119.49066
12.111881,119.49066
12.133849,119.51178
12.145579,119.51178
12.16191,119.51178
12.179801,119.39703
12.195007,119.39703
12.212916,119.370056
12.22946,119.370056
12.245055,119.36267
12.262765,119.36267
12.278172,119.36267
12.301,119.52283
12.313674,119.52283
12.332172,119.47052
12.351858,119.47052
12.364083,119.43262
12.38025,119.43262
12.39552,119.43262
12.413568,119.39227
12.428614,119.39227
12.446004,119.47327
12.462715,119.47327
12.477848,119.47327
12.496748,119.47858
12.512325,119.47858
12.533633,119.46735
12.54597,119.46735
12.5621395,119.46735
12.579759,119.39166
12.596393,119.39166
12.617393,119.418335
12.629225,119.418335
12.647278,119.49597
12.663278,119.49597
12.679142,119.49597
12.697263,119.76312
12.712276,119.76312
12.730614,119.7478
12.745332,119.7478
12.761452,119.7478
12.780249,119.81293
12.795485,119.81293
12.81374,119.778564
12.829464,119.778564
12.84572,119.957825
12.862462,119.957825
12.878773,119.957825
12.896392,120.131714
12.911703,120.131714
12.930012,120.55438
12.946316,120.55438
12.963205,120.91455
12.979033,120.91455
12.996171,120.91455
13.013859,121.310486
13.029405,121.310486
13.045871,121.63318
13.063311,121.63318
13.078415,121.63318
13.097343,122.03754
13.112153,122.03754
13.138575,122.38196
13.147089,122.38196
13.161105,122.38196
13.178776,122.92975
13.195191,122.92975
13.214795,123.22949
13.229065,123.22949
13.246474,123.60785
13.262948,123.60785
13.278988,123.60785
13.297334,123.7229
13.313427,123.7229
13.330834,124.149475
13.347531,124.149475
13.364003,124.483154
13.379071,124.483154
13.395888,124.483154
13.416415,124.911194
13.428155,124.911194
13.447674,125.10242
13.464128,125.10242
13.478729,125.10242
13.497738,125.48633
13.51254,125.48633
13.535031,125.665344
13.54493,125.665344
13.562125,125.665344
13.579071,126.09796
13.594834,126.09796
13.61638,126.460266
13.6299925,126.460266
13.645883,126.93384
13.662923,126.93384
13.679283,126.93384
13.697999,127.28198
13.712051,127.28198
13.732753,127.77783
13.74704,127.77783
13.762119,127.77783
13.780857,128.24823
13.797124,128.24823
13.813715,128.86621
13.829661,128.86621
13.845894,129.12115
13.862712,129.12115
13.878847,129.12115
13.897272,129.51715
13.913566,129.51715
13.930655,129.86182
13.944852,129.86182
13.963599,130.53015
13.980358,130.53015
13.995218,130.53015
14.014245,131.16461
14.02835,131.16461
14.04763,131.66193
14.062329,131.66193
14.078291,131.66193
14.096912,131.93549
14.1124735,131.93549
14.134247,132.73248
14.146841,132.73248
14.163368,133.32745
14.179305,133.32745
14.195283,133.32745
14.214412,135.82465
14.229176,135.82465
14.251348,136.14532
14.26218,136.14532
14.278432,136.14532
14.297331,137.21881
14.312832,137.21881
14.330943,137.66107
14.345751,137.66107
14.365044,137.25177
14.380477,137.25177
14.396101,137.25177
14.414444,138.86536
14.430438,138.86536
14.446302,139.10852
14.463744,139.10852
14.478972,139.10852
14.496637,139.10565
14.512077,139.10565
14.529956,139.2315
14.545111,139.2315
14.562846,139.2315
14.580389,139.8778
14.595414,139.8778
14.613423,141.26624
14.628535,141.26624
14.647161,141.19238
14.662494,141.19238
14.679075,141.19238
14.697282,142.43713
14.711938,142.43713
14.730955,141.8476
14.746085,141.8476
14.7623415,141.8476
14.780492,142.62347
14.7954445,142.62347
14.814177,142.98834
14.829485,142.98834
14.849055,144.01703
14.863594,144.01703
14.879338,144.01703
14.897341,144.80524
14.911255,144.80524
14.930152,145.60052
14.945192,145.60052
14.963538,146.01233
14.981312,146.01233
14.997172,146.01233
15.013981,146.21783
15.029506,146.21783
15.04819,146.57043
15.062532,146.57043
15.079262,146.57043
15.09649,146.91602
15.113319,146.91602
15.131666,148.0202
15.145299,148.0202
15.162462,148.0202
15.179853,149.43018
15.196176,149.43018
15.213818,149.82898
15.22904,149.82898
15.24625,151.33765
15.263559,151.33765
15.278216,151.33765
15.301096,151.17645
15.312808,151.17645
15.331748,152.41022
15.352173,152.41022
15.364965,153.10474
15.380405,153.10474
15.395639,153.10474
15.41233,154.72925
15.428843,154.72925
15.447448,155.00757
15.462145,155.00757
15.479457,155.00757
15.497838,155.60992
15.520187,155.60992
15.53098,156.2279
15.546401,156.2279
15.563433,156.13477
15.579294,156.13477
15.596194,156.13477
15.614554,156.40771
15.629607,156.40771
15.645739,157.05737
15.6641035,157.05737
15.679443,157.05737
15.697351,157.66064
15.71247,157.66064
15.733604,159.07599
15.74596,159.07599
15.762352,159.07599
15.780046,159.66327
15.797613,159.66327
15.813945,160.70905
15.829285,160.70905
15.846893,160.5564
15.862506,160.5564
15.878262,160.5564
15.899526,162.08759
15.912357,162.08759
15.933137,161.72491
15.946201,161.72491
15.962199,161.72491
15.979832,162.27716
15.995958,162.27716
16.014751,162.17358
16.029146,162.17358
16.045736,162.62122
16.062698,162.62122
16.079481,162.62122
16.098408,162.44293
16.112616,162.44293
16.134985,161.89282
16.146547,161.89282
16.163609,161.83844
16.17931,161.83844
16.195639,161.83844
16.213593,161.6565
16.229761,161.6565
16.245193,161.62183
16.263443,161.62183
16.279024,161.62183
16.297626,161.87311
16.313526,161.87311
16.334028,161.55322
16.34948,161.55322
16.365429,161.28247
16.38198,161.28247
16.396433,161.28247
16.417013,161.37
16.431112,161.37
16.450457,161.45459
16.467537,161.45459
16.479612,161.45459
16.500463,161.36957
16.513405,161.36957
16.53338,161.7749
16.546612,161.7749
16.563559,161.65625
16.580217,161.65625
16.596428,161.65625
16.614134,161.50061
16.630116,161.50061
16.645838,161.2226
16.663254,161.2226
16.679222,161.2226
16.697203,161.33417
16.712225,161.33417
16.731161,161.13806
16.745298,161.13806
16.76323,161.45392
16.780182,161.45392
16.795265,161.45392
16.815857,161.32654
16.828432,161.32654
16.847267,161.41095
16.862474,161.41095
16.878958,161.41095
16.896435,161.54297
16.912989,161.54297
16.934334,161.72052
16.945248,161.72052
16.963768,161.48486
16.979893,161.48486
16.996386,161.48486
17.0142,161.33478
17.030884,161.33478
17.048635,161.24445
17.062588,161.24445
17.079275,161.24445
17.097853,161.4043
17.111818,161.4043
17.132723,161.28497
17.146095,161.28497
17.162567,161.28497
17.180162,159.98944
17.195139,159.98944
17.214285,161.39252
17.229284,161.39252
17.245468,161.67584
17.263851,161.67584
17.28009,161.67584
17.298485,161.211
17.314442,161.211
17.330154,160.5199
17.347267,160.5199
17.362614,160.5199
17.379519,160.5268
17.39605,160.5268
17.415936,160.66565
17.429356,160.66565
17.445223,160.7143
17.464008,160.7143
17.479197,160.7143
17.49733,160.86646
17.512012,160.86646
17.53378,161.0769
17.545977,161.0769
17.563437,161.08374
17.580471,161.08374
17.596106,161.08374
17.61381,161.02386
17.628654,161.02386
17.646503,161.00201
17.66345,161.00201
17.679379,161.00201
17.697649,160.97235
17.712955,160.97235
17.731201,161.06934
17.745422,161.06934
17.763376,161.0351
17.781372,161.0351
17.79611,161.0351
17.814144,161.25226
17.82914,161.25226
17.8498,161.03375
17.863283,161.03375
17.879269,161.03375
17.896759,160.58429
17.913118,160.58429
17.93153,160.58685
17.947159,160.58685
17.962389,160.58685
17.979998,160.61469
17.99739,160.61469
18.01336,160.25024
18.029667,160.25024
18.045616,159.6037
18.064062,159.6037
18.07858,159.6037
18.097054,158.87573
18.112537,158.87573
18.130262,159.53705
18.14703,159.53705
18.164871,158.68665
18.179953,158.68665
18.195702,158.68665
18.212746,159.2406
18.229948,159.2406
18.25138,160.01672
18.262785,160.01672
18.279968,160.01672
18.29804,159.8877
18.311712,159.8877
18.334051,159.57642
18.346313,159.57642
18.363867,160.7735
18.379637,160.7735
18.39572,160.7735
18.415926,160.27649
18.42986,160.27649
18.448105,160.16064
18.463493,160.16064
18.478533,160.16064
18.497993,159.80615
18.512608,159.80615
18.53136,158.97034
18.546207,158.97034
18.56256,158.97034
18.581303,158.86383
18.59642,158.86383
18.614353,158.7594
18.630602,158.7594
18.645618,158.43054
18.663534,158.43054
18.679674,158.43054
18.69796,158.25409
18.711874,158.25409
18.73069,157.44647
18.746782,157.44647
18.763943,157.10883
18.78099,157.10883
18.800222,157.10883
18.814783,156.96698
18.82832,156.96698
18.846771,156.90155
18.863289,156.90155
18.879541,156.90155
18.897514,156.59674
18.911884,156.59674
18.93078,156.54504
18.946783,156.54504
18.964273,155.9552
18.979673,155.9552
18.995148,155.9552
19.0136,155.73517
19.029554,155.73517
19.047401,155.18848
19.062408,155.18848
19.080515,155.18848
19.098276,154.59613
19.118773,154.59613
19.13644,154.51318
19.147264,154.51318
19.163282,155.14288
19.180302,155.14288
19.195656,155.14288
19.217386,154.8753
19.22939,154.8753
19.24671,153.89624
19.263266,153.89624
19.280964,153.89624
19.29783,153.63757
19.312,153.63757
19.332254,153.41718
19.346693,153.41718
19.363895,153.51514
19.382711,153.51514
19.396767,153.51514
19.415169,152.85602
19.429762,152.85602
19.448467,153.34924
19.464209,153.34924
19.478725,153.34924
19.498264,151.31714
19.512728,151.31714
19.530577,150.9596
19.546968,150.9596
19.564219,151.80493
19.580435,151.80493
19.595562,151.80493
19.614761,149.9942
19.63068,149.9942
19.648394,151.81256
19.662931,151.81256
19.679512,151.81256
19.697657,149.77417
19.714233,149.77417
19.733587,149.50641
19.747473,149.50641
19.763968,150.45392
19.782179,150.45392
19.796782,150.45392
19.814703,149.39307
19.828955,149.39307
19.84745,148.93011
19.862791,148.93011
19.878727,148.93011
19.897818,148.39752
19.913172,148.39752
19.93127,148.50311
19.946447,148.50311
19.963287,147.6825
19.980888,147.6825
19.996584,147.6825
20.014572,147.45978
20.02997,147.45978
20.047909,147.40594
20.062101,147.40594
20.0798,147.40594
20.098192,147.24017
20.113365,147.24017
20.133518,147.43182
20.145718,147.43182
20.163837,147.28784
20.180431,147.28784
20.195457,147.28784
20.21481,145.95667
20.229582,145.95667
20.247585,145.34021
20.262497,145.34021
20.2782,145.34021
20.297548,144.98248
20.313784,144.98248
20.333342,144.95923
20.346786,144.95923
20.363981,144.93695
20.380243,144.93695
20.397331,144.93695
20.414085,144.02014
20.429522,144.02014
20.445986,143.8717
20.464363,143.8717
20.480394,143.8717
20.49727,143.81018
20.512545,143.81018
20.531965,143.57831
20.546635,143.57831
20.5636,143.15381
20.57996,143.15381
20.595984,143.15381
20.618305,142.47736
20.629875,142.47736
20.65094,141.86096
20.663736,141.86096
20.678802,141.86096
20.69789,141.57782
20.712135,141.57782
20.730879,141.344
20.747387,141.344
20.761866,141.344
20.779684,141.25134
20.796785,141.25134
20.81472,140.89398
20.83025,140.89398
20.84834,140.3274
20.862799,140.3274
20.87963,140.3274
20.898712,139.5592
20.913704,139.5592
20.931623,138.60516
20.946632,138.60516
20.962845,138.60516
20.980839,138.22614
20.995804,138.22614
21.014921,137.98419
21.029898,137.98419
21.0464,137.39624
21.062687,137.39624
21.080137,137.39624
21.096989,136.68744
21.112667,136.68744
21.129725,135.9516
21.145588,135.9516
21.163464,135.06207
21.181593,135.06207
21.195719,135.06207
21.215601,134.2359
21.228926,134.2359
21.246628,133.33276
21.262995,133.33276
21.280148,133.33276
21.298326,132.56158
21.312645,132.56158
21.330332,131.96973
21.34607,131.96973
21.362452,131.96973
21.379053,131.33887
21.396294,131.33887
21.414932,130.82477
21.429125,130.82477
21.445961,130.4013
21.464516,130.4013
21.47982,130.4013
21.49786,129.96533
21.51357,129.96533
21.530983,129.39648
21.547426,129.39648
21.562979,129.39648
21.581411,129.07953
21.596685,129.07953
21.614655,128.91998
21.630075,128.91998
21.648222,128.62775
21.662624,128.62775
21.680305,128.62775
21.698257,128.44092
21.711954,128.44092
21.734932,128.2453
21.746914,128.2453
21.7619,128.2453
21.781017,128.12903
21.795795,128.12903
21.81669,127.90729
21.83021,127.90729
21.850996,127.60071
21.86349,127.60071
21.87995,127.60071
21.898325,127.390686
21.913063,127.390686
21.932217,127.2207
21.946646,127.2207
21.96472,126.97803
21.981794,126.97803
21.997543,126.97803
22.016306,126.714294
22.029497,126.714294
22.048817,126.47089
22.063322,126.47089
22.079763,126.47089
22.098246,126.225464
22.115128,126.225464
22.132132,126.115845
22.146376,126.115845
22.164175,125.89923
22.180042,125.89923
22.197058,125.89923
22.215155,125.78302
22.229586,125.78302
22.248169,125.50867
22.263435,125.50867
22.28039,125.50867
22.298773,125.522095
22.311975,125.522095
22.332077,125.3772
22.346277,125.3772
22.362143,125.3772
22.380106,125.246765
22.396221,125.246765
22.41393,124.97711
22.428484,124.97711
22.448488,125.00452
22.463598,125.00452
22.479353,125.00452
22.498205,124.98364
22.512459,124.98364
22.534355,125.08234
22.545542,125.08234
22.562817,125.08234
22.58115,125.05029
22.596481,125.05029
22.615072,125.05682
22.630056,125.05682
22.65207,124.962585
22.663548,124.962585
22.678444,124.962585
22.697618,124.98877
22.713192,124.98877
22.731823,124.894226
22.746998,124.894226
22.763426,124.894226
22.782671,125.02606
22.796877,125.02606
22.815882,125.056335
22.829924,125.056335
22.849928,125.14148
22.86375,125.14148
22.879667,125.14148
22.897507,125.02826
22.913334,125.02826
22.930988,125.050415
22.946404,125.050415
22.963533,124.94165
22.980316,124.94165
22.996037,124.94165
23.013699,125.066895
23.029121,125.066895
23.04671,125.04999
23.064045,125.04999
23.096067,125.13403
23.108532,125.13403
23.121836,125.13403
23.13926,125.03375
23.152996,125.03375
23.173355,125.16095
23.185787,125.16095
23.204046,125.13843
23.221172,125.13843
23.236383,125.13843
23.256401,125.16431
23.271301,125.16431
23.287888,125.08765
23.305006,125.08765
23.32137,125.08765
23.338383,125.19055
23.353676,125.19055
23.370684,125.1839
23.387033,125.1839
23.404978,125.30206
23.420841,125.30206
23.437864,125.30206
23.457317,125.28137
23.470905,125.28137
23.491941,125.30621
23.503036,125.30621
23.520647,125.30621
23.539854,125.12549
23.55412,125.12549
23.572004,125.104614
23.587696,125.104614
23.604143,125.08887
23.620955,125.08887
23.63792,125.08887
23.654932,125.201965
23.669855,125.201965
23.687838,125.21515
23.703035,125.21515
23.721184,125.21515
23.739388,125.406494
23.753403,125.406494
23.773388,125.26129
23.786835,125.26129
23.80454,125.311584
23.823057,125.311584
23.836973,125.311584
23.854532,125.267456
23.87018,125.267456
23.888834,125.378235
23.903923,125.378235
23.92013,125.378235
23.938618,125.32013
23.954184,125.32013
23.971016,125.35602
23.987507,125.35602
24.003532,125.21869
24.020172,125.21869
24.037325,125.21869
24.05562,125.25037
24.06933,125.25037
24.087542,125.1156
24.10354,125.1156
24.121738,125.1156
24.142778,125.20758
24.153196,125.20758
24.17429,125.1853
24.187044,125.1853
24.20479,125.32202
24.220875,125.32202
24.237278,125.32202
24.254894,125.344055
24.270298,125.344055
24.288301,125.5484
24.303553,125.5484
24.319376,125.5484
24.337643,125.59271
24.354753,125.59271
24.372705,125.72357
24.389019,125.72357
24.40426,125.74335
24.423054,125.74335
24.437439,125.74335
24.45847,125.84851
24.470734,125.84851
24.48758,125.839294
24.504713,125.839294
24.51986,125.839294
24.538343,126.016174
24.553926,126.016174
24.574476,126.01111
24.58774,126.01111
24.604984,126.059204
24.6215,126.059204
24.63677,126.059204
24.655512,126.04266
24.669716,126.04266
24.688171,126.23346
24.703623,126.23346
24.719461,126.23346
24.738607,126.281006
24.753937,126.281006
24.771517,126.61157
24.788097,126.61157
24.803724,126.95044
24.821339,126.95044
24.836842,126.95044
24.855768,127.40076
24.870024,127.40076
24.891672,127.71393
24.903421,127.71393
24.920998,127.71393
24.93878,128.20819
24.95374,128.20819
24.971748,128.77557
24.987858,128.77557
25.003517,129.5127
25.021767,129.5127
25.036663,129.5127
25.056196,129.98059
25.071882,129.98059
25.08786,130.61963
25.103197,130.61963
25.120203,130.61963
25.13955,130.93188
25.154268,130.93188
25.171286,131.32928
25.187012,131.32928
25.20382,131.53296
25.220327,131.53296
25.236643,131.53296
25.255001,132.08966
25.2707,132.08966
25.288275,132.54755
25.303234,132.54755
25.320564,132.54755
25.338236,133.13153
25.354446,133.13153
25.371075,133.59741
25.388021,133.59741
25.403578,134.37994
25.421642,134.37994
25.437565,134.37994
25.454462,134.50934
25.470915,134.50934
25.489395,135.26007
25.504326,135.26007
25.52111,135.26007
25.538319,135.82996
25.553244,135.82996
25.572353,136.31793
25.58664,136.31793
25.60579,136.53412
25.62233,136.53412
25.636333,136.53412
25.655375,136.8305
25.671124,136.8305
25.687767,137.32526
25.70477,137.32526
25.720037,137.32526
25.738222,138.9917
25.753279,138.9917
25.775839,139.29315
25.786882,139.29315
25.804327,140.341
25.821642,140.341
25.837278,140.341
25.854181,140.4671
25.870861,140.4671
25.888287,141.10242
25.904617,141.10242
25.920532,141.10242
25.939089,141.768
25.954063,141.768
25.971947,142.1972
25.987778,142.1972
26.005033,142.62799
26.02081,142.62799
26.037638,142.62799
26.054626,143.7876
26.081417,143.7876
26.093227,143.94232
26.10638,143.94232
26.128609,144.40851
26.141697,144.40851
26.155804,144.40851
26.174562,145.08496
26.190163,145.08496
26.209116,145.62762
26.222605,145.62762
26.24021,145.62762
26.258677,145.2351
26.27288,145.2351
26.291601,144.89374
26.306843,144.89374
26.324066,145.37677
26.343006,145.37677
26.356682,145.37677
26.374233,145.79852
26.388746,145.79852
26.406485,147.15045
26.422787,147.15045
26.43973,147.15045
26.457844,146.21497
26.473772,146.21497
26.491447,146.57062
26.506618,146.57062
26.524097,147.79169
26.542269,147.79169
26.55778,147.79169
26.574709,148.51196
26.589643,148.51196
26.60669,148.37958
26.624607,148.37958
26.640995,148.37958
26.659634,148.182
26.672823,148.182
26.691519,149.21802
26.70608,149.21802
26.724102,149.21191
26.741392,149.21191
26.757124,149.21191
26.775173,149.1485
26.791607,149.1485
26.808603,149.06812
26.82397,149.06812
26.839043,149.06812
26.85675,149.53613
26.874275,149.53613
26.891792,149.73102
26.906242,149.73102
26.923857,149.67456
26.943472,149.67456
26.957432,149.67456
26.975395,149.91296
26.990623,149.91296
27.011126,150.78168
27.023476,150.78168
27.040703,150.78168
27.057585,150.62225
27.072876,150.62225
27.092241,151.08313
27.106237,151.08313
27.123547,150.64825
27.141668,150.64825
27.15658,150.64825
27.174934,150.37189
27.190409,150.37189
27.206312,150.78522
27.22518,150.78522
27.241058,150.78522
27.257801,151.26416
27.273058,151.26416
27.290993,150.6966
27.307,150.6966
27.323845,151.22266
27.341185,151.22266
27.356712,151.22266
27.377811,151.17505
27.38923,151.17505
27.407866,151.79456
27.423141,151.79456
27.440853,151.79456
27.458233,151.29669
27.474165,151.29669
27.491543,151.58234
27.506319,151.58234
27.524416,151.75098
27.541393,151.75098
27.557093,151.75098
27.574934,152.60437
27.58975,152.60437
27.607578,152.40002
27.622986,152.40002
27.639961,152.40002
27.65768,152.65137
27.673536,152.65137
27.6949,152.99054
27.706842,152.99054
27.72383,153.47449
27.740395,153.47449
27.756603,153.47449
27.774054,153.64081
27.789228,153.64081
27.80612,155.02368
27.82364,155.02368
27.840136,155.02368
27.85874,154.78705
27.874054,154.78705
27.890163,154.89136
27.905474,154.89136
27.924408,154.88727
27.941238,154.88727
27.956835,154.88727
27.974918,155.38324
27.989836,155.38324
28.007261,154.45673
28.022146,154.45673
28.039219,154.45673
28.058388,154.57611
28.073584,154.57611
28.09205,154.2558
28.106127,154.2558
28.12342,153.47284
28.142057,153.47284
28.157385,153.47284
28.173302,154.08643
28.194546,154.08643
28.20965,154.1842
28.223043,154.1842
28.238869,154.1842
28.25796,153.53912
28.272152,153.53912
28.291128,154.12573
28.306927,154.12573
28.32361,154.1264
28.341656,154.1264
28.355785,154.1264
28.37387,153.87787
28.389137,153.87787
28.407005,153.64362
28.423237,153.64362
28.439009,153.64362
28.457413,154.66742
28.472364,154.66742
28.490278,153.64459
28.506462,153.64459
28.524456,153.69568
28.540806,153.69568
28.555859,153.69568
28.575092,153.8302
28.59034,153.8302
28.609043,154.40833
28.62341,154.40833
28.64031,154.40833
28.65715,154.14117
28.673761,154.14117
28.691141,154.87207
28.707602,154.87207
28.72258,154.87207
28.74112,153.81757
28.756287,153.81757
28.775074,154.27881
28.789068,154.27881
28.807781,154.31116
28.822895,154.31116
28.839096,154.31116
28.85744,154.61237
28.872236,154.61237
28.890312,154.4707
28.905474,154.4707
28.924583,154.20282
28.940548,154.20282
28.95659,154.20282
28.974543,154.27405
28.99037,154.27405
29.007154,153.66327
29.02274,153.66327
29.039034,153.66327
29.057539,153.4342
29.073153,153.4342
29.09078,152.84265
29.106268,152.84265
29.124464,152.53503
29.142,152.53503
29.156404,152.53503
29.174286,153.66125
29.190393,153.66125
29.207457,152.46576
29.223446,152.46576
29.239422,152.46576
29.257875,152.33191
29.27311,152.33191
29.28994,151.68536
29.306196,151.68536
29.323711,152.28375
29.340492,152.28375
29.357124,152.28375
29.375696,151.9292
29.390432,151.9292
29.409174,152.30127
29.42458,152.30127
29.441267,152.30127
29.457987,152.8064
29.473818,152.8064
29.492968,152.47894
29.50733,152.47894
29.523651,152.47266
29.542917,152.47266
29.556244,152.47266
29.575352,151.8783
29.589842,151.8783
29.607592,151.81055
29.627172,151.81055
29.63901,151.81055
29.658052,151.8825
29.673223,151.8825
29.690767,151.91266
29.7069,151.91266
29.724478,152.46448
29.741598,152.46448
29.757181,152.46448
29.774317,151.79633
29.790192,151.79633
29.811543,152.54352
29.82393,152.54352
29.840227,152.54352
29.857492,151.84766
29.872843,151.84766
29.89182,151.7807
29.90597,151.7807
29.92396,151.58875
29.941628,151.58875
29.956974,151.58875
29.97458,151.63367
29.991484,151.63367
30.007065,151.69495
30.024738,151.69495
30.040674,151.69495
30.058365,150.53027
30.07336,150.53027
30.09334,150.18982
30.107494,150.18982
30.122803,150.18982
30.14155,150.73358
30.156294,150.73358
30.174004,151.78168
30.190353,151.78168
30.209717,151.08337
30.224709,151.08337
30.240765,151.08337
30.257227,150.8565
30.272367,150.8565
30.291233,151.03235
30.307016,151.03235
30.324408,150.71783
30.340448,150.71783
30.356342,150.71783
30.373543,151.18732
30.390362,151.18732
30.405926,150.682
30.423847,150.682
30.450531,151.22577
30.463867,151.22577
30.474201,151.22577
30.491693,150.97028
30.508059,150.97028
30.5242,151.74274
30.54194,151.74274
30.557125,151.74274
30.576475,151.70416
30.590712,151.70416
30.609417,151.92969
30.625511,151.92969
30.64079,151.92969
30.658636,151.70789
30.674236,151.70789
30.690964,151.34442
30.707401,151.34442
30.725327,151.0523
30.742573,151.0523
30.757517,151.0523
30.775583,150.69666
30.791773,150.69666
30.809652,150.51166
30.823696,150.51166
30.840784,150.51166
30.85948,150.3523
30.874187,150.3523
30.892214,150.3266
30.90715,150.3266
30.925425,149.33722
30.941784,149.33722
30.956987,149.33722
30.976097,149.43597
30.99016,149.43597
31.008013,148.63812
31.024351,148.63812
31.0407,148.63812
31.05919,148.56366
31.07489,148.56366
31.09316,148.43188
31.108013,148.43188
31.124626,148.15497
31.142935,148.15497
31.157816,148.15497
31.17602,148.20111
31.190826,148.20111
31.208143,147.84625
31.223919,147.84625
31.24131,147.84625
31.258995,147.36237
31.274147,147.36237
31.291796,146.86884
31.306927,146.86884
31.32434,147.1018
31.341858,147.1018
31.356255,147.1018
31.377613,146.67444
31.390324,146.67444
31.413132,145.99762
31.424274,145.99762
31.440948,145.99762
31.458918,145.57971
31.473839,145.57971
31.492193,143.98553
31.507929,143.98553
31.524273,143.67139
31.542572,143.67139
31.557976,143.67139
31.575249,143.56903
31.59117,143.56903
31.608976,143.3233
31.62569,143.3233
31.642162,143.3233
31.658657,142.86902
31.674795,142.86902
31.691462,142.50195
31.708178,142.50195
31.726097,141.97754
31.742178,141.97754
31.757362,141.97754
31.777044,141.69757
31.791729,141.69757
31.808468,141.22668
31.82378,141.22668
31.842049,141.22668
31.858698,141.11456
31.874119,141.11456
31.891722,140.91571
31.907137,140.91571
31.925482,140.47705
31.94368,140.47705
31.957157,140.47705
31.975904,139.65454
31.99173,139.65454
32.009014,139.31708
32.0243,139.31708
32.04019,139.31708
32.059124,138.8678
32.075348,138.8678
32.092236,138.6966
32.107574,138.6966
32.12458,138.276
32.143948,138.276
32.156403,138.276
32.178265,138.21039
32.190662,138.21039
32.20931,138.20367
32.223915,138.20367
32.25148,137.90875
32.264236,137.90875
32.276512,137.90875
32.29419,137.62048
32.309467,137.62048
32.33095,137.33673
32.343384,137.33673
32.35858,137.33673
32.377457,136.8949
32.39256,136.8949
32.410034,136.59845
32.425842,136.59845
32.443417,136.24591
32.460968,136.24591
32.475956,136.24591
32.493896,135.88306
32.50907,135.88306
32.5277,135.5686
32.54429,135.5686
32.559437,135.5686
32.577038,135.1825
32.59238,135.1825
32.610188,135.01343
32.62562,135.01343
32.644726,134.58215
32.65985,134.58215
32.675846,134.58215
32.69414,134.0932
32.70902,134.0932
32.72689,133.47742
32.743557,133.47742
32.758034,133.47742
32.777214,132.8465
32.794342,132.8465
32.81077,132.34192
32.82588,132.34192
32.843925,132.01636
32.86047,132.01636
32.87657,132.01636
32.89401,131.63892
32.909042,131.63892
32.926743,131.43048
32.943592,131.43048
32.95841,131.43048
32.976433,131.00018
32.99265,131.00018
33.01046,130.66986
33.02563,130.66986
33.043407,130.1593
33.058872,130.1593
33.075283,130.1593
33.09389,129.90973
33.10937,129.90973
33.127354,129.47095
33.144657,129.47095
33.158333,129.47095
33.177246,129.2016
33.19223,129.2016
33.213833,128.8631
33.226368,128.8631
33.24287,128.8631
33.25954,128.74762
33.29401,128.35132
33.306606,128.35132
33.319626,128.35132
33.33746,128.02637
33.35154,128.02637
33.36843,127.44672
33.38466,127.44672
33.40084,127.44672
33.419292,127.2074
33.434765,127.2074
33.452503,126.99274
33.46786,126.99274
33.484066,126.86749
33.501495,126.86749
33.51834,126.86749
33.537506,126.49841
33.553097,126.49841
33.570004,126.15289
33.584885,126.15289
33.601,126.15289
33.620647,125.7937
33.635098,125.7937
33.65192,125.57025
33.668015,125.57025
33.685337,125.253174
33.70182,125.253174
33.717976,125.253174
33.736935,125.209045
33.752274,125.209045
33.768955,124.90918
33.78881,124.90918
33.802258,124.90918
33.818947,124.82684
33.83521,124.82684
33.853218,124.50336
33.869316,124.50336
33.884842,124.446045
33.90144,124.446045
33.933052,124.28168
33.946194,124.28168
33.958813,124.28168
33.97567,124.26471
33.99069,124.26471
34.0088,124.086426
34.024998,124.086426
34.042126,124.086426
34.058453,123.91376
34.073544,123.91376
34.092422,123.69983
34.107285,123.69983
34.124325,123.53058
34.14239,123.53058
34.1583,123.53058
34.17559,123.09668
34.19027,123.09668
34.2088,122.84192
34.22404,122.84192
34.240932,122.84192
34.25872,122.65228
34.274387,122.65228
34.29673,122.827576
34.308796,122.827576
34.32403,122.8443
34.342796,122.8443
34.357525,122.8443
34.377132,122.89661
34.390343,122.89661
34.41363,122.746216
34.424152,122.746216
34.441605,122.746216
34.45944,122.81073
34.47534,122.81073
34.491444,122.762024
34.50778,122.762024
34.525394,122.754395
34.542328,122.754395
34.55714,122.754395
34.57743,122.755615
34.59034,122.755615
34.60831,122.86401
34.624958,122.86401
34.647636,122.82562
34.661682,122.82562
34.673515,122.82562
34.69205,122.816345
34.70727,122.816345
34.725548,122.69275
34.74108,122.69275
34.7577,122.69275
34.77532,122.57843
34.790604,122.57843
34.808968,122.516846
34.824654,122.516846
34.84085,122.516846
34.858643,122.67859
34.874943,122.67859
34.89526,122.67767
34.907776,122.67767
34.924107,122.7121
34.941883,122.7121
34.957996,122.7121
34.976063,122.62561
34.99101,122.62561
35.00922,122.66553
35.024605,122.66553
35.041542,122.66553
35.05981,122.43854
35.074463,122.43854
35.091965,122.38245
35.107502,122.38245
35.125404,122.13202
35.143536,122.13202
35.157524,122.13202
35.17619,122.18048
35.191727,122.18048
35.21245,122.09912
35.224907,122.09912
35.241386,122.09912
35.25909,122.1145
35.274162,122.1145
35.29262,122.01453
35.308254,122.01453
35.325714,121.98193
35.342144,121.98193
35.357796,121.98193
35.376514,121.82117
35.3904,121.82117
35.409023,121.85803
35.424725,121.85803
35.44012,121.85803
35.459164,121.854004
35.474586,121.854004
35.49477,121.99902
35.507343,121.99902
35.525978,121.96234
35.54155,121.96234
35.557484,121.96234
35.575386,122.01996
35.590267,122.01996
35.608437,121.928894
35.62492,121.928894
35.640556,121.928894
35.659874,122.01312
35.674217,122.01312
35.692684,122.0155
35.70742,122.0155
35.725998,122.07898
35.742306,122.07898
35.757736,122.07898
35.77571,122.040405
35.791637,122.040405
35.80871,122.06506
35.82447,122.06506
35.844086,121.79962
35.85949,121.79962
35.8748,121.79962
35.896584,121.8161
35.90874,121.8161
35.924107,121.818115
35.94229,121.818115
35.957333,121.818115
35.975967,122.02466
35.99144,122.02466
36.008373,122.009155
36.024433,122.009155
36.040676,122.009155
36.059315,122.039856
36.074623,122.039856
36.092793,121.94501
36.10778,121.94501
36.126434,121.96704
36.1428,121.96704
36.158134,121.96704
36.17628,121.91138
36.190914,121.91138
36.209255,121.99664
36.224648,121.99664
36.241196,121.99664
36.258972,122.00165
36.274254,122.00165
36.292892,122.10425
36.30808,122.10425
36.324623,122.10651
36.341713,122.10651
36.357952,122.10651
36.376152,122.04529
36.391155,122.04529
36.408802,122.0437
36.424168,122.0437
36.441452,122.0437
36.45911,122.17114
36.474106,122.17114
36.493305,122.21661
36.507423,122.21661
36.526093,122.20923
36.54241,122.20923
36.557957,122.20923
36.57556,122.084595
36.591084,122.084595
36.60951,122.0343
36.624252,122.0343
36.641518,122.0343
36.659706,121.910645
36.67538,121.910645
36.691547,121.96881
36.70817,121.96881
36.724163,122.07654
36.74211,122.07654
36.758568,122.07654
36.77538,122.22516
36.7913,122.22516
36.808315,122.206726
36.824398,122.206726
36.84038,122.206726
36.859802,122.37683
36.874702,122.37683
36.89354,122.52173
36.90788,122.52173
36.92494,122.98407
36.942566,122.98407
36.95799,122.98407
36.975822,123.35077
36.99103,123.35077
37.009354,123.861694
37.02497,123.861694
37.041973,123.861694
37.059547,124.266785
37.074963,124.266785
37.09459,124.75879
37.10785,124.75879
37.124817,125.12671
37.1427,125.12671
37.158592,125.12671
37.17682,125.53064
37.190464,125.53064
37.211864,125.81372
37.2237,125.81372
37.240814,125.81372
37.258575,126.38458
37.274033,126.38458
37.292316,126.60596
37.307087,126.60596
37.32439,126.87067
37.341476,126.87067
37.35802,126.87067
37.376392,127.06213
37.391228,127.06213
37.408264,127.58148
37.424953,127.58148
37.441856,127.58148
37.45928,127.98999
37.473503,127.98999
37.493137,128.35486
37.508045,128.35486
37.525593,128.58887
37.541714,128.58887
37.558437,128.58887
37.577625,128.94647
37.59025,128.94647
37.61417,129.19116
37.62575,129.19116
37.641262,129.19116
37.659218,129.56696
37.674274,129.56696
37.693203,129.87323
37.70809,129.87323
37.725616,130.50458
37.74302,130.50458
37.758266,130.50458
37.776165,130.79205
37.791313,130.79205
37.81209,131.2619
37.824753,131.2619
37.84041,131.2619
37.85955,131.54541
37.874905,131.54541
37.892773,131.85608
37.908028,131.85608
37.925755,132.22174
37.941776,132.22174
37.957912,132.22174
37.976044,132.55481
37.991455,132.55481
38.009033,132.3825
38.025616,132.3825
38.040714,132.3825
38.05894,132.84259
38.074535,132.84259
38.092922,132.97845
38.107666,132.97845
38.125355,133.43652
38.1416,133.43652
38.15784,133.43652
38.17646,133.30774
38.190952,133.30774
38.213398,133.77484
38.224102,133.77484
38.241295,133.77484
38.258865,134.18451
38.274967,134.18451
38.292763,134.54755
38.307495,134.54755
38.32585,134.51233
38.34323,134.51233
38.35755,134.51233
38.377407,135.87476
38.390495,135.87476
38.408356,135.77277
38.424862,135.77277
38.451984,136.26788
38.464157,136.26788
38.477085,136.26788
38.493744,135.7561
38.509163,135.7561
38.527977,136.02228
38.543583,136.02228
38.558258,136.02228
38.577187,136.32587
38.59253,136.32587
38.610752,136.70166
38.62689,136.70166
38.643757,136.5282
38.66081,136.5282
38.674778,136.5282
38.69489,138.23218
38.70949,138.23218
38.72974,138.91223
38.743053,138.91223
38.759052,138.91223
38.776085,139.12189
38.792847,139.12189
38.809875,139.36426
38.826614,139.36426
38.843777,139.93878
38.8609,139.93878
38.877216,139.93878
38.892704,140.56671
38.908882,140.56671
38.928528,140.48724
38.94469,140.48724
38.95977,140.48724
38.97757,141.03601
38.993916,141.03601
39.01185,141.4972
39.025734,141.4972
39.043354,141.84491
39.05981,141.84491
39.076344,141.84491
39.09315,141.91101
39.11036,141.91101
39.129932,142.0199
39.144325,142.0199
39.16124,142.0199
39.178055,143.92358
39.192513,143.92358
39.211666,143.1994
39.226593,143.1994
39.244034,143.92023
39.260933,143.92023
39.27656,143.92023
39.29743,143.71259
39.309883,143.71259
39.33212,144.42871
39.342793,144.42871
39.35954,144.42871
39.378784,145.13684
39.3937,145.13684
39.413227,145.0788
39.42626,145.0788
39.443386,145.53613
39.459816,145.53613
39.476196,145.53613
39.49538,145.3169
39.509354,145.3169
39.527805,146.21191
39.543224,146.21191
39.55965,146.21191
39.577698,146.69617
39.592976,146.69617
39.610844,146.72241
39.626354,146.72241
39.643837,145.85626
39.659695,145.85626
39.676353,145.85626
39.694157,146.10492
39.709713,146.10492
39.729748,146.65253
39.743797,146.65253
39.75914,146.65253
39.77836,146.49506
39.792236,146.49506
39.81027,146.48749
39.82518,146.48749
39.843884,145.8648
39.860363,145.8648
39.877285,145.8648
39.894287,145.37329
39.91001,145.37329
39.927216,145.91199
39.9434,145.91199
39.958603,145.91199
39.977768,146.29834
39.99294,146.29834
40.01415,146.10895
40.025818,146.10895
40.04416,145.62555
40.060734,145.62555
40.077023,145.62555
40.095016,145.55548
40.109936,145.55548
40.129185,145.0924
40.144844,145.0924
40.15953,145.0924
40.17723,147.30206
40.19249,147.30206
40.21115,145.26764
40.22567,145.26764
40.24284,145.26764
40.25967,145.38904
40.276066,145.38904
40.294914,145.07617
40.309795,145.07617
40.32816,144.83777
40.342773,144.83777
40.358967,144.83777
40.377804,145.35144
40.391834,145.35144
40.410843,145.02655
40.426155,145.02655
40.449158,145.84216
40.46275,145.84216
40.476036,145.84216
40.494305,144.93304
40.50968,144.93304
40.527714,145.36188
40.543617,145.36188
40.558746,145.36188
40.577484,146.12689
40.592842,146.12689
40.609737,147.22394
40.626934,147.22394
40.64437,147.36383
40.660294,147.36383
40.67573,147.36383
40.69541,146.92657
40.709114,146.92657
40.728497,147.05896
40.743958,147.05896
40.759357,147.05896
40.777367,146.55426
40.793526,146.55426
40.810207,146.63965
40.827137,146.63965
40.843075,146.63965
40.86187,146.69128
40.876633,146.69128
40.89471,146.62347
40.91007,146.62347
40.928207,146.2677
40.943096,146.2677
40.959564,146.2677
40.978203,146.27954
40.993046,146.27954
41.010586,145.75531
41.025673,145.75531
41.04398,145.70996
41.060688,145.70996
41.07582,145.70996
41.09713,147.4956
41.1091,147.4956
41.12981,147.47778
41.14292,147.47778
41.158875,147.47778
41.177628,147.59479
41.192844,147.59479
41.210693,145.76904
41.225937,145.76904
41.24632,147.18994
41.261036,147.18994
41.276207,147.18994
41.295162,146.24805
41.30947,146.24805
41.328125,145.99988
41.343582,145.99988
41.359406,145.99988
41.378212,145.39227
41.392822,145.39227
41.410637,145.7044
41.42715,145.7044
41.443867,146.22906
41.461483,146.22906
41.477318,146.22906
41.49684,146.1106
41.509655,146.1106
41.52964,145.20288
41.544296,145.20288
41.55855,145.20288
41.578476,143.79517
41.59425,143.79517
41.61165,143.78662
41.62659,143.78662
41.644436,144.13269
41.660282,144.13269
41.676765,144.13269
41.695896,144.05536
41.709446,144.05536
41.726208,143.7807
41.745426,143.7807
41.758526,143.7807
41.777744,143.9895
41.793617,143.9895
41.810993,143.99487
41.82589,143.99487
41.84364,144.06665
41.860237,144.06665
41.876263,144.06665
41.89514,143.49292
41.90915,143.49292
41.92805,143.36017
41.94242,143.36017
41.95918,143.36017
41.97886,143.33167
41.994,143.33167
42.01141,142.90387
42.026093,142.90387
42.04348,144.51038
42.06058,144.51038
42.076416,144.51038
42.09455,144.96893
42.109497,144.96893
42.129025,145.28394
42.144165,145.28394
42.160664,145.28394
42.178104,144.38159
42.19347,144.38159
42.21199,142.72675
42.23433,142.72675
42.245438,142.90271
42.261044,142.90271
42.27736,142.90271
42.294174,142.0075
42.309258,142.0075
42.328262,141.34503
42.342995,141.34503
42.366314,141.76654
42.37901,141.76654
42.393192,141.76654
42.413597,141.305
42.42552,141.305
42.445293,141.37518
42.46099,141.37518
42.47641,141.37518
42.494293,141.09576
42.50954,141.09576
42.528328,140.52405
42.54346,140.52405
42.56,140.52405
42.577847,140.54279
42.593967,140.54279
42.610794,140.07898
42.62748,140.07898
42.64349,139.85388
42.66142,139.85388
42.675392,139.85388
42.69485,139.57086
42.709793,139.57086
42.729515,139.63477
42.743633,139.63477
42.760212,139.63477
42.776188,138.97046
42.794006,138.97046
42.810085,139.052
42.826767,139.052
42.84276,139.052
42.85949,139.01648
42.876373,139.01648
42.894737,138.50958
42.909775,138.50958
42.926083,138.0719
42.943687,138.0719
42.960297,138.0719
42.97768,137.815
42.99235,137.815
43.011284,137.62524
43.026527,137.62524
43.04307,137.8971
43.059265,137.8971
43.07651,137.8971
43.09428,138.31201
43.10958,138.31201
43.127575,137.70306
43.142403,137.70306
43.159756,137.70306
43.17707,137.65308
43.19258,137.65308
43.211105,137.15198
43.22643,137.15198
43.243584,137.67249
43.260345,137.67249
43.276955,137.67249
43.29491,136.62286
43.309174,136.62286
43.33084,136.69794
43.342155,136.69794
43.359653,136.69794
43.37761,136.55109
43.392662,136.55109
43.414207,135.6756
43.427116,135.6756
43.443516,135.48615
43.460903,135.48615
43.4761,135.48615
43.494987,133.64441
43.50873,133.64441
43.531532,133.54187
43.54384,133.54187
43.558678,133.54187
43.577854,133.5191
43.592697,133.5191
43.609863,133.05841
43.627552,133.05841
43.644512,133.05347
43.66064,133.05347
43.676388,133.05347
43.69498,133.0708
43.709797,133.0708
43.729736,132.75037
43.743732,132.75037
43.759716,132.75037
43.777737,132.30005
43.79377,132.30005
43.811478,131.79846
43.826595,131.79846
43.843334,131.53082
43.861202,131.53082
43.87654,131.53082
43.893703,131.02185
43.909946,131.02185
43.92796,130.86438
43.943718,130.86438
43.960747,130.86438
43.978592,129.94757
43.993168,129.94757
44.011093,129.7218
44.02612,129.7218
44.043575,129.48877
44.060608,129.48877
44.076283,129.48877
44.095318,129.00409
44.110638,129.00409
44.128185,128.5661
44.143467,128.5661
44.1597,128.5661
44.178143,128.1319
44.193687,128.1319
44.210304,127.4483
44.22724,127.4483
44.24344,127.08307
44.260746,127.08307
44.275238,127.08307
44.295296,126.71747
44.30913,126.71747
44.32921,126.40662
44.34232,126.40662
44.360046,126.40662
44.378357,126.140686
44.39314,126.140686
44.41124,125.90808
44.42791,125.90808
44.45274,125.71948
44.464645,125.71948
44.477226,125.71948
44.495285,125.54999
44.510647,125.54999
44.531986,125.315796
44.544506,125.315796
44.55954,125.315796
44.578514,125.144165
44.593506,125.144165
44.611008,124.88501
44.628716,124.88501
44.643917,124.70093
44.661747,124.70093
44.67712,124.70093
44.694508,124.70941
44.710136,124.70941
44.731277,124.40936
44.744137,124.40936
44.760246,124.40936
44.779247,123.983765
44.7933,123.983765
44.814045,123.68463
44.826496,123.68463
44.84409,123.59192
44.861477,123.59192
44.890366,123.509766
44.90154,123.509766
44.91345,123.509766
44.93257,123.416504
44.948315,123.416504
44.96432,123.2088
44.981724,123.2088
44.999435,123.2088
45.0168,123.07446
45.031513,123.07446
45.049744,122.74762
45.065044,122.74762
45.08418,122.74762
45.10002,122.39166
45.115192,122.39166
45.13316,122.155334
45.148037,122.155334
45.164734,122.048035
45.182693,122.048035
45.196808,122.048035
45.215946,121.719666
45.23225,121.719666
45.250004,121.67932
45.263996,121.67932
45.280685,121.67932
45.300335,121.22272
45.313667,121.22272
45.33429,121.086426
45.348545,121.086426
45.366005,120.83081
45.38236,120.83081
45.39831,120.83081
45.41649,120.703
45.431664,120.703
45.452965,120.50037
45.465233,120.50037
45.48198,120.50037
45.50006,120.47589
45.515434,120.47589
45.533543,120.315125
45.549427,120.315125
45.566067,120.354065
45.583015,120.354065
45.59892,120.354065
45.617134,120.189026
45.63186,120.189026
45.651825,120.110535
45.663784,120.110535
45.681877,120.110535
45.700317,120.113525
45.714634,120.113525
45.733673,120.284546
45.7475,120.284546
45.767498,120.287415
45.782684,120.287415
45.798676,120.287415
45.815903,120.3725
45.83132,120.3725
45.848892,120.285706
45.86513,120.285706
45.88111,120.285706
45.89998,120.29779
45.914207,120.29779
45.934246,120.22583
45.948406,120.22583
45.96945,120.28723
45.982666,120.28723
45.997932,120.28723
46.0158,120.33264
46.032135,120.33264
46.05214,120.49774
46.06578,120.49774
46.082123,120.49774
46.0993,120.36066
46.114563,120.36066
46.135914,120.44537
46.149643,120.44537
46.168808,120.41406
46.183304,120.41406
46.199226,120.41406
46.217056,120.50287
46.231026,120.50287
46.24892,120.4541
46.26443,120.4541
46.282288,120.4541
46.303158,120.42645
46.315083,120.42645
46.33262,120.177795
46.349045,120.177795
46.36581,120.18628
46.381344,120.18628
46.397533,120.18628
46.416035,120.08795
46.431423,120.08795
46.449104,120.131775
46.46417,120.131775
46.481426,120.131775
46.50045,120.03717
46.515194,120.03717
46.53307,120.06061
46.548027,120.06061
46.565475,120.09186
46.581978,120.09186
46.598904,120.09186
46.61484,120.33569
46.63256,120.33569
46.648026,120.35364
46.663784,120.35364
46.680767,120.35364
46.699005,120.554016
46.714172,120.554016
46.735317,120.43695
46.747974,120.43695
46.76537,120.40167
46.78261,120.40167
46.797806,120.40167
46.816593,120.293945
46.832397,120.293945
46.84947,120.38434
46.864334,120.38434
46.88092,120.38434
46.89846,120.44794
46.91503,120.44794
46.93268,120.614624
46.947067,120.614624
46.964447,120.56146
46.981724,120.56146
46.99776,120.56146
47.017113,120.68176
47.031193,120.68176
47.048054,120.62665
47.064384,120.62665
47.080673,120.62665
47.099197,120.67932
47.114597,120.67932
47.132717,120.61066
47.147224,120.61066
47.164734,120.682495
47.181465,120.682495
47.197155,120.682495
47.215134,120.54724
47.232517,120.54724
47.250496,120.43579
47.264725,120.43579
47.281395,120.43579
47.29934,120.42511
47.314846,120.42511
47.333973,120.41882
47.348465,120.41882
47.364742,120.53546
47.38155,120.53546
47.397816,120.53546
47.41568,120.65137
47.430958,120.65137
47.449284,120.54639
47.465042,120.54639
47.480568,120.54639
47.499496,120.645874
47.51454,120.645874
47.534428,120.61157
47.54797,120.61157
47.564037,120.62262
47.58251,120.62262
47.59784,120.62262
47.620358,120.570984
47.63195,120.570984
47.64887,120.75812
47.664223,120.75812
47.68197,120.75812
47.698917,120.795105
47.71429,120.795105
47.732876,120.83447
47.747993,120.83447
47.767113,120.804565
47.782898,120.804565
47.798046,120.804565
47.8159,120.89874
47.831352,120.89874
47.849457,120.90979
47.864353,120.90979
47.882057,120.90979
47.899345,120.93164
47.91491,120.93164
47.935482,120.81561
47.94736,120.81561
47.964355,120.93005
47.983162,120.93005
47.99776,120.93005
48.01714,120.80841
48.03098,120.80841
48.05194,120.80359
48.06399,120.80359
48.0816,120.80359
48.098854,120.77075
48.11458,120.77075
48.133175,121.058044
48.147846,121.058044
48.164284,120.89984
48.181087,120.89984
48.198128,120.89984
48.216034,120.78229
48.230743,120.78229
48.24875,120.76868
48.26393,120.76868
48.281555,120.76868
48.29968,120.76312
48.3139,120.76312
48.332893,120.617065
48.354347,120.617065
48.36666,120.63153
48.381294,120.63153
48.39866,120.63153
48.41654,120.60083
48.43267,120.60083
48.450798,120.68353
48.4638,120.68353
48.480698,120.68353
48.499077,120.70422
48.514523,120.70422
48.532978,120.75647
48.548405,120.75647
48.56488,120.79492
48.58239,120.79492
48.59746,120.79492
48.61662,120.88971
48.632236,120.88971
48.649334,120.88867
48.664753,120.88867
48.680843,120.88867
48.69959,121.10596
48.71599,121.10596
48.73507,121.14819
48.747837,121.14819
48.768517,121.398315
48.781517,121.398315
48.79748,121.398315
48.81648,121.46466
48.83138,121.46466
48.849995,121.8125
48.86541,121.8125
48.881573,121.8125
48.899155,122.18103
48.914745,122.18103
48.935047,122.509155
48.948055,122.509155
48.964817,122.73895
48.981293,122.73895
48.99785,122.73895
49.01569,122.98999
49.031616,122.98999
49.049408,123.215454
49.064762,123.215454
49.083145,123.56433
49.098587,123.56433
49.114677,123.56433
49.132545,123.71539
49.148254,123.71539
49.166397,124.04053
49.18224,124.04053
49.19811,124.04053
49.21634,124.31671
49.232864,124.31671
49.248802,124.62952
49.264282,124.62952
49.281334,124.62952
49.299225,124.7168
49.314022,124.7168
49.332825,125.09943
49.348373,125.09943
49.366055,125.1582
49.38243,125.1582
49.398228,125.1582
49.417103,125.704285
49.43208,125.704285
49.448837,125.99237
49.465965,125.99237
49.48069,125.99237
49.49871,126.4776
49.514854,126.4776
49.534397,126.525024
49.547123,126.525024
49.564014,127.09473
49.581795,127.09473
49.597893,127.09473
49.616226,127.4267
49.63214,127.4267
49.649063,128.10278
49.67116,128.10278
49.682175,128.10278
49.698887,128.5138
49.71507,128.5138
49.732243,129.75873
49.74766,129.75873
49.76554,129.87512
49.781296,129.87512
49.798595,129.87512
49.816322,130.57031
49.831844,130.57031
49.852745,130.80774
49.86442,130.80774
49.88682,131.78986
49.903996,131.78986
49.9153,131.78986
49.933052,131.68951
49.947567,131.68951
49.968426,132.46075
49.982044,132.46075
49.99842,132.46075
50.01625,131.83417
50.03114,131.83417
50.05017,132.63232
50.064648,132.63232
50.082027,132.63232
50.10049,132.96387
50.11485,132.96387
50.131535,133.44812
50.147408,133.44812
50.16524,134.52264
50.181583,134.52264
50.197506,134.52264
50.216606,134.33075
50.230583,134.33075
50.24863,134.48749
50.26579,134.48749
50.280853,134.48749
50.300053,134.95056
50.31486,134.95056
50.332077,135.96783
50.348297,135.96783
50.365536,136.23694
50.38201,136.23694
50.398396,136.23694
50.416664,136.48517
50.43236,136.48517
50.448498,137.03906
50.464592,137.03906
50.48392,137.03906
50.49932,137.16864
50.51475,137.16864
50.531788,138.03363
50.548172,138.03363
50.56424,137.66394
50.583305,137.66394
50.599064,137.66394
50.616257,137.94098
50.63154,137.94098
50.649094,137.7608
50.66518,137.7608
50.680958,137.7608
50.7002,137.8623
50.71482,137.8623
50.731716,137.72595
50.74895,137.72595
50.76505,138.59937
50.78297,138.59937
50.799088,138.59937
50.81621,138.34302
50.83087,138.34302
50.84935,138.40668
50.864532,138.40668
50.88195,138.40668
50.899635,138.82361
50.916054,138.82361
50.93247,139.26373
50.94795,139.26373
50.965805,139.14465
50.982037,139.14465
50.998577,139.14465
51.01652,139.92468
51.031277,139.92468
51.05197,139.90869
51.06502,139.90869
51.081398,139.90869
51.099957,140.64532
51.114246,140.64532
51.13352,140.71674
51.147457,140.71674
51.16482,140.75775
51.182034,140.75775
51.19854,140.75775
51.215866,141.62103
51.231224,141.62103
51.24922,141.72736
51.264206,141.72736
51.2817,141.72736
51.30043,141.94934
51.3168,141.94934
51.332153,141.81091
51.348236,141.81091
51.364803,141.34656
51.381428,141.34656
51.397594,141.34656
51.417118,142.86444
51.431,142.86444
51.449013,143.05792
51.46508,143.05792
51.481384,143.05792
51.500614,143.47174
51.515022,143.47174
51.533092,143.47821
51.548355,143.47821
51.570183,144.03638
51.58422,144.03638
51.59834,144.03638
51.615807,144.34357
51.632305,144.34357
51.649975,145.2591
51.666336,145.2591
51.68162,145.2591
51.69922,145.61243
51.714745,145.61243
51.73262,144.84296
51.74866,144.84296
51.765297,145.08606
51.783764,145.08606
51.799324,145.08606
51.81717,144.68658
51.83123,144.68658
51.84955,145.02856
51.86485,145.02856
51.881985,145.02856
51.9002,144.3222
51.91451,144.3222
51.93428,143.88269
51.94833,143.88269
51.96438,143.68378
51.983147,143.68378
51.99851,143.68378
52.016727,143.3244
52.031723,143.3244
52.049526,142.48694
52.065742,142.48694
52.081974,142.48694
52.099384,143.02997
52.11476,143.02997
52.136475,141.27191
52.14842,141.27191
52.164936,140.9809
52.18176,140.9809
52.197678,140.9809
52.216793,142.10718
52.2305,142.10718
52.24932,141.56824
52.264343,141.56824
52.281548,141.56824
52.30014,141.99841
52.316364,141.99841
52.33506,141.03857
52.347515,141.03857
52.365948,141.44836
52.38185,141.44836
52.3978,141.44836
52.417038,141.07849
52.43165,141.07849
52.449112,141.73285
52.467247,141.73285
52.483887,141.24915
52.49902,141.24915
52.51482,141.24915
52.53335,142.03625
52.54995,142.03625
52.56825,141.58936
52.58274,141.58936
52.597786,141.58936
52.617077,141.67145
52.631966,141.67145
52.64951,141.60779
52.664997,141.60779
52.680714,141.60779
52.700974,142.07214
52.715595,142.07214
52.734627,141.11993
52.74897,141.11993
52.76595,141.893
52.783203,141.893
52.79884,141.893
52.817238,141.8263
52.832172,141.8263
52.849606,142.33557
52.864964,142.33557
52.880882,142.33557
52.89851,142.02258
52.915855,142.02258
52.933144,141.79584
52.94806,141.79584
52.96538,141.34009
52.982777,141.34009
52.998325,141.34009
53.01602,141.73639
53.031605,141.73639
53.04967,141.90747
53.065014,141.90747
53.082108,141.90747
53.098633,140.45319
53.116127,140.45319
53.13171,140.42255
53.147408,140.42255
53.16473,141.64856
53.182724,141.64856
53.198517,141.64856
53.215492,141.2254
53.23157,141.2254
53.248898,141.22693
53.264187,141.22693
53.28255,141.22693
53.29849,140.46149
53.315434,140.46149
53.33686,140.63861
53.350597,140.63861
53.365196,140.79791
53.382175,140.79791
53.398445,140.79791
53.41626,141.357
53.43232,141.357
53.44899,140.29443
53.46591,140.29443
53.480503,140.29443
53.499435,141.1737
53.515408,141.1737
53.534973,141.35266
53.548805,141.35266
53.565063,142.2998
53.581787,142.2998
53.598644,142.2998
53.617603,142.46912
53.63276,142.46912
53.648766,142.58636
53.66532,142.58636
53.683132,142.5824
53.700195,142.5824
53.71482,142.5824
53.73572,142.64886
53.75041,142.64886
53.764942,141.87335
53.782127,141.87335
53.799313,141.87335
53.816555,142.38733
53.832573,142.38733
53.849255,142.19177
53.864887,142.19177
53.88126,142.19177
53.89973,141.54431
53.915207,141.54431
53.934875,141.09344
53.949326,141.09344
53.964344,140.87164
53.98257,140.87164
53.998077,140.87164
54.01699,140.75244
54.031677,140.75244
54.04819,140.04651
54.0643,140.04651
54.08188,140.04651
54.09869,140.91888
54.114944,140.91888
54.13321,141.00574
54.14768,141.00574
54.16504,139.98938
54.182392,139.98938
54.19802,139.98938
54.215878,141.45044
54.231853,141.45044
54.250347,140.97162
54.264206,140.97162
54.28124,140.97162
54.30014,141.02527
54.314163,141.02527
54.33381,140.36389
54.348885,140.36389
54.367973,140.00348
54.383343,140.00348
54.399067,140.00348
54.416122,140.41364
54.43277,140.41364
54.44965,140.02069
54.4658,140.02069
54.484264,139.82831
54.501,139.82831
54.516144,139.82831
54.536953,139.6029
54.54956,139.6029
54.563892,140.08618
54.581875,140.08618
54.59799,140.08618
54.61718,140.33685
54.6316,140.33685
54.64907,139.75519
54.664494,139.75519
54.68151,139.75519
54.70044,139.5758
54.714962,139.5758
54.733353,139.4997
54.748768,139.4997
54.764656,139.22107
54.782974,139.22107
54.797215,139.22107
54.81743,138.91858
54.83221,138.91858
54.849743,139.32727
54.86499,139.32727
54.883118,138.66656
54.898693,138.66656
54.915394,138.66656
54.93371,138.88904
54.947445,138.88904
54.964962,138.2127
54.98337,138.2127
54.998802,138.2127
55.016838,137.99933
55.0326,137.99933
55.05387,137.86029
55.065548,137.86029
55.08208,137.86029
55.099644,137.8042
55.115562,137.8042
55.132816,137.14941
55.14872,137.14941
55.1662,137.07568
55.18203,137.07568
55.198093,137.07568
55.217014,136.2713
55.232166,136.2713
55.249348,136.38422
55.265198,136.38422
55.281822,136.38422
55.298862,136.1294
55.314816,136.1294
55.33392,135.72272
55.348454,135.72272
55.364872,134.97308
55.382668,134.97308
55.397663,134.97308
55.416943,134.16357
55.43147,134.16357
55.449768,133.16565
55.466183,133.16565
55.480736,133.16565
55.498615,132.70319
55.514557,132.70319
55.532784,132.62158
55.54797,132.62158
55.565228,132.6966
55.581978,132.6966
55.598377,132.6966
55.618305,132.18225
55.63196,132.18225
55.648212,131.27728
55.664696,131.27728
55.681458,131.27728
55.70057,131.25702
55.714836,131.25702
55.733883,131.14722
55.748047,131.14722
55.764915,130.72931
55.782944,130.72931
55.798874,130.72931
55.81697,130.50629
55.833134,130.50629
55.849518,130.14172
55.86499,130.14172
55.883194,129.84705
55.899628,129.84705
55.915302,129.84705
55.932518,129.64508
55.948864,129.64508
55.966286,128.84814
55.98255,128.84814
55.998848,128.84814
56.016304,128.59174
56.03189,128.59174
56.04964,128.45001
56.06507,128.45001
56.08211,128.45001
56.099308,127.538086
56.115158,127.538086
56.132923,127.90027
56.148052,127.90027
56.164783,127.329895
56.182793,127.329895
56.19922,127.329895
56.216892,127.78607
56.240215,127.78607
56.253002,126.87866
56.2654,126.87866
56.28137,126.87866
56.2994,126.76465
56.315605,126.76465
56.333576,126.53705
56.347946,126.53705
56.365597,126.556946
56.38233,126.556946
56.39831,126.556946
56.41609,126.094604
56.432705,126.094604
56.44895,125.56665
56.465206,125.56665
56.481205,125.56665
56.499702,125.49475
56.51459,125.49475
56.53366,125.23779
56.548893,125.23779
56.565334,124.58679
56.581833,124.58679
56.59732,124.58679
56.617413,124.335754
56.632584,124.335754
56.649338,123.873535
56.665497,123.873535
56.681637,123.873535
56.700733,124.01514
56.71494,124.01514
56.733955,123.79895
56.74852,123.79895
56.765667,123.74451
56.783665,123.74451
56.799828,123.74451
56.819164,123.515686
56.83183,123.515686
56.85035,123.58807
56.864647,123.58807
56.883503,123.58807
56.899055,123.07678
56.91603,123.07678
56.934025,122.83203
56.947636,122.83203
56.965187,122.65814
56.98136,122.65814
56.9987,122.65814
57.017254,122.51251
57.030724,122.51251
57.049145,122.377014
57.065166,122.377014
57.08211,122.377014
57.09949,122.45947
57.114067,122.45947
57.134865,122.06183
57.147865,122.06183
57.165745,122.00537
57.183025,122.00537
57.197723,122.00537
57.216824,121.733765
57.230602,121.733765
57.252666,121.70111
57.265045,121.70111
57.282368,121.70111
57.30007,121.387085
57.315052,121.387085
57.33237,121.27875
57.349247,121.27875
57.36681,120.970764
57.382458,120.970764
57.398243,120.970764
57.4165,120.307434
57.43196,120.307434
57.44915,119.89032
57.466015,119.89032
57.484127,119.54785
57.50024,119.54785
57.51548,119.54785
57.53343,119.18866
57.548195,119.18866
57.567265,119.449524
57.581192,119.449524
57.597954,119.449524
57.61726,118.97974
57.63142,118.97974
57.650192,119.115845
57.665543,119.115845
57.68222,119.115845
57.699844,118.69745
57.715538,118.69745
57.7337,118.927
57.749252,118.927
57.766132,118.816345
57.78435,118.816345
57.799335,118.816345
57.81799,118.68994
57.832603,118.68994
57.85068,118.34418
57.86557,118.34418
57.881886,118.34418
57.90108,118.47577
57.91694,118.47577
57.936035,118.44513
57.949467,118.44513
57.96921,118.40265
57.98342,118.40265
57.998592,118.40265
58.01649,118.10278
58.03287,118.10278
58.050316,118.15387
58.0653,118.15387
58.081814,118.15387
58.09875,118.0224
58.11599,118.0224
58.13672,118.142334
58.147984,118.142334
58.165005,117.808105
58.18331,117.808105
58.198845,117.808105
58.21771,117.74628
58.23325,117.74628
58.2497,117.57019
58.264812,117.57019
58.282036,117.57019
58.30027,117.72247
58.316475,117.72247
58.333637,117.20239
58.34788,117.20239
58.36572,117.04083
58.3835,117.04083
58.399845,117.04083
58.4179,116.86371
58.43187,116.86371
58.449467,116.982544
58.465748,116.982544
58.481564,116.982544
58.49963,116.950195
58.51463,116.950195
58.533722,117.21918
58.54794,117.21918
58.56482,116.97327
58.582703,116.97327
58.598557,116.97327
58.61619,117.25159
58.63215,117.25159
58.652157,117.09924
58.66492,117.09924
58.68309,117.484314
58.699844,117.484314
58.714813,117.484314
58.733784,117.27875
58.747902,117.27875
58.764797,117.623535
58.783607,117.623535
58.799644,117.623535
58.817223,117.50299
58.83259,117.50299
58.849907,117.551636
58.865524,117.551636
58.88182,117.551636
58.90072,117.57208
58.925514,117.57208
58.93932,117.6073
58.94986,117.6073
58.96583,117.484985
58.98356,117.484985
58.999565,117.484985
59.01805,117.84326
59.032677,117.84326
59.053375,117.660034
59.06652,117.660034
59.08321,117.848145
59.10013,117.848145
59.11718,117.848145
59.134747,117.56207
59.15008,117.56207
59.167484,117.681335
59.182594,117.681335
59.20024,117.681335
59.21708,117.44818
59.244106,117.44818
59.256153,117.75195
59.268864,117.75195
59.28829,117.523315
59.30299,117.523315
59.31841,117.523315
59.335888,117.35156
59.351807,117.35156
59.370476,117.36554
59.385708,117.36554
59.40163,117.36554
59.42026,117.562256
59.43529,117.562256
59.45734,117.37079
59.467037,117.37079
59.484604,117.44812
59.50275,117.44812
59.51818,117.44812
59.53662,117.437744
59.551,117.437744
59.570213,117.61786
59.585083,117.61786
59.60189,117.61786
59.620007,117.634766
59.633854,117.634766
59.6528,117.63019
59.66739,117.63019
59.68465,117.43274
59.703064,117.43274
59.71847,117.43274
59.735847,117.59143
59.75126,117.59143
59.770493,117.42493
59.784744,117.42493
59.80152,117.42493
59.81982,117.63147
59.835464,117.63147
59.8527,117.58136
59.867786,117.58136
59.88582,117.54358
59.902164,117.54358
59.917397,117.54358
59.935955,117.48346
59.951824,117.48346
59.968536,117.464966
59.984917,117.464966
60.0,117.464966
60.0,117.464966
