0.2772858,126.938965
0.28903338,126.938965
0.30207658,126.99994
0.31933016,126.99994
0.33744386,127.329895
0.3522503,127.329895
0.3698466,127.413574
0.38471878,127.413574
0.40965405,127.413574
0.42054796,127.7041
0.440283,127.7041
0.4540763,127.72131
0.46908444,127.72131
0.4861477,127.91705
0.50220776,127.91705
0.5195525,127.91705
0.53685135,127.92822
0.55241925,127.92822
0.57085496,128.2262
0.5851628,128.2262
0.60161906,128.2262
0.6206625,128.24188
0.63437337,128.24188
0.6551046,128.64832
0.6687098,128.64832
0.68660367,128.805
0.7032613,128.805
0.717785,128.805
0.73807245,129.23499
0.7516792,129.23499
0.7725622,129.43048
0.7852865,129.43048
0.80040646,129.43048
0.82002604,129.80536
0.8353013,129.80536
0.8526825,130.05432
0.8698957,130.05432
0.8859358,130.41772
0.9034573,130.41772
0.91890806,130.41772
0.93776244,130.66113
0.95230865,130.66113
0.9693312,131.01917
0.9863089,131.01917
1.0017382,131.01917
1.0202646,131.08325
1.0362146,131.08325
1.0532458,131.41504
1.0696895,131.41504
1.0849246,131.70868
1.1045905,131.70868
1.1188867,131.70868
1.1377343,132.22205
1.1530069,132.22205
1.1738551,132.5202
1.1868675,132.5202
1.2023151,132.5202
1.2200238,132.75781
1.2359703,132.75781
1.2541693,132.9599
1.2698528,132.9599
1.2868227,133.2699
1.3033162,133.2699
1.3195966,133.2699
1.3384428,133.56696
1.3514545,133.56696
1.3688948,133.92462
1.3860974,133.92462
1.4039677,134.34082
1.4188814,134.34082
1.4355482,134.34082
1.4527792,134.61884
1.4698781,134.61884
1.4857938,134.96979
1.5040159,134.96979
1.5185173,134.96979
1.5366385,135.40161
1.552359,135.40161
1.5694578,135.69476
1.5859084,135.69476
1.6017113,135.69476
1.6200727,136.11017
1.6344559,136.11017
1.6542265,136.35596
1.6685059,136.35596
1.6872758,136.51398
1.7033817,136.51398
1.7171698,136.51398
1.7371281,136.7066
1.7514399,136.7066
1.7685905,137.27649
1.7861055,137.27649
1.8043866,137.57611
1.8200217,137.57611
1.8354435,137.57611
1.8537953,137.74567
1.8685331,137.74567
1.8857205,138.19092
1.9034979,138.19092
1.9196186,138.19092
1.9373596,138.70508
1.9515907,138.70508
1.9706672,138.66412
1.9888384,138.66412
2.002285,138.66412
2.0203614,139.17468
2.0364912,139.17468
2.0534964,140.03741
2.0706785,140.03741
2.0854883,140.18066
2.1029887,140.18066
2.119478,140.18066
2.1395829,140.69647
2.1519585,140.69647
2.171903,141.09247
2.1840014,141.09247
2.2034354,141.57117
2.2187645,141.57117
2.2344995,141.57117
2.2525058,142.33539
2.268276,142.33539
2.285966,142.38977
2.3041182,142.38977
2.3191197,142.38977
2.3367202,143.57416
2.3515687,143.57416
2.3699517,143.69946
2.3844006,143.69946
2.4023151,143.69946
2.419163,145.46997
2.435542,145.46997
2.4536874,145.36755
2.470352,145.36755
2.4874482,146.55524
2.5025282,146.55524
2.5188215,146.55524
2.5375211,146.23303
2.5512996,146.23303
2.570043,147.20099
2.5852492,147.20099
2.600484,147.20099
2.6238496,147.70233
2.6368876,147.70233
2.6563354,148.14484
2.6684957,148.14484
2.6877003,148.6416
2.7062087,148.6416
2.7193966,148.6416
2.7381263,149.04553
2.7519178,149.04553
2.770333,149.55347
2.7862508,149.55347
2.804238,151.42535
2.8234453,151.42535
2.8356123,151.42535
2.8564332,151.70404
2.8702884,151.70404
2.8873835,152.11182
2.9054463,152.11182
2.9191134,152.11182
2.937285,151.6814
2.953319,151.6814
2.9701405,152.11078
2.9853873,152.11078
3.0017505,152.11078
3.0197542,152.0127
3.0356245,152.0127
3.0552945,153.23785
3.0693703,153.23785
3.0850046,152.85303
3.1036677,152.85303
3.117934,152.85303
3.1398358,152.93292
3.152286,152.93292
3.1695106,152.5097
3.184801,152.5097
3.201166,152.5097
3.2199657,151.66357
3.2341309,151.66357
3.251979,152.2732
3.267862,152.2732
3.285785,152.857
3.303849,152.857
3.3191476,152.857
3.335863,152.36041
3.3538196,152.36041
3.3703322,152.84772
3.3853192,152.84772
3.4018204,152.84772
3.4203427,152.8111
3.4355757,152.8111
3.4535472,152.40881
3.4701195,152.40881
3.487347,153.1416
3.5028875,153.1416
3.5184987,153.1416
3.5370092,153.23926
3.5512848,153.23926
3.573022,152.7096
3.5849798,152.7096
3.6013296,152.7096
3.6203005,152.84454
3.6376302,152.84454
3.656137,152.6972
3.669506,152.6972
3.6878228,152.67944
3.7031958,152.67944
3.7189727,152.67944
3.7387238,153.1684
3.7507863,153.1684
3.7697725,153.79034
3.7848701,153.79034
3.8014908,153.79034
3.820837,153.84625
3.8353577,153.84625
3.8526108,154.13043
3.8684468,154.13043
3.8867037,153.88702
3.9020205,153.88702
3.9430926,153.78613
3.96,153.78613
3.9844003,153.53015
3.997128,153.53015
4.01291,153.73242
4.0276423,153.73242
4.049019,154.49426
4.061727,154.49426
4.0787616,154.49426
4.0959744,153.9397
4.110622,153.9397
4.1287684,153.67603
4.143737,153.67603
4.160819,153.67603
4.179756,153.49615
4.193838,153.49615
4.211671,153.3183
4.228977,153.3183
4.244647,153.35205
4.2626977,153.35205
4.2778745,153.35205
4.295682,152.40393
4.3119054,152.40393
4.328472,153.49408
4.3449335,153.49408
4.3609023,153.49408
4.378544,152.41852
4.393875,152.41852
4.41263,153.12927
4.4266176,153.12927
4.444246,153.10577
4.4648576,153.10577
4.4777365,153.10577
4.495769,153.1123
4.5109944,153.1123
4.5287623,153.27124
4.5440397,153.27124
4.5611477,153.27124
4.578906,153.5805
4.595614,153.5805
4.6174407,153.22668
4.6286955,153.22668
4.6447735,152.88947
4.663407,152.88947
4.6778865,152.88947
4.695363,153.17426
4.710771,153.17426
4.7335687,152.64001
4.7441597,152.64001
4.760791,152.64001
4.778537,152.40326
4.7938833,152.40326
4.812055,152.86456
4.828533,152.86456
4.844987,152.66382
4.8623624,152.66382
4.877289,152.66382
4.8964033,153.05536
4.9102983,153.05536
4.9288177,152.63843
4.9440117,152.63843
4.962395,152.63843
4.9803085,153.04822
4.993892,153.04822
5.0131507,152.34863
5.027795,152.34863
5.0448923,153.47644
5.0615664,153.47644
5.0785866,153.47644
5.095809,152.7981
5.11091,152.7981
5.1277595,153.24799
5.144231,153.24799
5.162031,153.24799
5.1774254,152.18652
5.19522,152.18652
5.2126803,153.08698
5.227223,153.08698
5.2439013,151.9516
5.2620635,151.9516
5.27824,151.9516
5.2960076,152.487
5.311463,152.487
5.332555,152.10413
5.3437233,152.10413
5.360855,152.10413
5.3797193,152.74463
5.3937836,152.74463
5.413023,152.7331
5.4267063,152.7331
5.4449854,152.55963
5.466709,152.55963
5.4783173,152.55963
5.496695,152.11414
5.5105124,152.11414
5.5303154,151.68909
5.54359,151.68909
5.5619307,151.68909
5.5793543,151.40448
5.5943866,151.40448
5.6125717,152.034
5.628615,152.034
5.644499,151.96448
5.6612687,151.96448
5.678669,151.96448
5.6958904,151.79517
5.71016,151.79517
5.728538,152.17786
5.7444725,152.17786
5.7608714,152.17786
5.779516,153.09644
5.795255,153.09644
5.811469,152.9458
5.8270836,152.9458
5.8441467,152.80164
5.8620033,152.80164
5.877829,152.80164
5.8956766,152.50415
5.9119473,152.50415
5.929455,152.58801
5.945446,152.58801
5.960857,152.58801
5.979914,151.94208
5.993649,151.94208
6.0130296,151.19293
6.0295343,151.19293
6.0440683,151.19293
6.0625925,152.76392
6.0791545,152.76392
6.0954113,152.74298
6.1109896,152.74298
6.128033,152.26764
6.145156,152.26764
6.161156,152.26764
6.1791196,151.51178
6.194403,151.51178
6.2121305,151.39355
6.2272973,151.39355
6.2445464,151.88739
6.2609143,151.88739
6.2776065,151.88739
6.295702,150.83948
6.311171,150.83948
6.3287454,149.96344
6.34468,149.96344
6.36176,149.96344
6.379497,150.78662
6.3951797,150.78662
6.4128823,149.74646
6.427294,149.74646
6.444513,149.37488
6.4626055,149.37488
6.4781094,149.37488
6.4966025,149.16168
6.511836,149.16168
6.529537,149.33429
6.545629,149.33429
6.562003,149.33429
6.5798197,148.55316
6.59429,148.55316
6.611784,148.16803
6.6269326,148.16803
6.6454477,147.53625
6.6624107,147.53625
6.677688,147.53625
6.696069,147.04993
6.7109394,147.04993
6.728985,146.69452
6.743955,146.69452
6.761865,146.69452
6.779026,146.30511
6.7945967,146.30511
6.811865,146.36285
6.827206,146.36285
6.845954,145.71497
6.8629904,145.71497
6.878407,145.71497
6.8977203,146.43463
6.9120893,146.43463
6.9292507,145.12256
6.945382,145.12256
6.960535,145.12256
6.978416,144.75836
6.995343,144.75836
7.0111995,144.29395
7.0277004,144.29395
7.044683,144.50769
7.061812,144.50769
7.078554,144.50769
7.0954704,144.50769
7.1115274,144.50769
7.132551,141.54962
7.1460056,141.54962
7.161211,141.54962
7.1780663,141.77856
7.193948,141.77856
7.213229,140.78424
7.2280006,140.78424
7.2454896,140.82385
7.261038,140.82385
7.2782383,140.82385
7.2954717,140.48492
7.3114915,140.48492
7.3327937,139.8548
7.34388,139.8548
7.361704,139.8548
7.379178,140.15405
7.394241,140.15405
7.4123254,139.24445
7.4278483,139.24445
7.445099,139.47394
7.461051,139.47394
7.4779544,139.47394
7.4948354,139.13531
7.5110636,139.13531
7.5289354,139.77911
7.5445185,139.77911
7.5615897,139.77911
7.579023,138.7154
7.5945826,138.7154
7.612943,137.51978
7.628564,137.51978
7.646293,136.95013
7.6609306,136.95013
7.67693,136.95013
7.69615,137.33496
7.711954,137.33496
7.731991,137.27167
7.744831,137.27167
7.7603054,137.27167
7.779752,137.18402
7.794419,137.18402
7.8121963,136.59161
7.82781,136.59161
7.843883,136.36902
7.8626714,136.36902
7.8778543,136.36902
7.896597,135.76642
7.910727,135.76642
7.9302278,135.24652
7.945946,135.24652
7.961163,135.24652
7.9795856,134.90753
7.9936914,134.90753
8.011904,134.16077
8.027551,134.16077
8.04606,134.27185
8.0634985,134.27185
8.077961,134.27185
8.096031,133.76105
8.110697,133.76105
8.129486,133.39447
8.145337,133.39447
8.160555,133.39447
8.179915,131.883
8.193401,131.883
8.211243,131.87775
8.227468,131.87775
8.245679,131.73291
8.261491,131.73291
8.278786,131.73291
8.29545,131.21143
8.311064,131.21143
8.333317,131.33466
8.343226,131.33466
8.361393,131.33466
8.379535,130.62225
8.394675,130.62225
8.411373,130.7652
8.427734,130.7652
8.444268,130.59991
8.463925,130.59991
8.476917,130.59991
8.49551,130.41351
8.510891,130.41351
8.529504,130.2196
8.545648,130.2196
8.561581,130.2196
8.579036,129.84375
8.595587,129.84375
8.612044,129.7149
8.628738,129.7149
8.645627,129.64703
8.662042,129.64703
8.679504,129.64703
8.696014,129.64484
8.711561,129.64484
8.729098,129.24335
8.748089,129.24335
8.762826,129.24335
8.77933,129.27167
8.795654,129.27167
8.813014,128.93591
8.828122,128.93591
8.845448,128.79938
8.861593,128.79938
8.87771,128.79938
8.897023,128.64453
8.911729,128.64453
8.929992,128.58386
8.944617,128.58386
8.961874,128.58386
8.979539,128.38153
8.995505,128.38153
9.011784,128.30743
9.028472,128.30743
9.044682,127.95105
9.061352,127.95105
9.078378,127.95105
9.097018,127.95416
9.111637,127.95416
9.132827,127.85095
9.144266,127.85095
9.161798,127.85095
9.178386,127.097534
9.194449,127.097534
9.2126045,127.1333
9.228541,127.1333
9.2459135,126.97711
9.261544,126.97711
9.278088,126.97711
9.29595,126.833374
9.312095,126.833374
9.329201,126.824036
9.344392,126.824036
9.360624,126.824036
9.3783245,127.35901
9.395134,127.35901
9.413161,126.765686
9.427293,126.765686
9.444062,126.81879
9.4629545,126.81879
9.477319,126.81879
9.495616,126.673035
9.510865,126.673035
9.529707,126.2796
9.544126,126.2796
9.561946,126.2796
9.57885,126.31531
9.594156,126.31531
9.613286,126.36713
9.629438,126.36713
9.645315,126.25079
9.665152,126.25079
9.679296,126.25079
9.696701,126.467285
9.713081,126.467285
9.7287245,126.32526
9.744168,126.32526
9.761339,126.32526
9.779785,126.53943
9.795538,126.53943
9.814477,126.06055
9.828728,126.06055
9.846018,126.03558
9.862089,126.03558
9.877292,126.03558
9.896258,125.90631
9.910239,125.90631
9.929313,125.92871
9.9454155,125.92871
9.96047,125.92871
9.980375,125.99811
9.994744,125.99811
10.016646,125.893005
10.027173,125.893005
10.044472,126.14227
10.062394,126.14227
10.078111,126.14227
10.0961485,125.99878
10.111122,125.99878
10.128239,125.86804
10.144289,125.86804
10.162746,125.86804
10.179905,125.82001
10.195032,125.82001
10.213126,125.67505
10.22899,125.67505
10.247533,126.070435
10.263335,126.070435
10.278203,126.070435
10.296373,125.75763
10.311976,125.75763
10.330278,125.70294
10.345941,125.70294
10.361954,125.70294
10.380009,125.596436
10.39481,125.596436
10.413224,125.480286
10.428722,125.480286
10.445694,125.49768
10.462468,125.49768
10.479202,125.49768
10.496613,125.222595
10.51157,125.222595
10.532128,125.10364
10.5454645,125.10364
10.561902,125.10364
10.580135,125.111084
10.593811,125.111084
10.615169,125.19318
10.62768,125.19318
10.646124,125.10394
10.6625595,125.10394
10.678973,125.10394
10.696688,125.10956
10.711375,125.10956
10.728555,124.72778
10.745503,124.72778
10.763192,124.74481
10.778397,124.74481
10.794645,124.74481
10.812509,124.73212
10.8287735,124.73212
10.849094,124.775696
10.864134,124.775696
10.878942,124.775696
10.895934,124.72595
10.911864,124.72595
10.931616,124.69867
10.944217,124.69867
10.961388,124.69867
10.97982,124.24768
10.995405,124.24768
11.013372,124.08789
11.027965,124.08789
11.045776,123.99744
11.063511,123.99744
11.079402,123.99744
11.0961,123.879944
11.11195,123.879944
11.130609,123.822876
11.146012,123.822876
11.161813,123.822876
11.179354,124.00781
11.194629,124.00781
11.214558,123.97241
11.227904,123.97241
11.244801,124.004944
11.262588,124.004944
11.277865,124.004944
11.29707,124.085144
11.310932,124.085144
11.328558,123.92853
11.345158,123.92853
11.360585,123.92853
11.379047,124.047485
11.394018,124.047485
11.412471,124.10437
11.427754,124.10437
11.444993,124.100586
11.462674,124.100586
11.478635,124.100586
11.496674,124.04584
11.512295,124.04584
11.530885,124.15033
11.544922,124.15033
11.561588,124.15033
11.579655,124.06415
11.595009,124.06415
11.611718,124.022705
11.628606,124.022705
11.645806,124.08435
11.663422,124.08435
11.6783495,124.08435
11.696733,124.27301
11.711039,124.27301
11.729938,124.28015
11.745501,124.28015
11.761061,124.28015
11.780129,124.32678
11.795144,124.32678
11.814342,124.15906
11.826992,124.15906
11.851125,124.26715
11.861965,124.26715
11.879169,124.26715
11.897311,124.2583
11.911803,124.2583
11.929953,124.31464
11.944683,124.31464
11.96078,124.31464
11.97978,124.282166
11.993577,124.282166
12.015876,124.58411
12.029127,124.58411
12.04435,124.6098
12.062697,124.6098
12.077358,124.6098
12.096961,124.73627
12.110494,124.73627
12.129131,124.75342
12.144422,124.75342
12.162825,124.75342
12.179207,124.60126
12.195069,124.60126
12.212863,124.78754
12.227721,124.78754
12.24502,124.9151
12.262054,124.9151
12.277128,124.9151
12.295843,124.90491
12.311973,124.90491
12.328757,124.763916
12.345569,124.763916
12.361137,124.763916
12.3794565,124.91553
12.395328,124.91553
12.412848,124.60974
12.428437,124.60974
12.4454,124.86005
12.46207,124.86005
12.479261,124.86005
12.497215,125.15509
12.511043,125.15509
12.529566,125.42706
12.545085,125.42706
12.561172,125.42706
12.579916,125.84589
12.593856,125.84589
12.612919,125.91266
12.631254,125.91266
12.644606,125.996155
12.661768,125.996155
12.678011,125.996155
12.696159,126.44281
12.710939,126.44281
12.72962,127.08032
12.743882,127.08032
12.760933,127.08032
12.778679,127.36853
12.795207,127.36853
12.813604,127.57788
12.828031,127.57788
12.845381,127.6297
12.862869,127.6297
12.879103,127.6297
12.895841,127.987976
12.912275,127.987976
12.929811,128.06989
12.945336,128.06989
12.961936,128.06989
12.9796505,128.27216
12.994494,128.27216
13.015447,128.56488
13.028134,128.56488
13.044432,128.99878
13.0626135,128.99878
13.079081,128.99878
13.094978,129.27277
13.110942,129.27277
13.128854,129.44391
13.143831,129.44391
13.161028,129.44391
13.179595,129.33813
13.194883,129.33813
13.212957,130.29187
13.227786,130.29187
13.245397,130.37872
13.262322,130.37872
13.277057,130.37872
13.297093,131.13696
13.311116,131.13696
13.329135,131.47119
13.344045,131.47119
13.361307,131.47119
13.379678,132.54938
13.395248,132.54938
13.413297,133.13733
13.4279585,133.13733
13.444499,133.28754
13.462917,133.28754
13.478639,133.28754
13.500184,134.21155
13.51136,134.21155
13.532741,135.24835
13.546282,135.24835
13.563809,135.50635
13.580173,135.50635
13.595406,135.50635
13.617293,136.46344
13.62839,136.46344
13.648332,136.22217
13.663829,136.22217
13.67915,136.22217
13.696813,137.0476
13.711541,137.0476
13.733744,137.48846
13.74337,137.48846
13.761628,137.48846
13.778419,137.8736
13.795971,137.8736
13.812893,137.56873
13.828079,137.56873
13.844295,138.03754
13.862798,138.03754
13.87738,138.03754
13.899585,138.13159
13.911289,138.13159
13.929095,139.01776
13.944882,139.01776
13.961005,139.01776
13.979813,139.02673
13.9939785,139.02673
14.015798,139.6026
14.029441,139.6026
14.0483055,139.86707
14.062585,139.86707
14.07902,139.86707
14.099026,139.76398
14.110189,139.76398
14.130524,139.69745
14.145063,139.69745
14.161951,139.69745
14.179968,140.93823
14.194065,140.93823
14.213078,141.39526
14.228487,141.39526
14.255805,141.7702
14.267162,141.7702
14.281746,141.7702
14.298054,142.53448
14.312199,142.53448
14.333908,141.6466
14.346307,141.6466
14.36239,141.6466
14.380627,142.58563
14.395715,142.58563
14.416601,143.3089
14.430311,143.3089
14.451119,142.93054
14.462571,142.93054
14.480192,142.93054
14.497016,143.67316
14.513209,143.67316
14.530039,145.1997
14.546421,145.1997
14.563303,144.65509
14.580536,144.65509
14.597428,144.65509
14.614218,145.13953
14.6313305,145.13953
14.648178,144.729
14.663548,144.729
14.68012,144.729
14.699144,144.55798
14.714096,144.55798
14.731499,145.85608
14.747654,145.85608
14.7638035,146.0968
14.780597,146.0968
14.795853,146.0968
14.814806,145.56909
14.830884,145.56909
14.848669,145.80798
14.866167,145.80798
14.879425,145.80798
14.898368,146.41565
14.913391,146.41565
14.932129,147.15222
14.94683,147.15222
14.963688,147.7898
14.981708,147.7898
14.995721,147.7898
15.015019,147.32404
15.029871,147.32404
15.046585,147.43597
15.066872,147.43597
15.081493,147.43597
15.097388,148.0805
15.113371,148.0805
15.131648,147.62964
15.146515,147.62964
15.163456,147.1178
15.181958,147.1178
15.196227,147.1178
15.212955,147.38904
15.229192,147.38904
15.245997,147.91327
15.263383,147.91327
15.279815,147.91327
15.297879,147.28357
15.313089,147.28357
15.3332615,147.45898
15.346998,147.45898
15.364628,147.63947
15.380926,147.63947
15.396829,147.63947
15.415411,147.84998
15.430029,147.84998
15.448925,147.99908
15.463371,147.99908
15.480572,147.99908
15.498458,147.18188
15.51277,147.18188
15.540449,148.10413
15.549281,148.10413
15.563415,147.93842
15.582505,147.93842
15.596183,147.93842
15.614709,147.92432
15.630816,147.92432
15.648596,147.82007
15.664037,147.82007
15.680468,147.82007
15.69886,146.90106
15.713979,146.90106
15.735216,147.56488
15.747257,147.56488
15.764023,146.55774
15.781231,146.55774
15.797426,146.55774
15.815355,146.61859
15.829094,146.61859
15.849155,146.74469
15.866231,146.74469
15.88164,146.74469
15.897555,146.70325
15.914306,146.70325
15.931785,146.95135
15.947735,146.95135
15.9638195,146.82928
15.982351,146.82928
15.997245,146.82928
16.014465,146.62842
16.039267,146.62842
16.05111,146.99017
16.063984,146.99017
16.080997,146.99017
16.098673,147.1969
16.11507,147.1969
16.13227,147.24817
16.146101,147.24817
16.163914,147.34027
16.181273,147.34027
16.196648,147.34027
16.215492,147.30481
16.230684,147.30481
16.249535,147.30481
16.26641,146.39142
16.283154,146.39142
16.29837,145.75757
16.31428,145.75757
16.333233,146.64893
16.350481,146.64893
16.365036,147.12439
16.382433,147.12439
16.397163,147.12439
16.41512,146.82214
16.430471,146.82214
16.448439,146.06342
16.466864,146.06342
16.480408,146.06342
16.498373,145.76312
16.513786,145.76312
16.531826,145.47595
16.547516,145.47595
16.565626,146.8446
16.582006,146.8446
16.596947,146.8446
16.615135,146.18323
16.631033,146.18323
16.64892,146.26105
16.665041,146.26105
16.680819,146.26105
16.69907,145.58777
16.712496,145.58777
16.732725,145.8382
16.747002,145.8382
16.76322,145.76154
16.781275,145.76154
16.796844,145.76154
16.815617,146.19366
16.829618,146.19366
16.848267,145.77313
16.8633,145.77313
16.881279,145.77313
16.89769,146.42041
16.91396,146.42041
16.932745,145.07324
16.947206,145.07324
16.96486,145.93878
16.980463,145.93878
16.99723,145.93878
17.013752,145.54993
17.029951,145.54993
17.049215,145.48193
17.06366,145.48193
17.079674,145.48193
17.098093,145.38715
17.113289,145.38715
17.131798,145.745
17.148722,145.745
17.164095,145.93658
17.1812,145.93658
17.196957,145.93658
17.215206,145.17096
17.230583,145.17096
17.250734,145.80688
17.264425,145.80688
17.280289,145.80688
17.302193,145.31055
17.314367,145.31055
17.331501,144.71796
17.346539,144.71796
17.364943,146.21863
17.382038,146.21863
17.398022,146.21863
17.414648,145.77368
17.430355,145.77368
17.448673,145.86816
17.464293,145.86816
17.48183,145.86816
17.498682,144.47943
17.513622,144.47943
17.531723,145.61554
17.547623,145.61554
17.564785,145.38702
17.581347,145.38702
17.59847,145.38702
17.619297,145.27374
17.631338,145.27374
17.647682,144.14648
17.666277,144.14648
17.67984,144.14648
17.697914,144.38098
17.713232,144.38098
17.73102,144.46967
17.74759,144.46967
17.764393,144.83936
17.780933,144.83936
17.796225,144.83936
17.81632,144.11816
17.830221,144.11816
17.848553,145.32758
17.8638,145.32758
17.88154,145.32758
17.898764,144.914
17.91545,144.914
17.931665,145.24768
17.946777,145.24768
17.963888,143.93933
17.98186,143.93933
17.998825,143.93933
18.014948,145.04175
18.02996,145.04175
18.048088,143.99689
18.063316,143.99689
18.081938,143.99689
18.10225,144.64612
18.113096,144.64612
18.135641,144.55023
18.147139,144.55023
18.164064,143.72302
18.180794,143.72302
18.197414,143.72302
18.216452,143.16473
18.230808,143.16473
18.247929,143.04218
18.263212,143.04218
18.281237,143.04218
18.298971,142.6242
18.313173,142.6242
18.332996,143.33777
18.346964,143.33777
18.363615,142.79767
18.38323,142.79767
18.397522,142.79767
18.415075,142.26514
18.430014,142.26514
18.4511,141.38416
18.464258,141.38416
18.48197,141.38416
18.498383,141.29169
18.513838,141.29169
18.535717,141.28937
18.548178,141.28937
18.56501,140.78815
18.580667,140.78815
18.597223,140.78815
18.614399,141.33685
18.630894,141.33685
18.646528,140.47778
18.664305,140.47778
18.68056,140.47778
18.699013,140.75555
18.714369,140.75555
18.731462,140.16461
18.746418,140.16461
18.76386,139.91956
18.781422,139.91956
18.797976,139.91956
18.815742,139.67712
18.831213,139.67712
18.84742,138.9732
18.864424,138.9732
18.880682,138.9732
18.898548,139.53882
18.91314,139.53882
18.931345,139.02429
18.949106,139.02429
18.96548,138.92157
18.981403,138.92157
18.997341,138.92157
19.014915,138.10822
19.029577,138.10822
19.050945,138.58936
19.063925,138.58936
19.082113,138.58936
19.098276,137.76105
19.113459,137.76105
19.131182,138.37848
19.14601,138.37848
19.164188,138.01129
19.18218,138.01129
19.197256,138.01129
19.21604,138.05164
19.230314,138.05164
19.249535,136.82404
19.26566,136.82404
19.281467,136.82404
19.299128,136.8313
19.313269,136.8313
19.331009,136.25848
19.347706,136.25848
19.364166,136.46338
19.380922,136.46338
19.39742,136.46338
19.41533,135.61707
19.429827,135.61707
19.448107,135.82031
19.464586,135.82031
19.479338,135.82031
19.498425,135.1438
19.513111,135.1438
19.531174,135.12506
19.547413,135.12506
19.563503,134.43695
19.58239,134.43695
19.59797,134.43695
19.61938,133.76312
19.631577,133.76312
19.646757,133.1601
19.665062,133.1601
19.680092,133.1601
19.701553,133.38934
19.714293,133.38934
19.732244,133.07526
19.747025,133.07526
19.765425,132.48322
19.78218,132.48322
19.798042,132.48322
19.815165,131.95245
19.82985,131.95245
19.847933,131.55353
19.865402,131.55353
19.881727,131.55353
19.898666,131.12067
19.914862,131.12067
19.93376,131.11877
19.946762,131.11877
19.96492,130.61389
19.981998,130.61389
19.997522,130.61389
20.016148,130.21326
20.03126,130.21326
20.048563,130.11145
20.06733,130.11145
20.081318,130.11145
20.09809,128.95099
20.115168,128.95099
20.132677,128.88525
20.147528,128.88525
20.164106,128.70245
20.182419,128.70245
20.197588,128.70245
20.214987,128.77478
20.230179,128.77478
20.252735,128.46582
20.265507,128.46582
20.280466,128.46582
20.298939,128.0509
20.31487,128.0509
20.332422,128.03241
20.347021,128.03241
20.363457,127.94379
20.382238,127.94379
20.397346,127.94379
20.415045,127.84015
20.430323,127.84015
20.449457,127.75476
20.463402,127.75476
20.481222,127.75476
20.497831,127.678955
20.51393,127.678955
20.53224,127.43646
20.545792,127.43646
20.564325,127.23364
20.581694,127.23364
20.59608,127.23364
20.617708,126.999695
20.63124,126.999695
20.649183,126.96747
20.665028,126.96747
20.680029,126.96747
20.69938,126.962585
20.715117,126.962585
20.731127,127.002075
20.747286,127.002075
20.763845,126.87799
20.782293,126.87799
20.79835,126.87799
20.815067,126.83954
20.830975,126.83954
20.847988,126.70776
20.865704,126.70776
20.881523,126.70776
20.899035,126.62317
20.915209,126.62317
20.932194,126.581116
20.94723,126.581116
20.963936,126.619995
20.981869,126.619995
20.996845,126.619995
21.01864,126.41345
21.030903,126.41345
21.04804,125.862854
21.062952,125.862854
21.081295,125.862854
21.098793,125.84595
21.114439,125.84595
21.131836,125.70892
21.146421,125.70892
21.163706,125.54736
21.180695,125.54736
21.197355,125.54736
21.21515,125.55817
21.230358,125.55817
21.25227,125.22388
21.263178,125.22388
21.280403,125.22388
21.299578,125.42096
21.313238,125.42096
21.332542,125.31329
21.34636,125.31329
21.364529,125.63483
21.381193,125.63483
21.398067,125.63483
21.415726,125.479065
21.431757,125.479065
21.448093,125.63251
21.466196,125.63251
21.480291,125.63251
21.499786,125.43939
21.515553,125.43939
21.533697,125.41254
21.548052,125.41254
21.56557,125.394104
21.581018,125.394104
21.597185,125.394104
21.616087,125.485535
21.629898,125.485535
21.652378,125.38898
21.664515,125.38898
21.680893,125.38898
21.69948,125.53943
21.7145,125.53943
21.732212,125.43671
21.746946,125.43671
21.764902,125.606384
21.78047,125.606384
21.799053,125.606384
21.815962,125.35474
21.83098,125.35474
21.849033,125.53656
21.865183,125.53656
21.879675,125.53656
21.898823,125.51514
21.914755,125.51514
21.930984,125.728516
21.947124,125.728516
21.965923,125.50427
21.98298,125.50427
21.996357,125.50427
22.015354,125.66461
22.03024,125.66461
22.048267,125.59302
22.06505,125.59302
22.08028,125.59302
22.099518,125.698425
22.114002,125.698425
22.132215,125.484375
22.147427,125.484375
22.16391,125.373474
22.180935,125.373474
22.198051,125.373474
22.216455,125.34125
22.230062,125.34125
22.248077,125.57355
22.264246,125.57355
22.280416,125.57355
22.299107,125.53662
22.313986,125.53662
22.331867,125.541016
22.347689,125.541016
22.36449,125.324036
22.38088,125.324036
22.398438,125.324036
22.415264,125.38635
22.430079,125.38635
22.44853,125.29486
22.46755,125.29486
22.482199,125.29486
22.497847,125.16864
22.51447,125.16864
22.534641,125.177
22.547338,125.177
22.564043,125.35614
22.581028,125.35614
22.59727,125.35614
22.61544,125.28235
22.631931,125.28235
22.648153,125.23395
22.66504,125.23395
22.681742,125.23395
22.699581,125.1958
22.714773,125.1958
22.737385,125.27258
22.748083,125.27258
22.768879,125.27557
22.781134,125.27557
22.797705,125.27557
22.81836,125.4021
22.831112,125.4021
22.851406,125.46954
22.86519,125.46954
22.882507,125.46954
22.900246,125.49719
22.914385,125.49719
22.93317,125.5177
22.94729,125.5177
22.96445,125.55896
22.982958,125.55896
22.998016,125.55896
23.016314,125.674866
23.031544,125.674866
23.048525,125.91449
23.06417,125.91449
23.081743,125.91449
23.098806,125.87683
23.11411,125.87683
23.133728,125.86725
23.147778,125.86725
23.165497,125.96887
23.181925,125.96887
23.198112,125.96887
23.21516,125.862854
23.23071,125.862854
23.248184,125.7251
23.268003,125.7251
23.28123,125.7251
23.29881,125.90015
23.314297,125.90015
23.33225,125.61011
23.347214,125.61011
23.363697,125.329285
23.388659,125.329285
23.399488,125.329285
23.418411,125.34967
23.431124,125.34967
23.449438,125.2478
23.465124,125.2478
23.482065,125.2478
23.499432,125.38373
23.514097,125.38373
23.531923,125.5238
23.546782,125.5238
23.564037,125.607605
23.581596,125.607605
23.596956,125.607605
23.616245,125.73193
23.631235,125.73193
23.649836,125.74359
23.664885,125.74359
23.68065,125.74359
23.700298,125.8985
23.71503,125.8985
23.73581,125.88519
23.749037,125.88519
23.768446,125.92224
23.782597,125.92224
23.798206,125.92224
23.818558,125.942566
23.830757,125.942566
23.849358,125.83667
23.863428,125.83667
23.881361,125.83667
23.898224,125.765015
23.913334,125.765015
23.934753,125.81543
23.948437,125.81543
23.964418,125.81018
23.982557,125.81018
23.998566,125.81018
24.015501,126.08441
24.03099,126.08441
24.050192,126.01239
24.06494,126.01239
24.08155,126.01239
24.098934,126.08154
24.114502,126.08154
24.134161,125.94928
24.148438,125.94928
24.164444,125.90271
24.18374,125.90271
24.199003,125.90271
24.216633,126.03583
24.230806,126.03583
24.252043,126.253235
24.26355,126.253235
24.280867,126.253235
24.29934,126.49005
24.314714,126.49005
24.332478,126.622375
24.347403,126.622375
24.36615,126.95007
24.382235,126.95007
24.397495,126.95007
24.41691,127.25604
24.430685,127.25604
24.448078,127.612305
24.46335,127.612305
24.480555,127.612305
24.498388,127.81061
24.513634,127.81061
24.531887,128.14752
24.547842,128.14752
24.563885,128.43768
24.582407,128.43768
24.597925,128.43768
24.616064,128.61633
24.631252,128.61633
24.653458,128.63928
24.664865,128.63928
24.681837,128.63928
24.69935,128.75488
24.714808,128.75488
24.733397,129.25781
24.748827,129.25781
24.766165,129.75763
24.784985,129.75763
24.798285,129.75763
24.818392,129.99261
24.831112,129.99261
24.848999,130.2279
24.864141,130.2279
24.882402,130.2279
24.898834,130.77374
24.914684,130.77374
24.93409,131.00769
24.947844,131.00769
24.964804,131.26349
24.982197,131.26349
24.998938,131.26349
25.01539,131.36627
25.03026,131.36627
25.049047,132.02771
25.064182,132.02771
25.08056,132.02771
25.099148,132.4148
25.115725,132.4148
25.131815,132.6803
25.148296,132.6803
25.179142,132.79993
25.191044,132.79993
25.204224,133.0304
25.220793,133.0304
25.23624,133.0304
25.25524,133.685
25.271414,133.685
25.288746,133.74377
25.302654,133.74377
25.320194,133.74377
25.338057,134.2799
25.367369,134.86652
25.37857,134.86652
25.395699,134.86652
25.411486,135.01648
25.42536,135.01648
25.44112,135.01648
25.46188,135.63373
25.478983,135.63373
25.495228,135.33246
25.508572,135.33246
25.52513,136.45056
25.543299,136.45056
25.557816,136.45056
25.57698,137.0351
25.593643,137.0351
25.609777,136.97937
25.627796,136.97937
25.643373,137.52686
25.660408,137.52686
25.676207,137.52686
25.695024,138.51263
25.708931,138.51263
25.726854,138.45837
25.742565,138.45837
25.759716,138.45837
25.77737,139.16473
25.791656,139.16473
25.810425,139.36877
25.825808,139.36877
25.841974,139.36877
25.859291,141.77863
25.874897,141.77863
25.893229,141.90253
25.907501,141.90253
25.925257,142.77942
25.943401,142.77942
25.958067,142.77942
25.97672,140.98761
25.992548,140.98761
26.010311,142.43146
26.025057,142.43146
26.040892,142.43146
26.05943,142.12231
26.074682,142.12231
26.092249,143.25934
26.110163,143.25934
26.12428,143.02826
26.144125,143.02826
26.158314,143.02826
26.177505,143.14368
26.191448,143.14368
26.210032,143.09363
26.225052,143.09363
26.241243,143.09363
26.258816,143.98077
26.275944,143.98077
26.292788,143.80084
26.30914,143.80084
26.325695,142.83655
26.34296,142.83655
26.35757,142.83655
26.376898,144.32422
26.39139,144.32422
26.41121,144.75354
26.427744,144.75354
26.44353,145.59625
26.460783,145.59625
26.478844,145.59625
26.495234,145.27997
26.510714,145.27997
26.525612,146.3902
26.542902,146.3902
26.55856,146.3902
26.576305,146.4646
26.593107,146.4646
26.613354,146.43146
26.625927,146.43146
26.642076,146.43146
26.660255,146.2749
26.674269,146.2749
26.693502,146.74121
26.709541,146.74121
26.728643,146.67358
26.743448,146.67358
26.75994,146.67358
26.776342,146.29779
26.792486,146.29779
26.810991,147.08832
26.826479,147.08832
26.844646,146.56189
26.860683,146.56189
26.875319,146.56189
26.893257,147.78741
26.907946,147.78741
26.926666,147.36407
26.94318,147.36407
26.95826,147.36407
26.976145,148.16351
26.991684,148.16351
27.010605,147.5907
27.02623,147.5907
27.040794,147.5907
27.060307,149.08191
27.075788,149.08191
27.092962,148.5943
27.108528,148.5943
27.125744,149.6275
27.143396,149.6275
27.158531,149.6275
27.177488,147.91016
27.192562,147.91016
27.209417,148.57141
27.225302,148.57141
27.24204,148.57141
27.25863,147.09143
27.27749,147.09143
27.296648,146.12341
27.309364,146.12341
27.326185,145.50537
27.343224,145.50537
27.357891,145.50537
27.377527,146.32098
27.391993,146.32098
27.409918,145.69647
27.4253,145.69647
27.443373,146.6861
27.459734,146.6861
27.475163,146.6861
27.492702,146.13617
27.50827,146.13617
27.525013,146.09021
27.543022,146.09021
27.55862,146.09021
27.576963,145.63434
27.592134,145.63434
27.609749,146.0575
27.62511,146.0575
27.643284,145.3678
27.659983,145.3678
27.67608,145.3678
27.69261,145.289
27.709078,145.289
27.726185,146.02057
27.742252,146.02057
27.75821,146.02057
27.777113,145.46692
27.792265,145.46692
27.814062,145.52258
27.824608,145.52258
27.842257,145.52258
27.863905,145.79828
27.877783,145.79828
27.89534,145.3421
27.909111,145.3421
27.92688,145.75873
27.946087,145.75873
27.958975,145.75873
27.977966,145.3963
27.992247,145.3963
28.012278,145.35455
28.025528,145.35455
28.04307,145.35455
28.06072,144.75366
28.075472,144.75366
28.09423,145.10492
28.1092,145.10492
28.129515,144.7597
28.143274,144.7597
28.158035,144.7597
28.17847,144.90857
28.192446,144.90857
28.212196,145.11987
28.225885,145.11987
28.245281,144.8725
28.262592,144.8725
28.2765,144.8725
28.297726,144.29584
28.309174,144.29584
28.32477,144.03693
28.342865,144.03693
28.358389,144.03693
28.37677,144.5907
28.392387,144.5907
28.409565,144.73572
28.426077,144.73572
28.442995,144.73572
28.46305,144.677
28.475533,144.677
28.494331,143.83075
28.510002,143.83075
28.525251,144.15546
28.54273,144.15546
28.558475,144.15546
28.576456,143.80542
28.59151,143.80542
28.609718,144.21985
28.62591,144.21985
28.641329,144.21985
28.659473,144.58502
28.675695,144.58502
28.693829,144.42188
28.70873,144.42188
28.751814,144.22516
28.775362,144.22516
28.787642,144.05872
28.800707,144.05872
28.817818,144.6847
28.832281,144.6847
28.85019,143.94464
28.868479,143.94464
28.884457,145.03119
28.901787,145.03119
28.915586,145.03119
28.935472,143.95941
28.949692,143.95941
28.967678,144.27515
28.983192,144.27515
28.998417,144.27515
29.017145,144.31067
29.033773,144.31067
29.050245,144.07172
29.066874,144.07172
29.084333,144.35919
29.101095,144.35919
29.11694,144.35919
29.134495,144.7251
29.149658,144.7251
29.166729,144.72772
29.184822,144.72772
29.20144,144.72772
29.217968,143.98987
29.232334,143.98987
29.251383,144.44104
29.265596,144.44104
29.282423,144.44104
29.300901,145.39563
29.317259,145.39563
29.334175,144.0791
29.34946,144.0791
29.367605,145.3938
29.382364,145.3938
29.399738,145.3938
29.417614,144.47784
29.432459,144.47784
29.451153,143.11395
29.466175,143.11395
29.4831,143.11395
29.500467,143.39203
29.515583,143.39203
29.535612,144.65454
29.548399,144.65454
29.566435,144.34082
29.582796,144.34082
29.599283,144.34082
29.619705,144.36084
29.634083,144.36084
29.654041,144.18951
29.667177,144.18951
29.683731,144.12524
29.70067,144.12524
29.715548,144.12524
29.73391,144.12146
29.74985,144.12146
29.768112,144.69873
29.783594,144.69873
29.799295,144.69873
29.816841,144.22229
29.832335,144.22229
29.854937,145.03247
29.866684,145.03247
29.884193,143.26556
29.902233,143.26556
29.916069,143.26556
29.93735,145.35889
29.950191,145.35889
29.966314,144.02283
29.983696,144.02283
30.00087,144.02283
30.019413,144.64648
30.033281,144.64648
30.053946,144.86182
30.065226,144.86182
30.082266,144.86182
30.100195,144.16235
30.116825,144.16235
30.133251,144.31146
30.149845,144.31146
30.166294,144.56903
30.18496,144.56903
30.200516,144.56903
30.217625,144.17108
30.23301,144.17108
30.249825,143.96643
30.266794,143.96643
30.28424,143.18683
30.301773,143.18683
30.3163,143.18683
30.334063,143.97766
30.349636,143.97766
30.36647,142.59308
30.38374,142.59308
30.399038,142.59308
30.417171,143.09949
30.432463,143.09949
30.451315,142.9303
30.466969,142.9303
30.484165,142.24164
30.499758,142.24164
30.51505,142.24164
30.535955,142.13403
30.54929,142.13403
30.567762,141.54065
30.582537,141.54065
30.600145,141.54065
30.618906,141.52344
30.633879,141.52344
30.651249,140.60583
30.665598,140.60583
30.683144,140.60583
30.701445,139.94696
30.715958,139.94696
30.736269,140.08246
30.74917,140.08246
30.765371,139.04565
30.78547,139.04565
30.800062,139.04565
30.817966,138.42932
30.832752,138.42932
30.85015,137.92084
30.867712,137.92084
30.883743,137.15283
30.901367,137.15283
30.91598,137.15283
30.93419,137.46161
30.949247,137.46161
30.966545,137.59528
30.984741,137.59528
30.998749,137.59528
31.019321,137.38708
31.031565,137.38708
31.049791,137.73853
31.067072,137.73853
31.081867,137.73853
31.100027,137.05103
31.115986,137.05103
31.136423,137.00128
31.149158,137.00128
31.166973,138.06671
31.181896,138.06671
31.19929,138.06671
31.217136,137.01733
31.232946,137.01733
31.250942,136.81506
31.26663,136.81506
31.284128,136.72186
31.300306,136.72186
31.316072,136.72186
31.33576,136.04803
31.349537,136.04803
31.367554,135.32153
31.382868,135.32153
31.399256,135.32153
31.417173,135.01361
31.432241,135.01361
31.4514,134.52942
31.46668,134.52942
31.482332,134.52942
31.500988,133.60431
31.517385,133.60431
31.536467,133.54236
31.55113,133.54236
31.569746,133.2099
31.584173,133.2099
31.600105,133.2099
31.617622,131.044
31.632786,131.044
31.650627,130.71893
31.666561,130.71893
31.682789,130.71893
31.70004,130.6145
31.716246,130.6145
31.73305,130.16882
31.749147,130.16882
31.76766,130.27856
31.782892,130.27856
31.798704,130.27856
31.817818,129.76862
31.832489,129.76862
31.850775,129.61517
31.866978,129.61517
31.883919,129.33221
31.899977,129.33221
31.916388,129.33221
31.934568,128.71106
31.94953,128.71106
31.966188,128.60345
31.983938,128.60345
31.99913,128.60345
32.01803,128.37677
32.032917,128.37677
32.050877,128.28711
32.065865,128.28711
32.082214,128.28711
32.100258,127.14746
32.11647,127.14746
32.13437,127.00238
32.15068,127.00238
32.16756,126.82257
32.182487,126.82257
32.199875,126.82257
32.217834,126.54797
32.233467,126.54797
32.251316,126.58124
32.265957,126.58124
32.28382,126.338806
32.299812,126.338806
32.322174,126.338806
32.335693,126.244385
32.348534,126.244385
32.367622,125.87341
32.382812,125.87341
32.399364,125.87341
32.41827,125.66034
32.432716,125.66034
32.451412,125.37268
32.466423,125.37268
32.483444,125.26697
32.49987,125.26697
32.51613,125.26697
32.539078,125.38843
32.55129,125.38843
32.573418,125.23517
32.586166,125.23517
32.599422,125.23517
32.618313,124.94885
32.632446,124.94885
32.653202,124.83765
32.667324,124.83765
32.682407,124.83765
32.7011,124.70953
32.71664,124.70953
32.73427,124.75519
32.749268,124.75519
32.769115,124.5885
32.783165,124.5885
32.800568,124.5885
32.81765,124.483154
32.83189,124.483154
32.852795,124.453735
32.866913,124.453735
32.883427,124.52673
32.900753,124.52673
32.91694,124.52673
32.93436,124.36737
32.94928,124.36737
32.965378,124.50598
32.98327,124.50598
32.99907,124.50598
33.018314,124.36157
33.03219,124.36157
33.052464,124.07013
33.067585,124.07013
33.085136,123.77887
33.10173,123.77887
33.117477,123.77887
33.134167,123.6261
33.150715,123.6261
33.1725,123.610535
33.183727,123.610535
33.19952,123.610535
33.21788,123.66492
33.234665,123.66492
33.25044,123.6427
33.267426,123.6427
33.28233,123.6427
33.30134,123.591675
33.31585,123.591675
33.335484,123.6087
33.350365,123.6087
33.36616,123.69122
33.3842,123.69122
33.40035,123.69122
33.41747,123.64807
33.433357,123.64807
33.45093,123.576965
33.469166,123.576965
33.48638,123.57977
33.502083,123.57977
33.515797,123.57977
33.536068,123.70569
33.549522,123.70569
33.566746,123.547485
33.584984,123.547485
33.600098,123.547485
33.617702,123.695496
33.632465,123.695496
33.651787,123.4646
33.66709,123.4646
33.68428,123.708496
33.700977,123.708496
33.716522,123.708496
33.733337,123.42114
33.748753,123.42114
33.77056,123.53351
33.783913,123.53351
33.79967,123.53351
33.81805,123.4328
33.83256,123.4328
33.853706,123.58966
33.86549,123.58966
33.884552,123.6864
33.901993,123.6864
33.915653,123.6864
33.937645,123.91907
33.951256,123.91907
33.96864,123.845764
33.983494,123.845764
34.000526,123.845764
34.019234,123.96533
34.033924,123.96533
34.051727,123.90033
34.066216,123.90033
34.084003,123.87848
34.100136,123.87848
34.116943,123.87848
34.134422,123.634766
34.149956,123.634766
34.16775,123.83569
34.18306,123.83569
34.19874,123.83569
34.21683,123.74646
34.232796,123.74646
34.249912,123.75897
34.266167,123.75897
34.28396,123.487305
34.300503,123.487305
34.316998,123.487305
34.334682,123.60278
34.3504,123.60278
34.36977,123.54907
34.3846,123.54907
34.400154,123.54907
34.417816,123.512024
34.43359,123.512024
34.4517,123.502686
34.467026,123.502686
34.483875,123.35657
34.500793,123.35657
34.51649,123.35657
34.536713,123.343445
34.557926,123.343445
34.568497,123.54639
34.584335,123.54639
34.59953,123.54639
34.61765,123.51257
34.633255,123.51257
34.65156,123.532776
34.665657,123.532776
34.682804,123.532776
34.70203,123.40863
34.715424,123.40863
34.73647,123.497986
34.74957,123.497986
34.766224,123.497986
34.78511,123.594604
34.803444,123.772766
34.8178,123.772766
34.83349,123.772766
34.85175,123.69586
34.867596,123.69586
34.883835,123.78369
34.900497,123.78369
34.915253,123.78369
34.936546,123.53253
34.94958,123.53253
34.969505,123.595215
34.98455,123.595215
34.99926,123.595215
35.018463,123.4621
35.034058,123.4621
35.050243,123.46887
35.077557,123.46887
35.087204,123.46619
35.103527,123.46619
35.118046,123.46619
35.137077,123.52515
35.151203,123.52515
35.172592,123.4693
35.184162,123.4693
35.20197,123.4693
35.219826,123.57837
35.235466,123.57837
35.25214,123.5188
35.26881,123.5188
35.286507,123.519714
35.302513,123.519714
35.317757,123.519714
35.33673,123.463196
35.35227,123.463196
35.369293,123.54895
35.385784,123.54895
35.401676,123.54895
35.419086,123.54706
35.433723,123.54706
35.45307,123.496155
35.47125,123.496155
35.485264,123.46503
35.503387,123.46503
35.518047,123.46503
35.53745,123.72015
35.551968,123.72015
35.56885,123.424255
35.584927,123.424255
35.60121,123.424255
35.62042,123.55945
35.635006,123.55945
35.6529,123.52124
35.66896,123.52124
35.684147,123.90839
35.702663,123.90839
35.71791,123.90839
35.736217,123.86023
35.751007,123.86023
35.77153,124.052734
35.784035,124.052734
35.80221,124.052734
35.82052,123.88196
35.8351,123.88196
35.85284,123.88464
35.870388,123.88464
35.88422,123.83649
35.901577,123.83649
35.91791,123.83649
35.938267,123.86865
35.950592,123.86865
35.969563,123.7724
35.9853,123.7724
36.0008,123.7724
36.02083,124.03583
36.034176,124.03583
36.051723,124.00525
36.06936,124.00525
36.08497,124.18683
36.103046,124.18683
36.118042,124.18683
36.136456,124.12402
36.15311,124.12402
36.17258,124.18109
36.185535,124.18109
36.200756,124.18109
36.218197,124.07623
36.234592,124.07623
36.25224,124.29822
36.26875,124.29822
36.285137,124.22424
36.303368,124.22424
36.318913,124.22424
36.33537,124.46686
36.35259,124.46686
36.37055,124.67053
36.384586,124.67053
36.4012,124.67053
36.41928,124.74359
36.43497,124.74359
36.452908,124.894775
36.46958,124.894775
36.485477,125.34161
36.5018,125.34161
36.518997,125.34161
36.53684,125.61493
36.551636,125.61493
36.571087,126.20032
36.585846,126.20032
36.600296,126.20032
36.619415,126.30237
36.63419,126.30237
36.653774,126.493286
36.668667,126.493286
36.688465,126.69025
36.702667,126.69025
36.71862,126.69025
36.73733,127.033325
36.751587,127.033325
36.771564,127.2157
36.78667,127.2157
36.801487,127.2157
36.819466,127.62903
36.83543,127.62903
36.85382,127.88733
36.86937,127.88733
36.885365,128.46393
36.903126,128.46393
36.917713,128.46393
36.937077,128.39758
36.951138,128.39758
36.969845,128.8424
36.98555,128.8424
37.000847,128.8424
37.019787,128.95789
37.035316,128.95789
37.052914,129.41418
37.06819,129.41418
37.084164,130.02002
37.102283,130.02002
37.11874,130.02002
37.136482,130.5224
37.15115,130.5224
37.16882,130.3305
37.184776,130.3305
37.203342,130.74976
37.218636,130.74976
37.235104,130.74976
37.251793,131.78046
37.268967,131.78046
37.286125,131.85553
37.30191,131.85553
37.31873,131.85553
37.33699,131.3042
37.35122,131.3042
37.369484,132.68604
37.38467,132.68604
37.40248,132.68604
37.41882,133.30249
37.43498,133.30249
37.453068,133.85382
37.471252,133.85382
37.485207,134.4784
37.503357,134.4784
37.518482,134.4784
37.536957,134.72552
37.550964,134.72552
37.57283,135.14203
37.58628,135.14203
37.600925,135.14203
37.61948,134.6897
37.633816,134.6897
37.65277,134.78638
37.6686,134.78638
37.68491,135.23767
37.703266,135.23767
37.71798,135.23767
37.737183,135.64532
37.75103,135.64532
37.7692,135.55212
37.784153,135.55212
37.8019,135.55212
37.81953,135.76074
37.83558,135.76074
37.855015,136.23059
37.869923,136.23059
37.88745,136.24237
37.901928,136.24237
37.916595,136.24237
37.93675,136.90009
37.95173,136.90009
37.96874,135.96613
37.984283,135.96613
38.000347,135.96613
38.02186,136.92719
38.033737,136.92719
38.05238,137.27899
38.0675,137.27899
38.085014,137.54657
38.102215,137.54657
38.118103,137.54657
38.136242,137.6579
38.151234,137.6579
38.170246,137.75433
38.184658,137.75433
38.202164,137.75433
38.219086,137.8548
38.234753,137.8548
38.252525,138.70111
38.267677,138.70111
38.285637,139.0592
38.30359,139.0592
38.318462,139.0592
38.33701,137.65045
38.351006,137.65045
38.371655,138.6615
38.384396,138.6615
38.402534,138.6615
38.418533,139.30127
38.435104,139.30127
38.45314,138.55725
38.471115,138.55725
38.48669,139.03894
38.50233,139.03894
38.516937,139.03894
38.537563,139.90894
38.55202,139.90894
38.569336,139.44397
38.583683,139.44397
38.60144,139.44397
38.620125,138.83606
38.636105,138.83606
38.65291,139.18402
38.66757,139.18402
38.686462,139.3758
38.70149,139.3758
38.718445,139.3758
38.7367,139.2893
38.75135,139.2893
38.76861,139.20349
38.785168,139.20349
38.80157,139.20349
38.8189,139.979
38.8452,139.979
38.85984,140.17981
38.871395,140.17981
38.88891,140.37915
38.904514,140.37915
38.920036,140.37915
38.93916,140.68988
38.952866,140.68988
38.97085,140.74121
38.986137,140.74121
39.003155,140.607
39.020866,140.607
39.03741,140.607
39.0552,141.02283
39.070255,141.02283
39.086975,140.70837
39.1046,140.70837
39.12109,140.70837
39.138046,140.74426
39.153744,140.74426
39.17128,141.53711
39.187016,141.53711
39.20384,140.72687
39.220455,140.72687
39.237022,140.72687
39.25438,141.07812
39.27066,141.07812
39.288795,140.89111
39.30368,140.89111
39.31989,140.89111
39.339214,140.55164
39.354385,140.55164
39.37187,141.7677
39.387115,141.7677
39.404068,141.422
39.42063,141.422
39.43695,141.422
39.455353,141.15662
39.47112,141.15662
39.488895,140.98346
39.503677,140.98346
39.519527,140.98346
39.539085,141.08588
39.554554,141.08588
39.57062,140.81317
39.587376,140.81317
39.60585,141.16406
39.621746,141.16406
39.636406,141.16406
39.6557,141.40619
39.670067,141.40619
39.688313,141.14996
39.705364,141.14996
39.721375,141.14996
39.739597,140.79865
39.7547,140.79865
39.77408,140.64496
39.790672,140.64496
39.806396,140.57129
39.822422,140.57129
39.837143,140.57129
39.85572,141.44794
39.87114,141.44794
39.88875,141.09839
39.903168,141.09839
39.920208,141.09839
39.939594,141.11536
39.953148,141.11536
39.974342,141.07764
39.986294,141.07764
40.003445,140.26556
40.02102,140.26556
40.037445,140.26556
40.055817,140.63025
40.0702,140.63025
40.091698,140.24713
40.103928,140.24713
40.11986,140.24713
40.137466,140.28552
40.153904,140.28552
40.171547,141.56598
40.187473,141.56598
40.204063,141.16821
40.221283,141.16821
40.23658,141.16821
40.254913,140.19629
40.270546,140.19629
40.28903,140.1914
40.304768,140.1914
40.319584,140.1914
40.338768,140.8139
40.353016,140.8139
40.37222,140.37177
40.386703,140.37177
40.405045,140.76733
40.42129,140.76733
40.437405,140.76733
40.45569,140.46436
40.46957,140.46436
40.487633,140.27362
40.503914,140.27362
40.52028,140.27362
40.538795,140.10876
40.55416,140.10876
40.575844,140.5758
40.586937,140.5758
40.60348,140.1759
40.621326,140.1759
40.636,140.1759
40.65607,139.29211
40.671017,139.29211
40.68834,139.77716
40.70398,139.77716
40.722023,139.77716
40.738365,140.42163
40.753735,140.42163
40.773556,140.60376
40.787148,140.60376
40.804058,140.32733
40.82415,140.32733
40.836815,140.32733
40.85562,140.45343
40.870148,140.45343
40.888607,140.42432
40.90326,140.42432
40.921738,140.42432
40.93848,139.95288
40.95413,139.95288
40.970783,139.87042
40.98643,139.87042
41.0043,140.10938
41.021717,140.10938
41.037163,140.10938
41.054993,140.32343
41.071083,140.32343
41.088917,140.09497
41.10431,140.09497
41.12105,140.09497
41.140568,139.82965
41.15475,139.82965
41.17205,140.33856
41.18653,140.33856
41.206406,140.53534
41.222496,140.53534
41.237087,140.53534
41.255035,139.82318
41.272263,139.82318
41.289593,140.26172
41.30404,140.26172
41.32129,140.26172
41.34213,139.41351
41.353973,139.41351
41.371246,140.16406
41.388123,140.16406
41.405293,139.56213
41.42215,139.56213
41.43892,139.56213
41.454887,139.58057
41.47083,139.58057
41.489594,138.9721
41.505146,138.9721
41.521393,138.9721
41.539883,139.77881
41.554188,139.77881
41.572136,139.02332
41.587387,139.02332
41.60414,139.22174
41.621983,139.22174
41.638218,139.22174
41.655247,139.28113
41.67079,139.28113
41.687813,140.32153
41.703873,140.32153
41.71982,140.32153
41.73956,139.99408
41.75408,139.99408
41.77295,140.06067
41.78832,140.06067
41.805767,139.69427
41.821964,139.69427
41.838287,139.69427
41.85542,139.72455
41.872826,139.72455
41.891827,139.53601
41.905212,139.53601
41.92306,139.53601
41.939713,139.40204
41.954773,139.40204
41.971863,139.30933
41.991158,139.30933
42.006676,139.1109
42.02255,139.1109
42.037796,139.1109
42.057747,139.24054
42.07384,139.24054
42.09086,139.60107
42.105263,139.60107
42.121555,139.60107
42.139473,138.76532
42.154686,138.76532
42.173065,137.6341
42.18825,137.6341
42.205883,138.18707
42.22136,138.18707
42.23761,138.18707
42.258568,137.89124
42.272865,137.89124
42.289143,137.7547
42.304287,137.7547
42.32065,137.7547
42.337612,136.87878
42.353634,136.87878
42.37255,136.75037
42.386715,136.75037
42.4044,137.5257
42.422993,137.5257
42.436913,137.5257
42.454605,137.60498
42.471687,137.60498
42.48941,136.98718
42.505165,136.98718
42.521526,136.98718
42.53782,137.18176
42.55374,137.18176
42.57329,137.15613
42.58735,137.15613
42.603962,136.79767
42.622066,136.79767
42.637196,136.79767
42.655167,134.59503
42.671085,134.59503
42.687023,134.21161
42.703243,134.21161
42.720444,134.21161
42.740772,134.30585
42.753643,134.30585
42.77467,134.65112
42.787064,134.65112
42.803238,134.07812
42.82189,134.07812
42.83715,134.07812
42.855648,133.4831
42.871334,133.4831
42.889763,133.88202
42.90529,133.88202
42.92104,133.88202
42.938183,133.60468
42.953297,133.60468
42.97534,133.72156
42.98735,133.72156
43.004456,132.65613
43.021053,132.65613
43.036858,132.65613
43.055367,133.04346
43.071373,133.04346
43.09029,132.92273
43.103924,132.92273
43.119938,132.92273
43.139187,131.85675
43.153923,131.85675
43.174057,132.98328
43.18771,132.98328
43.205063,131.60364
43.221066,131.60364
43.2381,131.60364
43.256763,131.24548
43.270958,131.24548
43.289265,131.51837
43.30469,131.51837
43.323532,131.51837
43.339172,130.12079
43.354298,130.12079
43.37249,131.46118
43.386402,131.46118
43.404297,130.27277
43.421562,130.27277
43.436398,130.27277
43.455265,130.1355
43.47123,130.1355
43.49119,129.56378
43.50684,129.56378
43.52247,129.56378
43.53888,129.7721
43.55398,129.7721
43.571976,128.8205
43.58827,128.8205
43.605297,127.41205
43.625294,127.41205
43.6373,127.41205
43.655666,127.101685
43.67062,127.101685
43.688004,127.63861
43.70489,127.63861
43.72082,127.63861
43.742115,127.292175
43.755722,127.292175
43.774357,127.530396
43.7887,127.530396
43.80521,127.244934
43.82581,127.244934
43.83781,127.244934
43.859074,127.24603
43.871574,127.24603
43.88925,127.2334
43.907978,127.2334
43.921284,127.2334
43.94246,127.12341
43.957314,127.12341
43.974655,126.67529
43.989277,126.67529
44.003967,126.48578
44.023457,126.48578
44.038227,126.48578
44.05537,126.119934
44.070793,126.119934
44.08924,126.85907
44.1053,126.85907
44.123363,126.14398
44.14179,126.14398
44.15301,126.14398
44.172638,126.3219
44.18744,126.3219
44.204308,126.4447
44.222134,126.4447
44.236576,126.4447
44.2578,126.448364
44.27091,126.448364
44.29264,126.014465
44.305576,126.014465
44.32222,126.014465
44.33882,126.102844
44.35582,126.102844
44.37346,126.32318
44.38781,126.32318
44.405216,126.0285
44.42261,126.0285
44.438335,126.0285
44.455082,125.805664
44.470745,125.805664
44.489418,125.41321
44.504955,125.41321
44.52217,125.41321
44.54104,125.61078
44.5548,125.61078
44.57496,124.767456
44.59035,124.767456
44.607044,124.767456
44.624943,124.81616
44.641087,124.81616
44.65693,124.638916
44.672455,124.638916
44.69214,124.371216
44.704884,124.371216
44.723328,124.371216
44.741146,124.42688
44.75493,124.42688
44.772984,124.27582
44.791176,124.27582
44.807915,124.50055
44.825928,124.50055
44.84083,124.50055
44.858852,124.41278
44.87273,124.41278
44.891808,124.23724
44.907185,124.23724
44.922886,124.23724
44.940998,124.22064
44.95638,124.22064
44.97492,123.730835
44.989223,123.730835
45.007004,123.59772
45.022667,123.59772
45.04089,123.59772
45.058563,123.69916
45.074066,123.69916
45.090603,123.54419
45.10395,123.54419
45.121227,123.54419
45.141964,123.43756
45.153805,123.43756
45.172802,123.585144
45.18828,123.585144
45.20394,123.12024
45.221684,123.12024
45.238132,123.12024
45.255108,122.820984
45.27213,122.820984
45.29042,122.820984
45.307056,122.71637
45.3246,122.819275
45.339455,122.819275
45.35438,122.819275
45.375854,122.84076
45.38986,122.84076
45.4056,122.598145
45.422256,122.598145
45.43719,122.598145
45.45512,122.48389
45.47117,122.48389
45.493267,122.30713
45.50391,122.30713
45.52319,122.30713
45.539806,122.03723
45.55499,122.03723
45.572605,121.93164
45.58758,121.93164
45.60648,121.93347
45.625156,121.93347
45.63771,121.93347
45.656586,121.9137
45.671677,121.9137
45.689125,121.9751
45.704933,121.9751
45.721733,121.9751
45.739517,121.86188
45.755054,121.86188
45.772034,121.867676
45.788273,121.867676
45.804493,121.83099
45.82118,121.83099
45.83803,121.83099
45.856403,121.96167
45.872845,121.96167
45.890907,121.91339
45.904873,121.91339
45.92135,121.91339
45.9399,121.78778
45.95551,121.78778
45.97219,121.91101
45.988117,121.91101
46.00403,121.76581
46.023785,121.76581
46.037903,121.76581
46.05613,121.82837
46.069958,121.82837
46.089077,121.76807
46.105072,121.76807
46.121574,121.76807
46.141735,121.70154
46.15557,121.70154
46.173344,121.690796
46.187866,121.690796
46.206284,121.661316
46.221355,121.661316
46.23767,121.661316
46.25799,121.888245
46.270336,121.888245
46.288784,121.81152
46.30771,121.81152
46.321404,121.81152
46.338593,121.77673
46.35474,121.77673
46.372814,121.9046
46.387695,121.9046
46.407433,122.0636
46.423153,122.0636
46.43843,122.0636
46.459675,122.27527
46.47096,122.27527
46.49202,121.43384
46.50473,121.43384
46.52245,121.43384
46.539795,121.695496
46.55576,121.695496
46.572914,121.89325
46.58797,121.89325
46.60676,121.76184
46.620583,121.76184
46.63783,121.76184
46.654007,121.81647
46.669823,121.81647
46.689312,121.82263
46.70615,121.82263
46.72109,121.82263
46.73942,122.00531
46.754917,122.00531
46.772778,122.059875
46.787987,122.059875
46.80301,122.03937
46.821346,122.03937
46.837513,122.03937
46.85545,121.93469
46.871162,121.93469
46.89164,122.04498
46.903816,122.04498
46.92115,122.04498
46.93758,122.00867
46.954082,122.00867
46.97167,121.88556
46.98711,121.88556
47.004997,121.848145
47.020763,121.848145
47.036995,121.848145
47.056458,122.09119
47.07151,122.09119
47.08877,121.962524
47.103878,121.962524
47.12,121.962524
47.138664,122.28284
47.15397,122.28284
47.171993,122.22278
47.18696,122.22278
47.20453,122.24127
47.220924,122.24127
47.237473,122.24127
47.25417,122.11786
47.27066,122.11786
47.286816,122.26886
47.307217,122.26886
47.32104,122.26886
47.33866,121.99481
47.35403,121.99481
47.371613,122.036865
47.38661,122.036865
47.40383,121.864136
47.42086,121.864136
47.43803,121.864136
47.45573,121.741516
47.470837,121.741516
47.491833,121.79639
47.503624,121.79639
47.520626,121.79639
47.539043,121.66272
47.553497,121.66272
47.57556,121.671875
47.586517,121.671875
47.603203,121.664734
47.621414,121.664734
47.638,121.664734
47.655704,121.64642
47.670776,121.64642
47.691948,121.71515
47.704933,121.71515
47.72168,121.71515
47.73735,121.75244
47.753548,121.75244
47.771385,122.01587
47.788063,122.01587
47.80477,122.13104
47.822227,122.13104
47.83722,122.13104
47.855423,122.18567
47.872147,122.18567
47.890335,122.252075
47.90317,122.252075
47.921158,122.252075
47.93902,122.380005
47.95466,122.380005
47.97499,122.65094
47.98859,122.65094
48.00454,122.85156
48.023464,122.85156
48.03824,122.85156
48.055126,122.95465
48.07035,122.95465
48.08928,123.01813
48.10303,123.01813
48.1212,123.01813
48.137966,123.22406
48.15408,123.22406
48.17125,123.362
48.18746,123.362
48.204605,123.71576
48.220608,123.71576
48.237003,123.71576
48.255543,124.02777
48.27124,124.02777
48.288975,124.36627
48.303364,124.36627
48.320267,124.36627
48.33822,124.819824
48.35353,124.819824
48.371624,125.31726
48.38789,125.31726
48.404655,125.68732
48.421352,125.68732
48.43774,125.68732
48.45593,126.07385
48.470818,126.07385
48.489132,126.649414
48.504974,126.649414
48.520557,126.649414
48.539116,126.97302
48.554153,126.97302
48.571457,127.41144
48.58725,127.41144
48.604496,127.656494
48.622005,127.656494
48.636852,127.656494
48.656174,127.85217
48.670506,127.85217
48.687435,128.25781
48.703495,128.25781
48.720524,128.25781
48.738823,129.00403
48.75479,129.00403
48.770626,129.4071
48.78677,129.4071
48.804737,130.56213
48.821533,130.56213
48.83834,130.56213
48.85556,130.73029
48.870583,130.73029
48.887783,132.34253
48.904263,132.34253
48.92028,132.34253
48.938484,132.56567
48.954502,132.56567
48.97159,133.06726
48.986675,133.06726
49.004105,133.31323
49.021404,133.31323
49.037846,133.31323
49.055935,134.04956
49.07077,134.04956
49.088516,134.6607
49.103928,134.6607
49.12104,134.6607
49.13986,135.86633
49.154835,135.86633
49.172215,135.47662
49.187836,135.47662
49.204773,136.83472
49.221127,136.83472
49.237965,136.83472
49.25555,136.90875
49.272484,136.90875
49.28922,137.4903
49.304142,137.4903
49.32185,137.4903
49.339855,136.69043
49.354797,136.69043
49.374863,137.73376
49.387016,137.73376
49.405926,138.26263
49.42218,138.26263
49.437702,138.26263
49.455276,138.11139
49.47134,138.11139
49.49103,138.52814
49.50352,138.52814
49.52196,138.52814
49.537914,138.77612
49.55352,138.77612
49.57326,139.02118
49.58656,139.02118
49.605118,139.43561
49.62217,139.43561
49.637676,139.43561
49.655598,139.35535
49.670624,139.35535
49.68963,139.96967
49.704617,139.96967
49.72085,139.96967
49.739075,140.12482
49.7539,140.12482
49.772823,140.36407
49.7871,140.36407
49.804153,140.44714
49.82208,140.44714
49.83677,140.44714
49.85486,140.92554
49.87098,140.92554
49.88947,140.99286
49.9042,140.99286
49.919754,140.99286
49.938736,141.0293
49.954216,141.0293
49.97336,141.2409
49.988876,141.2409
50.005108,141.51648
50.022865,141.51648
50.03693,141.51648
50.055,141.44855
50.071945,141.44855
50.088707,141.93994
50.10384,141.93994
50.12145,141.93994
50.138687,142.07965
50.154484,142.07965
50.17197,141.93427
50.187607,141.93427
50.204796,142.21887
50.221264,142.21887
50.237816,142.21887
50.254738,142.0282
50.270695,142.0282
50.288757,142.24902
50.30578,142.24902
50.321674,142.24902
50.338356,142.31525
50.35385,142.31525
50.374496,142.67712
50.389103,142.67712
50.404068,143.01758
50.4215,143.01758
50.43789,143.01758
50.455547,143.12213
50.47211,143.12213
50.492523,143.14386
50.50355,143.14386
50.520596,143.14386
50.538387,143.11218
50.55389,143.11218
50.57641,143.10168
50.58983,143.10168
50.603622,142.32953
50.622448,142.32953
50.63728,142.32953
50.65548,142.45929
50.6707,142.45929
50.688213,142.23688
50.70449,142.23688
50.721645,142.23688
50.73936,141.75232
50.754574,141.75232
50.771782,142.06738
50.788662,142.06738
50.803524,141.9552
50.821903,141.9552
50.83728,141.9552
50.855587,142.01599
50.871456,142.01599
50.888855,142.17957
50.90329,142.17957
50.921165,142.17957
50.9398,142.39026
50.95384,142.39026
50.972267,142.12079
50.98762,142.12079
51.00407,141.78778
51.022507,141.78778
51.03816,141.78778
51.056305,142.19562
51.071632,142.19562
51.08825,141.86615
51.104546,141.86615
51.120464,141.86615
51.139698,142.21747
51.154594,142.21747
51.171986,141.86273
51.188538,141.86273
51.204586,142.10168
51.221123,142.10168
51.238228,142.10168
51.256992,142.31824
51.270702,142.31824
51.29368,142.54254
51.303505,142.54254
51.3212,142.54254
51.338604,142.00232
51.354984,142.00232
51.37288,142.4176
51.3869,142.4176
51.404602,141.8805
51.421013,141.8805
51.438465,141.8805
51.456486,142.44037
51.47075,142.44037
51.489162,141.90198
51.505756,141.90198
51.52667,142.13696
51.54042,142.13696
51.55543,142.13696
51.572742,141.94458
51.588043,141.94458
51.60449,141.71204
51.621243,141.71204
51.637135,141.71204
51.65647,141.40009
51.67113,141.40009
51.68915,141.28687
51.704563,141.28687
51.72053,141.28687
51.739212,141.04352
51.754307,141.04352
51.772285,140.85352
51.78841,140.85352
51.805466,141.05408
51.822712,141.05408
51.83866,141.05408
51.85563,141.09814
51.870724,141.09814
51.888313,140.8689
51.903824,140.8689
51.921265,140.8689
51.940136,141.26025
51.954296,141.26025
51.972343,141.03357
51.98762,141.03357
52.003716,141.34924
52.02099,141.34924
52.03932,141.34924
52.055183,141.49963
52.070568,141.49963
52.088085,141.49603
52.10453,141.49603
52.120438,141.49603
52.139774,141.10577
52.15454,141.10577
52.172035,140.8681
52.187416,140.8681
52.20579,140.79156
52.22119,140.79156
52.23717,140.79156
52.255817,141.7691
52.271,141.7691
52.289978,141.81787
52.303963,141.81787
52.323338,141.81787
52.339,141.77167
52.354427,141.77167
52.372143,141.64478
52.387646,141.64478
52.403675,140.61578
52.421875,140.61578
52.43779,140.61578
52.455635,139.5329
52.470905,139.5329
52.489006,139.52502
52.50471,139.52502
52.521038,139.52502
52.539433,139.42505
52.555016,139.42505
52.572823,139.69415
52.587757,139.69415
52.604237,139.62378
52.62199,139.62378
52.637344,139.62378
52.656254,138.71716
52.671738,138.71716
52.688602,138.307
52.703983,138.307
52.721687,138.307
52.738995,138.2887
52.754314,138.2887
52.775654,138.48444
52.787888,138.48444
52.80358,138.57416
52.82254,138.57416
52.8383,138.57416
52.856926,138.21759
52.870796,138.21759
52.889,139.3963
52.904045,139.3963
52.921406,139.3963
52.937958,139.11963
52.953545,139.11963
52.971756,139.35541
52.98753,139.35541
53.005447,138.96985
53.021107,138.96985
53.03756,138.96985
53.056503,139.27759
53.07085,139.27759
53.08998,138.88055
53.104336,138.88055
53.121372,138.88055
53.13972,139.40814
53.153313,139.40814
53.173492,138.2724
53.187828,138.2724
53.20393,137.6145
53.221935,137.6145
53.23761,137.6145
53.255558,137.25159
53.271194,137.25159
53.287796,137.58307
53.303867,137.58307
53.32138,137.58307
53.33836,136.15485
53.354977,136.15485
53.372868,137.32758
53.388096,137.32758
53.405125,137.37238
53.422085,137.37238
53.436855,137.37238
53.45876,137.39215
53.470406,137.39215
53.4881,136.98938
53.503845,136.98938
53.519905,136.98938
53.539024,138.09583
53.553974,138.09583
53.571255,137.65955
53.58788,137.65955
53.60464,137.13074
53.622215,137.13074
53.63746,137.13074
53.656116,136.6322
53.6715,136.6322
53.688477,137.62732
53.705627,137.62732
53.721764,137.62732
53.73931,137.6228
53.755356,137.6228
53.771065,137.7323
53.78822,137.7323
53.80438,137.51642
53.820995,137.51642
53.837257,137.51642
53.85538,137.88275
53.87137,137.88275
53.88824,138.29309
53.904606,138.29309
53.92048,138.29309
53.93918,137.12622
53.954124,137.12622
53.971584,136.70056
53.98793,136.70056
54.00444,137.27277
54.021744,137.27277
54.03867,137.27277
54.055256,136.867
54.072582,136.867
54.089176,136.81567
54.10455,136.81567
54.120564,136.81567
54.13935,136.67035
54.154564,136.67035
54.1726,135.50873
54.187737,135.50873
54.204937,135.95386
54.22162,135.95386
54.23788,135.95386
54.255703,135.76135
54.271683,135.76135
54.289,135.33942
54.303665,135.33942
54.32122,135.33942
54.338642,134.7486
54.355103,134.7486
54.37217,134.68665
54.387352,134.68665
54.405052,134.4599
54.421646,134.4599
54.438366,134.4599
54.45489,133.97058
54.470547,133.97058
54.488323,133.40253
54.503544,133.40253
54.52072,133.40253
54.538406,132.9184
54.55363,132.9184
54.575146,133.08057
54.586857,133.08057
54.603912,132.93738
54.622353,132.93738
54.637863,132.93738
54.655167,132.05212
54.67207,132.05212
54.689938,131.75525
54.704727,131.75525
54.7207,131.75525
54.740337,131.60309
54.75588,131.60309
54.77151,131.18774
54.788036,131.18774
54.804005,131.5058
54.82343,131.5058
54.837738,131.5058
54.855812,130.56873
54.870487,130.56873
54.888554,130.32556
54.90509,130.32556
54.921333,130.32556
54.938774,129.81073
54.953804,129.81073
54.97346,129.74628
54.98785,129.74628
55.005432,129.68457
55.02223,129.68457
55.037453,129.68457
55.056366,128.82477
55.071636,128.82477
55.08932,128.4361
55.10421,128.4361
55.12315,128.55933
55.13839,128.55933
55.15492,128.55933
55.171295,127.29126
55.187435,127.29126
55.20462,126.74219
55.221413,126.74219
55.238403,126.74219
55.255226,126.51129
55.270653,126.51129
55.28858,126.37146
55.30472,126.37146
55.32071,126.37146
55.339233,125.81256
55.354313,125.81256
55.373253,126.459656
55.38742,126.459656
55.405014,125.710144
55.423126,125.710144
55.437737,125.710144
55.456573,126.2063
55.471554,126.2063
55.489384,125.41577
55.504578,125.41577
55.520103,125.41577
55.53937,126.398254
55.55438,126.398254
55.574978,125.4176
55.589508,125.4176
55.605,125.16803
55.621685,125.16803
55.637695,125.16803
55.656265,124.96649
55.67162,124.96649
55.68839,125.359436
55.705387,125.359436
55.72081,125.359436
55.73977,124.7204
55.75378,124.7204
55.776527,125.299255
55.78872,125.299255
55.804844,124.76184
55.821358,124.76184
55.837624,124.76184
55.855995,124.84149
55.871235,124.84149
55.88817,124.71295
55.904858,124.71295
55.92136,124.71295
55.939987,125.004456
55.954483,125.004456
55.972404,124.41803
55.988224,124.41803
56.004436,124.44202
56.02299,124.44202
56.03874,124.44202
56.05601,124.24841
56.070724,124.24841
56.08896,123.73999
56.104286,123.73999
56.121502,123.73999
56.13945,123.51758
56.154583,123.51758
56.171745,123.91687
56.188263,123.91687
56.205185,123.03784
56.22161,123.03784
56.238335,123.03784
56.255917,123.238525
56.271297,123.238525
56.288807,122.852234
56.304203,122.852234
56.32131,122.852234
56.339787,123.258606
56.35487,123.258606
56.37524,122.600586
56.38686,122.600586
56.40643,122.63281
56.422737,122.63281
56.43856,122.63281
56.456512,122.33423
56.47134,122.33423
56.492336,122.57135
56.50549,122.57135
56.523632,122.58771
56.539127,122.58771
56.555676,122.58771
56.57483,122.015076
56.58878,122.015076
56.603874,122.088745
56.62207,122.088745
56.63736,122.088745
56.655987,121.85193
56.67143,121.85193
56.692646,121.734314
56.703518,121.734314
56.720875,121.734314
56.739483,121.77222
56.75464,121.77222
56.77279,121.65338
56.78876,121.65338
56.804237,121.479126
56.822884,121.479126
56.83919,121.479126
56.856575,121.38269
56.871784,121.38269
56.889286,121.17731
56.9041,121.17731
56.92089,121.17731
56.940224,121.12567
56.954464,121.12567
56.971775,120.88977
56.988304,120.88977
57.004757,120.7486
57.021362,120.7486
57.03677,120.7486
57.05636,120.49951
57.071575,120.49951
57.0894,120.45001
57.104683,120.45001
57.12102,120.45001
57.13965,120.523926
57.155357,120.523926
57.173786,120.421326
57.187263,120.421326
57.204063,120.571594
57.222496,120.571594
57.237534,120.571594
57.256443,120.27362
57.270756,120.27362
57.293076,120.38666
57.304737,120.38666
57.320908,120.38666
57.33824,120.213745
57.3544,120.213745
57.373318,120.27539
57.387318,120.27539
57.404842,120.30707
57.421844,120.30707
57.438152,120.30707
57.455933,120.25873
57.471256,120.25873
57.488533,120.315674
57.505505,120.315674
57.522305,120.315674
57.53868,120.0332
57.555157,120.0332
57.573067,119.914185
57.587105,119.914185
57.60409,119.87451
57.622684,119.87451
57.638214,119.87451
57.65517,119.86871
57.671097,119.86871
57.69029,120.24817
57.70482,120.24817
57.72092,120.24817
57.73904,120.08209
57.754448,120.08209
57.77305,120.14783
57.788704,120.14783
57.805237,120.13336
57.821507,120.13336
57.836655,120.13336
57.856583,120.21161
57.87177,120.21161
57.889225,119.9613
57.904808,119.9613
57.921574,119.9613
57.939697,120.15881
57.9547,120.15881
57.97271,120.18274
57.988216,120.18274
58.005276,120.17456
58.021126,120.17456
58.037724,120.17456
58.05549,120.14734
58.07248,120.14734
58.088314,120.4364
58.104446,120.4364
58.12106,120.4364
58.138035,120.437744
58.154606,120.437744
58.171356,120.49774
58.187706,120.49774
58.205894,120.57953
58.22137,120.57953
58.23741,120.57953
58.25596,120.6626
58.271233,120.6626
58.28877,120.64465
58.305374,120.64465
58.321648,120.64465
58.338856,120.66394
58.354572,120.66394
58.373314,120.602844
58.388905,120.602844
58.405594,120.798645
58.421566,120.798645
58.437656,120.798645
58.459183,120.43469
58.472477,120.43469
58.49002,120.260315
58.50462,120.260315
58.52114,120.260315
58.539562,120.31134
58.553616,120.31134
58.57564,120.82782
58.588123,120.82782
58.604652,120.51825
58.62167,120.51825
58.63822,120.51825
58.65522,120.582275
58.67148,120.582275
58.689075,120.58307
58.70492,120.58307
58.72085,120.58307
58.739956,120.58862
58.75373,120.58862
58.7732,120.47009
58.787758,120.47009
58.80538,120.55267
58.822033,120.55267
58.83698,120.55267
58.854935,120.57904
58.871235,120.57904
58.890373,120.64313
58.904037,120.64313
58.92105,120.64313
58.938927,120.5755
58.954445,120.5755
58.972427,120.20386
58.98728,120.20386
59.00514,120.289795
59.02214,120.289795
59.038166,120.289795
59.057274,120.29785
59.070457,120.29785
59.08934,120.272705
59.10516,120.272705
59.1212,120.272705
59.139343,120.10358
59.154762,120.10358
59.17258,120.16101
59.187332,120.16101
59.20513,120.02075
59.22197,120.02075
59.238087,120.02075
59.254887,119.97058
59.270485,119.97058
59.29318,119.95807
59.30453,119.95807
59.32155,119.95807
59.3402,119.96533
59.355244,119.96533
59.37245,120.05255
59.387386,120.05255
59.40584,120.18701
59.422016,120.18701
59.439404,120.18701
59.45526,120.03613
59.471493,120.03613
59.489235,120.003784
59.504036,120.003784
59.521454,120.003784
59.538147,119.99829
59.554474,119.99829
59.57249,119.86713
59.58765,119.86713
59.60402,119.97034
59.621735,119.97034
59.63792,119.97034
59.65825,119.960815
59.671413,119.960815
59.688877,120.01343
59.703667,120.01343
59.720432,120.01343
59.73968,119.89404
59.754192,119.89404
59.773487,119.970764
59.788,119.970764
59.80461,119.86316
59.821106,119.86316
59.838238,119.86316
59.856472,119.84027
59.87164,119.84027
59.889507,119.86365
59.904648,119.86365
59.92387,119.80774
59.939125,119.80774
59.955547,119.80774
59.971527,119.75513
59.987885,119.75513
60.0,119.75513
