0.27164727,122.950195
0.28,122.86902
0.2977977,122.86902
0.31581953,122.830444
0.34116408,122.82922
0.36089915,122.82922
0.38134784,122.83124
0.39172864,122.83124
0.41072953,122.72565
0.42540488,122.72565
0.4418267,122.72565
0.46068168,122.70172
0.4756605,122.70172
0.49784747,122.67914
0.5077072,122.67914
0.52505344,122.63489
0.5412295,122.63489
0.55856067,122.63489
0.5780734,122.59277
0.59174913,122.59277
0.60978067,122.65515
0.62479496,122.65515
0.6416142,122.65515
0.6593687,122.68933
0.6747159,122.68933
0.6940723,122.679504
0.7074901,122.679504
0.72545224,122.61542
0.7435563,122.61542
0.758846,122.61542
0.7754553,122.623474
0.7904381,122.623474
0.8096224,122.62567
0.82600707,122.62567
0.8408468,122.62567
0.8591736,122.629456
0.8760192,122.629456
0.8932812,122.60187
0.907481,122.60187
0.9250771,122.64642
0.94157743,122.64642
0.95745564,122.64642
0.97602564,122.71649
0.99162227,122.71649
1.0089262,122.76422
1.0247307,122.76422
1.0431479,122.76422
1.058426,122.677734
1.0747164,122.677734
1.0954009,122.56775
1.1077743,122.56775
1.1289284,122.66431
1.1417409,122.66431
1.1577125,122.66431
1.1776501,123.05945
1.1906016,123.05945
1.2086195,123.502075
1.2250314,123.502075
1.2420278,123.502075
1.2604698,123.769226
1.274064,123.769226
1.2926359,124.00159
1.3085492,124.00159
1.324961,124.24072
1.3420268,124.24072
1.357961,124.24072
1.3789016,124.47424
1.3912055,124.47424
1.4108157,124.738525
1.4257456,124.738525
1.4405817,124.738525
1.4596688,125.08014
1.474124,125.08014
1.4927275,125.36267
1.50879,125.36267
1.5258977,125.589905
1.5413318,125.589905
1.5590494,125.589905
1.5773451,125.7984
1.5916262,125.7984
1.6115823,126.07904
1.6239676,126.07904
1.6398379,126.07904
1.6601074,126.40686
1.6740148,126.40686
1.6923368,126.72522
1.7081498,126.72522
1.724108,127.069336
1.7412741,127.069336
1.7592462,127.069336
1.7759204,127.3642
1.7898977,127.3642
1.809255,127.75067
1.8242152,127.75067
1.8423908,127.75067
1.8594412,128.12488
1.8742667,128.12488
1.8922238,128.3338
1.9087527,128.3338
1.9278075,128.646
1.9425678,128.646
1.9577165,128.646
1.9767962,129.11523
1.9915102,129.11523
2.0082347,129.11523
2.0264494,129.52612
2.0413513,129.52612
2.0596118,129.86292
2.074568,129.86292
2.094211,130.19208
2.1090248,130.19208
2.128087,130.59607
2.14258,130.59607
2.1584773,130.59607
2.175792,130.98566
2.1913598,130.98566
2.212863,131.42139
2.2264588,131.42139
2.2416093,131.42139
2.2589638,131.96912
2.274689,131.96912
2.2965114,132.47766
2.3087733,132.47766
2.3264194,132.91742
2.3430345,132.91742
2.3600733,132.91742
2.3769982,133.2851
2.3918633,133.2851
2.4102893,133.65009
2.425825,133.65009
2.4415078,133.65009
2.462292,134.05981
2.4740517,134.05981
2.4935603,134.4931
2.5094018,134.4931
2.5250585,134.92212
2.5429032,134.92212
2.5565135,134.92212
2.5754428,135.17297
2.591489,135.17297
2.6082847,135.35626
2.6245606,135.35626
2.642472,135.35626
2.6604495,135.80267
2.6741734,135.80267
2.6922069,136.26343
2.7074094,136.26343
2.7252629,136.555
2.7437198,136.555
2.7600443,136.555
2.778923,136.78467
2.7925158,136.78467
2.8105595,137.11261
2.8242364,137.11261
2.8401117,137.11261
2.8582516,137.4339
2.8752944,137.4339
2.8942606,137.66962
2.908446,137.66962
2.9237742,138.02277
2.9418483,138.02277
2.9571486,138.02277
2.9759464,138.48792
2.9911494,138.48792
3.009227,138.78973
3.0241644,138.78973
3.0414097,138.78973
3.058942,139.11896
3.0754676,139.11896
3.0959868,139.47241
3.1078994,139.47241
3.1249793,139.82715
3.1418126,139.82715
3.158666,139.82715
3.1764107,140.297
3.1910982,140.297
3.20825,140.56818
3.2244744,140.56818
3.2403822,140.56818
3.258362,140.65485
3.2747946,140.65485
3.295143,140.93634
3.307758,140.93634
3.3282976,141.305
3.3426356,141.305
3.357529,141.305
3.3745706,141.61298
3.3906941,141.61298
3.409715,141.77234
3.4242847,141.77234
3.4409103,141.77234
3.458678,142.03369
3.4735498,142.03369
3.4925053,142.35883
3.5075214,142.35883
3.5254936,142.52881
3.543552,142.52881
3.557403,142.52881
3.5770514,142.68176
3.590472,142.68176
3.6130679,142.99414
3.6253247,142.99414
3.6408215,142.99414
3.6596522,143.24658
3.6742883,143.24658
3.6932204,143.46912
3.7080245,143.46912
3.724357,143.67535
3.742147,143.67535
3.7574859,143.67535
3.775908,143.92285
3.7916565,143.92285
3.8106508,144.29028
3.8257298,144.29028
3.8415363,144.29028
3.8593154,144.5072
3.8755617,144.5072
3.8941505,144.49622
3.908953,144.49622
3.9283905,144.64807
3.9428568,144.64807
3.9573908,144.64807
3.9775152,144.81958
3.9913778,144.81958
4.00997,144.88824
4.024407,144.88824
4.041501,144.88824
4.0588713,144.60175
4.0744147,144.60175
4.093801,144.37225
4.1088023,144.37225
4.1241364,144.36792
4.14271,144.36792
4.1576886,144.36792
4.175809,144.30243
4.1917768,144.30243
4.2123957,144.22101
4.22469,144.22101
4.2406435,144.22101
4.2595296,144.12842
4.274596,144.12842
4.2928047,144.01538
4.307335,144.01538
4.3260565,143.88043
4.3409677,143.88043
4.3581185,143.88043
4.376996,143.89471
4.390666,143.89471
4.412121,143.89136
4.42482,143.89136
4.4410143,143.89136
4.459787,143.92096
4.475059,143.92096
4.493722,143.89746
4.51034,143.89746
4.5254874,143.59766
4.5417476,143.59766
4.5567284,143.59766
4.5793204,143.3739
4.5924497,143.3739
4.607688,143.37604
4.625466,143.37604
4.6410933,143.37604
4.6601887,143.36298
4.673632,143.36298
4.6931477,143.20764
4.7079306,143.20764
4.7251873,142.97797
4.7434072,142.97797
4.7592554,142.97797
4.7760935,142.93744
4.7906117,142.93744
4.8097377,142.85303
4.823798,142.85303
4.842965,142.85303
4.85973,142.63263
4.875137,142.63263
4.8944607,142.591
4.908333,142.591
4.92592,142.50952
4.942977,142.50952
4.9573116,142.50952
4.976264,142.3689
4.9905443,142.3689
5.009381,142.28552
5.024904,142.28552
5.0413647,142.28552
5.059305,142.22992
5.07463,142.22992
5.093248,142.23706
5.106963,142.23706
5.1244597,142.22705
5.1409106,142.22705
5.157732,142.22705
5.1766706,142.2038
5.192286,142.2038
5.2085295,142.01208
5.2239566,142.01208
5.241592,142.01208
5.2596893,141.66663
5.27685,141.66663
5.297147,141.63538
5.307707,141.63538
5.327116,141.64386
5.343297,141.64386
5.3581324,141.64386
5.3767495,141.61859
5.3913,141.61859
5.409063,141.3617
5.424953,141.3617
5.4411993,141.3617
5.4600387,141.31305
5.47504,141.31305
5.493418,141.31635
5.5078244,141.31635
5.5246844,141.19958
5.541702,141.19958
5.55819,141.19958
5.5787206,141.18524
5.591162,141.18524
5.609398,141.24402
5.6236343,141.24402
5.6406083,141.24402
5.6597185,141.2525
5.6746035,141.2525
5.691213,141.31702
5.7078657,141.31702
5.725613,141.31854
5.741386,141.31854
5.7575245,141.31854
5.776385,141.44806
5.7915163,141.44806
5.8117566,141.46692
5.8257494,141.46692
5.842584,141.46692
5.858288,141.54535
5.874244,141.54535
5.8918705,141.56879
5.908261,141.56879
5.925017,141.59302
5.941524,141.59302
5.95811,141.59302
5.9756813,141.69067
5.9913306,141.69067
6.0097127,141.60034
6.0243435,141.60034
6.0407944,141.60034
6.0600123,141.37073
6.0739636,141.37073
6.0945244,141.42603
6.10771,141.42603
6.1249332,141.5097
6.1434107,141.5097
6.1580524,141.5097
6.1751738,141.47363
6.191065,141.47363
6.20898,141.43048
6.2247815,141.43048
6.241088,141.43048
6.259783,141.35773
6.2747564,141.35773
6.293023,141.38885
6.308059,141.38885
6.324998,141.37909
6.343824,141.37909
6.358208,141.37909
6.3777347,141.49799
6.3921566,141.49799
6.4113984,141.60162
6.4244843,141.60162
6.4412184,141.60162
6.4627028,141.5824
6.474083,141.5824
6.4920063,141.68457
6.5078063,141.68457
6.527349,141.72302
6.543386,141.72302
6.556594,141.72302
6.5763674,141.81366
6.590815,141.81366
6.6089144,141.7862
6.6247687,141.7862
6.642415,141.7862
6.6590858,141.68561
6.6754065,141.68561
6.6972284,141.69452
6.708662,141.69452
6.7256923,141.62726
6.741734,141.62726
6.75749,141.62726
6.776415,141.49829
6.7915206,141.49829
6.80873,141.50415
6.8237605,141.50415
6.840532,141.50415
6.859871,141.4082
6.875806,141.4082
6.892626,141.2005
6.90906,141.2005
6.9261327,141.1659
6.9414625,141.1659
6.9582577,141.1659
6.975474,141.18237
6.9910717,141.18237
7.009812,141.04572
7.024851,141.04572
7.0417223,141.04572
7.060185,140.7453
7.074515,140.7453
7.090737,140.7453
7.1077943,140.7453
7.126206,140.2721
7.142459,140.2721
7.1592665,140.2721
7.1768713,139.91467
7.1923585,139.91467
7.209116,139.5047
7.224132,139.5047
7.241852,139.5047
7.2582226,139.29114
7.2746596,139.29114
7.2924027,139.0224
7.307418,139.0224
7.32462,138.77881
7.3438964,138.77881
7.3588715,138.77881
7.375951,138.52106
7.390704,138.52106
7.409724,138.2096
7.424799,138.2096
7.445292,137.88159
7.4590178,137.88159
7.475513,137.88159
7.4957757,137.59009
7.507995,137.59009
7.5242543,137.27844
7.5427246,137.27844
7.5567846,137.27844
7.576531,136.83856
7.590902,136.83856
7.609464,136.41211
7.6244607,136.41211
7.64207,136.41211
7.658705,136.15765
7.6748853,136.15765
7.6928935,136.04785
7.7080026,136.04785
7.7255664,135.7453
7.7422953,135.7453
7.7593493,135.7453
7.777598,135.22113
7.7929206,135.22113
7.8098035,134.80469
7.825746,134.80469
7.841382,134.80469
7.8592715,134.57965
7.874506,134.57965
7.892049,134.432
7.908076,134.432
7.9254875,134.14417
7.942197,134.14417
7.957561,134.14417
7.975788,133.77063
7.9922075,133.77063
8.008829,133.50159
8.025292,133.50159
8.0405035,133.50159
8.058116,133.1322
8.074691,133.1322
8.092417,132.80646
8.107534,132.80646
8.12913,132.59839
8.144287,132.59839
8.157802,132.59839
8.176401,132.38177
8.190408,132.38177
8.209341,132.13055
8.224334,132.13055
8.241838,132.13055
8.259386,131.8623
8.274685,131.8623
8.292251,131.57965
8.307441,131.57965
8.326214,131.349
8.34259,131.349
8.357491,131.349
8.377925,131.17615
8.39143,131.17615
8.412049,130.9032
8.424278,130.9032
8.442028,130.9032
8.459305,130.62549
8.473512,130.62549
8.492772,130.28351
8.507519,130.28351
8.525,129.89496
8.541796,129.89496
8.557298,129.89496
8.575519,129.63202
8.59175,129.63202
8.609538,129.41284
8.625865,129.41284
8.6405945,129.41284
8.658481,129.00116
8.6744995,129.00116
8.692457,128.594
8.70764,128.594
8.724039,128.29437
8.741971,128.29437
8.758199,128.29437
8.77746,128.15308
8.790324,128.15308
8.809014,128.02948
8.8247,128.02948
8.841887,128.02948
8.859474,127.92645
8.874305,127.92645
8.892515,127.77356
8.908295,127.77356
8.925681,127.58667
8.942272,127.58667
8.957377,127.58667
8.976195,127.30481
8.991711,127.30481
9.010275,127.10315
9.024368,127.10315
9.044063,126.96893
9.059658,126.96893
9.079422,126.96893
9.096144,126.80798
9.107517,126.80798
9.125581,126.622375
9.142524,126.622375
9.159898,126.622375
9.177076,126.44562
9.191261,126.44562
9.208359,126.227295
9.22581,126.227295
9.241365,126.227295
9.259164,126.03064
9.274491,126.03064
9.293589,125.88391
9.308204,125.88391
9.325607,125.743774
9.342358,125.743774
9.35849,125.743774
9.376358,125.52545
9.39226,125.52545
9.409478,125.31006
9.425311,125.31006
9.441164,125.31006
9.459338,125.12341
9.473969,125.12341
9.493188,125.06824
9.507181,125.06824
9.526202,124.84125
9.541486,124.84125
9.5573,124.84125
9.575871,124.48035
9.591485,124.48035
9.609836,124.2218
9.6252985,124.2218
9.641977,124.2218
9.659914,124.0202
9.674473,124.0202
9.692524,123.87537
9.708292,123.87537
9.725861,123.715454
9.742282,123.715454
9.757687,123.715454
9.78036,123.46338
9.7923355,123.46338
9.81034,123.27936
9.824526,123.27936
9.840464,123.27936
9.858993,122.99475
9.875153,122.99475
9.893068,122.67645
9.909417,122.67645
9.923814,122.43823
9.942816,122.43823
9.95782,122.43823
9.977237,122.299866
9.991835,122.299866
10.009595,122.20618
10.0249,122.20618
10.040894,122.20618
10.059933,122.0697
10.074961,122.0697
10.093094,121.91217
10.108218,121.91217
10.125261,121.72125
10.143041,121.72125
10.157879,121.72125
10.177077,121.45862
10.190985,121.45862
10.20999,121.098816
10.224962,121.098816
10.24094,121.098816
10.259758,120.916016
10.275911,120.916016
10.296321,120.891785
10.309301,120.891785
10.325128,120.818054
10.343149,120.818054
10.357768,120.818054
10.377504,120.81824
10.393183,120.81824
10.41265,120.701965
10.424435,120.701965
10.442002,120.701965
10.459401,120.5484
10.474626,120.5484
10.495538,120.370605
10.509628,120.370605
10.525326,120.285706
10.5435705,120.285706
10.557399,120.285706
10.5783415,120.27191
10.592526,120.27191
10.610371,120.20856
10.626036,120.20856
10.641562,120.20856
10.660234,120.152466
10.675981,120.152466
10.693476,120.07526
10.7087345,120.07526
10.724947,120.02997
10.743484,120.02997
10.758105,120.02997
10.775415,119.92676
10.790611,119.92676
10.812711,120.0354
10.825033,120.0354
10.841569,120.0354
10.859676,120.1319
10.875364,120.1319
10.893802,120.35864
10.907565,120.35864
10.924056,120.45929
10.941381,120.45929
10.958106,120.45929
10.976112,120.69635
10.991074,120.69635
11.011513,120.799194
11.025133,120.799194
11.041927,120.799194
11.058681,121.00244
11.074941,121.00244
11.093007,121.11243
11.10794,121.11243
11.126904,121.258606
11.145002,121.258606
11.1611,121.258606
11.176564,121.18109
11.1918545,121.18109
11.211207,121.13379
11.225392,121.13379
11.243322,121.13379
11.259646,120.98578
11.278744,120.98578
11.295749,121.06476
11.309152,121.06476
11.329255,120.88043
11.344036,120.88043
11.358908,120.88043
11.378279,120.81677
11.392375,120.81677
11.412349,120.77429
11.424932,120.77429
11.443228,120.77429
11.458908,120.884705
11.47485,120.884705
11.495533,120.865234
11.507427,120.865234
11.524885,120.93384
11.541582,120.93384
11.558578,120.93384
11.576472,120.89441
11.591188,120.89441
11.60834,120.98181
11.625275,120.98181
11.641331,120.98181
11.658609,120.84747
11.674346,120.84747
11.693856,120.83557
11.71035,120.83557
11.725271,120.79584
11.742151,120.79584
11.757907,120.79584
11.780156,120.855774
11.79123,120.855774
11.8082,120.78107
11.825243,120.78107
11.842174,120.78107
11.860189,120.78711
11.874251,120.78711
11.895998,120.70032
11.909702,120.70032
11.924959,120.79181
11.942806,120.79181
11.958384,120.79181
11.975912,120.67975
11.990986,120.67975
12.009963,120.669495
12.023867,120.669495
12.041187,120.669495
12.058893,120.48645
12.075166,120.48645
12.094782,120.51276
12.109164,120.51276
12.125482,120.42761
12.142468,120.42761
12.158469,120.42761
12.176479,120.35852
12.191654,120.35852
12.21341,120.32904
12.225502,120.32904
12.242216,120.32904
12.259861,120.57257
12.275082,120.57257
12.297084,120.80255
12.308048,120.80255
12.32493,121.02203
12.345843,121.02203
12.36129,121.02203
12.379541,121.15588
12.392189,121.15588
12.410291,121.45984
12.426157,121.45984
12.443658,121.59485
12.460662,121.59485
12.476207,121.59485
12.496084,121.71399
12.509032,121.71399
12.525986,121.68994
12.542975,121.68994
12.557994,121.68994
12.576694,121.76843
12.590421,121.76843
12.608548,121.84686
12.625527,121.84686
12.640902,121.84686
12.660648,122.00067
12.675284,122.00067
12.691634,122.01984
12.707751,122.01984
12.7265215,122.11511
12.742942,122.11511
12.75916,122.11511
12.777916,122.12421
12.792416,122.12421
12.812718,122.37024
12.826777,122.37024
12.8431635,122.37024
12.860536,122.43689
12.8753195,122.43689
12.892931,122.65021
12.908254,122.65021
12.925053,122.5564
12.943808,122.5564
12.959346,122.5564
12.9776,122.562805
12.991996,122.562805
13.01092,122.468506
13.024119,122.468506
13.041789,122.468506
13.060411,122.572754
13.076586,122.572754
13.095278,122.566345
13.109837,122.566345
13.127707,122.65094
13.14233,122.65094
13.160501,122.65094
13.17766,122.81854
13.193185,122.81854
13.210332,123.22266
13.22534,123.22266
13.2414255,123.22266
13.259996,123.42761
13.2743225,123.42761
13.292906,123.77002
13.306848,123.77002
13.3248415,124.00629
13.343433,124.00629
13.358155,124.00629
13.376005,124.36035
13.391639,124.36035
13.413215,124.65448
13.425176,124.65448
13.443681,125.00574
13.459114,125.00574
13.474776,125.00574
13.491924,125.275085
13.50775,125.275085
13.529801,125.58301
13.54392,125.58301
13.559649,125.58301
13.579666,125.852295
13.5913,125.852295
13.613998,126.30554
13.628894,126.30554
13.642464,126.30554
13.659321,126.553894
13.675813,126.553894
13.693527,126.80249
13.708905,126.80249
13.727256,127.00653
13.741738,127.00653
13.75832,127.00653
13.776069,127.543945
13.791126,127.543945
13.809481,127.8667
13.825017,127.8667
13.8408165,127.8667
13.860185,128.18433
13.874193,128.18433
13.895187,128.42749
13.908308,128.42749
13.925526,128.86694
13.942136,128.86694
13.959369,128.86694
13.975116,129.06
13.991391,129.06
14.008975,129.41302
14.0240755,129.41302
14.042604,129.41302
14.059056,129.693
14.075183,129.693
14.092473,130.06854
14.108617,130.06854
14.124609,130.33112
14.141721,130.33112
14.157662,130.33112
14.176528,130.8139
14.192475,130.8139
14.20923,131.1325
14.22527,131.1325
14.24134,131.1325
14.259677,131.54987
14.276306,131.54987
14.296633,131.82117
14.308126,131.82117
14.324322,132.15985
14.342576,132.15985
14.358437,132.15985
14.376591,132.31598
14.39143,132.31598
14.40863,132.82141
14.424507,132.82141
14.441547,132.82141
14.46246,133.07672
14.474359,133.07672
14.493387,133.43567
14.508977,133.43567
14.525608,133.61926
14.543134,133.61926
14.559431,133.61926
14.576697,134.0426
14.592241,134.0426
14.610079,134.1648
14.624257,134.1648
14.641808,134.1648
14.6596,134.46423
14.6752205,134.46423
14.692629,134.58899
14.707944,134.58899
14.725025,134.9527
14.742564,134.9527
14.757828,134.9527
14.776398,135.20398
14.791561,135.20398
14.810302,135.60748
14.824356,135.60748
14.842385,135.60748
14.858279,135.84369
14.875461,135.84369
14.895675,136.16931
14.908868,136.16931
14.929483,136.48883
14.94249,136.48883
14.965118,136.48883
14.978092,136.604
14.992907,136.604
15.010227,136.5885
15.024317,136.5885
15.049394,136.5885
15.063751,136.75616
15.075641,136.75616
15.094938,136.99146
15.10845,136.99146
15.124327,137.06653
15.143194,137.06653
15.158723,137.06653
15.178671,137.06055
15.191149,137.06055
15.20989,137.2362
15.224786,137.2362
15.243291,137.35052
15.258862,137.35052
15.275113,137.35052
15.293061,137.38171
15.308295,137.38171
15.326404,137.38245
15.344193,137.38245
15.359169,137.38245
15.37683,137.41302
15.392008,137.41302
15.4104395,137.30975
15.425901,137.30975
15.441562,137.30975
15.46092,137.33038
15.474956,137.33038
15.497287,137.60992
15.508735,137.60992
15.524771,138.03674
15.5425,138.03674
15.55891,138.03674
15.577666,138.38245
15.592366,138.38245
15.612689,138.45557
15.626186,138.45557
15.642393,138.45557
15.6595955,138.70471
15.674607,138.70471
15.693587,139.04144
15.708357,139.04144
15.725978,139.15369
15.741638,139.15369
15.75733,139.15369
15.776394,139.0849
15.792466,139.0849
15.809364,139.07861
15.825773,139.07861
15.843003,139.07861
15.860123,139.15076
15.875166,139.15076
15.893835,138.99597
15.908257,138.99597
15.927927,138.73492
15.94354,138.73492
15.957703,138.73492
15.977338,138.63226
15.991496,138.63226
16.012688,138.28613
16.024275,138.28613
16.041426,138.28613
16.060652,138.24353
16.074848,138.24353
16.093159,138.43994
16.108612,138.43994
16.124361,138.34442
16.143024,138.34442
16.158909,138.34442
16.17683,137.81836
16.190725,137.81836
16.212679,137.5166
16.225067,137.5166
16.242195,137.5166
16.259495,137.36633
16.274536,137.36633
16.296906,137.31116
16.309021,137.31116
16.324966,137.47443
16.343271,137.47443
16.35806,137.47443
16.377825,137.47064
16.391188,137.47064
16.413654,137.39722
16.423973,137.39722
16.44164,137.39722
16.460073,137.23486
16.47488,137.23486
16.49298,137.23804
16.509111,137.23804
16.526482,137.12408
16.543442,137.12408
16.557596,137.12408
16.57777,137.01587
16.591766,137.01587
16.609804,137.02386
16.62596,137.02386
16.64363,137.07092
16.658909,137.07092
16.674433,137.07092
16.692295,137.06158
16.707106,137.06158
16.725792,136.97968
16.743233,136.97968
16.759064,136.97968
16.77836,136.98541
16.790812,136.98541
16.809534,137.00977
16.824846,137.00977
16.842056,137.00977
16.86015,136.927
16.875849,136.927
16.892963,136.87415
16.907953,136.87415
16.926718,136.89697
16.941656,136.89697
16.95772,136.89697
16.977554,136.8042
16.991655,136.8042
17.010183,136.5144
17.025246,136.5144
17.041878,136.5144
17.059069,136.54822
17.075148,136.54822
17.09355,136.61517
17.107298,136.61517
17.125336,136.6388
17.142578,136.6388
17.158281,136.6388
17.176888,136.61267
17.191517,136.61267
17.209927,136.63141
17.2242,136.63141
17.241869,136.63141
17.259323,136.52344
17.275349,136.52344
17.29662,136.23456
17.30874,136.23456
17.329033,136.2248
17.343985,136.2248
17.358065,136.2248
17.37692,136.30774
17.392752,136.30774
17.410118,136.2973
17.425932,136.2973
17.442122,136.2973
17.460014,136.1549
17.47405,136.1549
17.494232,136.14203
17.508072,136.14203
17.525751,136.1438
17.542826,136.1438
17.558672,136.1438
17.576456,136.14777
17.592497,136.14777
17.610136,136.245
17.628904,136.245
17.642193,136.245
17.659052,136.245
17.674932,136.245
17.693031,136.21631
17.708485,136.21631
17.725983,136.22717
17.743818,136.22717
17.760386,136.22717
17.775448,136.07086
17.795708,136.07086
17.810656,135.78345
17.825241,135.78345
17.841326,135.78345
17.8604,135.78015
17.874403,135.78015
17.89354,135.82043
17.908466,135.82043
17.925674,135.77539
17.943989,135.77539
17.958498,135.77539
17.97617,135.63086
17.991835,135.63086
18.01084,135.58124
18.025053,135.58124
18.04138,135.58124
18.059362,135.5794
18.074293,135.5794
18.093328,135.3841
18.108648,135.3841
18.126802,135.30988
18.143187,135.30988
18.158371,135.30988
18.176395,135.30957
18.193052,135.30957
18.209915,135.2597
18.225578,135.2597
18.241648,135.2597
18.259232,135.15088
18.27502,135.15088
18.29311,135.12854
18.309153,135.12854
18.326351,135.16211
18.343094,135.16211
18.357859,135.16211
18.37775,135.1795
18.39135,135.1795
18.409576,135.21979
18.424643,135.21979
18.444172,135.09528
18.460836,135.09528
18.474672,135.09528
18.496801,134.92981
18.50885,134.92981
18.525827,134.78137
18.542568,134.78137
18.55853,134.78137
18.578178,134.65002
18.593136,134.65002
18.612942,134.6507
18.625391,134.6507
18.642,134.6507
18.659292,134.44952
18.67446,134.44952
18.69324,134.17987
18.708345,134.17987
18.724487,134.19879
18.741972,134.19879
18.758549,134.19879
18.77734,134.31213
18.791168,134.31213
18.810091,134.41168
18.825197,134.41168
18.841331,134.41168
18.860916,134.41809
18.875998,134.41809
18.894054,134.409
18.908186,134.409
18.926977,134.24487
18.942883,134.24487
18.95763,134.24487
18.976862,133.92865
18.990732,133.92865
19.008617,133.50488
19.025103,133.50488
19.040745,133.50488
19.060675,133.1228
19.07456,133.1228
19.093407,132.76239
19.108818,132.76239
19.126745,132.42462
19.1423,132.42462
19.158957,132.42462
19.17621,132.08893
19.1929,132.08893
19.21265,131.71088
19.224884,131.71088
19.243473,131.34045
19.258644,131.34045
19.27676,131.34045
19.293571,131.01129
19.309057,131.01129
19.325377,130.71045
19.342848,130.71045
19.359009,130.71045
19.377823,130.37018
19.392221,130.37018
19.408957,130.13257
19.425156,130.13257
19.442072,130.13257
19.459728,129.82257
19.474928,129.82257
19.492735,129.49597
19.508062,129.49597
19.525671,129.26813
19.544361,129.26813
19.558111,129.26813
19.57709,128.93127
19.59188,128.93127
19.614943,128.38263
19.626251,128.38263
19.641027,128.38263
19.659943,127.95264
19.674702,127.95264
19.692894,127.63428
19.708408,127.63428
19.724867,127.36731
19.74228,127.36731
19.76004,127.36731
19.7774,127.073
19.795235,127.073
19.81161,126.76367
19.827051,126.76367
19.842907,126.76367
19.860277,126.528076
19.876823,126.528076
19.893717,126.200195
19.908388,126.200195
19.92421,125.82385
19.942259,125.82385
19.95802,125.82385
19.978317,125.51886
19.99832,125.51886
20.01634,125.27551
20.025963,125.27551
20.041449,125.27551
20.060947,125.0365
20.074911,125.0365
20.09288,124.831116
20.108656,124.831116
20.126356,124.63312
20.142134,124.63312
20.158543,124.63312
20.175287,124.37378
20.192303,124.37378
20.211185,124.12274
20.225868,124.12274
20.243553,123.963135
20.259623,123.963135
20.275673,123.963135
20.294397,123.804504
20.308735,123.804504
20.326704,123.616455
20.343348,123.616455
20.358706,123.616455
20.377577,123.407166
20.391748,123.407166
20.413067,123.21698
20.425848,123.21698
20.442366,123.21698
20.459991,122.98157
20.474905,122.98157
20.493507,122.83014
20.508211,122.83014
20.529,122.45209
20.542757,122.45209
20.559525,122.45209
20.578331,122.244934
20.592348,122.244934
20.612812,122.00311
20.62516,122.00311
20.642525,122.00311
20.660711,121.94165
20.675179,121.94165
20.692196,121.71716
20.708496,121.71716
20.725037,121.61139
20.742422,121.61139
20.758673,121.61139
20.776482,121.37543
20.79181,121.37543
20.810152,121.30615
20.824541,121.30615
20.842842,121.30615
20.860693,120.96753
20.877123,120.96753
20.893265,120.849915
20.910341,120.849915
20.929089,120.61981
20.942032,120.61981
20.958086,120.61981
20.978777,120.5379
20.992693,120.5379
21.010551,120.228516
21.02584,120.228516
21.041748,120.228516
21.059805,120.11011
21.07572,120.11011
21.093664,119.84241
21.10858,119.84241
21.125668,119.71326
21.14434,119.71326
21.158966,119.71326
21.178183,119.525024
21.192047,119.525024
21.208586,119.471375
21.225048,119.471375
21.242935,119.471375
21.26008,119.30719
21.274902,119.30719
21.297174,119.27356
21.308836,119.27356
21.328798,119.1272
21.342865,119.1272
21.36545,119.1272
21.377262,119.06256
21.39179,119.06256
21.410074,118.83624
21.425755,118.83624
21.44241,118.83624
21.461466,118.809326
21.475,118.809326
21.492014,118.74548
21.508068,118.74548
21.52505,118.816345
21.543407,118.816345
21.557556,118.816345
21.576857,118.67804
21.591667,118.67804
21.614431,118.72839
21.625103,118.72839
21.642393,118.72839
21.659262,118.57031
21.674984,118.57031
21.693134,118.55365
21.709452,118.55365
21.726332,118.3465
21.742775,118.3465
21.758844,118.3465
21.776464,118.30621
21.79413,118.30621
21.81288,118.17975
21.826694,118.17975
21.842098,118.17975
21.858833,118.21411
21.876593,118.21411
21.8935,118.02667
21.909441,118.02667
21.924965,118.08038
21.943193,118.08038
21.957918,118.08038
21.976942,117.95947
21.99282,117.95947
22.01008,117.91388
22.025417,117.91388
22.041384,117.91388
22.059963,117.70532
22.075075,117.70532
22.09363,117.66431
22.109835,117.66431
22.128973,117.58325
22.143581,117.58325
22.159239,117.58325
22.178318,117.59802
22.198935,117.59802
22.211523,117.455505
22.225035,117.455505
22.243376,117.36743
22.25896,117.36743
22.275597,117.36743
22.291878,117.204834
22.308496,117.204834
22.326973,117.127686
22.344633,117.127686
22.359453,117.127686
22.377214,117.01471
22.392466,117.01471
22.411047,116.92609
22.425894,116.92609
22.44251,116.92609
22.461248,116.7738
22.475822,116.7738
22.49206,116.76227
22.508259,116.76227
22.529215,116.64447
22.54297,116.64447
22.558813,116.64447
22.576324,116.53662
22.593094,116.53662
22.61013,116.41113
22.625313,116.41113
22.643484,116.45929
22.660757,116.45929
22.675198,116.45929
22.69295,116.39752
22.708132,116.39752
22.726543,116.51648
22.744305,116.51648
22.759434,116.51648
22.776323,116.51465
22.793692,116.51465
22.80949,116.63251
22.824783,116.63251
22.842878,116.63251
22.860558,116.60901
22.875408,116.60901
22.893648,116.70245
22.908455,116.70245
22.925575,116.632324
22.943857,116.632324
22.959288,116.632324
22.978086,116.66089
22.99245,116.66089
23.010792,116.50537
23.025229,116.50537
23.041382,116.50537
23.060246,116.42395
23.075941,116.42395
23.095072,116.31714
23.108793,116.31714
23.124918,116.3324
23.143724,116.3324
23.159796,116.3324
23.178932,116.28955
23.193445,116.28955
23.210136,116.282715
23.22527,116.282715
23.241388,116.282715
23.259668,116.24786
23.274433,116.24786
23.293262,116.2525
23.308271,116.2525
23.324512,116.13568
23.3422,116.13568
23.358772,116.13568
23.377178,116.14209
23.392448,116.14209
23.410383,116.075806
23.42482,116.075806
23.44874,116.20715
23.462545,116.20715
23.474915,116.20715
23.493446,116.181274
23.51018,116.181274
23.527954,116.2475
23.542936,116.2475
23.558966,116.2475
23.576412,116.190796
23.592337,116.190796
23.609455,116.25702
23.62603,116.25702
23.643517,116.25342
23.660622,116.25342
23.674736,116.25342
23.692707,116.32056
23.709578,116.32056
23.73167,116.317566
23.74184,116.317566
23.758745,116.317566
23.776388,116.34308
23.79325,116.34308
23.80996,116.270874
23.825634,116.270874
23.844854,116.258484
23.860466,116.258484
23.875038,116.258484
23.894487,116.24829
23.90892,116.24829
23.92848,116.37634
23.943136,116.37634
23.95849,116.37634
23.976158,116.37225
23.992495,116.37225
24.0116,116.37225
24.029446,116.424805
24.043509,116.341675
24.060257,116.341675
24.076595,116.341675
24.093822,116.39642
24.109453,116.39642
24.126644,116.34509
24.143393,116.34509
24.158798,116.34509
24.177473,116.34497
24.192286,116.34497
24.212946,116.33923
24.226105,116.33923
24.242443,116.33923
24.261131,116.45227
24.275146,116.45227
24.297726,116.487305
24.308073,116.487305
24.325838,116.70538
24.344278,116.70538
24.357962,116.70538
24.377495,116.697754
24.392303,116.697754
24.410057,116.8374
24.426186,116.8374
24.44198,116.8374
24.459776,116.83508
24.476555,116.83508
24.49338,116.95398
24.508514,116.95398
24.527342,116.9469
24.543203,116.9469
24.558535,116.9469
24.57703,117.00238
24.593655,117.00238
24.610023,116.97174
24.626272,116.97174
24.642288,116.97174
24.662827,117.200806
24.67809,117.200806
24.69446,117.34161
24.709414,117.34161
24.727654,117.44446
24.742641,117.44446
24.760279,117.44446
24.777744,117.372925
24.792639,117.372925
24.81025,117.41394
24.826662,117.41394
24.84145,117.41394
24.859549,117.31787
24.87634,117.31787
24.894003,117.334595
24.909534,117.334595
24.929598,117.334595
24.945063,117.29065
24.959135,117.29065
24.977161,117.30298
24.992188,117.30298
25.010475,117.244446
25.025177,117.244446
25.041012,117.244446
25.060284,117.4483
25.075436,117.4483
25.094704,117.791504
25.109318,117.791504
25.126062,118.473145
25.142815,118.473145
25.159678,118.473145
25.177904,118.95856
25.191893,118.95856
25.209736,119.54205
25.224987,119.54205
25.243795,119.999084
25.259146,119.999084
25.274567,119.999084
25.293188,120.33441
25.31295,120.33441
25.32719,120.64172
25.34312,120.64172
25.35926,120.64172
25.376978,120.97644
25.3929,120.97644
25.41086,121.47241
25.426105,121.47241
25.44211,121.47241
25.459621,121.84277
25.47591,121.84277
25.493423,122.158936
25.509644,122.158936
25.525614,122.59808
25.54178,122.59808
25.559086,122.59808
25.577257,122.98425
25.59128,122.98425
25.608917,123.364746
25.626144,123.364746
25.641272,123.364746
25.660461,123.754395
25.67562,123.754395
25.696304,124.15698
25.708397,124.15698
25.732283,124.58673
25.74448,124.58673
25.758669,124.58673
25.7761,125.05127
25.793198,125.05127
25.810276,125.4834
25.8251,125.4834
25.844334,125.878784
25.861067,125.878784
25.875086,125.878784
25.895544,126.35004
25.908117,126.35004
25.926886,126.74658
25.943316,126.74658
25.958622,126.74658
25.979012,127.04297
25.993149,127.04297
26.010841,127.35077
26.025751,127.35077
26.043034,127.35077
26.061071,127.75641
26.075478,127.75641
26.094173,128.1748
26.108662,128.1748
26.126045,128.43597
26.143835,128.43597
26.159546,128.43597
26.177065,128.75623
26.193272,128.75623
26.21347,129.07416
26.2246,129.07416
26.242481,129.07416
26.259481,129.4325
26.275808,129.4325
26.295082,129.68622
26.309393,129.68622
26.328964,129.95764
26.344423,129.95764
26.359379,129.95764
26.379482,130.33344
26.392973,130.33344
26.414518,130.6861
26.427418,130.6861
26.443535,130.95667
26.461052,130.95667
26.47631,130.95667
26.4944,131.35333
26.50908,131.35333
26.525936,131.60168
26.543402,131.60168
26.55853,131.60168
26.577942,131.86609
26.591702,131.86609
26.609997,131.88928
26.625135,131.88928
26.643581,132.2738
26.659729,132.2738
26.675585,132.2738
26.694893,132.526
26.70942,132.526
26.725706,133.01172
26.742037,133.01172
26.758118,133.01172
26.777184,133.13757
26.791435,133.13757
26.811468,133.57465
26.825586,133.57465
26.844955,133.80908
26.86021,133.80908
26.875376,133.80908
26.894205,134.22626
26.90898,134.22626
26.93148,134.50818
26.944033,134.50818
26.959177,134.50818
26.978237,135.01318
26.99405,135.01318
27.010197,135.24329
27.026602,135.24329
27.043901,135.53192
27.06032,135.53192
27.075756,135.53192
27.096071,135.7398
27.109503,135.7398
27.126032,136.10278
27.142883,136.10278
27.160065,136.10278
27.178078,136.35583
27.191856,136.35583
27.208567,136.57153
27.225657,136.57153
27.241915,136.57153
27.260519,136.7804
27.276276,136.7804
27.296747,137.21478
27.309408,137.21478
27.329464,137.42816
27.344515,137.42816
27.360046,137.42816
27.377895,137.68756
27.39241,137.68756
27.410002,137.85413
27.425667,137.85413
27.442566,137.85413
27.461287,138.2663
27.475811,138.2663
27.493887,138.38715
27.510092,138.38715
27.525991,138.60559
27.54326,138.60559
27.559042,138.60559
27.57825,138.69281
27.592411,138.69281
27.609745,138.97931
27.625772,138.97931
27.651077,139.10022
27.662453,139.10022
27.675076,139.10022
27.697508,139.23083
27.709763,139.23083
27.729774,139.14917
27.742296,139.14917
27.760237,139.14917
27.77781,139.19965
27.793413,139.19965
27.80985,139.10553
27.825764,139.10553
27.841784,139.10553
27.861046,139.06818
27.876411,139.06818
27.893682,139.1405
27.90967,139.1405
27.925812,139.4884
27.942823,139.4884
27.95896,139.4884
27.977468,139.547
27.991957,139.547
28.010696,139.46564
28.024553,139.46564
28.044033,139.22998
28.06064,139.22998
28.075644,139.22998
28.09453,139.1413
28.108704,139.1413
28.127424,138.71265
28.142538,138.71265
28.15854,138.71265
28.177616,138.61108
28.1924,138.61108
28.213583,138.49933
28.225748,138.49933
28.243898,138.46906
28.260366,138.46906
28.275398,138.46906
28.296701,138.26117
28.30972,138.26117
28.3274,138.21228
28.34351,138.21228
28.359755,138.21228
28.377354,138.0473
28.39346,138.0473
28.413773,138.0802
28.425577,138.0802
28.442438,138.0802
28.459604,137.97925
28.474567,137.97925
28.492973,137.80176
28.509768,137.80176
28.527615,137.58179
28.542248,137.58179
28.558954,137.58179
28.578669,137.69934
28.591824,137.69934
28.610342,137.69537
28.626995,137.69537
28.644474,137.59967
28.661333,137.59967
28.67586,137.59967
28.69315,137.46844
28.70864,137.46844
28.727549,137.53674
28.741524,137.53674
28.759705,137.53674
28.777464,137.44128
28.792673,137.44128
28.81093,137.37677
28.826656,137.37677
28.841688,137.37677
28.860302,137.29797
28.877443,137.29797
28.893187,137.34167
28.908297,137.34167
28.92757,137.18604
28.943775,137.18604
28.959206,137.18604
28.977327,137.13098
28.99136,137.13098
29.009493,137.04462
29.026512,137.04462
29.04522,137.0716
29.05957,137.0716
29.076431,137.0716
29.094664,137.04669
29.1094,137.04669
29.12761,137.04437
29.14275,137.04437
29.16026,137.04437
29.177605,136.95386
29.192324,136.95386
29.209993,136.92316
29.22512,136.92316
29.242338,136.92316
29.259827,136.6203
29.274937,136.6203
29.294893,136.6623
29.30883,136.6623
29.32518,136.6737
29.343002,136.6737
29.358566,136.6737
29.37904,136.79608
29.392471,136.79608
29.410425,136.7146
29.426666,136.7146
29.443764,136.8388
29.461115,136.8388
29.475155,136.8388
29.494043,136.81885
29.50821,136.81885
29.525389,136.85419
29.543621,136.85419
29.558947,136.85419
29.576965,136.7569
29.59238,136.7569
29.61027,136.97064
29.626049,136.97064
29.642859,136.97064
29.66073,136.98254
29.676735,136.98254
29.6937,137.01611
29.708574,137.01611
29.731295,136.92004
29.742756,136.92004
29.758862,136.92004
29.776447,136.97937
29.792732,136.97937
29.81412,136.94073
29.825962,136.94073
29.845137,136.95825
29.859589,136.95825
29.875507,136.95825
29.893524,136.94952
29.90962,136.94952
29.926079,137.02332
29.944605,137.02332
29.959585,137.02332
29.976288,137.02472
29.992413,137.02472
30.010164,137.07446
30.024975,137.07446
30.042112,137.07446
30.060295,136.83496
30.075457,136.83496
30.09435,137.07953
30.108797,137.07953
30.12567,137.15765
30.144354,137.15765
30.159225,137.15765
30.177546,137.28546
30.193129,137.28546
30.21033,137.11249
30.22584,137.11249
30.243828,137.27899
30.260305,137.27899
30.275972,137.27899
30.293852,137.2323
30.308195,137.2323
30.32656,137.1731
30.34429,137.1731
30.361797,137.1731
30.380594,137.01477
30.392775,137.01477
30.410486,137.08276
30.426643,137.08276
30.443254,136.98749
30.46023,136.98749
30.476572,136.98749
30.495361,137.01605
30.508865,137.01605
30.525784,136.93536
30.543303,136.93536
30.558414,136.93536
30.577671,136.9477
30.594036,136.9477
30.610594,136.8255
30.626505,136.8255
30.643475,136.84454
30.6591,136.84454
30.67675,136.84454
30.694202,136.68878
30.708874,136.68878
30.726965,136.67194
30.744495,136.67194
30.758467,136.67194
30.778358,136.53021
30.792606,136.53021
30.81113,136.57324
30.826284,136.57324
30.8443,136.20331
30.859474,136.20331
30.875628,136.20331
30.892885,136.15814
30.910187,136.15814
30.929745,135.98383
30.943727,135.98383
30.959608,135.98383
30.978216,135.83307
30.992397,135.83307
31.010498,135.39233
31.026598,135.39233
31.042198,135.39233
31.06102,135.07983
31.075907,135.07983
31.096258,134.72217
31.109869,134.72217
31.126657,134.42462
31.144548,134.42462
31.158604,134.42462
31.17906,133.93738
31.192108,133.93738
31.210653,133.59735
31.226162,133.59735
31.241968,133.59735
31.260237,133.302
31.274979,133.302
31.293892,133.08893
31.309223,133.08893
31.325996,132.73889
31.344278,132.73889
31.359335,132.73889
31.378416,132.50433
31.394514,132.50433
31.410284,132.11945
31.42744,132.11945
31.45303,131.78577
31.464458,131.78577
31.475868,131.78577
31.495134,131.46368
31.510233,131.46368
31.531729,131.30908
31.543879,131.30908
31.56022,131.30908
31.578857,130.92542
31.594582,130.92542
31.611834,130.66864
31.627436,130.66864
31.64406,130.29095
31.660795,130.29095
31.678003,130.29095
31.694862,130.04596
31.709944,130.04596
31.732338,129.58282
31.743458,129.58282
31.75964,129.58282
31.778847,129.23187
31.795195,129.23187
31.810358,129.01788
31.826263,129.01788
31.844315,129.12628
31.861517,129.12628
31.877436,129.12628
31.89523,129.04083
31.910118,129.04083
31.929432,128.9223
31.943327,128.9223
31.96073,128.9223
31.977953,128.67694
31.992943,128.67694
32.011356,128.47882
32.026234,128.47882
32.044025,128.04626
32.06166,128.04626
32.077396,128.04626
32.09543,127.75079
32.11094,127.75079
32.129253,127.3009
32.143177,127.3009
32.16023,127.3009
32.179012,127.00122
32.194004,127.00122
32.213295,126.55652
32.228024,126.55652
32.243996,126.270874
32.261616,126.270874
32.27734,126.270874
32.295788,125.904236
32.311436,125.904236
32.331535,125.64923
32.345345,125.64923
32.360085,125.64923
32.379677,125.16339
32.3935,125.16339
32.41199,124.8526
32.42852,124.8526
32.444355,124.59143
32.461422,124.59143
32.475986,124.59143
32.494827,124.37488
32.511314,124.37488
32.527832,123.9538
32.543827,123.9538
32.559982,123.9538
32.579277,123.70044
32.594,123.70044
32.610504,123.24469
32.62826,123.24469
32.644356,122.9093
32.660606,122.9093
32.677044,122.9093
32.695515,122.50726
32.710598,122.50726
32.72957,122.2771
32.744087,122.2771
32.762226,122.2771
32.779766,122.02936
32.794098,122.02936
32.812336,121.875305
32.827934,121.875305
32.84508,121.55591
32.861465,121.55591
32.876667,121.55591
32.895676,121.35248
32.912292,121.35248
32.929276,121.02539
32.94347,121.02539
32.96056,121.02539
32.97835,120.79407
32.993645,120.79407
33.011894,120.605774
33.026417,120.605774
33.04445,120.4801
33.062183,120.4801
33.076424,120.4801
33.09649,120.18591
33.109673,120.18591
33.128933,119.98187
33.14382,119.98187
33.160213,119.98187
33.17909,119.66675
33.1929,119.66675
33.21138,119.61859
33.226643,119.61859
33.243645,119.42224
33.26153,119.42224
33.276688,119.42224
33.295597,119.26349
33.311043,119.26349
33.32741,119.034546
33.34407,119.034546
33.359924,119.034546
33.378555,118.97839
33.393265,118.97839
33.411663,118.887146
33.42661,118.887146
33.444187,118.820984
33.4614,118.820984
33.477573,118.820984
33.49561,118.57623
33.512066,118.57623
33.529663,118.38788
33.543716,118.38788
33.561333,118.38788
33.577293,118.24786
33.594826,118.24786
33.61377,118.28638
33.6265,118.28638
33.643635,118.15045
33.661243,118.15045
33.677937,118.15045
33.69702,118.09155
33.71058,118.09155
33.73222,117.87482
33.745354,117.87482
33.76166,117.87482
33.779514,117.838745
33.794823,117.838745
33.815582,117.605286
33.826077,117.605286
33.84498,117.429016
33.86037,117.429016
33.877514,117.429016
33.894974,117.279724
33.910114,117.279724
33.927643,117.28174
33.94298,117.28174
33.960155,117.28174
33.97841,117.14722
33.993496,117.14722
34.015636,117.1084
34.027184,117.1084
34.04408,116.96863
34.061134,116.96863
34.07597,116.96863
34.095383,116.88898
34.109905,116.88898
34.130695,116.764404
34.143963,116.764404
34.160587,116.764404
34.17896,116.744934
34.194607,116.744934
34.210278,116.71759
34.227295,116.71759
34.24353,116.78772
34.262203,116.78772
34.27739,116.78772
34.299526,116.77374
34.31015,116.77374
34.32869,116.848755
34.344322,116.848755
34.36085,116.848755
34.379723,116.69568
34.39335,116.69568
34.412415,116.6864
34.42642,116.6864
34.444424,116.74463
34.461994,116.74463
34.476147,116.74463
34.495438,116.76715
34.510353,116.76715
34.527992,116.757935
34.54341,116.757935
34.560978,116.757935
34.578964,116.77405
34.594532,116.77405
34.611862,116.79126
34.626083,116.79126
34.64496,116.78247
34.66096,116.78247
34.676044,116.78247
34.695312,116.74786
34.710297,116.74786
34.728954,116.6933
34.74323,116.6933
34.76179,116.6933
34.77832,116.70685
34.79336,116.70685
34.811245,116.774475
34.827393,116.774475
34.844368,116.76599
34.86246,116.76599
34.876675,116.76599
34.894188,116.705444
34.910347,116.705444
34.928596,116.728455
34.943962,116.728455
34.960274,116.728455
34.978638,116.79413
34.994396,116.79413
35.011337,116.80115
35.029217,116.80115
35.044605,116.80249
35.060932,116.80249
35.07738,116.80249
35.096455,116.80176
35.10969,116.80176
35.12901,116.80774
35.14404,116.80774
35.16114,116.80774
35.178516,116.78229
35.192867,116.78229
35.211903,116.631714
35.227947,116.631714
35.24435,116.60297
35.26205,116.60297
35.277973,116.60297
35.295162,116.6449
35.309914,116.6449
35.331123,116.70068
35.34393,116.70068
35.361797,116.70068
35.37849,116.693665
35.39301,116.693665
35.41192,116.696594
35.42731,116.696594
35.44417,116.66095
35.46215,116.66095
35.47692,116.66095
35.4952,116.61536
35.510292,116.61536
35.532448,116.551025
35.54508,116.551025
35.560616,116.551025
35.578102,116.52643
35.594063,116.52643
35.61158,116.52112
35.6277,116.52112
35.644527,116.52026
35.661,116.52026
35.677578,116.52026
35.694942,116.46912
35.7104,116.46912
35.728874,116.46887
35.74331,116.46887
35.761883,116.46887
35.778667,116.45886
35.795185,116.45886
35.81521,116.49066
35.82756,116.49066
35.845085,116.4986
35.861034,116.4986
35.87757,116.4986
35.895527,116.38977
35.910507,116.38977
35.929966,116.32379
35.942825,116.32379
35.960915,116.32379
35.977127,116.36182
35.99282,116.36182
36.011547,116.43182
36.02823,116.43182
36.044033,116.448975
36.06182,116.448975
36.077114,116.448975
36.09651,116.46344
36.111206,116.46344
36.131126,116.474365
36.144096,116.474365
36.16046,116.474365
36.178658,116.503784
36.194412,116.503784
36.214916,116.47839
36.22727,116.47839
36.243652,116.41913
36.261223,116.41913
36.27626,116.41913
36.29406,116.37793
36.310566,116.37793
36.332035,116.329956
36.343567,116.329956
36.360443,116.329956
36.378235,116.31152
36.394478,116.31152
36.41139,116.27905
36.428394,116.27905
36.443783,116.27667
36.460785,116.27667
36.47698,116.27667
36.495182,116.30475
36.510117,116.30475
36.5284,116.333374
36.54429,116.333374
36.55985,116.333374
36.578156,116.377075
36.594444,116.377075
36.612938,116.482605
36.62769,116.482605
36.64448,116.7027
36.661816,116.7027
36.676125,116.7027
36.695194,116.880005
36.710655,116.880005
36.727154,116.9975
36.745583,116.9975
36.760387,116.9975
36.778313,117.10675
36.79425,117.10675
36.81265,117.22101
36.828403,117.22101
36.845127,117.29523
36.860844,117.29523
36.879375,117.29523
36.895065,117.34497
36.910038,117.34497
36.92854,117.380615
36.944965,117.380615
36.960987,117.380615
36.9783,117.50403
36.993023,117.50403
37.01258,117.72217
37.02648,117.72217
37.0451,118.01886
37.060898,118.01886
37.079075,118.01886
37.09454,118.56543
37.109394,118.56543
37.128212,119.24817
37.14389,119.24817
37.16109,119.24817
37.179573,119.76166
37.194843,119.76166
37.212513,120.21503
37.227356,120.21503
37.24441,120.64923
37.262173,120.64923
37.27829,120.64923
37.295704,121.180725
37.310993,121.180725
37.332794,121.617004
37.344315,121.617004
37.360916,121.617004
37.377823,122.01343
37.39396,122.01343
37.411648,122.43237
37.427094,122.43237
37.445038,122.83588
37.462578,122.83588
37.47778,122.83588
37.49472,123.35803
37.510925,123.35803
37.528423,123.91028
37.54356,123.91028
37.56061,123.91028
37.57857,124.503296
37.593876,124.503296
37.612263,125.08026
37.62736,125.08026
37.643982,125.67584
37.662365,125.67584
37.677242,125.67584
37.695324,126.32861
37.71059,126.32861
37.733784,127.04956
37.74425,127.04956
37.762913,127.04956
37.77835,127.67847
37.79772,127.67847
37.812695,128.21527
37.827084,128.21527
37.844654,128.78339
37.860626,128.78339
37.877247,128.78339
37.8963,129.43787
37.911304,129.43787
37.930275,130.02008
37.94417,130.02008
37.961033,130.02008
37.979664,130.43256
37.994305,130.43256
38.012535,130.90955
38.026253,130.90955
38.044266,131.43176
38.06124,131.43176
38.07636,131.43176
38.095455,131.84937
38.111584,131.84937
38.12902,132.35706
38.144234,132.35706
38.16123,132.35706
38.17939,132.81683
38.194454,132.81683
38.21234,133.27332
38.22684,133.27332
38.24353,133.77692
38.262566,133.77692
38.277466,133.77692
38.300125,134.19946
38.311295,134.19946
38.330494,134.67395
38.345444,134.67395
38.36225,134.67395
38.378124,134.97089
38.395195,134.97089
38.413624,135.11792
38.42867,135.11792
38.454517,135.48438
38.46581,135.48438
38.478584,135.48438
38.49644,135.92224
38.512672,135.92224
38.53274,136.24457
38.54575,136.24457
38.561356,136.24457
38.57899,136.4743
38.594902,136.4743
38.613297,136.85486
38.62935,136.85486
38.64485,137.08942
38.66272,137.08942
38.67995,137.08942
38.69643,137.18988
38.71391,137.18988
38.730526,137.47778
38.744816,137.47778
38.76284,137.47778
38.77952,137.67102
38.7951,137.67102
38.816013,137.99042
38.829643,137.99042
38.848705,138.13892
38.863243,138.13892
38.879494,138.13892
38.89721,138.5357
38.91132,138.5357
38.93331,138.84161
38.944565,138.84161
38.962288,138.84161
38.97978,139.13086
38.9947,139.13086
39.014217,139.10107
39.02943,139.10107
39.046764,139.43231
39.061466,139.43231
39.078697,139.43231
39.096832,139.75763
39.112522,139.75763
39.13327,140.15247
39.144127,140.15247
39.163746,140.15247
39.180737,140.25555
39.196438,140.25555
39.213985,140.67639
39.229473,140.67639
39.24561,140.92914
39.263073,140.92914
39.27819,140.92914
39.2982,141.26526
39.3111,141.26526
39.330692,141.46588
39.345566,141.46588
39.361572,141.46588
39.379784,141.78961
39.39543,141.78961
39.415035,141.9212
39.429264,141.9212
39.444588,142.21124
39.463997,142.21124
39.47928,142.21124
39.496555,142.39691
39.511765,142.39691
39.531258,142.73022
39.547337,142.73022
39.56151,142.73022
39.57923,142.95721
39.595104,142.95721
39.613754,143.07947
39.63067,143.07947
39.645863,143.0423
39.66228,143.0423
39.678707,143.0423
39.69892,143.44257
39.712234,143.44257
39.72956,143.64105
39.744434,143.64105
39.761703,143.64105
39.779514,143.76178
39.795765,143.76178
39.81333,143.68835
39.829514,143.68835
39.84627,143.90936
39.863136,143.90936
39.87848,143.90936
39.89778,143.75397
39.912575,143.75397
39.932068,143.4831
39.94454,143.4831
39.96187,143.4831
39.979286,143.18176
39.996124,143.18176
40.01604,143.2901
40.028908,143.2901
40.04775,143.07013
40.06242,143.07013
40.078487,143.07013
40.09767,142.91577
40.11126,142.91577
40.132008,142.72723
40.14406,142.72723
40.16141,142.72723
40.18044,142.65088
40.195507,142.65088
40.215458,142.59949
40.229023,142.59949
40.24663,142.65009
40.26312,142.65009
40.287766,142.25562
40.300194,142.25562
40.31243,142.25562
40.33376,142.09546
40.34701,142.09546
40.36275,142.09546
40.380207,142.08893
40.404224,142.08893
40.41553,142.1319
40.42945,142.1319
40.445267,141.9632
40.463814,141.9632
40.478016,141.9632
40.498203,141.92041
40.51305,141.92041
40.531395,141.96863
40.545383,141.96863
40.562416,141.96863
40.581303,141.87787
40.594837,141.87787
40.618195,141.6148
40.62984,141.6148
40.64548,141.71533
40.66423,141.71533
40.67978,141.71533
40.696117,141.69806
40.712578,141.69806
40.7297,141.68866
40.745193,141.68866
40.76269,141.68866
40.779037,141.56622
40.79604,141.56622
40.812176,141.68475
40.8285,141.68475
40.846992,141.63556
40.863815,141.63556
40.878986,141.63556
40.896297,141.63336
40.91188,141.63336
40.931618,141.53381
40.94484,141.53381
40.962357,141.53381
40.980076,141.56201
40.99544,141.56201
41.013996,141.39081
41.028652,141.39081
41.046444,141.35162
41.06254,141.35162
41.08008,141.35162
41.097324,141.26715
41.11202,141.26715
41.133907,141.11407
41.14542,141.11407
41.16171,141.11407
41.181126,141.03546
41.195568,141.03546
41.214306,141.12769
41.228725,141.12769
41.245426,141.11713
41.262623,141.11713
41.278877,141.11713
41.29761,141.12012
41.31184,141.12012
41.330208,141.00153
41.346493,141.00153
41.363598,141.19952
41.38168,141.19952
41.394756,141.19952
41.41586,141.00659
41.436176,141.00659
41.448013,140.97394
41.464,140.97394
41.480026,140.97394
41.496746,140.90063
41.51278,140.90063
41.53376,140.89386
41.546257,140.89386
41.56181,140.89386
41.579556,140.7702
41.59655,140.7702
41.61791,140.74823
41.629215,140.74823
41.647423,140.59625
41.66227,140.59625
41.678757,140.59625
41.697216,140.61975
41.712776,140.61975
41.73045,140.43439
41.745155,140.43439
41.76266,140.43439
41.778946,140.4336
41.79798,140.4336
41.81292,140.32086
41.82873,140.32086
41.84828,140.33173
41.86188,140.33173
41.878387,140.33173
41.89627,140.20459
41.912292,140.20459
41.931458,140.25989
41.94638,140.25989
41.966682,140.15594
41.98283,140.15594
41.996635,140.15594
42.013622,139.98962
42.029163,139.98962
42.047157,139.58887
42.06358,139.58887
42.07895,139.58887
42.097176,139.60663
42.11254,139.60663
42.132168,139.38391
42.145935,139.38391
42.163746,139.09796
42.180107,139.09796
42.19655,139.09796
42.215824,138.9065
42.22865,138.9065
42.2457,139.04517
42.263176,139.04517
42.279724,139.04517
42.296997,139.03735
42.313858,139.03735
42.333702,138.99713
42.34674,138.99713
42.36486,138.91638
42.38281,138.91638
42.395943,138.91638
42.414303,139.07837
42.429108,139.07837
42.44675,139.05017
42.462708,139.05017
42.480232,139.05017
42.49998,139.091
42.512653,139.091
42.533733,139.03198
42.547134,139.03198
42.56701,139.08691
42.582382,139.08691
42.596775,139.08691
42.61456,138.94183
42.63103,138.94183
42.648403,138.89948
42.662643,138.89948
42.679264,138.89948
42.697113,138.68591
42.71291,138.68591
42.731647,138.70831
42.745842,138.70831
42.765423,138.56128
42.780865,138.56128
42.80019,138.56128
42.813305,138.55267
42.829716,138.55267
42.846012,138.45306
42.86626,138.45306
42.879227,138.45306
42.89704,138.48547
42.913242,138.48547
42.932117,138.15192
42.945965,138.15192
42.96473,137.79266
42.979973,137.79266
42.99539,137.79266
43.01703,137.44775
43.032585,137.44775
43.04974,137.36523
43.06392,137.36523
43.08123,137.36523
43.09727,137.00116
43.112156,137.00116
43.13414,136.67145
43.145954,136.67145
43.16491,136.1753
43.180584,136.1753
43.199417,136.1753
43.214878,135.92072
43.22872,135.92072
43.24488,135.38129
43.263706,135.38129
43.28107,135.38129
43.299232,135.00739
43.313404,135.00739
43.330006,134.61346
43.34667,134.61346
43.362534,134.61346
43.380726,134.29584
43.3962,134.29584
43.41432,133.89465
43.429882,133.89465
43.445637,133.53973
43.462223,133.53973
43.478264,133.53973
43.497105,133.17114
43.511433,133.17114
43.530094,132.92926
43.54571,132.92926
43.561386,132.92926
43.579395,132.58765
43.595894,132.58765
43.614834,132.37817
43.62845,132.37817
43.64756,131.97693
43.664577,131.97693
43.679714,131.97693
43.69735,131.62451
43.714264,131.62451
43.733936,131.13287
43.744637,131.13287
43.76228,131.13287
43.778484,130.84497
43.796318,130.84497
43.813324,130.3966
43.828495,130.3966
43.84604,130.13165
43.863068,130.13165
43.87883,130.13165
43.89749,129.83704
43.912083,129.83704
43.932102,129.31024
43.94479,129.31024
43.963467,129.31024
43.98041,128.79803
43.996284,128.79803
44.014866,128.25049
44.030334,128.25049
44.045486,127.80182
44.062946,127.80182
44.078426,127.80182
44.098175,127.42035
44.111233,127.42035
44.13104,127.12634
44.14481,127.12634
44.1625,127.12634
44.17996,126.946594
44.19534,126.946594
44.214188,126.71295
44.2299,126.71295
44.245823,126.323425
44.26296,126.323425
44.27901,126.323425
44.296062,126.06683
44.3131,126.06683
44.33441,125.933044
44.346386,125.933044
44.361897,125.933044
44.380157,125.7525
44.395557,125.7525
44.41365,125.46149
44.441658,125.46149
44.45413,125.18262
44.466824,125.18262
44.48468,124.94678
44.501514,124.94678
44.51712,124.94678
44.536358,124.73285
44.55073,124.73285
44.568634,124.5625
44.58296,124.5625
44.59996,124.5625
44.618282,124.29443
44.633904,124.29443
44.65193,124.05426
44.668423,124.05426
44.684055,123.83545
44.70086,123.83545
44.71604,123.83545
44.736023,123.55499
44.750088,123.55499
44.76768,123.30023
44.78303,123.30023
44.800823,123.30023
44.81899,123.11896
44.83408,123.11896
44.855083,122.85266
44.86739,122.85266
44.884155,122.442566
44.90097,122.442566
44.9182,122.442566
44.93466,122.126526
44.950405,122.126526
44.968723,122.00488
44.985023,122.00488
44.99985,122.00488
45.018703,122.01727
45.03428,122.01727
45.05246,121.87775
45.06785,121.87775
45.08623,121.65332
45.101353,121.65332
45.117844,121.65332
45.135742,121.43518
45.15148,121.43518
45.171913,121.2157
45.18539,121.2157
45.200817,121.2157
45.219944,120.92908
45.234344,120.92908
45.25293,120.80817
45.26774,120.80817
45.286125,120.75958
45.301792,120.75958
45.31924,120.75958
45.33877,120.6225
45.35031,120.6225
45.3697,120.52301
45.384266,120.52301
45.40023,120.52301
45.42038,120.44733
45.43404,120.44733
45.455452,120.36133
45.46927,120.36133
45.4851,120.28021
45.502644,120.28021
45.516743,120.28021
45.538685,120.186584
45.55098,120.186584
45.569614,120.09497
45.585026,120.09497
45.600548,120.09497
45.620007,120.02338
45.634495,120.02338
45.653103,119.88306
45.667583,119.88306
45.68408,119.81055
45.701637,119.81055
45.71999,119.81055
45.737656,119.67377
45.750698,119.67377
45.767536,119.388794
45.785603,119.388794
45.801594,119.388794
45.81847,119.15137
45.834225,119.15137
45.851776,118.98407
45.866455,118.98407
45.88574,118.82068
45.902344,118.82068
45.916485,118.82068
45.93561,118.69928
45.951466,118.69928
45.972496,118.63965
45.984127,118.63965
46.000896,118.63965
46.01881,118.58905
46.034355,118.58905
46.0518,118.549805
46.06863,118.549805
46.084682,118.34326
46.105576,118.34326
46.11654,118.34326
46.138573,118.183716
46.154087,118.183716
46.172062,118.15759
46.1849,118.15759
46.200825,118.15759
46.221867,118.17578
46.23501,118.17578
46.25189,118.13434
46.26952,118.13434
46.28495,118.095825
46.301846,118.095825
46.317753,118.095825
46.336884,118.07202
46.350643,118.07202
46.36793,118.050415
46.38515,118.050415
46.400894,118.050415
46.418564,118.029236
46.433372,118.029236
46.45666,118.015625
46.46774,118.015625
46.48371,118.02484
46.502796,118.02484
46.516518,118.02484
46.534992,118.02222
46.551132,118.02222
46.568974,117.98291
46.58365,117.98291
46.59923,117.98291
46.618282,117.97119
46.634346,117.97119
46.651215,117.84979
46.66683,117.84979
46.68401,117.78229
46.700363,117.78229
46.716915,117.78229
46.738045,117.752014
46.749687,117.752014
46.768307,117.7486
46.783607,117.7486
46.802505,117.7486
46.81822,117.746704
46.833366,117.746704
46.851128,117.72937
46.867153,117.72937
46.883724,117.63507
46.90187,117.63507
46.916,117.63507
46.93501,117.5647
46.963318,117.5647
46.9757,117.59973
46.9876,117.59973
47.00499,117.43805
47.021503,117.43805
47.03816,117.43805
47.056236,117.47235
47.071983,117.47235
47.088074,117.43506
47.104607,117.43506
47.120552,117.43506
47.138622,117.451904
47.155304,117.451904
47.176743,117.416626
47.188263,117.416626
47.206112,117.469666
47.221,117.469666
47.237877,117.469666
47.25476,117.45941
47.27074,117.45941
47.289593,117.49243
47.30438,117.49243
47.32179,117.49243
47.33972,117.43512
47.354435,117.43512
47.37243,117.51001
47.388496,117.51001
47.405766,117.470215
47.421936,117.470215
47.437008,117.470215
47.456062,117.5907
47.47109,117.5907
47.4886,117.506226
47.506516,117.506226
47.521297,117.506226
47.539185,117.58234
47.55396,117.58234
47.573135,117.69037
47.58727,117.69037
47.60465,117.99347
47.622784,117.99347
47.638237,117.99347
47.657455,118.21838
47.672302,118.21838
47.688698,118.46338
47.705757,118.46338
47.72347,118.46338
47.741,118.63568
47.756424,118.63568
47.77315,119.020325
47.789402,119.020325
47.80518,119.23053
47.823456,119.23053
47.83865,119.23053
47.85591,119.52545
47.87085,119.52545
47.889603,119.74872
47.905636,119.74872
47.921707,119.74872
47.94045,120.11951
47.95541,120.11951
47.971302,120.357605
47.98789,120.357605
48.005535,120.74524
48.021477,120.74524
48.037563,120.74524
48.055454,120.919495
48.07225,120.919495
48.089596,121.23682
48.104588,121.23682
48.123394,121.23682
48.14061,121.35675
48.155415,121.35675
48.173042,121.53674
48.188904,121.53674
48.205788,121.54822
48.22196,121.54822
48.23802,121.54822
48.256313,121.54199
48.270695,121.54199
48.292744,121.51251
48.304066,121.51251
48.323624,121.51251
48.33964,121.67682
48.35464,121.67682
48.373005,121.68994
48.38806,121.68994
48.404617,121.73187
48.421177,121.73187
48.43733,121.73187
48.456512,121.61951
48.472115,121.61951
48.488964,121.59656
48.50462,121.59656
48.520916,121.59656
48.5399,121.44806
48.554913,121.44806
48.57568,121.33508
48.58716,121.33508
48.60418,121.26099
48.623005,121.26099
48.63825,121.26099
48.65678,121.31995
48.671314,121.31995
48.690067,121.30029
48.70538,121.30029
48.721123,121.30029
48.74037,121.37927
48.755634,121.37927
48.776344,121.37158
48.789036,121.37158
48.805027,121.44342
48.823368,121.44342
48.838318,121.44342
48.85589,121.44873
48.871185,121.44873
48.888004,121.57959
48.905197,121.57959
48.92155,121.57959
48.939392,121.46777
48.954464,121.46777
48.97166,121.40375
48.987892,121.40375
49.00427,121.35895
49.02243,121.35895
49.038277,121.35895
49.057003,121.58954
49.0738,121.58954
49.093174,121.72754
49.1037,121.72754
49.12143,121.72754
49.14034,121.98419
49.155067,121.98419
49.173,122.24646
49.187534,122.24646
49.20616,122.68451
49.22206,122.68451
49.238712,122.68451
49.256283,122.980225
49.270885,122.980225
49.289627,123.33423
49.30504,123.33423
49.324554,123.33423
49.341072,123.33423
49.35789,123.66925
49.37351,124.1651
49.389008,124.1651
49.409363,124.52692
49.4226,124.52692
49.436947,124.52692
49.458065,124.96405
49.471077,124.96405
49.490177,125.32709
49.505123,125.32709
49.522354,125.32709
49.541348,125.792175
49.554276,125.792175
49.57576,126.13818
49.588223,126.13818
49.605003,126.61255
49.623352,126.61255
49.638206,126.61255
49.656708,126.92395
49.670418,126.92395
49.68892,127.14813
49.704338,127.14813
49.72222,127.14813
49.73942,127.378235
49.756065,127.378235
49.771675,127.8952
49.788128,127.8952
49.806114,128.29138
49.822212,128.29138
49.838684,128.29138
49.85671,128.59357
49.87171,128.59357
49.888912,128.88452
49.905468,128.88452
49.920864,128.88452
49.940166,129.29456
49.95503,129.29456
49.97636,129.60828
49.988754,129.60828
50.00446,129.8736
50.021717,129.8736
50.03872,129.8736
50.05779,130.16675
50.07253,130.16675
50.08885,130.53662
50.106045,130.53662
50.122337,130.53662
50.143814,130.84064
50.15812,130.84064
50.17388,131.169
50.190136,131.169
50.205414,131.53339
50.22364,131.53339
50.238674,131.53339
50.256844,131.9273
50.27067,131.9273
50.28864,132.39502
50.305008,132.39502
50.32178,132.39502
50.338554,132.58752
50.3534,132.58752
50.3748,132.67566
50.388016,132.67566
50.405018,132.86285
50.421642,132.86285
50.437912,132.86285
50.459538,133.1579
50.471626,133.1579
50.49062,133.42847
50.504623,133.42847
50.521553,133.42847
50.53963,133.56067
50.555275,133.56067
50.57334,133.82104
50.58818,133.82104
50.60456,134.02106
50.623425,134.02106
50.638226,134.02106
50.656487,134.22577
50.67137,134.22577
50.693977,134.42139
50.70521,134.42139
50.72146,134.42139
50.7399,134.75061
50.754154,134.75061
50.772976,135.00714
50.787994,135.00714
50.805046,135.32928
50.82318,135.32928
50.837933,135.32928
50.856133,135.62152
50.871235,135.62152
50.891563,135.96503
50.908615,135.96503
50.9225,135.96503
50.93977,136.29956
50.956074,136.29956
50.97224,136.42468
50.988247,136.42468
51.004288,136.31732
51.023148,136.31732
51.039074,136.31732
51.057247,136.44757
51.07209,136.44757
51.090065,136.58704
51.104,136.58704
51.122147,136.58704
51.143288,136.77362
51.156155,136.77362
51.172295,136.8504
51.18893,136.8504
51.205147,137.01862
51.22219,137.01862
51.239063,137.01862
51.25606,137.11377
51.27122,137.11377
51.28956,137.09021
51.30555,137.09021
51.32364,137.16278
51.33918,137.16278
51.35435,137.16278
51.377018,137.4342
51.389236,137.4342
51.40498,137.64453
51.422382,137.64453
51.440865,137.64453
51.455776,137.84479
51.470646,137.84479
51.48872,138.00836
51.50428,138.00836
51.524677,138.18823
51.5407,138.18823
51.55571,138.18823
51.573948,138.36365
51.587643,138.36365
51.60588,138.55164
51.62214,138.55164
51.639023,138.55164
51.65745,138.50989
51.67194,138.50989
51.69316,138.2124
51.70462,138.2124
51.72239,138.2124
51.740204,138.14429
51.755295,138.14429
51.773815,138.09583
51.78898,138.09583
51.8064,138.18115
51.82333,138.18115
51.838142,138.18115
51.856136,138.37183
51.8711,138.37183
51.88913,138.57825
51.90476,138.57825
51.922493,138.57825
51.940594,138.70148
51.95534,138.70148
51.977287,138.68878
51.989853,138.68878
52.005264,138.63928
52.022102,138.63928
52.037964,138.63928
52.058075,138.55072
52.07206,138.55072
52.092396,138.42047
52.104565,138.42047
52.12482,138.42047
52.13927,138.25592
52.15482,138.25592
52.173073,138.17639
52.188744,138.17639
52.205753,138.22797
52.22292,138.22797
52.238457,138.22797
52.256187,138.10321
52.271343,138.10321
52.28855,138.11652
52.304623,138.11652
52.32138,138.11652
52.339638,137.82916
52.355293,137.82916
52.373173,137.49493
52.388157,137.49493
52.40521,137.59296
52.423367,137.59296
52.438896,137.59296
52.456135,137.63776
52.471195,137.63776
52.48965,137.62396
52.505573,137.62396
52.52131,137.62396
52.539787,137.45996
52.554356,137.45996
52.573303,137.48114
52.58837,137.48114
52.605946,137.46619
52.623257,137.46619
52.637936,137.46619
52.659023,137.26483
52.672394,137.26483
52.68933,137.25787
52.70463,137.25787
52.72254,137.25787
52.741413,137.24384
52.756622,137.24384
52.772694,137.23749
52.788414,137.23749
52.806717,137.20197
52.822178,137.20197
52.83881,137.20197
52.855797,137.224
52.87093,137.224
52.89031,137.23596
52.90458,137.23596
52.921505,137.23596
52.93898,137.24927
52.955235,137.24927
52.973167,137.31586
52.988552,137.31586
53.00469,137.38605
53.021305,137.38605
53.039017,137.38605
53.05675,137.44269
53.07808,137.44269
53.09163,137.20825
53.105015,137.20825
53.121067,137.20825
53.139683,136.97217
53.155186,136.97217
53.17377,137.16772
53.187737,137.16772
53.205433,137.10663
53.22283,137.10663
53.239056,137.10663
53.255924,136.92206
53.27131,136.92206
53.290546,136.82391
53.306007,136.82391
53.322205,136.82391
53.340237,137.03772
53.35534,137.03772
53.373066,137.22351
53.388042,137.22351
53.405624,137.03455
53.423443,137.03455
53.43749,137.03455
53.45709,136.99847
53.471745,136.99847
53.49334,136.96753
53.50453,136.96753
53.52293,136.96753
53.540592,136.91907
53.556522,136.91907
53.573967,136.83856
53.589165,136.83856
53.60544,136.75085
53.622837,136.75085
53.6381,136.75085
53.655724,136.69946
53.671303,136.69946
53.689133,136.63806
53.70489,136.63806
53.72136,136.63806
53.739635,136.59735
53.756058,136.59735
53.77278,136.56952
53.788834,136.56952
53.805195,136.60852
53.822884,136.60852
53.83762,136.60852
53.856644,136.61884
53.87181,136.61884
53.88955,136.63647
53.905537,136.63647
53.923622,136.4668
53.939465,136.4668
53.95473,136.4668
53.97236,136.35852
53.989075,136.35852
54.006104,136.5108
54.021416,136.5108
54.03954,136.5108
54.05696,136.54468
54.077774,136.54468
54.093586,136.39026
54.104465,136.39026
54.12288,136.39026
54.140305,136.34094
54.155262,136.34094
54.17423,136.35675
54.188522,136.35675
54.20541,136.35376
54.22267,136.35376
54.238697,136.35376
54.256584,136.12097
54.271675,136.12097
54.28979,136.06818
54.308617,136.06818
54.322205,136.06818
54.338863,136.04822
54.353977,136.04822
54.372883,136.02057
54.390217,136.02057
54.405964,135.9403
54.421783,135.9403
54.438534,135.9403
54.456226,135.92743
54.470963,135.92743
54.489426,136.0033
54.50584,136.0033
54.52202,136.0033
54.540993,136.02399
54.55477,136.02399
54.577,136.00714
54.588932,136.00714
54.604797,135.9013
54.622814,135.9013
54.63883,135.9013
54.65674,135.91809
54.67265,135.91809
54.690598,135.95905
54.706127,135.95905
54.722347,135.95905
54.739964,136.08673
54.754242,136.08673
54.77341,136.17712
54.78865,136.17712
54.804695,136.23212
54.823177,136.23212
54.83938,136.23212
54.856148,135.90826
54.87112,135.90826
54.889656,135.7868
54.90626,135.7868
54.921963,135.7868
54.93928,135.74768
54.954704,135.74768
54.972874,135.59076
54.98822,135.59076
55.004772,135.06769
55.021908,135.06769
55.038673,135.06769
55.05681,134.50885
55.072853,134.50885
55.08994,134.10706
55.104626,134.10706
55.124058,133.79358
55.140793,133.79358
55.155865,133.79358
55.173714,133.33423
55.18894,133.33423
55.205357,132.98608
55.222996,132.98608
55.238537,132.98608
55.25598,132.66626
55.27138,132.66626
55.289196,132.41534
55.306156,132.41534
55.322166,132.41534
55.340492,132.12067
55.354538,132.12067
55.376976,131.92926
55.38871,131.92926
55.406353,131.6615
55.423653,131.6615
55.43877,131.6615
55.457752,131.44672
55.47128,131.44672
55.492714,131.16852
55.505207,131.16852
55.521385,131.16852
55.540546,130.95795
55.5555,130.95795
55.573074,130.7099
55.588554,130.7099
55.605694,130.39691
55.623,130.39691
55.63856,130.39691
55.658405,130.1123
55.67134,130.1123
55.693306,129.90564
55.705654,129.90564
55.720913,129.90564
55.73951,129.76898
55.755497,129.76898
55.7739,129.42627
55.793453,129.42627
55.804955,129.07727
55.82224,129.07727
55.83871,129.07727
55.85561,128.94733
55.872204,128.94733
55.889732,128.83789
55.905342,128.83789
55.92096,128.83789
55.939552,128.70868
55.955235,128.70868
55.973206,128.49738
55.98895,128.49738
56.005486,128.3335
56.021915,128.3335
56.0387,128.3335
56.05587,128.22089
56.071297,128.22089
56.09392,127.97174
56.10479,127.97174
56.12393,127.67279
56.13848,127.67279
56.15567,127.67279
56.17413,127.40509
56.188263,127.40509
56.205585,127.23157
56.22375,127.23157
56.238792,127.23157
56.25686,126.99896
56.27145,126.99896
56.290565,126.76282
56.30441,126.76282
56.321934,126.76282
56.340107,126.60773
56.354332,126.60773
56.376366,126.42029
56.38784,126.42029
56.40628,126.16223
56.422268,126.16223
56.43775,126.16223
56.456135,125.94617
56.471794,125.94617
56.48965,125.67975
56.50593,125.67975
56.522697,125.67975
56.539772,125.35187
56.55486,125.35187
56.57371,125.02673
56.58744,125.02673
56.60501,124.79022
56.62256,124.79022
56.638332,124.79022
56.65661,124.63556
56.67281,124.63556
56.69038,124.229065
56.70554,124.229065
56.722477,124.229065
56.73994,123.77026
56.754147,123.77026
56.772324,123.47345
56.788876,123.47345
56.804344,123.22089
56.82334,123.22089
56.83818,123.22089
56.8575,122.976685
56.87151,122.976685
56.889435,122.59656
56.90583,122.59656
56.921387,122.59656
56.939297,122.28467
56.955,122.28467
56.97243,122.07001
56.988224,122.07001
57.00481,121.75787
57.021725,121.75787
57.039425,121.75787
57.05678,121.45392
57.07465,121.45392
57.08986,121.21509
57.105053,121.21509
57.122726,121.21509
57.143265,121.02533
57.15545,121.02533
57.173214,120.78381
57.188156,120.78381
57.2057,120.588684
57.22196,120.588684
57.238552,120.588684
57.255974,120.47711
57.27205,120.47711
57.28942,120.33563
57.306103,120.33563
57.321507,120.33563
57.339275,120.22882
57.35509,120.22882
57.376335,120.08209
57.38902,120.08209
57.409782,119.960754
57.423275,119.960754
57.438133,119.960754
57.46016,119.84424
57.47176,119.84424
57.490166,119.7038
57.504753,119.7038
57.521854,119.7038
57.539894,119.49353
57.55446,119.49353
57.57368,119.26312
57.588272,119.26312
57.605007,118.92267
57.62288,118.92267
57.638977,118.92267
57.659424,118.69208
57.6715,118.69208
57.693012,118.51593
57.708233,118.51593
57.72511,118.51593
57.74138,118.31555
57.756817,118.31555
57.778046,118.112366
57.78946,118.112366
57.806236,117.90167
57.82286,117.90167
57.838837,117.90167
57.856907,117.77118
57.87182,117.77118
57.889862,117.54492
57.906254,117.54492
57.923954,117.39111
57.940563,117.39111
57.95529,117.39111
57.97365,117.28937
57.98931,117.28937
58.00417,117.27423
58.022423,117.27423
58.038925,117.27423
58.05601,117.2077
58.07188,117.2077
58.09,117.18823
58.1052,117.18823
58.122414,117.18823
58.13963,117.17151
58.156227,117.17151
58.173637,117.15259
58.18922,117.15259
58.205776,117.15198
58.22253,117.15198
58.23952,117.15198
58.257362,117.06415
58.271328,117.06415
58.290207,117.07037
58.306034,117.07037
58.32237,117.07037
58.340137,117.01611
58.354572,117.01611
58.373398,116.99158
58.38904,116.99158
58.407703,116.99249
58.42159,116.99249
58.438988,116.99249
58.45739,116.93268
58.471855,116.93268
58.489094,116.921936
58.505573,116.921936
58.523308,116.9986
58.54006,116.9986
58.555378,116.9986
58.573868,117.00824
58.58808,117.00824
58.604618,117.01941
58.62317,117.01941
58.638767,117.01941
58.656513,117.00195
58.672455,117.00195
58.689754,116.94934
58.705433,116.94934
58.722424,116.94934
58.73999,116.93182
58.755768,116.93182
58.773293,116.920715
58.78963,116.920715
58.8056,116.94031
58.823353,116.94031
58.839478,116.94031
58.856243,116.94739
58.87126,116.94739
58.891922,116.906494
58.90472,116.906494
58.92211,116.906494
58.93949,116.78265
58.95484,116.78265
58.97439,116.7301
58.988792,116.7301
59.005856,116.712036
59.022385,116.712036
59.03883,116.712036
59.056793,116.75574
59.072098,116.75574
59.09318,116.78412
59.105812,116.78412
59.122185,116.78412
59.14194,116.857605
59.155727,116.857605
59.17327,116.88617
59.187717,116.88617
59.208794,116.90619
59.221638,116.90619
59.238804,116.90619
59.256462,116.833374
59.271545,116.833374
59.290302,116.70087
59.305634,116.70087
59.322395,116.70087
59.339535,116.67609
59.354828,116.67609
59.37365,116.63043
59.38889,116.63043
59.408688,116.62109
59.42365,116.62109
59.43912,116.62109
59.456654,116.50342
59.47171,116.50342
59.49022,116.500305
59.504646,116.500305
59.52294,116.500305
59.541622,116.49463
59.5551,116.49463
59.575504,116.48883
59.58751,116.48883
59.60499,116.46631
59.623516,116.46631
59.63875,116.46631
59.656704,116.47247
59.672565,116.47247
59.689537,116.53485
59.705887,116.53485
59.720913,116.53485
59.739883,116.54224
59.755745,116.54224
59.773018,116.55304
59.78872,116.55304
59.80578,116.55768
59.82376,116.55768
59.838764,116.55768
59.8569,116.56061
59.87154,116.56061
59.88981,116.57721
59.905457,116.57721
59.922333,116.57721
59.94052,116.60101
59.955273,116.60101
59.97297,116.63617
59.988407,116.63617
60.0,116.63617
