0.27825862,35.38672
0.28685427,35.38672
0.30559233,33.821167
0.3188517,33.821167
0.33633143,32.034058
0.3517855,32.034058
0.369635,32.339966
0.38587052,32.339966
0.4000407,32.339966
0.4244975,32.827393
0.43419334,32.827393
0.453989,31.085693
0.4672458,31.085693
0.48534644,32.17395
0.5031731,32.17395
0.5184361,32.17395
0.53571326,32.860596
0.5514857,32.860596
0.5689665,32.958008
0.58409697,32.958008
0.6012232,32.958008
0.6198866,34.7157
0.63539827,34.7157
0.6547143,33.81909
0.6679569,33.81909
0.6840923,33.81909
0.7019159,33.14734
0.7186751,33.14734
0.7361889,31.95691
0.75097936,31.95691
0.7695591,33.700684
0.78621584,33.700684
0.8011617,33.700684
0.8197143,31.823242
0.83582807,31.823242
0.8535233,33.81775
0.86944646,33.81775
0.88498,33.255493
0.90208536,33.255493
0.9181826,33.255493
0.936865,35.019653
0.9518839,35.019653
0.97285295,36.629883
0.9841047,36.629883
1.0020782,36.629883
1.0206851,38.257935
1.0348068,38.257935
1.0557551,39.505737
1.0677942,39.505737
1.0849336,40.214233
1.1012776,40.214233
1.1192058,40.214233
1.1367205,42.39319
1.152027,42.39319
1.1740644,42.469116
1.185906,42.469116
1.2006586,42.469116
1.2197217,43.576538
1.2345247,43.576538
1.2537589,43.482544
1.2679404,43.482544
1.286908,43.39807
1.3028371,43.39807
1.318301,43.39807
1.3368926,45.21826
1.3519738,45.21826
1.3788589,44.407104
1.3870854,44.407104
1.4018471,44.407104
1.421083,45.79541
1.4361768,45.79541
1.458255,46.835205
1.4698826,46.835205
1.4875,46.718628
1.5032425,46.718628
1.519649,46.718628
1.5369945,46.95569
1.5523036,46.95569
1.5697794,47.329956
1.5863423,47.329956
1.6040943,47.96338
1.620918,47.96338
1.6362712,47.96338
1.6540105,48.22632
1.6700464,48.22632
1.6861937,47.298706
1.7036476,47.298706
1.7185509,47.298706
1.7369077,48.953125
1.7525477,48.953125
1.7709826,49.3407
1.7858386,49.3407
1.8019917,49.3407
1.8205816,49.47632
1.8359205,49.47632
1.8562689,49.561035
1.8695955,49.561035
1.8881817,49.773315
1.9023204,49.773315
1.9194891,49.773315
1.9374584,49.73938
1.9528809,49.73938
1.9696348,50.19934
1.9859679,50.19934
2.002175,50.19934
2.020395,50.512817
2.0369058,50.512817
2.054216,50.533325
2.0690987,50.533325
2.0884612,48.80298
2.103491,48.80298
2.1190813,48.80298
2.1382322,48.973633
2.1521409,48.973633
2.1746964,49.13391
2.1864872,49.13391
2.205731,49.13391
2.2233055,50.67737
2.2364848,50.67737
2.2545917,52.80664
2.2696564,52.80664
2.291202,53.59619
2.3038166,53.59619
2.3194237,53.59619
2.3373957,52.943115
2.354495,52.943115
2.3714778,53.47278
2.3855932,53.47278
2.4028015,53.47278
2.4210713,54.678223
2.4367363,54.678223
2.4546096,54.765503
2.4702287,54.765503
2.4915965,54.26953
2.503004,54.26953
2.5199327,54.26953
2.5377235,55.145508
2.5535636,55.145508
2.5708597,55.188232
2.5866752,55.188232
2.6031463,55.188232
2.6206794,54.79541
2.6359634,54.79541
2.6552255,53.3468
2.6699314,53.3468
2.6864438,52.994507
2.7044873,52.994507
2.7204003,52.994507
2.7379675,55.914185
2.7542045,55.914185
2.771561,58.30127
2.7865624,58.30127
2.8036427,59.313232
2.8214984,59.313232
2.8353229,59.313232
2.855195,59.523193
2.8686118,59.523193
2.8875964,59.033142
2.9022784,59.033142
2.9195938,59.033142
2.937076,57.930786
2.9529104,57.930786
2.9708774,60.653503
2.985788,60.653503
3.0033333,60.87256
3.0198855,60.87256
3.0366554,60.87256
3.0565217,60.16205
3.0700827,60.16205
3.0877428,60.9787
3.1040845,60.9787
3.118828,60.9787
3.1378815,59.70221
3.1517162,59.70221
3.1719956,57.37848
3.1870675,57.37848
3.201944,57.37848
3.2207735,59.13916
3.2364619,59.13916
3.2544112,57.44507
3.269365,57.44507
3.2880025,58.958496
3.3027408,58.958496
3.3190322,58.958496
3.338131,59.318604
3.3542435,59.318604
3.3741958,59.501953
3.3859174,59.501953
3.4040525,59.007507
3.419658,59.007507
3.4377866,59.007507
3.4536622,60.202698
3.4689255,60.202698
3.486001,60.202698
3.5047078,59.455017
3.5191202,59.455017
3.53905,61.636536
3.5530763,61.636536
3.5727732,60.63037
3.5870304,60.63037
3.6042662,60.530396
3.6208572,60.530396
3.6357403,60.530396
3.65483,60.5542
3.6707003,60.5542
3.6915965,60.22052
3.7035975,60.22052
3.7208543,60.22052
3.7377932,61.161255
3.7534359,61.161255
3.7704923,61.77997
3.7863488,61.77997
3.8038156,62.352783
3.8213015,62.352783
3.8388395,62.352783
3.8557096,63.637695
3.8711982,63.637695
3.8868263,65.97156
3.9053085,65.97156
3.920108,65.97156
3.9370396,67.41107
3.9528658,67.41107
3.9698348,68.50543
3.9874668,68.50543
4.002207,68.50543
4.020069,72.65173
4.036056,72.65173
4.056287,73.99927
4.069399,73.99927
4.0919633,74.11511
4.101859,74.11511
4.1195507,74.11511
4.1378627,74.04834
4.1534843,74.04834
4.1717505,75.1839
4.1866016,75.1839
4.203318,75.13873
4.2205334,75.13873
4.2356567,75.13873
4.2564206,75.137146
4.2700286,75.137146
4.2913775,75.00409
4.3032284,75.00409
4.318963,75.00409
4.337688,74.91565
4.353308,74.91565
4.374209,75.82202
4.385509,75.82202
4.4029713,75.82202
4.420002,74.20416
4.437084,74.20416
4.45436,74.49341
4.470808,74.49341
4.4891095,75.060425
4.5034747,75.060425
4.51985,75.060425
4.537903,74.90094
4.552172,74.90094
4.5732403,74.60736
4.5875993,74.60736
4.6047587,74.5802
4.6211224,74.5802
4.6375203,74.5802
4.65499,73.61078
4.6699944,73.61078
4.68855,73.889404
4.703227,73.889404
4.719177,73.889404
4.7385216,73.58588
4.752346,73.58588
4.7713118,73.25806
4.786159,73.25806
4.8048396,73.347046
4.821711,73.347046
4.836731,73.347046
4.8557644,73.33185
4.8703804,73.33185
4.8854523,73.37457
4.9038243,73.37457
4.9190774,73.37457
4.938565,72.99121
4.95288,72.99121
4.971051,73.20868
4.985838,73.20868
5.0034957,73.070496
5.0199585,73.070496
5.036193,73.070496
5.0543537,73.218994
5.070009,73.218994
5.0880265,73.2276
5.103491,73.2276
5.1188717,73.2276
5.137895,72.96979
5.1538305,72.96979
5.1704416,73.36011
5.1860614,73.36011
5.203237,73.159424
5.2202754,73.159424
5.2371182,73.159424
5.2542243,72.8609
5.2707105,72.8609
5.291345,72.711975
5.304442,72.711975
5.3196588,72.711975
5.3377,72.395935
5.3532343,72.395935
5.3734713,72.16504
5.387045,72.16504
5.4036055,72.470276
5.4216986,72.470276
5.437207,72.470276
5.4582324,72.60675
5.4698763,72.60675
5.492219,73.0376
5.5034366,73.0376
5.520751,73.0376
5.5372896,72.75415
5.5520697,72.75415
5.5751066,72.85297
5.586289,72.85297
5.6045322,72.897644
5.620606,72.897644
5.636814,72.897644
5.6551595,73.43286
5.6689034,73.43286
5.6868076,73.55145
5.704462,73.55145
5.7188897,73.55145
5.7377577,73.67688
5.753618,73.67688
5.769682,74.133484
5.7865086,74.133484
5.803896,73.7876
5.8203316,73.7876
5.8374877,73.7876
5.85469,74.26764
5.8695345,74.26764
5.889571,74.27069
5.902452,74.27069
5.919526,74.27069
5.939243,74.86102
5.953303,74.86102
5.9716754,74.207275
5.985609,74.207275
6.003898,74.6261
6.0203233,74.6261
6.0374103,74.6261
6.054635,75.107666
6.0701227,75.107666
6.0911193,74.48016
6.102136,74.48016
6.1203036,74.48016
6.139071,74.45026
6.1532974,74.45026
6.174178,73.752625
6.18732,73.752625
6.203455,75.36804
6.2210264,75.36804
6.2358565,75.36804
6.255201,74.661804
6.2694364,74.661804
6.291611,74.605835
6.305068,74.605835
6.3196526,74.605835
6.337911,74.59552
6.3515544,74.59552
6.370999,74.33484
6.386627,74.33484
6.401764,74.33484
6.4217606,73.078735
6.4366894,73.078735
6.4546776,73.23938
6.468523,73.23938
6.486035,72.14661
6.504263,72.14661
6.5196996,72.14661
6.5367846,71.98871
6.5534573,71.98871
6.5722804,72.88049
6.5860934,72.88049
6.6042767,72.18414
6.619707,72.18414
6.6368217,72.18414
6.656312,71.82965
6.6692667,71.82965
6.687928,71.372314
6.7025447,71.372314
6.7199683,71.372314
6.738082,71.520996
6.752844,71.520996
6.772206,70.58826
6.7873697,70.58826
6.8046937,71.26807
6.8206882,71.26807
6.8369927,71.26807
6.855482,70.27649
6.8686805,70.27649
6.886564,70.27649
6.9033194,70.57367
6.920606,70.57367
6.9385476,69.99078
6.953702,69.99078
6.9701595,70.328186
6.9856396,70.328186
7.003882,69.89899
7.0210595,69.89899
7.0370374,69.89899
7.0547056,70.782166
7.069626,70.782166
7.0865464,70.782166
7.1041255,70.782166
7.12,69.23273
7.1382823,69.556335
7.1542406,69.556335
7.170995,69.10254
7.186137,69.10254
7.203163,69.532166
7.220681,69.532166
7.237329,69.532166
7.2540674,69.17682
7.2688484,69.17682
7.2870727,68.71838
7.303016,68.71838
7.321751,68.71838
7.338253,68.88263
7.3532414,68.88263
7.3745875,68.573425
7.388301,68.573425
7.403902,67.51477
7.419516,67.51477
7.4380593,67.51477
7.4551115,68.120544
7.470837,68.120544
7.4864206,68.858826
7.504455,68.858826
7.518848,68.858826
7.5396895,67.84082
7.554186,67.84082
7.570867,67.7124
7.585769,67.7124
7.6017632,67.7124
7.6223,67.05121
7.6356926,67.05121
7.6550856,67.40674
7.6698256,67.40674
7.688981,67.67108
7.7027836,67.67108
7.7208223,67.67108
7.738456,66.420166
7.7528653,66.420166
7.7738595,67.51196
7.785982,67.51196
7.803863,66.952576
7.8193445,66.952576
7.8366427,66.952576
7.854822,66.364075
7.869693,66.364075
7.887896,66.30188
7.903171,66.30188
7.9198427,66.30188
7.93856,66.1311
7.9585714,66.1311
7.972382,65.121826
7.986445,65.121826
8.003001,66.11072
8.021651,66.11072
8.037418,66.11072
8.056361,65.95929
8.06964,65.95929
8.087652,66.03198
8.103835,66.03198
8.119901,66.03198
8.138535,65.65765
8.152362,65.65765
8.171275,64.7337
8.186522,64.7337
8.203112,64.83069
8.21936,64.83069
8.235344,64.83069
8.255906,64.90314
8.269785,64.90314
8.287395,65.590454
8.303879,65.590454
8.319641,65.590454
8.337503,64.66614
8.352794,64.66614
8.3749485,63.96289
8.385961,63.96289
8.403642,64.020996
8.421104,64.020996
8.436374,64.020996
8.45572,63.811157
8.469975,63.811157
8.485579,63.168335
8.503185,63.168335
8.518989,63.168335
8.538571,62.673523
8.55293,62.673523
8.570938,62.3255
8.585841,62.3255
8.603811,62.614197
8.621022,62.614197
8.635648,62.614197
8.65524,62.00232
8.668958,62.00232
8.688408,61.840088
8.702023,61.840088
8.719791,61.840088
8.738305,62.003418
8.752699,62.003418
8.770762,62.04663
8.7856,62.04663
8.802715,62.04663
8.820316,61.985718
8.837035,61.985718
8.858656,61.9328
8.871398,61.9328
8.888042,61.857483
8.903703,61.857483
8.920392,61.857483
8.938446,61.450806
8.953239,61.450806
8.970073,61.59601
8.986532,61.59601
9.004095,61.45758
9.020639,61.45758
9.036635,61.45758
9.054652,61.111694
9.069459,61.111694
9.091643,61.600708
9.103462,61.600708
9.119832,61.600708
9.13735,60.802673
9.153315,60.802673
9.170819,60.367126
9.186508,60.367126
9.203091,60.250916
9.221702,60.250916
9.236973,60.250916
9.254573,59.779358
9.269503,59.779358
9.28869,59.06665
9.303076,59.06665
9.319345,59.06665
9.338399,59.39087
9.352778,59.39087
9.370644,59.16034
9.3856,59.16034
9.403831,59.104492
9.420431,59.104492
9.436041,59.104492
9.458318,58.74823
9.470005,58.74823
9.4878645,58.35382
9.504098,58.35382
9.520056,58.35382
9.537567,58.368225
9.554163,58.368225
9.574925,58.560486
9.586441,58.560486
9.609001,58.560486
9.621445,58.46991
9.640004,58.46991
9.657809,58.291138
9.671868,58.291138
9.688472,58.33008
9.70423,58.33008
9.720151,58.33008
9.737952,57.88269
9.752989,57.88269
9.77457,58.201416
9.791016,58.201416
9.804272,58.10913
9.821772,58.10913
9.835855,58.10913
9.856473,58.188293
9.869046,58.188293
9.886262,57.757507
9.903649,57.757507
9.919299,57.757507
9.937338,57.748108
9.953109,57.748108
9.971357,57.3266
9.986297,57.3266
10.003769,57.007812
10.020976,57.007812
10.035948,57.007812
10.055577,57.007324
10.069294,57.007324
10.087818,57.69519
10.103173,57.69519
10.120238,57.69519
10.137858,57.47113
10.153461,57.47113
10.171273,57.014404
10.185633,57.014404
10.204613,56.38568
10.220458,56.38568
10.236958,56.38568
10.255494,56.860107
10.269874,56.860107
10.287217,57.423645
10.303228,57.423645
10.320016,57.423645
10.338944,57.0766
10.353157,57.0766
10.370914,57.54358
10.386764,57.54358
10.40348,56.69452
10.419651,56.69452
10.437341,56.69452
10.458032,56.630188
10.469438,56.630188
10.488287,57.141846
10.503705,57.141846
10.519522,57.141846
10.538675,57.197693
10.553231,57.197693
10.573677,57.443726
10.587156,57.443726
10.605938,57.69165
10.621915,57.69165
10.637562,57.69165
10.655187,57.503418
10.671215,57.503418
10.688707,57.352966
10.70386,57.352966
10.720608,57.352966
10.738515,57.021667
10.752918,57.021667
10.771904,56.98938
10.786618,56.98938
10.80316,57.511658
10.820447,57.511658
10.837279,57.511658
10.854582,57.66681
10.8689575,57.66681
10.888023,57.030334
10.902551,57.030334
10.920686,57.030334
10.938047,57.304443
10.952548,57.304443
10.973946,57.25482
10.985826,57.25482
11.00366,57.463257
11.02107,57.463257
11.03681,57.463257
11.055755,56.96106
11.070897,56.96106
11.088488,57.82129
11.103896,57.82129
11.12058,57.82129
11.139587,57.713684
11.15392,57.713684
11.171428,57.685852
11.187946,57.685852
11.203959,57.33954
11.221528,57.33954
11.238238,57.33954
11.255497,57.164246
11.271437,57.164246
11.290588,57.161377
11.304139,57.161377
11.320048,57.161377
11.339729,57.281677
11.351809,57.281677
11.3710575,56.7536
11.386561,56.7536
11.403914,56.461426
11.421261,56.461426
11.43848,56.461426
11.454226,56.47754
11.471143,56.47754
11.489566,56.157593
11.504392,56.157593
11.520399,56.157593
11.538466,56.220764
11.55331,56.220764
11.574964,56.233337
11.586999,56.233337
11.604191,56.031067
11.621012,56.031067
11.636127,56.031067
11.656338,55.904053
11.670417,55.904053
11.687527,56.87671
11.702864,56.87671
11.719451,56.87671
11.738232,56.143677
11.753244,56.143677
11.770519,56.949768
11.787545,56.949768
11.803482,57.455994
11.821132,57.455994
11.835973,57.455994
11.854845,57.420105
11.869009,57.420105
11.886387,57.55139
11.904022,57.55139
11.920605,57.55139
11.9376545,57.27295
11.952742,57.27295
11.971944,57.80774
11.986869,57.80774
12.003477,56.848267
12.021438,56.848267
12.0369425,56.848267
12.05493,56.636414
12.069989,56.636414
12.091368,56.471313
12.103415,56.471313
12.1201515,56.471313
12.138071,57.155884
12.153537,57.155884
12.170356,57.969788
12.188388,57.969788
12.203685,58.82776
12.220263,58.82776
12.236735,58.82776
12.254299,58.370117
12.270988,58.370117
12.288234,58.643616
12.303497,58.643616
12.319371,58.643616
12.338472,58.88733
12.35251,58.88733
12.370633,59.372803
12.387846,59.372803
12.403611,58.81952
12.421249,58.81952
12.436178,58.81952
12.458208,59.081238
12.469683,59.081238
12.4903,59.366943
12.502592,59.366943
12.519717,59.366943
12.537501,59.72461
12.553969,59.72461
12.571407,59.808594
12.588123,59.808594
12.604699,60.085205
12.621053,60.085205
12.635945,60.085205
12.65406,59.346436
12.6704035,59.346436
12.689447,59.99713
12.703726,59.99713
12.719557,59.99713
12.738531,59.995117
12.75251,59.995117
12.773467,60.17047
12.787718,60.17047
12.803642,60.351135
12.821336,60.351135
12.8365,60.351135
12.856145,60.325134
12.869801,60.325134
12.889262,60.74231
12.903698,60.74231
12.920184,60.74231
12.939021,62.178467
12.953673,62.178467
12.970195,61.83893
12.986373,61.83893
13.003954,62.661316
13.021951,62.661316
13.037763,62.661316
13.055963,62.50299
13.070248,62.50299
13.0881405,61.87317
13.104644,61.87317
13.119606,61.87317
13.137267,62.121887
13.153127,62.121887
13.171808,61.886658
13.187211,61.886658
13.203629,62.574036
13.219475,62.574036
13.23803,62.574036
13.255055,63.085938
13.270163,63.085938
13.288028,62.454834
13.30338,62.454834
13.319247,62.454834
13.339219,63.592346
13.354407,63.592346
13.370262,62.204468
13.386041,62.204468
13.403635,62.618103
13.420469,62.618103
13.4368925,62.618103
13.454585,62.264465
13.469454,62.264465
13.487738,62.799316
13.502588,62.799316
13.5195,62.799316
13.536695,63.654297
13.552434,63.654297
13.570431,62.951843
13.58676,62.951843
13.604272,63.67578
13.622231,63.67578
13.636821,63.67578
13.655294,64.0246
13.67184,64.0246
13.689168,64.13696
13.703094,64.13696
13.719983,64.13696
13.738132,64.55835
13.753808,64.55835
13.771636,64.72333
13.790674,64.72333
13.803669,64.963684
13.820459,64.963684
13.837238,64.963684
13.85568,64.30414
13.870657,64.30414
13.892048,64.86133
13.905456,64.86133
13.921243,64.86133
13.938989,64.54657
13.953087,64.54657
13.97093,64.720215
13.986123,64.720215
14.003768,64.590454
14.021098,64.590454
14.035914,64.590454
14.055584,65.172485
14.069001,65.172485
14.089184,65.731445
14.103474,65.731445
14.119343,65.731445
14.136998,66.029236
14.153755,66.029236
14.171369,66.26813
14.188037,66.26813
14.203453,67.048645
14.219953,67.048645
14.237207,67.048645
14.254639,67.67407
14.269891,67.67407
14.288907,67.42853
14.3046055,67.42853
14.31993,67.42853
14.336789,66.46527
14.352897,66.46527
14.374728,68.17059
14.387586,68.17059
14.403438,68.44812
14.420786,68.44812
14.437646,68.44812
14.455269,68.502686
14.470901,68.502686
14.487937,67.9906
14.5039015,67.9906
14.520815,67.9906
14.537751,68.67682
14.552903,68.67682
14.572085,67.802734
14.58732,67.802734
14.603984,68.09607
14.621057,68.09607
14.636059,68.09607
14.654387,67.93921
14.670251,67.93921
14.688979,69.02075
14.703224,69.02075
14.72049,69.02075
14.738571,68.895996
14.752915,68.895996
14.770536,69.41687
14.787177,69.41687
14.805053,69.62543
14.821652,69.62543
14.837099,69.62543
14.856289,69.73578
14.868749,69.73578
14.888986,69.27496
14.90439,69.27496
14.92007,69.27496
14.93877,69.518555
14.953679,69.518555
14.97118,69.51691
14.987038,69.51691
15.004073,70.00592
15.020575,70.00592
15.036944,70.00592
15.055235,70.29083
15.069005,70.29083
15.08911,70.09613
15.103076,70.09613
15.119125,70.09613
15.139204,70.37982
15.153247,70.37982
15.172034,69.91492
15.186328,69.91492
15.205796,69.693726
15.2209215,69.693726
15.237422,69.693726
15.255322,69.89276
15.269556,69.89276
15.2910385,69.380554
15.3035345,69.380554
15.320461,69.380554
15.33874,69.26715
15.3531065,69.26715
15.371839,69.27777
15.385989,69.27777
15.40389,69.25513
15.420982,69.25513
15.436774,69.25513
15.456791,68.6875
15.469489,68.6875
15.492183,69.26111
15.503629,69.26111
15.521104,69.26111
15.538814,68.25287
15.553196,68.25287
15.5714035,68.97803
15.58751,68.97803
15.605349,68.004456
15.621024,68.004456
15.636122,68.004456
15.656334,67.859924
15.669058,67.859924
15.689297,68.22565
15.704153,68.22565
15.721029,68.22565
15.7392235,68.15271
15.753771,68.15271
15.772303,67.80243
15.791065,67.80243
15.804967,67.91766
15.821844,67.91766
15.837634,67.91766
15.856168,67.23895
15.869077,67.23895
15.889076,66.93439
15.903013,66.93439
15.92094,66.93439
15.938231,67.33728
15.953459,67.33728
15.972051,67.19202
15.985981,67.19202
16.003328,67.47272
16.021948,67.47272
16.037476,67.47272
16.056406,67.73602
16.069946,67.73602
16.091475,67.82428
16.103554,67.82428
16.119446,67.82428
16.138016,67.76782
16.153479,67.76782
16.169945,67.21814
16.186121,67.21814
16.204994,67.80817
16.221148,67.80817
16.23716,67.80817
16.256645,67.10083
16.270931,67.10083
16.29226,66.87463
16.305239,66.87463
16.320395,66.87463
16.338203,66.52844
16.354568,66.52844
16.374512,66.84631
16.38638,66.84631
16.404285,67.44653
16.421253,67.44653
16.43752,67.44653
16.455198,67.32147
16.47003,67.32147
16.491896,67.56732
16.502897,67.56732
16.520962,67.56732
16.53834,67.382996
16.552298,67.382996
16.5712,67.490234
16.586641,67.490234
16.604345,67.01666
16.621733,67.01666
16.637272,67.01666
16.655256,67.32391
16.670305,67.32391
16.688894,67.14722
16.703644,67.14722
16.720562,67.14722
16.738554,67.38641
16.753195,67.38641
16.772385,67.4491
16.78616,67.4491
16.803741,67.00391
16.820942,67.00391
16.837233,67.00391
16.855253,67.30005
16.869822,67.30005
16.89148,67.14441
16.903006,67.14441
16.920818,67.14441
16.939013,66.62109
16.953787,66.62109
16.972116,67.15234
16.985588,67.15234
17.003931,67.761536
17.021915,67.761536
17.037523,67.761536
17.056213,67.20862
17.07159,67.20862
17.089205,67.1806
17.105091,67.1806
17.119656,67.1806
17.138784,67.435486
17.15498,67.435486
17.172102,67.077576
17.186766,67.077576
17.204065,67.00995
17.220507,67.00995
17.237587,67.00995
17.25482,66.718994
17.269901,66.718994
17.287544,66.73419
17.304369,66.73419
17.31924,66.73419
17.337831,67.031555
17.35409,67.031555
17.374655,66.144104
17.387402,66.144104
17.40369,67.13513
17.41989,67.13513
17.437551,67.13513
17.454882,67.326294
17.470133,67.326294
17.491833,66.41327
17.504251,66.41327
17.520231,66.41327
17.53797,66.990906
17.552612,66.990906
17.571787,66.78607
17.587683,66.78607
17.604298,67.84027
17.621355,67.84027
17.636787,67.84027
17.65724,67.14551
17.671198,67.14551
17.689514,67.16858
17.704096,67.16858
17.720428,67.16858
17.738525,66.80359
17.753538,66.80359
17.770493,66.88049
17.790071,66.88049
17.806711,66.88049
17.825653,66.16687
17.838694,66.16687
17.85607,66.15106
17.870834,66.15106
17.88704,66.1001
17.903809,66.1001
17.92002,66.1001
17.937824,66.500854
17.953121,66.500854
17.972307,66.13312
17.986786,66.13312
18.003975,65.867004
18.02055,65.867004
18.037214,65.867004
18.05567,65.859314
18.069088,65.859314
18.088163,65.85925
18.10417,65.85925
18.120422,65.85925
18.137697,66.135376
18.153906,66.135376
18.174475,65.643616
18.186354,65.643616
18.203903,65.95215
18.221117,65.95215
18.23691,65.95215
18.254498,65.5813
18.270233,65.5813
18.287474,65.59741
18.30436,65.59741
18.31945,65.59741
18.338022,64.05615
18.3538,64.05615
18.37159,63.611206
18.38633,63.611206
18.407593,63.820557
18.421007,63.820557
18.437586,63.820557
18.469624,63.512573
18.479969,63.512573
18.495028,63.451416
18.510324,63.451416
18.527935,63.446106
18.544159,63.446106
18.559906,63.446106
18.578133,63.689514
18.593739,63.689514
18.611227,63.461548
18.62619,63.461548
18.64377,63.11322
18.661737,63.11322
18.676615,63.11322
18.69464,62.60858
18.709974,62.60858
18.726597,62.91089
18.744452,62.91089
18.77132,62.253845
18.78234,62.253845
18.796146,62.253845
18.813995,62.427002
18.829266,62.427002
18.848167,61.558044
18.863644,61.558044
18.87952,61.558044
18.897436,62.34961
18.913435,62.34961
18.932173,61.738647
18.944862,61.738647
18.961428,61.738647
18.980612,62.232178
18.996067,62.232178
19.012896,61.411865
19.028791,61.411865
19.044786,61.616455
19.063051,61.616455
19.078514,61.616455
19.098862,60.897583
19.114088,60.897583
19.134043,60.59247
19.14636,60.59247
19.16196,60.59247
19.179611,60.06903
19.193897,60.06903
19.213882,60.54895
19.227955,60.54895
19.24484,59.258545
19.262337,59.258545
19.27845,59.258545
19.297132,59.148193
19.311255,59.148193
19.329945,58.708984
19.345087,58.708984
19.36352,59.160828
19.37996,59.160828
19.396238,59.160828
19.413445,58.768555
19.429329,58.768555
19.4478,58.444275
19.463106,58.444275
19.479334,58.444275
19.497515,58.849243
19.51178,58.849243
19.53332,58.707336
19.546076,58.707336
19.561174,58.707336
19.581856,58.473755
19.5963,58.473755
19.616798,58.45984
19.631554,58.45984
19.648697,58.52881
19.664782,58.52881
19.678778,58.52881
19.69618,58.432373
19.711922,58.432373
19.731,58.934143
19.745869,58.934143
19.762453,58.934143
19.778822,58.726135
19.79425,58.726135
19.812984,58.675476
19.82818,58.675476
19.845661,58.675476
19.862072,58.565308
19.878042,58.565308
19.89634,58.37732
19.923485,58.37732
19.938751,58.400024
19.949404,58.400024
19.965542,58.54651
19.983852,58.54651
19.99835,58.54651
20.016727,59.062866
20.030638,59.062866
20.05248,59.227844
20.06448,59.227844
20.081558,59.227844
20.099716,58.689392
20.114376,58.689392
20.132816,58.691406
20.147688,58.691406
20.165165,58.441406
20.181362,58.441406
20.199041,58.441406
20.216711,58.354004
20.242056,58.354004
20.255243,58.102173
20.267714,58.102173
20.28434,58.15448
20.30188,58.15448
20.317574,58.15448
20.336157,57.493347
20.351547,57.493347
20.372591,56.84796
20.383894,56.84796
20.401451,56.84796
20.42095,57.30664
20.433367,57.30664
20.457138,56.78131
20.473278,56.78131
20.48423,57.14978
20.502213,57.14978
20.516909,57.14978
20.536415,56.861816
20.551308,56.861816
20.568766,56.314148
20.58391,56.314148
20.601845,56.314148
20.618864,56.555725
20.634972,56.555725
20.653477,56.84973
20.668072,56.84973
20.684677,56.47107
20.702726,56.47107
20.718023,56.47107
20.736004,56.574463
20.750717,56.574463
20.768967,56.801636
20.783833,56.801636
20.800985,56.801636
20.819277,56.84613
20.834404,56.84613
20.853153,56.910583
20.86766,56.910583
20.88373,56.896423
20.901844,56.896423
20.918247,56.896423
20.936665,56.881287
20.950918,56.881287
20.973057,56.753357
20.984154,56.753357
21.003092,56.275574
21.01928,56.275574
21.034185,56.275574
21.052803,56.55017
21.06745,56.55017
21.083609,56.910156
21.102673,56.910156
21.117327,56.910156
21.136522,56.510742
21.150309,56.510742
21.169098,57.185608
21.184315,57.185608
21.200102,57.185608
21.218987,56.49182
21.234095,56.49182
21.252375,56.031433
21.266869,56.031433
21.284296,55.88025
21.301958,55.88025
21.318275,55.88025
21.334427,55.559204
21.351135,55.559204
21.368273,56.168518
21.38543,56.168518
21.400513,56.168518
21.419025,56.06189
21.434769,56.06189
21.452745,56.129456
21.468187,56.129456
21.486704,55.810425
21.502264,55.810425
21.51893,55.810425
21.536524,55.767212
21.551062,55.767212
21.569178,56.12628
21.585365,56.12628
21.601059,56.12628
21.619053,55.38977
21.635054,55.38977
21.652836,56.088257
21.667456,56.088257
21.684761,55.684082
21.70254,55.684082
21.717358,55.684082
21.736492,55.471436
21.750618,55.471436
21.767712,55.328247
21.784727,55.328247
21.800558,55.328247
21.818647,55.66736
21.835629,55.66736
21.85194,55.83972
21.867641,55.83972
21.885338,55.64258
21.902397,55.64258
21.917479,55.64258
21.93593,55.30188
21.950413,55.30188
21.967947,55.267822
21.984179,55.267822
22.001322,55.267822
22.01877,55.355225
22.034403,55.355225
22.052591,55.422974
22.06891,55.422974
22.084185,55.196167
22.102957,55.196167
22.118246,55.196167
22.13596,55.191284
22.151646,55.191284
22.168655,55.180542
22.18435,55.180542
22.201038,55.180542
22.218546,54.94751
22.234047,54.94751
22.253035,54.449463
22.267332,54.449463
22.285172,55.00769
22.302698,55.00769
22.318918,55.00769
22.33907,55.209106
22.3519,55.209106
22.37068,55.44287
22.384586,55.44287
22.402271,55.44287
22.419353,55.138916
22.434427,55.138916
22.45235,55.359863
22.468138,55.359863
22.483555,55.71277
22.50101,55.71277
22.51706,55.71277
22.534277,55.82495
22.551065,55.82495
22.568914,55.704346
22.583391,55.704346
22.600975,55.704346
22.61798,56.211
22.634134,56.211
22.652288,55.248413
22.66708,55.248413
22.684792,55.190063
22.701817,55.190063
22.718546,55.190063
22.738703,55.25708
22.752144,55.25708
22.768738,55.758667
22.783857,55.758667
22.802328,55.758667
22.819374,55.54785
22.835161,55.54785
22.852194,55.499268
22.868166,55.499268
22.885237,55.171387
22.902882,55.171387
22.918041,55.171387
22.936632,54.546143
22.952358,54.546143
22.968197,55.511963
22.984318,55.511963
23.001543,55.511963
23.018759,56.11444
23.034258,56.11444
23.051819,55.1604
23.06829,55.1604
23.084227,54.96753
23.101889,54.96753
23.117027,54.96753
23.13987,55.438477
23.15238,55.438477
23.168552,55.45984
23.18404,55.45984
23.201336,55.45984
23.218307,55.654907
23.235422,55.654907
23.251099,54.988525
23.26811,54.988525
23.283955,55.281006
23.302805,55.281006
23.317997,55.281006
23.335756,55.42224
23.351221,55.42224
23.36785,55.28174
23.38298,55.28174
23.400858,55.28174
23.419443,54.740112
23.434416,54.740112
23.452175,55.253418
23.468058,55.253418
23.484636,54.97827
23.50169,54.97827
23.517485,54.97827
23.536186,55.421753
23.550657,55.421753
23.569523,55.095825
23.584557,55.095825
23.601463,55.095825
23.619545,55.089966
23.636148,55.089966
23.65133,54.83496
23.668669,54.83496
23.684055,54.657715
23.700905,54.657715
23.717081,54.657715
23.73498,55.253418
23.751087,55.253418
23.77027,55.023438
23.784374,55.023438
23.800938,55.023438
23.818687,54.83142
23.835865,54.83142
23.856012,54.881836
23.868568,54.881836
23.886143,54.593384
23.902227,54.593384
23.918512,54.593384
23.935818,54.734497
23.951351,54.734497
23.967974,54.751343
23.985401,54.751343
24.000374,54.751343
24.018955,54.378174
24.035055,54.378174
24.053255,54.291138
24.067295,54.291138
24.084524,54.500244
24.10145,54.500244
24.118706,54.500244
24.138857,55.128174
24.151009,55.128174
24.170094,54.5437
24.18538,54.5437
24.201189,54.5437
24.218979,55.35901
24.234255,55.35901
24.253115,54.56726
24.268675,54.56726
24.285746,55.014282
24.303633,55.014282
24.319378,55.014282
24.337116,55.156372
24.351799,55.156372
24.372171,55.50232
24.38475,55.50232
24.401024,55.50232
24.41965,55.67395
24.434895,55.67395
24.45277,55.58728
24.467745,55.58728
24.483856,56.192078
24.502222,56.192078
24.517448,56.192078
24.537453,56.773804
24.551847,56.773804
24.570662,55.898926
24.584314,55.898926
24.601576,55.898926
24.619747,56.33307
24.634253,56.33307
24.652779,56.844604
24.668554,56.844604
24.685688,57.33362
24.703154,57.33362
24.718449,57.33362
24.739885,57.589783
24.751226,57.589783
24.769884,58.340088
24.785072,58.340088
24.803371,58.00232
24.819643,58.00232
24.834461,58.00232
24.852026,58.150757
24.867037,58.150757
24.885365,59.15216
24.901707,59.15216
24.917767,59.15216
24.93552,58.618896
24.95086,58.618896
24.968634,59.553772
24.984838,59.553772
25.001623,59.553772
25.020258,59.83264
25.035488,59.83264
25.052593,59.892944
25.06758,59.892944
25.084763,59.998352
25.10232,59.998352
25.11792,59.998352
25.135405,59.172302
25.151142,59.172302
25.168665,60.549255
25.18376,60.549255
25.200703,60.549255
25.219149,59.792297
25.233541,59.792297
25.252438,60.149597
25.26789,60.149597
25.285137,59.95813
25.302921,59.95813
25.31953,59.95813
25.338457,60.620544
25.35041,60.620544
25.3731,60.45465
25.384687,60.45465
25.401777,60.45465
25.41913,61.259033
25.434626,61.259033
25.452097,60.790894
25.467758,60.790894
25.486324,61.149902
25.50299,61.149902
25.518362,61.149902
25.536432,61.48633
25.551088,61.48633
25.569536,61.35388
25.58627,61.35388
25.603283,61.863647
25.617924,61.863647
25.635075,61.863647
25.652449,61.669373
25.670105,61.669373
25.68523,62.53534
25.702488,62.53534
25.718027,62.53534
25.735233,62.498535
25.751228,62.498535
25.770243,63.920715
25.78431,63.920715
25.801722,63.920715
25.818787,63.786194
25.834747,63.786194
25.853024,64.19556
25.868923,64.19556
25.88378,64.69183
25.901684,64.69183
25.918661,64.69183
25.935625,64.5484
25.951132,64.5484
25.967718,64.34796
25.984562,64.34796
26.001549,64.34796
26.019997,64.75189
26.03496,64.75189
26.054543,64.75189
26.070536,65.04834
26.085949,64.98053
26.10216,64.98053
26.117407,64.98053
26.135336,65.32196
26.150866,65.32196
26.169111,65.51593
26.184952,65.51593
26.201025,65.51593
26.219307,65.90546
26.23483,65.90546
26.255474,65.45642
26.268213,65.45642
26.284216,65.45642
26.302778,66.09894
26.31662,66.09894
26.336912,66.26221
26.351917,66.26221
26.367977,66.4491
26.38395,66.4491
26.401196,66.4491
26.41969,66.982666
26.435703,66.982666
26.45636,66.689026
26.46897,66.689026
26.485634,66.72211
26.50198,66.72211
26.518793,66.72211
26.536358,66.92865
26.550556,66.92865
26.573227,66.035034
26.585222,66.035034
26.601353,66.035034
26.619495,66.931885
26.635406,66.931885
26.65498,66.564575
26.669298,66.564575
26.68563,67.25366
26.702873,67.25366
26.718029,67.25366
26.735949,66.83008
26.75195,66.83008
26.769665,67.052124
26.783962,67.052124
26.802856,67.052124
26.819,67.22345
26.834715,67.22345
26.851757,68.28113
26.868162,68.28113
26.884262,67.75183
26.90175,67.75183
26.918354,67.75183
26.93638,67.41748
26.952497,67.41748
26.970379,67.22687
26.985296,67.22687
27.001516,67.22687
27.019365,67.217834
27.034227,67.217834
27.053997,67.24652
27.06855,67.24652
27.086077,67.94653
27.102325,67.94653
27.119076,67.94653
27.13637,67.05817
27.151438,67.05817
27.168964,67.63403
27.185625,67.63403
27.201487,67.63403
27.219168,66.73804
27.234547,66.73804
27.25407,65.80945
27.268291,65.80945
27.28432,66.49945
27.302887,66.49945
27.317877,66.49945
27.335997,65.94452
27.351105,65.94452
27.369371,66.31439
27.383465,66.31439
27.40075,66.31439
27.4191,66.20062
27.434309,66.20062
27.45654,67.12567
27.467142,67.12567
27.484058,66.56091
27.502956,66.56091
27.51909,66.56091
27.539715,66.38336
27.55043,66.38336
27.56875,65.91724
27.584238,65.91724
27.601765,65.91724
27.619362,65.75513
27.635193,65.75513
27.653145,65.328674
27.668339,65.328674
27.684969,65.704834
27.703035,65.704834
27.718811,65.704834
27.736813,65.971985
27.751629,65.971985
27.7696,65.559326
27.785189,65.559326
27.80096,65.559326
27.818213,65.1449
27.834415,65.1449
27.85279,65.32672
27.86801,65.32672
27.884066,65.423035
27.901888,65.423035
27.918074,65.423035
27.93802,65.34216
27.951523,65.34216
27.969305,65.68573
27.984848,65.68573
28.001534,65.68573
28.01974,65.21472
28.035574,65.21472
28.052761,65.206604
28.068226,65.206604
28.084557,64.91724
28.102148,64.91724
28.117378,64.91724
28.136528,64.805176
28.150665,64.805176
28.168995,65.088135
28.185158,65.088135
28.201723,65.088135
28.219213,65.62225
28.234554,65.62225
28.252304,65.136475
28.267946,65.136475
28.287895,64.84253
28.302164,64.84253
28.317232,64.84253
28.336096,65.21045
28.351303,65.21045
28.368324,64.80774
28.38429,64.80774
28.403057,65.00397
28.419155,65.00397
28.449516,65.27832
28.463432,65.27832
28.473053,65.27832
28.492771,64.83722
28.507242,64.83722
28.525173,64.89093
28.54102,64.89093
28.557686,64.89093
28.57578,64.85382
28.589941,64.85382
28.607883,65.22302
28.623693,65.22302
28.64046,65.22302
28.656965,64.772644
28.673563,64.772644
28.694323,64.476746
28.706104,64.476746
28.724937,64.77893
28.740778,64.77893
28.757383,64.77893
28.775732,64.7652
28.790998,64.7652
28.808376,65.11798
28.823467,65.11798
28.841965,65.11798
28.85943,65.12848
28.87484,65.12848
28.892061,65.17828
28.906628,65.17828
28.925043,65.491394
28.940733,65.491394
28.95674,65.491394
28.975632,65.838684
28.989544,65.838684
29.008615,65.49878
29.024487,65.49878
29.040062,65.49878
29.058807,65.43884
29.073473,65.43884
29.093502,65.02936
29.107628,65.02936
29.124447,65.92438
29.141909,65.92438
29.15637,65.92438
29.174744,64.89807
29.191008,64.89807
29.210207,65.66724
29.223558,65.66724
29.23955,65.66724
29.257786,66.08154
29.273222,66.08154
29.292114,65.68347
29.30702,65.68347
29.323084,65.174194
29.340874,65.174194
29.35738,65.174194
29.375519,65.58374
29.391111,65.58374
29.411137,64.88806
29.42589,64.88806
29.441383,64.88806
29.458473,64.244934
29.475279,64.244934
29.491497,64.46808
29.506542,64.46808
29.524822,65.08795
29.541248,65.08795
29.555443,65.08795
29.57623,65.12854
29.591461,65.12854
29.607737,64.833374
29.626757,64.833374
29.641127,64.833374
29.659098,65.05292
29.675032,65.05292
29.691788,64.96002
29.706423,64.96002
29.724226,64.55249
29.740204,64.55249
29.756874,64.55249
29.778177,65.11963
29.790789,65.11963
29.80811,65.278015
29.82243,65.278015
29.841152,65.278015
29.8584,65.16339
29.87271,65.16339
29.891354,65.04132
29.905685,65.04132
29.923864,64.06842
29.941267,64.06842
29.955936,64.06842
29.975182,64.23395
29.991198,64.23395
30.008867,64.47534
30.023659,64.47534
30.039139,64.47534
30.058735,65.01843
30.072884,65.01843
30.09286,64.275085
30.105944,64.275085
30.123816,64.170654
30.14234,64.170654
30.15776,64.170654
30.175306,63.27057
30.190145,63.27057
30.207026,63.486816
30.224083,63.486816
30.240427,63.486816
30.258581,63.793396
30.273598,63.793396
30.291899,63.306458
30.308,63.306458
30.323801,62.940308
30.341673,62.940308
30.357658,62.940308
30.374285,62.7265
30.391125,62.7265
30.40716,62.749817
30.424646,62.749817
30.441122,62.749817
30.457336,61.900085
30.47354,61.900085
30.491396,62.16211
30.508785,62.16211
30.523447,61.887695
30.540777,61.887695
30.556406,61.887695
30.574839,62.09198
30.591265,62.09198
30.610252,61.831177
30.62268,61.831177
30.640932,61.831177
30.658016,61.619873
30.673595,61.619873
30.693333,61.134644
30.706835,61.134644
30.724464,61.951294
30.741844,61.951294
30.75595,61.951294
30.775616,61.37982
30.79127,61.37982
30.806826,61.940918
30.824207,61.940918
30.840853,61.940918
30.858795,61.186768
30.874407,61.186768
30.895412,61.32849
30.906998,61.32849
30.923998,60.895996
30.942736,60.895996
30.956776,60.895996
30.976131,61.026062
30.990389,61.026062
31.009735,60.011475
31.023668,60.011475
31.039728,60.011475
31.05839,60.78882
31.074211,60.78882
31.09231,60.25299
31.107294,60.25299
31.123148,60.18622
31.141205,60.18622
31.156506,60.18622
31.175219,59.702637
31.190857,59.702637
31.208881,60.199768
31.223326,60.199768
31.24118,60.199768
31.259094,59.631897
31.273514,59.631897
31.291176,59.753174
31.306719,59.753174
31.323284,58.58441
31.341337,58.58441
31.357275,58.58441
31.3771,58.061462
31.390276,58.061462
31.406977,58.94635
31.423693,58.94635
31.439281,58.94635
31.45846,57.76886
31.473509,57.76886
31.492243,57.667664
31.506157,57.667664
31.523748,58.42511
31.539803,58.42511
31.55762,58.42511
31.577068,58.835083
31.591795,58.835083
31.609615,57.90503
31.62537,57.90503
31.641144,57.90503
31.659237,57.31494
31.674286,57.31494
31.692724,58.468567
31.707151,58.468567
31.725388,58.565125
31.741476,58.565125
31.757782,58.565125
31.775963,58.341797
31.790897,58.341797
31.812046,58.307434
31.823544,58.307434
31.840382,58.307434
31.85862,57.703796
31.873003,57.703796
31.8914,57.94464
31.906647,57.94464
31.924692,57.988403
31.940792,57.988403
31.95733,57.988403
31.974636,58.39624
31.98976,58.39624
32.012203,57.77997
32.023777,57.77997
32.040268,57.77997
32.058456,57.835693
32.07314,57.835693
32.092903,57.408936
32.106598,57.408936
32.124146,57.199463
32.142548,57.199463
32.15738,57.199463
32.176014,58.034546
32.192333,58.034546
32.209946,58.034546
32.22621,57.387024
32.240143,57.387024
32.25847,57.657776
32.27443,57.657776
32.292023,56.59198
32.308006,56.59198
32.32404,56.903687
32.340786,56.903687
32.356327,56.903687
32.375877,57.131287
32.390587,57.131287
32.407993,56.096558
32.423687,56.096558
32.44104,56.096558
32.46041,56.331604
32.473324,56.331604
32.491245,56.67218
32.507694,56.67218
32.524467,56.464844
32.541313,56.464844
32.556324,56.464844
32.576027,56.56372
32.590458,56.56372
32.60734,56.487305
32.624332,56.487305
32.64138,56.487305
32.657223,55.75586
32.673397,55.75586
32.694256,55.704956
32.707077,55.704956
32.72418,56.005615
32.74151,56.005615
32.75798,56.005615
32.776237,56.232544
32.79078,56.232544
32.807964,55.81128
32.823486,55.81128
32.84035,55.81128
32.85954,55.698364
32.874012,55.698364
32.891026,55.599487
32.906746,55.599487
32.92355,55.682495
32.94242,55.682495
32.955624,55.682495
32.97593,55.57202
32.990665,55.57202
33.007515,55.240845
33.023457,55.240845
33.041374,55.240845
33.058372,55.220703
33.073063,55.220703
33.0919,55.759644
33.10858,55.759644
33.12405,56.144592
33.142345,56.144592
33.157036,56.144592
33.174404,55.85193
33.190575,55.85193
33.210476,55.687744
33.223682,55.687744
33.238914,55.687744
33.258827,55.053955
33.27466,55.053955
33.29232,54.341187
33.306297,54.341187
33.32341,54.27466
33.34088,54.27466
33.35748,54.27466
33.37567,54.741455
33.390415,54.741455
33.4105,54.404053
33.423767,54.404053
33.448044,54.95862
33.460464,54.95862
33.47364,54.95862
33.497272,54.911865
33.50877,54.911865
33.524128,54.444336
33.543873,54.444336
33.55738,54.444336
33.574955,54.95569
33.590755,54.95569
33.606647,54.828125
33.626205,54.828125
33.64136,54.828125
33.658627,54.60901
33.673416,54.60901
33.695168,54.62915
33.708008,54.62915
33.725636,54.39917
33.741463,54.39917
33.755894,54.39917
33.77737,54.82141
33.78962,54.82141
33.81006,53.94812
33.822716,53.94812
33.843307,54.464966
33.859432,54.464966
33.87471,54.464966
33.89505,54.324097
33.906845,54.324097
33.92596,54.389038
33.94203,54.389038
33.956573,54.389038
33.974594,54.226196
33.989433,54.226196
34.00961,53.711792
34.02428,53.711792
34.040802,53.711792
34.058006,53.91455
34.07252,53.91455
34.092842,54.24231
34.10713,54.24231
34.131546,55.328125
34.14315,55.328125
34.15714,55.328125
34.175785,55.061035
34.191532,55.061035
34.206203,53.918335
34.224026,53.918335
34.240562,53.918335
34.25826,54.54785
34.274097,54.54785
34.293602,53.740723
34.308716,53.740723
34.325077,53.846924
34.342213,53.846924
34.35805,53.846924
34.376522,53.94934
34.39147,53.94934
34.410847,53.473633
34.42483,53.473633
34.440063,53.473633
34.45875,54.257446
34.474056,54.257446
34.495205,53.997437
34.5067,53.997437
34.524536,53.919434
34.54042,53.919434
34.556995,53.919434
34.57365,54.039185
34.59126,54.039185
34.609325,54.26245
34.622906,54.26245
34.641087,54.26245
34.658726,53.63391
34.672787,53.63391
34.692184,53.882446
34.708412,53.882446
34.725155,54.090942
34.741962,54.090942
34.755745,54.090942
34.77397,53.598267
34.790253,53.598267
34.80872,53.38086
34.824085,53.38086
34.841125,53.38086
34.858826,53.442017
34.873962,53.442017
34.891838,53.58484
34.916252,53.58484
34.92707,53.908447
34.94149,53.908447
34.956093,53.908447
34.975857,53.7052
34.989613,53.7052
35.008125,53.803467
35.022778,53.803467
35.039833,53.803467
35.059116,52.546753
35.07374,52.546753
35.093563,53.0437
35.106663,53.0437
35.123543,53.542114
35.14249,53.542114
35.157333,53.542114
35.175694,52.967285
35.19183,52.967285
35.20822,52.878784
35.223644,52.878784
35.24169,52.878784
35.26002,53.123657
35.27415,53.123657
35.29383,52.717285
35.307945,52.717285
35.323914,52.297363
35.34063,52.297363
35.357243,52.297363
35.37741,52.091797
35.39034,52.091797
35.408794,50.99756
35.42432,50.99756
35.440456,50.99756
35.45823,51.97754
35.47356,51.97754
35.49196,51.981445
35.506836,51.981445
35.525036,51.881958
35.541042,51.881958
35.558846,51.881958
35.576656,52.635864
35.591072,52.635864
35.609013,51.583862
35.624466,51.583862
35.641796,51.583862
35.660385,52.055664
35.67369,52.055664
35.692482,52.212402
35.70804,52.212402
35.724487,51.72461
35.742023,51.72461
35.75843,51.72461
35.776352,52.94934
35.79019,52.94934
35.808937,53.640137
35.823742,53.640137
35.843212,53.69641
35.859505,53.69641
35.872902,53.69641
35.891685,53.691162
35.90689,53.691162
35.925102,53.622925
35.942196,53.622925
35.9568,53.622925
35.975994,52.96643
35.989918,52.96643
36.0083,53.20813
36.02337,53.20813
36.040073,53.20813
36.0596,53.835083
36.0733,53.835083
36.09158,53.104492
36.1079,53.104492
36.123707,53.971313
36.14283,53.971313
36.15649,53.971313
36.17627,53.95398
36.190517,53.95398
36.209408,53.93213
36.225014,53.93213
36.240562,53.93213
36.25982,54.921265
36.274822,54.921265
36.29233,54.16516
36.30785,54.16516
36.325203,54.624146
36.34225,54.624146
36.35869,54.624146
36.376255,54.99402
36.390972,54.99402
36.412483,55.839478
36.424007,55.839478
36.441322,55.839478
36.45996,55.90869
36.47497,55.90869
36.493103,56.10663
36.507816,56.10663
36.52413,55.47046
36.540234,55.47046
36.55743,55.47046
36.574684,56.09723
36.589687,56.09723
36.608097,56.503845
36.62808,56.503845
36.640804,56.503845
36.658833,57.385315
36.674503,57.385315
36.692665,57.366272
36.70688,57.366272
36.724503,56.75586
36.743153,56.75586
36.757416,56.75586
36.774857,55.980713
36.791267,55.980713
36.81183,55.72107
36.823086,55.72107
36.839046,55.72107
36.858818,56.12329
36.87309,56.12329
36.892715,57.11145
36.90632,57.11145
36.924595,57.78302
36.942764,57.78302
36.95759,57.78302
36.976448,58.300415
36.991463,58.300415
37.008297,58.72644
37.023525,58.72644
37.04156,58.72644
37.058662,59.006714
37.073116,59.006714
37.093468,59.46466
37.107178,59.46466
37.124935,59.403687
37.14131,59.403687
37.157337,59.403687
37.174614,60.72809
37.190044,60.72809
37.208176,60.839233
37.224213,60.839233
37.240944,60.839233
37.259144,61.25244
37.273045,61.25244
37.29274,61.117188
37.306076,61.117188
37.324142,60.833374
37.341114,60.833374
37.357117,60.833374
37.37741,60.90204
37.391575,60.90204
37.40806,60.986633
37.424274,60.986633
37.440273,60.986633
37.459023,61.943542
37.47357,61.943542
37.491997,61.621704
37.508038,61.621704
37.52424,62.007385
37.5406,62.007385
37.55717,62.007385
37.57691,61.944458
37.590862,61.944458
37.61088,60.7406
37.62634,60.7406
37.64118,60.7406
37.65918,60.98999
37.67469,60.98999
37.69344,61.12445
37.70736,61.12445
37.72415,61.63745
37.74013,61.63745
37.758617,61.63745
37.779324,61.575256
37.7906,61.575256
37.81135,61.461914
37.824295,61.461914
37.840855,61.461914
37.859215,61.88263
37.874138,61.88263
37.891903,62.49237
37.90662,62.49237
37.92381,61.7948
37.94079,61.7948
37.9565,61.7948
37.97587,61.703064
37.9895,61.703064
38.01018,61.689514
38.023167,61.689514
38.03977,61.689514
38.059067,61.789185
38.073875,61.789185
38.09274,62.798035
38.107597,62.798035
38.12385,63.990295
38.14281,63.990295
38.1564,63.990295
38.176243,63.58539
38.190853,63.58539
38.207085,62.727844
38.22349,62.727844
38.24063,62.727844
38.25903,63.50171
38.274128,63.50171
38.29245,63.26837
38.307274,63.26837
38.323418,63.43805
38.341263,63.43805
38.358475,63.43805
38.37517,63.95404
38.3906,63.95404
38.40705,63.874084
38.423832,63.874084
38.440723,63.874084
38.459717,64.19049
38.474163,64.19049
38.494827,65.11255
38.50721,65.11255
38.524143,65.91315
38.54068,65.91315
38.557755,65.91315
38.57411,65.445496
38.591373,65.445496
38.609283,66.42749
38.623512,66.42749
38.641666,66.42749
38.66056,66.42749
38.67635,65.98096
38.696228,66.75342
38.707607,66.75342
38.724186,66.25629
38.74128,66.25629
38.758457,66.25629
38.775444,65.93579
38.79075,65.93579
38.810196,65.82208
38.82467,65.82208
38.84188,65.82208
38.86283,65.257324
38.87419,65.257324
38.894295,65.44458
38.908108,65.44458
38.927402,66.67859
38.942486,66.67859
38.958195,66.67859
38.97605,65.72272
38.990345,65.72272
39.010468,65.64307
39.02314,65.64307
39.04043,65.64307
39.05867,65.98834
39.07315,65.98834
39.0927,65.783264
39.106964,65.783264
39.12527,65.68878
39.14188,65.68878
39.156742,65.68878
39.176395,65.895386
39.191265,65.895386
39.207977,66.71167
39.225124,66.71167
39.239918,66.71167
39.259434,66.927
39.27411,66.927
39.29189,66.72638
39.307114,66.72638
39.324314,66.65765
39.34222,66.65765
39.357586,66.65765
39.37728,66.52826
39.391544,66.52826
39.4116,66.14691
39.423717,66.14691
39.440964,66.14691
39.459602,65.4057
39.4735,65.4057
39.492283,65.77594
39.50795,65.77594
39.52542,65.6037
39.542492,65.6037
39.556625,65.6037
39.57595,65.260864
39.590904,65.260864
39.609016,64.7359
39.623596,64.7359
39.640793,64.7359
39.65833,64.541626
39.674713,64.541626
39.692852,64.359985
39.70735,64.359985
39.724796,64.75043
39.742077,64.75043
39.757492,64.75043
39.775692,64.407104
39.791836,64.407104
39.809334,64.50195
39.824074,64.50195
39.84299,64.50195
39.860123,64.36206
39.874195,64.36206
39.892395,64.31262
39.90722,64.31262
39.925133,63.580933
39.942715,63.580933
39.958378,63.580933
39.976612,63.731445
39.990017,63.731445
40.00821,64.30884
40.02436,64.30884
40.04138,64.30884
40.05932,63.862183
40.075127,63.862183
40.09179,64.0238
40.106968,64.0238
40.1241,63.470337
40.14218,63.470337
40.15681,63.470337
40.175003,63.224854
40.19219,63.224854
40.208862,63.91974
40.224644,63.91974
40.239708,63.91974
40.260624,64.16766
40.27557,64.16766
40.295414,64.928406
40.308273,64.928406
40.324574,63.36737
40.34248,63.36737
40.35748,63.36737
40.37496,63.175537
40.39037,63.175537
40.4121,64.19318
40.426582,64.19318
40.440834,64.19318
40.45962,65.07031
40.473515,65.07031
40.49469,64.23633
40.507607,64.23633
40.523785,63.661133
40.54249,63.661133
40.557854,63.661133
40.57558,63.263855
40.590675,63.263855
40.609257,63.378906
40.62569,63.378906
40.641922,63.378906
40.66011,62.599243
40.673378,62.599243
40.69598,62.529236
40.707165,62.529236
40.723854,63.09723
40.742023,63.09723
40.75723,63.09723
40.7771,62.95221
40.790413,62.95221
40.80909,62.01294
40.82431,62.01294
40.84035,62.01294
40.85882,62.040283
40.873634,62.040283
40.89293,62.687134
40.906723,62.687134
40.923588,64.45471
40.94309,64.45471
40.957226,64.45471
40.97587,63.71576
40.99114,63.71576
41.010036,62.941895
41.02384,62.941895
41.04289,62.941895
41.05842,63.89624
41.075157,63.89624
41.092304,64.31555
41.10717,64.31555
41.126976,63.150818
41.141384,63.150818
41.166737,63.368652
41.17889,63.368652
41.190628,63.368652
41.20944,63.154724
41.223392,63.154724
41.241123,63.154724
41.258495,63.944946
41.273216,63.944946
41.291016,63.19171
41.30755,63.19171
41.32478,63.88867
41.34183,63.88867
41.356728,63.88867
41.375893,63.246338
41.390697,63.246338
41.40751,64.53473
41.423855,64.53473
41.442295,64.53473
41.458755,62.623596
41.47598,62.623596
41.492294,63.21515
41.507652,63.21515
41.52574,63.636475
41.54305,63.636475
41.558037,63.636475
41.57563,63.29193
41.589672,63.29193
41.609325,62.555115
41.623905,62.555115
41.641525,62.555115
41.658745,62.72467
41.67547,62.72467
41.69658,62.8089
41.707188,62.8089
41.72598,63.122437
41.74194,63.122437
41.758327,63.122437
41.776333,63.24347
41.791134,63.24347
41.80943,62.969177
41.824917,62.969177
41.84138,62.969177
41.85974,63.257812
41.873753,63.257812
41.892124,63.0968
41.907524,63.0968
41.923615,62.439575
41.94195,62.439575
41.956436,62.439575
41.974808,62.630127
41.99055,62.630127
42.009937,62.53766
42.02358,62.53766
42.041443,62.53766
42.059658,62.44104
42.074272,62.44104
42.09575,63.6214
42.107464,63.6214
42.124317,63.274292
42.14167,63.274292
42.157486,63.274292
42.175846,62.727905
42.192158,62.727905
42.209003,62.453064
42.224224,62.453064
42.242085,62.453064
42.259228,63.304504
42.27409,63.304504
42.292984,61.67169
42.308662,61.67169
42.324238,61.67169
42.34097,61.60901
42.357494,61.60901
42.375313,61.8739
42.391247,61.8739
42.40869,61.037903
42.423035,61.037903
42.44131,61.037903
42.458977,62.060913
42.475525,62.060913
42.493317,61.073303
42.5076,61.073303
42.52428,61.06421
42.540745,61.06421
42.55727,61.06421
42.576534,60.611755
42.591652,60.611755
42.607613,60.54944
42.624397,60.54944
42.64088,60.54944
42.65852,59.62964
42.674267,59.62964
42.696495,60.401
42.70751,60.401
42.724392,60.00006
42.742203,60.00006
42.759167,60.00006
42.77613,60.855896
42.790718,60.855896
42.80997,59.4032
42.82473,59.4032
42.841766,59.4032
42.860023,59.02832
42.873478,59.02832
42.892025,60.173584
42.906666,60.173584
42.923412,60.298218
42.943153,60.298218
42.95727,60.298218
42.975758,60.86267
42.99114,60.86267
43.00799,59.467163
43.02353,59.467163
43.0417,59.467163
43.058872,60.484497
43.07437,60.484497
43.091976,60.166565
43.107616,60.166565
43.12365,60.122253
43.143024,60.122253
43.15741,60.122253
43.17657,60.060852
43.190865,60.060852
43.207394,60.08252
43.22467,60.08252
43.242027,60.08252
43.2603,59.028503
43.274143,59.028503
43.29394,59.957947
43.306767,59.957947
43.325443,58.749756
43.341705,58.749756
43.359047,58.749756
43.377964,58.798767
43.39133,58.798767
43.40808,59.711365
43.42299,59.711365
43.441566,59.711365
43.459427,58.462585
43.47343,58.462585
43.49213,58.121277
43.50757,58.121277
43.524532,58.2912
43.54292,58.2912
43.569508,58.369446
43.583775,58.369446
43.59516,58.369446
43.611652,58.606262
43.6283,58.606262
43.6447,57.769653
43.662735,57.769653
43.67679,57.769653
43.694088,58.609375
43.710747,58.609375
43.728985,58.442932
43.742428,58.442932
43.75994,58.442932
43.77787,57.77948
43.793076,57.77948
43.811386,58.095215
43.825737,58.095215
43.845028,57.355713
43.860493,57.355713
43.877117,57.355713
43.89726,56.4917
43.910397,56.4917
43.928097,56.37036
43.94386,56.37036
43.96019,56.37036
43.978466,56.117065
43.9927,56.117065
44.015553,56.19037
44.02673,56.19037
44.044243,56.330566
44.06171,56.330566
44.077,56.330566
44.0957,56.52704
44.110195,56.52704
44.128704,56.40625
44.144226,56.40625
44.160484,56.40625
44.17837,56.71118
44.193733,56.71118
44.21295,56.92987
44.22788,56.92987
44.243755,56.197388
44.261127,56.197388
44.277496,56.197388
44.29457,57.041992
44.310356,57.041992
44.32791,56.34784
44.34282,56.34784
44.36066,56.34784
44.37884,55.47632
44.39384,55.47632
44.411034,55.174805
44.427155,55.174805
44.444042,56.11682
44.46065,56.11682
44.476257,56.11682
44.49374,55.71753
44.510117,55.71753
44.53299,55.465088
44.544216,55.465088
44.56037,55.465088
44.57945,56.388794
44.594273,56.388794
44.615406,55.099
44.62752,55.099
44.64381,55.936523
44.661945,55.936523
44.678017,55.936523
44.694912,55.746094
44.7112,55.746094
44.73144,55.77173
44.743965,55.77173
44.761063,55.77173
44.781174,55.901245
44.79474,55.901245
44.815083,55.62622
44.8277,55.62622
44.844273,55.747192
44.861084,55.747192
44.87745,55.747192
44.89532,55.916748
44.91156,55.916748
44.928444,54.95227
44.943783,54.95227
44.960808,54.95227
44.978493,55.93103
44.994026,55.93103
45.013103,55.35913
45.027325,55.35913
45.045986,56.51245
45.062454,56.51245
45.0789,56.51245
45.097458,55.71631
45.11063,55.71631
45.12897,56.03888
45.143322,56.03888
45.161835,56.03888
45.180187,55.924194
45.194744,55.924194
45.213455,56.94757
45.227352,56.94757
45.245922,56.909912
45.263103,56.909912
45.277817,56.909912
45.294907,55.94397
45.311035,55.94397
45.33003,55.9386
45.343803,55.9386
45.35947,55.9386
45.378437,56.713013
45.39708,56.713013
45.41535,56.303467
45.426285,56.303467
45.444366,56.61853
45.461514,56.61853
45.47718,56.61853
45.494286,56.431458
45.51037,56.431458
45.527527,55.51941
45.54351,55.51941
45.560513,55.51941
45.577553,56.414124
45.59369,56.414124
45.611717,55.41638
45.62815,55.41638
45.644833,55.357788
45.661182,55.357788
45.677235,55.357788
45.69548,55.22888
45.711082,55.22888
45.728073,54.902954
45.74267,54.902954
45.759937,54.902954
45.777626,56.546387
45.79528,56.546387
45.81155,56.492554
45.8281,56.492554
45.84377,56.4281
45.861526,56.4281
45.876034,56.4281
45.894985,56.250366
45.909966,56.250366
45.931416,55.35437
45.943306,55.35437
45.96025,55.35437
45.978203,54.96875
45.993126,54.96875
46.01165,55.442505
46.02685,55.442505
46.0451,55.50769
46.060833,55.50769
46.076305,55.50769
46.095844,54.89795
46.10992,54.89795
46.12768,55.862427
46.14281,55.862427
46.161034,55.862427
46.178036,55.42627
46.192974,55.42627
46.211872,55.914673
46.227154,55.914673
46.244896,56.05011
46.26104,56.05011
46.277454,56.05011
46.29562,55.444824
46.31029,55.444824
46.328224,55.453247
46.343292,55.453247
46.360054,55.453247
46.377846,54.27124
46.394146,54.27124
46.411835,54.901733
46.428032,54.901733
46.443558,55.29431
46.46129,55.29431
46.47736,55.29431
46.49529,54.06909
46.51155,54.06909
46.527912,54.404785
46.544052,54.404785
46.561054,54.404785
46.578007,54.79358
46.592937,54.79358
46.61178,54.949585
46.62717,54.949585
46.64415,53.8573
46.661404,53.8573
46.67727,53.8573
46.69675,53.93164
46.709625,53.93164
46.728844,55.16919
46.744053,55.16919
46.7603,55.16919
46.77904,55.181885
46.79426,55.181885
46.811737,55.325806
46.827106,55.325806
46.84449,55.259888
46.862076,55.259888
46.876583,55.259888
46.895344,56.367493
46.910976,56.367493
46.92714,55.543335
46.943085,55.543335
46.960693,55.543335
46.97913,54.8833
46.993664,54.8833
47.01193,54.262085
47.02689,54.262085
47.044697,55.401733
47.06154,55.401733
47.077034,55.401733
47.09526,55.427246
47.11111,55.427246
47.126423,55.673584
47.145737,55.673584
47.15961,55.673584
47.17883,54.894043
47.192577,54.894043
47.214085,55.302124
47.22734,55.302124
47.243534,54.35486
47.26176,54.35486
47.276047,54.35486
47.29859,56.03058
47.310448,56.03058
47.32752,55.868286
47.34458,55.868286
47.360577,55.868286
47.378025,55.3833
47.393295,55.3833
47.41209,55.270386
47.42739,55.270386
47.443607,54.55237
47.462673,54.55237
47.476543,54.55237
47.495537,55.242798
47.5104,55.242798
47.526222,54.865967
47.54408,54.865967
47.560165,54.865967
47.578815,55.181763
47.59451,55.181763
47.61333,54.325806
47.626984,54.325806
47.647263,54.29187
47.66159,54.29187
47.6769,54.29187
47.694656,54.92688
47.709476,54.92688
47.731358,54.38269
47.74385,54.38269
47.76005,54.38269
47.778843,54.582886
47.796833,54.582886
47.814945,54.90271
47.826336,54.90271
47.843548,53.283447
47.86211,53.283447
47.876625,53.283447
47.895374,54.003418
47.909573,54.003418
47.927826,53.60193
47.945164,53.60193
47.960556,53.60193
47.978214,53.485596
47.995243,53.485596
48.01241,53.551636
48.026836,53.551636
48.045223,53.134644
48.061207,53.134644
48.075584,53.134644
48.096443,53.407837
48.11002,53.407837
48.131718,54.667725
48.144108,54.667725
48.1603,54.667725
48.17925,54.095093
48.1939,54.095093
48.213703,55.27014
48.226875,55.27014
48.243286,54.41626
48.26074,54.41626
48.276814,54.41626
48.295235,55.160034
48.310116,55.160034
48.32852,55.954834
48.34331,55.954834
48.36057,55.954834
48.37815,56.020752
48.39241,56.020752
48.414932,55.709106
48.426815,55.709106
48.443253,57.62982
48.462215,57.62982
48.47699,57.62982
48.494083,56.168945
48.509914,56.168945
48.53177,56.993896
48.54401,56.993896
48.560925,56.993896
48.578907,57.577087
48.593815,57.577087
48.61379,57.653503
48.627445,57.653503
48.64433,57.357178
48.660362,57.357178
48.676476,57.357178
48.695244,57.8515
48.710785,57.8515
48.73136,57.89612
48.743416,57.89612
48.760662,57.89612
48.778194,58.101685
48.794292,58.101685
48.814205,58.765564
48.82733,58.765564
48.845383,58.80475
48.861366,58.80475
48.877125,58.80475
48.89484,58.90692
48.911163,58.90692
48.92885,59.02057
48.94265,59.02057
48.960636,59.02057
48.979755,59.041504
48.99255,59.041504
49.01283,58.428345
49.0265,58.428345
49.044575,59.70056
49.061943,59.70056
49.076088,59.70056
49.095684,60.18451
49.109734,60.18451
49.12768,59.024353
49.14443,59.024353
49.159996,59.024353
49.178596,60.09851
49.19358,60.09851
49.211975,60.41577
49.227848,60.41577
49.245377,60.76068
49.26274,60.76068
49.277237,60.76068
49.295406,61.444824
49.31068,61.444824
49.32809,61.262268
49.344055,61.262268
49.35971,61.262268
49.378834,61.449646
49.394264,61.449646
49.414085,61.106934
49.427174,61.106934
49.444965,61.15155
49.462715,61.15155
49.477524,61.15155
49.495888,60.54657
49.509598,60.54657
49.53203,61.1062
49.542564,61.1062
49.55959,61.1062
49.578697,61.480164
49.59393,61.480164
49.61155,61.05841
49.626667,61.05841
49.644093,60.65387
49.663246,60.65387
49.67673,60.65387
49.694668,61.09845
49.70947,61.09845
49.731598,62.50763
49.743233,62.50763
49.760635,62.50763
49.778355,61.004456
49.793926,61.004456
49.814877,61.06836
49.82609,61.06836
49.844563,61.52954
49.86143,61.52954
49.87707,61.52954
49.89512,62.707825
49.909706,62.707825
49.930344,61.582214
49.94304,61.582214
49.960842,61.582214
49.980022,61.475708
49.993835,61.475708
50.012535,61.832275
50.02682,61.832275
50.0452,62.61206
50.061623,62.61206
50.07683,62.61206
50.09758,63.193787
50.10969,63.193787
50.12912,62.87677
50.14299,62.87677
50.161213,62.87677
50.179256,61.737854
50.19355,61.737854
50.212074,62.6864
50.22718,62.6864
50.24456,63.002075
50.260624,63.002075
50.275536,63.002075
50.29506,62.198364
50.31062,62.198364
50.3293,62.45099
50.342712,62.45099
50.359505,62.45099
50.378735,62.361206
50.394253,62.361206
50.411633,61.515137
50.436142,61.515137
50.447502,63.45935
50.46186,63.45935
50.477177,63.45935
50.49582,62.87213
50.51029,62.87213
50.529186,62.909546
50.54397,62.909546
50.561012,62.909546
50.579163,63.19214
50.59413,63.19214
50.611305,63.202087
50.627583,63.202087
50.644512,63.18872
50.661755,63.18872
50.677353,63.18872
50.695553,63.590515
50.71122,63.590515
50.728626,63.369263
50.743626,63.369263
50.760254,63.369263
50.778725,64.08685
50.795223,64.08685
50.81179,63.78839
50.826527,63.78839
50.845333,63.615356
50.862324,63.615356
50.878223,63.615356
50.8937,64.53339
50.911488,64.53339
50.927937,63.514038
50.944008,63.514038
50.960392,63.514038
50.979034,63.861694
50.993507,63.861694
51.012344,64.38104
51.025963,64.38104
51.044773,65.35907
51.061054,65.35907
51.077877,65.35907
51.09714,65.38342
51.10982,65.38342
51.12912,64.320496
51.142876,64.320496
51.15989,64.320496
51.17867,63.696777
51.192936,63.696777
51.21234,63.647278
51.22651,63.647278
51.246628,64.8465
51.260406,64.8465
51.27827,64.8465
51.29845,63.440308
51.309116,63.440308
51.32823,63.851807
51.34452,63.851807
51.360203,63.851807
51.379436,63.190735
51.393475,63.190735
51.412086,63.855164
51.42826,63.855164
51.44339,62.606873
51.463627,62.606873
51.47626,62.606873
51.497963,63.11194
51.510475,63.11194
51.528397,63.55841
51.54349,63.55841
51.56189,63.55841
51.57945,63.221252
51.594154,63.221252
51.612587,62.463074
51.629826,62.463074
51.645237,62.526245
51.66292,62.526245
51.677216,62.526245
51.695114,62.27411
51.711422,62.27411
51.730465,61.814453
51.74308,61.814453
51.761402,61.814453
51.777626,61.5589
51.794212,61.5589
51.81201,61.28296
51.827557,61.28296
51.844856,61.912964
51.86086,61.912964
51.876404,61.912964
51.895325,62.215515
51.910625,62.215515
51.92965,61.69507
51.943302,61.69507
51.960674,61.69507
51.97837,61.200867
51.994053,61.200867
52.01504,61.783936
52.027023,61.783936
52.04424,62.105713
52.0622,62.105713
52.077065,62.105713
52.098164,62.439697
52.110043,62.439697
52.12844,62.65332
52.143547,62.65332
52.16089,62.65332
52.17888,60.856873
52.194378,60.856873
52.211903,61.39447
52.22709,61.39447
52.243786,61.786133
52.261307,61.786133
52.2765,61.786133
52.29588,62.09729
52.310513,62.09729
52.32738,61.617737
52.344112,61.617737
52.360546,61.617737
52.378693,61.365173
52.39455,61.365173
52.412807,62.301453
52.426952,62.301453
52.444855,62.53546
52.462833,62.53546
52.477165,62.53546
52.495575,60.888855
52.510815,60.888855
52.52841,61.537903
52.54448,61.537903
52.56063,61.537903
52.579666,61.667236
52.594246,61.667236
52.61534,60.879395
52.62708,60.879395
52.64447,61.93158
52.661575,61.93158
52.676083,61.93158
52.696007,61.67865
52.710224,61.67865
52.732876,61.885193
52.743336,61.885193
52.761314,61.885193
52.778187,60.977234
52.793568,60.977234
52.81188,61.128235
52.827446,61.128235
52.845886,61.24695
52.861534,61.24695
52.876842,61.24695
52.895752,61.26587
52.90988,61.26587
52.928215,60.918945
52.94402,60.918945
52.960266,60.918945
52.979366,60.51233
52.99391,60.51233
53.012524,61.135254
53.027508,61.135254
53.0439,62.001526
53.061672,62.001526
53.077606,62.001526
53.096237,62.71344
53.10991,62.71344
53.13094,62.256775
53.14352,62.256775
53.160774,62.256775
53.178802,61.05786
53.19401,61.05786
53.212734,61.954956
53.22778,61.954956
53.24525,62.420166
53.261734,62.420166
53.27731,62.420166
53.295383,62.060974
53.310844,62.060974
53.32796,60.413696
53.343105,60.413696
53.360207,60.413696
53.379063,61.42218
53.394875,61.42218
53.41296,61.80829
53.42724,61.80829
53.44375,61.611023
53.46194,61.611023
53.4763,61.611023
53.497005,61.704834
53.51058,61.704834
53.527256,61.799805
53.544567,61.799805
53.56114,61.799805
53.578926,61.647522
53.59383,61.647522
53.611168,61.466675
53.626736,61.466675
53.644684,60.9162
53.663193,60.9162
53.678978,60.9162
53.695713,61.38977
53.709858,61.38977
53.72874,61.012146
53.743927,61.012146
53.759872,61.012146
53.777626,60.849243
53.792923,60.849243
53.811478,60.643677
53.82701,60.643677
53.844826,60.81189
53.86225,60.81189
53.878166,60.81189
53.896713,60.47119
53.91111,60.47119
53.92828,61.024414
53.944324,61.024414
53.95963,61.024414
53.979214,60.53363
53.992558,60.53363
54.012142,60.865417
54.027206,60.865417
54.044453,60.602173
54.06199,60.602173
54.07693,60.602173
54.096046,61.25305
54.10991,61.25305
54.12801,61.17462
54.145035,61.17462
54.160305,61.17462
54.179535,59.821228
54.193012,59.821228
54.214806,59.00885
54.22801,59.00885
54.244297,60.572876
54.261364,60.572876
54.27773,60.572876
54.297436,60.857178
54.312347,60.857178
54.326633,60.02307
54.345963,60.02307
54.3591,60.02307
54.379505,59.968567
54.394184,59.968567
54.41463,59.9104
54.426495,59.9104
54.443737,60.151917
54.462093,60.151917
54.476604,60.151917
54.495293,58.644775
54.511356,58.644775
54.527946,58.534058
54.544323,58.534058
54.56069,58.534058
54.57841,59.594116
54.59357,59.594116
54.612366,58.668213
54.62652,58.668213
54.64434,58.45233
54.662575,58.45233
54.678288,58.45233
54.695267,58.793213
54.711773,58.793213
54.73195,59.23584
54.7457,59.23584
54.76018,59.23584
54.782387,59.05359
54.795795,59.05359
54.81212,58.505188
54.82773,58.505188
54.844154,58.534546
54.861683,58.534546
54.876595,58.534546
54.89508,57.757935
54.908894,57.757935
54.931545,56.950134
54.944107,56.950134
54.960552,56.950134
54.97763,57.048523
54.994144,57.048523
55.012814,57.443237
55.028557,57.443237
55.045982,58.203613
55.06212,58.203613
55.076973,58.203613
55.096214,57.755005
55.110065,57.755005
55.12798,58.813293
55.144466,58.813293
55.16105,58.813293
55.177685,58.71283
55.194515,58.71283
55.211903,59.112854
55.22723,59.112854
55.24587,59.32776
55.263012,59.32776
55.276188,59.32776
55.294655,57.796387
55.310642,57.796387
55.32884,57.79492
55.34527,57.79492
55.360744,57.79492
55.379826,58.276855
55.3945,58.276855
55.4109,57.64264
55.427006,57.64264
55.444065,57.27057
55.461285,57.27057
55.47799,57.27057
55.496178,57.35974
55.511635,57.35974
55.52771,57.655273
55.54327,57.655273
55.560932,57.655273
55.579376,56.90277
55.59363,56.90277
55.6119,57.586975
55.627037,57.586975
55.645233,57.519043
55.666008,57.519043
55.677814,57.519043
55.695347,57.311646
55.71167,57.311646
55.73215,57.1062
55.74331,57.1062
55.76295,57.682312
55.778156,57.682312
55.794933,57.682312
55.81338,58.169617
55.827286,58.169617
55.843735,58.218567
55.861946,58.218567
55.876305,58.218567
55.89473,57.663574
55.910683,57.663574
55.927692,57.841553
55.94434,57.841553
55.96123,57.841553
55.978928,57.5036
55.99301,57.5036
56.013073,57.318604
56.027596,57.318604
56.043797,57.012085
56.061962,57.012085
56.077377,57.012085
56.095383,56.80304
56.11051,56.80304
56.12863,57.455383
56.144043,57.455383
56.160404,57.455383
56.178474,57.453674
56.1936,57.453674
56.21092,56.6333
56.227283,56.6333
56.244053,56.425415
56.26091,56.425415
56.27727,56.425415
56.295734,56.265686
56.31167,56.265686
56.3311,56.606934
56.34581,56.606934
56.360046,56.606934
56.378452,56.446472
56.394566,56.446472
56.41508,57.132324
56.427364,57.132324
56.44331,57.277283
56.462658,57.277283
56.47639,57.277283
56.495823,56.74347
56.51117,56.74347
56.52776,56.507935
56.543808,56.507935
56.56154,56.507935
56.577484,56.25952
56.59457,56.25952
56.61536,56.550476
56.62791,56.550476
56.648766,56.241882
56.66344,56.241882
56.67744,56.241882
56.695316,56.38983
56.7124,56.38983
56.730606,56.5448
56.74491,56.5448
56.76312,55.731445
56.778477,55.731445
56.794674,55.731445
56.81268,55.92285
56.826313,55.92285
56.847794,55.605835
56.860558,55.605835
56.876755,55.605835
56.89732,55.8584
56.910923,55.8584
56.928925,55.681152
56.94337,55.681152
56.96092,55.681152
56.97811,56.060364
56.99441,56.060364
57.01354,55.96216
57.028107,55.96216
57.044758,55.425537
57.062088,55.425537
57.07701,55.425537
57.095795,55.79663
57.110153,55.79663
57.12691,56.08258
57.1454,56.08258
57.160717,56.08258
57.179287,55.667603
57.193897,55.667603
57.211945,57.20807
57.227146,57.20807
57.24395,56.24695
57.26433,56.24695
57.277954,56.24695
57.295696,56.601807
57.31171,56.601807
57.330227,56.155823
57.34382,56.155823
57.36196,56.155823
57.377792,56.748474
57.393753,56.748474
57.41154,56.31787
57.427708,56.31787
57.444775,55.864136
57.460457,55.864136
57.477493,55.864136
57.498318,55.95984
57.511055,55.95984
57.527397,55.82727
57.54498,55.82727
57.561794,55.82727
57.57731,56.214844
57.59421,56.214844
57.614048,55.300293
57.62886,55.300293
57.644836,55.102905
57.661922,55.102905
57.677876,55.102905
57.695618,55.6073
57.710205,55.6073
57.728878,55.243164
57.74481,55.243164
57.761646,55.243164
57.778996,55.363403
57.794632,55.363403
57.81567,55.290405
57.82705,55.290405
57.84424,56.30304
57.861652,56.30304
57.877243,56.30304
57.895744,56.191345
57.911163,56.191345
57.93224,55.669556
57.944046,55.669556
57.960705,55.669556
57.978584,55.58606
57.994446,55.58606
58.014927,55.393433
58.02781,55.393433
58.044674,55.305664
58.06206,55.305664
58.077305,55.305664
58.09454,55.77832
58.11122,55.77832
58.128166,55.768677
58.14498,55.768677
58.16147,55.768677
58.178604,55.733765
58.193394,55.733765
58.212025,56.012512
58.226852,56.012512
58.243477,55.688354
58.26352,55.688354
58.2787,55.688354
58.294598,55.431396
58.311363,55.431396
58.33238,55.088623
58.34356,55.088623
58.361244,55.088623
58.377666,55.458374
58.39407,55.458374
58.412537,55.082275
58.434994,55.082275
58.44727,54.62561
58.461586,54.62561
58.478123,54.62561
58.49624,53.767334
58.510426,53.767334
58.529545,53.829224
58.54454,53.829224
58.56115,53.829224
58.578148,52.604614
58.594517,52.604614
58.61171,53.039062
58.628242,53.039062
58.64432,52.906372
58.662403,52.906372
58.67818,52.906372
58.69545,53.610474
58.71067,53.610474
58.729492,55.142944
58.743958,55.142944
58.76088,55.142944
58.782944,54.301514
58.79601,54.301514
58.814625,54.707275
58.827454,54.707275
58.845116,54.364746
58.86341,54.364746
58.879032,54.364746
58.89828,54.253906
58.911247,54.253906
58.929306,54.632812
58.945957,54.632812
58.959805,54.632812
58.979885,54.39917
58.993324,54.39917
59.012177,54.15674
59.026634,54.15674
59.04465,54.714355
59.062046,54.714355
59.077023,54.714355
59.095512,54.850098
59.111073,54.850098
59.12829,54.70984
59.145092,54.70984
59.16154,54.70984
59.17959,54.16858
59.19349,54.16858
59.214188,54.936157
59.227375,54.936157
59.244247,54.47046
59.260994,54.47046
59.277103,54.47046
59.296642,55.535645
59.310917,55.535645
59.329586,54.8573
59.343403,54.8573
59.360756,54.8573
59.379,55.603027
59.393814,55.603027
59.41307,54.811646
59.42901,54.811646
59.44386,54.121826
59.462353,54.121826
59.477715,54.121826
59.49421,53.461304
59.51059,53.461304
59.52893,54.694458
59.544662,54.694458
59.56105,54.694458
59.58002,54.292847
59.5937,54.292847
59.612267,55.02417
59.627857,55.02417
59.644726,54.44055
59.66373,54.44055
59.67781,54.44055
59.694485,54.097046
59.7103,54.097046
59.729275,53.67578
59.743946,53.67578
59.76039,53.67578
59.778496,53.77478
59.793007,53.77478
59.811974,53.581177
59.827644,53.581177
59.84458,54.56079
59.86123,54.56079
59.87806,54.56079
59.8955,54.0979
59.910973,54.0979
59.92889,54.242188
59.943306,54.242188
59.96072,54.242188
59.978146,53.90686
59.99478,53.90686
60.0,53.90686
