0.08,94.83954
0.16,94.826416
0.2,94.7536
0.24,95.13214
0.2723638,95.332214
0.28861725,96.01312
0.30433193,96.01312
0.32015416,96.01312
0.33839133,95.728516
0.35398343,95.728516
0.3741375,95.744446
0.3887138,95.744446
0.40500394,96.23859
0.4222643,96.23859
0.43749005,96.23859
0.45536628,95.58478
0.47096378,95.58478
0.48786035,96.08807
0.50255674,96.08807
0.5207208,96.08807
0.5377161,95.58203
0.5549938,95.58203
0.5723287,96.899536
0.5869003,96.899536
0.60402864,96.12433
0.6223411,96.12433
0.6373436,96.12433
0.65513074,96.861206
0.6705645,96.861206
0.68802416,96.89508
0.702883,96.89508
0.71984243,96.89508
0.73688596,96.89508
0.75548136,97.450806
0.7719444,97.62372
0.7869383,97.62372
0.8057393,97.5636
0.8272034,97.5636
0.8389234,97.5636
0.8563121,97.5636
0.8719582,97.95264
0.8911141,98.43384
0.9053875,98.43384
0.9212265,98.43384
0.93920624,99.0921
0.9551041,99.0921
0.9760947,97.30463
0.98874223,97.30463
1.0047852,98.49658
1.0232055,98.49658
1.0384325,98.49658
1.057047,99.38934
1.0711418,99.38934
1.089257,98.947205
1.1030204,98.947205
1.1202213,98.947205
1.1396096,99.79498
1.1545802,99.79498
1.1727755,99.738525
1.1872494,99.738525
1.2038587,100.26831
1.2225112,100.26831
1.23855,100.26831
1.2586262,100.1535
1.271934,100.1535
1.2890024,100.56171
1.3043056,100.56171
1.3224019,100.56171
1.3390049,99.94971
1.3552065,99.94971
1.3762227,100.53198
1.3878002,100.53198
1.4049019,100.29443
1.4225619,100.29443
1.4367175,100.29443
1.4560945,100.93616
1.4716862,100.93616
1.4888232,100.64636
1.5042287,100.64636
1.5211921,100.64636
1.5395558,101.47479
1.554734,101.47479
1.5734625,100.91986
1.5872623,100.91986
1.6055579,101.61029
1.6228309,101.61029
1.6389203,101.61029
1.6560211,101.542725
1.672146,101.542725
1.6889477,102.355225
1.7038436,102.355225
1.7209754,102.355225
1.7386744,102.30237
1.754231,102.30237
1.772975,102.54773
1.788063,102.54773
1.8045597,102.026245
1.8217068,102.026245
1.8389459,102.026245
1.8568916,102.19159
1.8717806,102.19159
1.8896825,101.89349
1.9051048,101.89349
1.9239445,100.21661
1.9385163,100.21661
1.9535391,100.21661
1.9779038,100.19025
1.9876158,100.19025
2.0040817,100.57568
2.0214894,100.57568
2.0378554,100.57568
2.0571687,101.56433
2.0716352,101.56433
2.0898626,101.97186
2.1049893,101.97186
2.1211348,101.97186
2.1389923,102.298706
2.1555567,102.298706
2.1749272,101.97864
2.188239,101.97864
2.207469,102.58032
2.223132,102.58032
2.237279,102.58032
2.2563052,103.45276
2.2714632,103.45276
2.2883322,103.48236
2.3047237,103.48236
2.3206105,103.48236
2.3392887,104.769165
2.3536916,104.769165
2.3723218,104.814026
2.3879714,104.814026
2.4045978,103.10498
2.4228282,103.10498
2.4374368,103.10498
2.4558733,102.49432
2.4717913,102.49432
2.4895806,101.48047
2.5045824,101.48047
2.5206804,101.48047
2.5399776,100.823975
2.5552745,100.823975
2.572145,101.597046
2.5877106,101.597046
2.60551,102.04382
2.6214404,102.04382
2.6377523,102.04382
2.6554615,104.026184
2.6713266,104.026184
2.6888676,105.43359
2.7044642,105.43359
2.7218306,105.43359
2.7392495,105.30017
2.755209,105.30017
2.7731535,104.458435
2.787788,104.458435
2.8054197,105.414856
2.8232908,105.414856
2.8370361,105.414856
2.8564417,102.68964
2.871389,102.68964
2.8901682,104.24176
2.9047732,104.24176
2.9224038,104.24176
2.9398742,104.19617
2.954936,104.19617
2.9733624,104.04419
2.9880338,104.04419
3.0089366,104.41077
3.0225315,104.41077
3.0389726,104.41077
3.0567873,106.26318
3.0712452,106.26318
3.090187,105.57214
3.104559,105.57214
3.1205027,105.57214
3.139656,105.32416
3.154946,105.32416
3.1723318,105.88971
3.1880848,105.88971
3.2043366,106.25421
3.2215452,106.25421
3.237452,106.25421
3.2566743,106.39783
3.2721639,106.39783
3.2888255,105.75635
3.306469,105.75635
3.3221786,105.75635
3.33942,104.3407
3.3543649,104.3407
3.3720374,105.23364
3.386528,105.23364
3.4059186,106.16492
3.422637,106.16492
3.4379811,106.16492
3.4558306,105.10724
3.4709058,105.10724
3.4922514,105.57428
3.5048146,105.57428
3.5210226,105.57428
3.538227,105.57031
3.5538597,105.57031
3.5720832,105.79089
3.5885859,105.79089
3.6040747,105.433655
3.623004,105.433655
3.638907,105.433655
3.6554894,105.11786
3.6710181,105.11786
3.689547,105.81732
3.7046385,105.81732
3.7216663,105.81732
3.7396324,105.39508
3.7539637,105.39508
3.7725217,106.094666
3.7874727,106.094666
3.805956,105.6015
3.8232152,105.6015
3.837413,105.6015
3.8560603,104.884705
3.8724132,104.884705
3.8895903,104.37543
3.9041135,104.37543
3.9223197,104.37543
3.9389176,103.49573
3.955258,103.49573
3.9723158,103.96515
3.988101,103.96515
4.004546,103.15259
4.0233707,103.15259
4.038246,103.15259
4.056454,104.8761
4.071254,104.8761
4.089242,104.87781
4.1041703,104.87781
4.122193,104.87781
4.1383266,105.18274
4.15478,105.18274
4.173922,103.80762
4.188508,103.80762
4.2048745,104.19037
4.222452,104.19037
4.2377706,104.19037
4.256422,104.61066
4.2709703,104.61066
4.2894363,103.65033
4.303698,103.65033
4.320626,103.65033
4.338603,102.71802
4.3537564,102.71802
4.372899,103.27246
4.388029,103.27246
4.4061403,102.46515
4.4230924,102.46515
4.437016,102.46515
4.4568233,102.60675
4.471045,102.60675
4.4894757,101.6264
4.5044594,101.6264
4.5237265,101.74762
4.539605,101.74762
4.5540123,101.74762
4.572776,101.56848
4.5891385,101.56848
4.605153,101.588806
4.6208677,101.588806
4.6384745,101.588806
4.6560974,100.89142
4.6722493,100.89142
4.6932755,101.41742
4.705042,101.41742
4.72244,101.41742
4.7399487,101.99512
4.753954,101.99512
4.7723494,101.06256
4.7885027,101.06256
4.805907,102.23883
4.82165,102.23883
4.838033,102.23883
4.8560634,101.91754
4.8722606,101.91754
4.8893833,102.159485
4.904803,102.159485
4.9214087,102.159485
4.938664,101.83746
4.953927,101.83746
4.9732575,101.53046
4.9882584,101.53046
5.004327,101.326294
5.0218506,101.326294
5.0381703,101.326294
5.0561576,101.94574
5.071625,101.94574
5.0912924,102.154785
5.1050878,102.154785
5.121547,102.154785
5.139411,101.60687
5.154095,101.60687
5.173019,102.26477
5.187826,102.26477
5.20527,101.50897
5.223004,101.50897
5.238102,101.50897
5.255882,101.93683
5.2767444,101.93683
5.2887278,101.21887
5.304904,101.21887
5.32174,101.21887
5.339132,101.44263
5.354696,101.44263
5.3726206,102.63257
5.388912,102.63257
5.4040427,102.20227
5.422862,102.20227
5.437972,102.20227
5.4562025,102.75488
5.4722753,102.75488
5.4889774,102.43506
5.505275,102.43506
5.5209174,102.43506
5.540691,102.81268
5.554525,102.81268
5.573139,102.50653
5.5870667,102.50653
5.6044464,102.12604
5.622067,102.12604
5.6384325,102.12604
5.654289,101.1499
5.67031,101.1499
5.690929,101.178345
5.7044683,101.178345
5.7209,101.178345
5.739505,101.378235
5.754735,101.378235
5.7717357,101.00177
5.787706,101.00177
5.8047094,100.87079
5.821417,100.87079
5.8375893,100.87079
5.855407,101.00989
5.870884,101.00989
5.8889084,100.522644
5.9050484,100.522644
5.920603,100.522644
5.9392757,101.050964
5.9553146,101.050964
5.9752626,100.94403
5.9876394,100.94403
6.0047293,101.04187
6.021635,101.04187
6.039001,101.04187
6.056954,101.787415
6.071812,101.787415
6.0934043,101.90875
6.103881,101.90875
6.1207886,101.90875
6.1398373,101.396484
6.153724,101.396484
6.1732903,100.897705
6.1874704,100.897705
6.2050714,98.552124
6.2215004,98.552124
6.2377257,98.552124
6.257461,101.12665
6.2706823,101.12665
6.288882,99.65967
6.3041773,99.65967
6.32122,99.65967
6.338843,98.314026
6.354283,98.314026
6.377275,99.15619
6.388554,99.15619
6.4050713,99.83679
6.422737,99.83679
6.4379077,99.83679
6.4555798,98.831116
6.471064,98.831116
6.4900465,99.53992
6.504583,99.53992
6.5223207,99.53992
6.539691,99.2973
6.553994,99.2973
6.57185,99.32324
6.5874715,99.32324
6.604737,99.06152
6.6226873,99.06152
6.63724,99.06152
6.6553164,97.24609
6.671455,97.24609
6.6895194,97.21887
6.70488,97.21887
6.722019,97.21887
6.740155,98.182556
6.7559605,98.182556
6.7728806,97.99176
6.7888393,97.99176
6.805139,97.91669
6.8223715,97.91669
6.8383746,97.91669
6.856425,97.522705
6.8704214,97.522705
6.8890142,97.850525
6.9042273,97.850525
6.9208827,97.850525
6.939076,97.02667
6.9547997,97.02667
6.9734106,97.47577
6.9879704,97.47577
7.0055337,96.786865
7.021935,96.786865
7.0371537,96.786865
7.056208,97.5022
7.072227,97.5022
7.0868487,97.5022
7.1063266,97.5022
7.1234713,97.725586
7.14317,97.87616
7.1537833,97.87616
7.173329,97.71863
7.188764,97.71863
7.206057,97.522766
7.2224,97.522766
7.238741,97.522766
7.2567763,96.520386
7.2708254,96.520386
7.289363,96.94568
7.304902,96.94568
7.322194,96.94568
7.3389163,96.49011
7.3538265,96.49011
7.3756647,97.14606
7.3885384,97.14606
7.405067,96.56354
7.42166,96.56354
7.4376874,96.56354
7.4569073,96.74939
7.4719667,96.74939
7.4898386,96.75018
7.503862,96.75018
7.521235,96.75018
7.538285,96.35559
7.554622,96.35559
7.5734463,96.05548
7.5873637,96.05548
7.604506,96.29437
7.6229506,96.29437
7.6385946,96.29437
7.656478,95.833496
7.672824,95.833496
7.6895385,96.36786
7.704163,96.36786
7.7212324,96.36786
7.7390537,96.11926
7.754155,96.11926
7.7734375,95.98932
7.788535,95.98932
7.8056226,95.511475
7.8217144,95.511475
7.8391757,95.511475
7.856438,95.044495
7.8716035,95.044495
7.8892107,95.02606
7.90378,95.02606
7.92129,95.02606
7.9390535,94.63025
7.955164,94.63025
7.974411,94.17682
7.987978,94.17682
8.004146,93.947754
8.020725,93.947754
8.037667,93.947754
8.058041,93.85718
8.072008,93.85718
8.088866,93.89557
8.104702,93.89557
8.123848,94.34613
8.140675,94.34613
8.155374,94.34613
8.173943,93.83435
8.18689,93.83435
8.204729,93.80121
8.222393,93.80121
8.236998,93.80121
8.257203,94.05591
8.271163,94.05591
8.290093,93.338196
8.3064165,93.338196
8.322029,93.338196
8.33839,93.772095
8.354698,93.772095
8.373508,93.4577
8.388095,93.4577
8.40515,93.873474
8.422438,93.873474
8.437806,93.873474
8.456957,93.226746
8.470715,93.226746
8.492935,93.687805
8.505391,93.687805
8.521542,93.687805
8.539293,93.78528
8.554788,93.78528
8.576471,93.53821
8.587205,93.53821
8.604583,93.480774
8.621159,93.480774
8.638688,93.480774
8.655571,93.479126
8.670305,93.479126
8.689086,93.23279
8.704091,93.23279
8.7239685,93.4068
8.739978,93.4068
8.754789,93.4068
8.772871,93.44226
8.788226,93.44226
8.805847,93.48993
8.822754,93.48993
8.837837,93.48993
8.856971,93.60925
8.871028,93.60925
8.890182,93.49036
8.903859,93.49036
8.92163,93.49036
8.939579,93.53644
8.956331,93.53644
8.971952,93.27826
8.987957,93.27826
9.00422,93.08392
9.022058,93.08392
9.038455,93.08392
9.057351,92.867676
9.072078,92.867676
9.094498,93.178406
9.104904,93.178406
9.121237,93.178406
9.138673,93.83258
9.153883,93.83258
9.1727085,93.82648
9.187943,93.82648
9.205482,93.8656
9.222034,93.8656
9.238278,93.8656
9.256374,93.67621
9.271645,93.67621
9.288603,93.88611
9.305868,93.88611
9.32111,93.88611
9.339403,93.67743
9.355198,93.67743
9.371783,93.89484
9.388161,93.89484
9.407133,93.918335
9.422598,93.918335
9.438228,93.918335
9.455687,93.69263
9.470442,93.69263
9.4901,93.77466
9.504097,93.77466
9.521556,93.77466
9.538473,93.908936
9.554692,93.908936
9.5757675,94.07788
9.587541,94.07788
9.605035,93.509766
9.6226,93.509766
9.639263,93.509766
9.657252,93.51636
9.670603,93.51636
9.690914,93.845764
9.704644,93.845764
9.721889,93.845764
9.739259,93.69299
9.7543955,93.69299
9.77352,94.087036
9.788224,94.087036
9.805872,94.07422
9.822953,94.07422
9.838203,94.07422
9.8569565,93.940735
9.87064,93.940735
9.890182,93.901245
9.904131,93.901245
9.921182,93.901245
9.940133,93.935
9.962606,93.935
9.975929,93.9837
9.988925,93.9837
10.005913,93.977295
10.022803,93.977295
10.037118,93.977295
10.056825,94.196106
10.071579,94.196106
10.089532,94.2113
10.105544,94.2113
10.123131,94.419495
10.139799,94.419495
10.155731,94.419495
10.171979,94.135864
10.187805,94.135864
10.206279,94.50964
10.222782,94.50964
10.238011,94.50964
10.256109,94.79657
10.270862,94.79657
10.293389,94.84033
10.305218,94.84033
10.321995,94.84033
10.3398285,94.98523
10.354653,94.98523
10.3751,94.984985
10.387855,94.984985
10.405538,94.87537
10.423721,94.87537
10.43788,94.87537
10.457495,94.88312
10.471077,94.88312
10.489251,94.75543
10.503761,94.75543
10.520609,94.75543
10.539765,94.98273
10.553646,94.98273
10.577308,94.34552
10.587779,94.34552
10.604021,94.52704
10.62287,94.52704
10.638565,94.52704
10.656767,94.19507
10.671669,94.19507
10.689482,94.29205
10.703851,94.29205
10.7220545,94.29205
10.740789,94.17804
10.754707,94.17804
10.772466,94.78113
10.78941,94.78113
10.80393,94.00714
10.823695,94.00714
10.838365,94.00714
10.855697,94.3208
10.870951,94.3208
10.890508,94.02313
10.904858,94.02313
10.92092,94.02313
10.939821,93.831726
10.954892,93.831726
10.973551,94.13257
10.987896,94.13257
11.005092,94.317444
11.022659,94.317444
11.038406,94.317444
11.057337,94.64508
11.070947,94.64508
11.089992,94.330505
11.104411,94.330505
11.123075,94.1142
11.139587,94.1142
11.155108,94.1142
11.173415,94.14258
11.186961,94.14258
11.204284,94.34088
11.22212,94.34088
11.2391815,94.34088
11.256798,94.633606
11.272066,94.633606
11.289755,94.12164
11.303616,94.12164
11.320854,94.12164
11.338638,93.631226
11.355019,93.631226
11.373101,93.79657
11.388303,93.79657
11.405408,94.12421
11.422746,94.12421
11.438333,94.12421
11.455973,93.53552
11.471428,93.53552
11.492778,93.55011
11.506715,93.55011
11.523103,94.434814
11.539518,94.434814
11.5542555,94.434814
11.575889,94.41046
11.588043,94.41046
11.605638,94.58362
11.623177,94.58362
11.6383505,94.58362
11.656094,94.61511
11.672005,94.61511
11.691491,94.64209
11.704626,94.64209
11.720763,94.64209
11.738621,94.68872
11.754621,94.68872
11.773409,94.393005
11.789062,94.393005
11.805984,94.177795
11.82309,94.177795
11.838613,94.177795
11.85652,94.02399
11.872762,94.02399
11.890044,94.20215
11.905518,94.20215
11.923851,93.960754
11.939293,93.960754
11.954507,93.960754
11.973461,94.09924
11.988216,94.09924
12.004062,93.116394
12.022978,93.116394
12.038789,93.116394
12.057626,94.04474
12.071559,94.04474
12.089972,93.81366
12.104526,93.81366
12.122712,93.81366
12.140165,93.64453
12.154201,93.64453
12.171951,93.57599
12.187809,93.57599
12.20529,93.3775
12.223223,93.3775
12.238426,93.3775
12.25699,94.43939
12.271588,94.43939
12.289311,95.00806
12.304527,95.00806
12.3204565,95.00806
12.339618,94.38446
12.354758,94.38446
12.371496,94.317505
12.38808,94.317505
12.405376,94.64154
12.422992,94.64154
12.438786,94.64154
12.455608,95.184265
12.470801,95.184265
12.492459,94.50037
12.505043,94.50037
12.522453,94.50037
12.538848,95.01837
12.555283,95.01837
12.573248,95.43268
12.586936,95.43268
12.605684,96.06433
12.622638,96.06433
12.638306,96.06433
12.656466,95.928406
12.67059,95.928406
12.688515,96.30701
12.705654,96.30701
12.720761,96.30701
12.740686,96.14392
12.756191,96.14392
12.77257,96.35535
12.7922125,96.35535
12.805283,96.48328
12.823276,96.48328
12.838538,96.48328
12.855789,96.63202
12.870876,96.63202
12.890558,97.134094
12.905554,97.134094
12.92121,97.134094
12.939307,97.64557
12.954454,97.64557
12.973878,97.55475
12.987399,97.55475
13.017979,97.59302
13.030072,97.59302
13.042595,97.59302
13.060752,98.366516
13.075294,98.366516
13.093852,98.55481
13.10838,98.55481
13.124894,98.714905
13.1437,98.714905
13.157715,98.714905
13.176126,98.58899
13.190816,98.58899
13.214123,99.07733
13.240657,99.07733
13.258465,99.04999
13.267389,99.04999
13.284959,98.889404
13.300765,98.889404
13.316329,98.889404
13.335669,97.76935
13.349528,97.76935
13.368414,99.1781
13.382611,99.1781
13.399423,99.1781
13.419034,99.19147
13.43255,99.19147
13.455392,98.25299
13.467631,98.25299
13.483126,98.49231
13.499073,98.49231
13.516637,98.49231
13.53453,98.81085
13.551021,98.81085
13.566667,99.23065
13.584201,99.23065
13.5995455,99.23065
13.6186075,98.9483
13.632549,98.9483
13.651231,99.23047
13.666664,99.23047
13.68351,99.685974
13.7013645,99.685974
13.716672,99.685974
13.733879,100.31671
13.749438,100.31671
13.767684,99.664
13.78399,99.664
13.800765,99.664
13.818763,100.167786
13.833376,100.167786
13.855039,100.02521
13.86737,100.02521
13.883976,100.58246
13.899589,100.58246
13.916465,100.58246
13.934647,99.80524
13.949368,99.80524
13.969371,100.05817
13.98237,100.05817
14.000225,100.05817
14.018294,100.05621
14.032951,100.05621
14.051053,100.78546
14.066244,100.78546
14.083419,101.55243
14.100701,101.55243
14.116782,101.55243
14.133836,102.18408
14.149021,102.18408
14.167797,101.06726
14.182978,101.06726
14.199857,101.06726
14.216653,100.68927
14.232044,100.68927
14.250066,102.07446
14.265821,102.07446
14.283423,103.53229
14.300834,103.53229
14.3163805,103.53229
14.333229,102.21716
14.349822,102.21716
14.366852,102.29364
14.384127,102.29364
14.399352,102.29364
14.418372,102.69739
14.432565,102.69739
14.451282,102.58984
14.467446,102.58984
14.482714,102.58984
14.500141,102.76538
14.516367,102.76538
14.534385,102.60321
14.54952,102.60321
14.567448,102.87323
14.582763,102.87323
14.59951,102.87323
14.617247,103.01764
14.633178,103.01764
14.65368,102.006165
14.671989,102.006165
14.684989,102.12787
14.701335,102.12787
14.716646,102.12787
14.7356415,102.331055
14.749463,102.331055
14.771246,102.428345
14.7832985,102.428345
14.800663,102.428345
14.8183,101.56268
14.834671,101.56268
14.855038,101.23547
14.867229,101.23547
14.883981,100.898865
14.901078,100.898865
14.916265,100.898865
14.933183,100.982056
14.949294,100.982056
14.968546,100.670166
14.983257,100.670166
14.99903,100.670166
15.017093,100.87036
15.032831,100.87036
15.052446,100.45386
15.067259,100.45386
15.084073,101.23035
15.100247,101.23035
15.115881,101.23035
15.133107,100.12134
15.149223,100.12134
15.167047,100.20892
15.184273,100.20892
15.199236,100.20892
15.217322,99.77289
15.234196,99.77289
15.251189,100.47296
15.266762,100.47296
15.283432,100.26221
15.300818,100.26221
15.316826,100.26221
15.334032,99.94818
15.349147,99.94818
15.367693,99.22522
15.382726,99.22522
15.399393,99.22522
15.41705,99.73004
15.433324,99.73004
15.454906,99.417114
15.467414,99.417114
15.483428,98.52222
15.500994,98.52222
15.516121,98.52222
15.533953,99.607666
15.550396,99.607666
15.570376,99.48291
15.586254,99.48291
15.601643,99.48291
15.617729,99.9267
15.633585,99.9267
15.653865,99.17468
15.666858,99.17468
15.689023,99.17468
15.701334,99.55676
15.717683,99.55676
15.733795,99.32556
15.749023,99.32556
15.771467,99.63013
15.782859,99.63013
15.8008375,99.63013
15.8199835,99.03961
15.8337555,99.03961
15.854831,99.49048
15.866887,99.49048
15.883935,99.19202
15.899554,99.19202
15.916845,99.19202
15.93583,99.11481
15.951414,99.11481
15.972408,98.450806
15.982613,98.450806
15.999421,98.450806
16.018267,98.02234
16.033379,98.02234
16.050043,98.05231
16.066158,98.05231
16.083693,98.79791
16.102598,98.79791
16.116611,98.79791
16.135592,98.15082
16.15068,98.15082
16.167757,98.44684
16.182735,98.44684
16.200481,98.44684
16.218279,98.14569
16.232248,98.14569
16.253405,98.46442
16.266983,98.46442
16.282576,98.46442
16.301468,98.81787
16.316921,98.81787
16.33372,98.074524
16.349054,98.074524
16.368761,96.914795
16.383621,96.914795
16.399715,96.914795
16.41797,96.567566
16.43269,96.567566
16.45326,95.8266
16.467648,95.8266
16.485548,96.83386
16.501415,96.83386
16.516834,96.83386
16.534748,97.413635
16.549122,97.413635
16.567911,97.51373
16.58421,97.51373
16.600616,97.51373
16.617302,97.7442
16.632498,97.7442
16.650187,97.25891
16.667149,97.25891
16.684156,97.15576
16.701975,97.15576
16.716507,97.15576
16.734207,97.372986
16.749657,97.372986
16.766527,97.462585
16.78373,97.462585
16.801142,97.462585
16.818409,96.16644
16.832542,96.16644
16.85492,96.09393
16.867096,96.09393
16.883356,95.87219
16.90102,95.87219
16.917645,95.87219
16.934635,96.20386
16.950548,96.20386
16.971663,95.39935
16.98412,95.39935
16.999403,95.39935
17.01825,96.22638
17.03227,96.22638
17.051216,96.23126
17.066162,96.23126
17.083736,96.854126
17.101406,96.854126
17.116726,96.854126
17.134674,96.105835
17.15018,96.105835
17.167643,95.49054
17.18258,95.49054
17.20007,95.49054
17.218176,94.45331
17.23374,94.45331
17.253899,95.13379
17.266422,95.13379
17.28418,95.76184
17.299925,95.76184
17.315842,95.76184
17.335007,94.67493
17.350159,94.67493
17.368902,96.63898
17.38326,96.63898
17.399445,96.63898
17.417707,96.6214
17.43264,96.6214
17.451197,97.09827
17.467012,97.09827
17.483068,96.48633
17.500717,96.48633
17.51564,96.48633
17.537981,96.91547
17.5496,96.91547
17.566757,97.1062
17.583408,97.1062
17.599972,97.1062
17.617744,96.92041
17.632841,96.92041
17.650803,95.028076
17.665972,95.028076
17.683275,95.623474
17.701036,95.623474
17.71654,95.623474
17.735704,94.97211
17.749733,94.97211
17.771187,96.128784
17.7833,96.128784
17.799477,96.128784
17.817661,95.04962
17.83286,95.04962
17.852528,95.39197
17.866085,95.39197
17.883455,95.84711
17.899508,95.84711
17.91702,95.84711
17.934742,96.0708
17.949286,96.0708
17.968061,95.6228
17.9843,95.6228
18.000906,95.6228
18.019041,96.25818
18.032913,96.25818
18.05292,95.76056
18.067223,95.76056
18.08325,95.72015
18.101278,95.72015
18.116838,95.72015
18.134958,95.88336
18.150206,95.88336
18.178139,95.264404
18.191807,95.264404
18.205914,95.17285
18.22292,95.17285
18.235794,95.17285
18.254866,93.24689
18.26934,93.24689
18.285446,93.65375
18.302246,93.65375
18.318802,93.65375
18.33769,93.638306
18.352886,93.638306
18.36945,93.67285
18.384798,93.67285
18.402128,93.67285
18.420979,93.194214
18.4357,93.194214
18.45515,93.45923
18.469994,93.45923
18.486046,93.75745
18.50155,93.75745
18.5196,93.75745
18.536343,94.39563
18.552227,94.39563
18.57343,94.253235
18.584877,94.253235
18.601807,94.253235
18.619843,94.269714
18.634861,94.269714
18.654037,92.880615
18.667751,92.880615
18.684683,92.82477
18.70261,92.82477
18.718632,92.82477
18.737001,94.52045
18.751713,94.52045
18.768478,94.989746
18.786,94.989746
18.803122,93.75885
18.820683,93.75885
18.834745,93.75885
18.853739,93.4035
18.86895,93.4035
18.887638,93.41101
18.902191,93.41101
18.919561,93.41101
18.935883,93.01361
18.951921,93.01361
18.972223,93.79852
18.98373,93.79852
19.001938,93.79852
19.01934,92.67261
19.034948,92.67261
19.05358,93.32013
19.06856,93.32013
19.085182,93.604126
19.102697,93.604126
19.119135,93.604126
19.13674,92.96521
19.153101,92.96521
19.168863,93.80939
19.184874,93.80939
19.201006,93.80939
19.219807,92.412476
19.234941,92.412476
19.253874,92.47211
19.267672,92.47211
19.285238,92.39526
19.30307,92.39526
19.317799,92.39526
19.337523,91.4397
19.351831,91.4397
19.372984,92.32831
19.3857,92.32831
19.402155,92.32831
19.41941,92.21887
19.43575,92.21887
19.452604,91.579895
19.469055,91.579895
19.490889,91.824524
19.501778,91.824524
19.51827,91.824524
19.535437,92.345215
19.551699,92.345215
19.573992,92.87573
19.584738,92.87573
19.60396,92.53766
19.620363,92.53766
19.634527,92.53766
19.652552,91.80249
19.668877,91.80249
19.684715,92.23334
19.703321,92.23334
19.71875,92.23334
19.737242,91.89319
19.751802,91.89319
19.769419,92.39343
19.784986,92.39343
19.802097,92.39343
19.819042,92.3103
19.835903,92.3103
19.853495,92.268005
19.869541,92.268005
19.884586,92.1651
19.90314,92.1651
19.919748,92.1651
19.937408,92.11853
19.951775,92.11853
19.969725,92.260864
19.985462,92.260864
20.001844,92.260864
20.019459,92.611755
20.034718,92.611755
20.056463,92.397156
20.068611,92.397156
20.08496,92.58447
20.102436,92.58447
20.117813,92.58447
20.137594,92.160034
20.151482,92.160034
20.169497,92.12518
20.184877,92.12518
20.201012,92.12518
20.219147,92.1828
20.235136,92.1828
20.25284,92.311646
20.268206,92.311646
20.285837,92.06091
20.303595,92.06091
20.318552,92.06091
20.335747,91.983154
20.352293,91.983154
20.369923,91.67218
20.386255,91.67218
20.400845,91.67218
20.420235,91.94379
20.435709,91.94379
20.453413,92.271484
20.468575,92.271484
20.485554,91.936035
20.502632,91.936035
20.518555,91.936035
20.536385,91.57123
20.551735,91.57123
20.570618,91.54431
20.584682,91.54431
20.603012,91.22211
20.620314,91.22211
20.635458,91.22211
20.653893,91.53046
20.668417,91.53046
20.685612,91.54004
20.70209,91.54004
20.717632,91.54004
20.736832,91.348755
20.751703,91.348755
20.770267,91.217896
20.784668,91.217896
20.80167,91.217896
20.81934,91.005615
20.83566,91.005615
20.852142,90.74359
20.868317,90.74359
20.885607,90.92206
20.903004,90.92206
20.918776,90.92206
20.93602,90.66412
20.951975,90.66412
20.974468,90.625854
20.98403,90.625854
21.000862,90.625854
21.02025,90.412964
21.035152,90.412964
21.05207,90.742676
21.06763,90.742676
21.0863,90.879944
21.102652,90.879944
21.118076,90.879944
21.135702,91.417175
21.159988,91.417175
21.171839,91.47858
21.1858,91.47858
21.201725,91.47858
21.219652,91.51239
21.234913,91.51239
21.252802,91.11627
21.268267,91.11627
21.286966,91.39331
21.3019,91.39331
21.318361,91.39331
21.337631,91.668335
21.351864,91.668335
21.3691,91.78479
21.385405,91.78479
21.401432,91.78479
21.41934,91.98212
21.43536,91.98212
21.457067,91.48822
21.468391,91.48822
21.485703,91.26123
21.503603,91.26123
21.519478,91.26123
21.536396,91.98572
21.551792,91.98572
21.570383,91.71246
21.584658,91.71246
21.601421,91.71246
21.620548,91.02411
21.635769,91.02411
21.653467,90.96167
21.66979,90.96167
21.684647,91.50427
21.703762,91.50427
21.718592,91.50427
21.736244,91.70587
21.751522,91.70587
21.770315,91.01599
21.784632,91.01599
21.802374,91.01599
21.819866,91.24225
21.835283,91.24225
21.853043,91.24884
21.868368,91.24884
21.885178,91.16785
21.901943,91.16785
21.918089,91.16785
21.936876,91.15674
21.95225,91.15674
21.969513,91.03638
21.985245,91.03638
22.001585,91.03638
22.020376,91.34906
22.034895,91.34906
22.053577,91.47095
22.06862,91.47095
22.08489,91.56738
22.103376,91.56738
22.118927,91.56738
22.14036,90.89673
22.15212,90.89673
22.16964,90.92468
22.184958,90.92468
22.202166,90.92468
22.219625,91.49432
22.23479,91.49432
22.252874,91.9386
22.268011,91.9386
22.28785,91.83478
22.30347,91.83478
22.31737,91.83478
22.33718,91.421936
22.352486,91.421936
22.36928,91.231995
22.384577,91.231995
22.401495,91.231995
22.420706,91.77936
22.434994,91.77936
22.45398,91.895996
22.468054,91.895996
22.486519,90.88611
22.504622,90.88611
22.519165,90.88611
22.536749,90.94037
22.551884,90.94037
22.5707,90.73987
22.58477,90.73987
22.60319,90.42023
22.619493,90.42023
22.636457,90.42023
22.655697,90.38574
22.668797,90.38574
22.68447,90.167725
22.70331,90.167725
22.718565,90.167725
22.738361,90.93402
22.752697,90.93402
22.770449,90.54175
22.78563,90.54175
22.801332,90.54175
22.820326,90.44397
22.835333,90.44397
22.855665,90.48926
22.868328,90.48926
22.887297,90.418945
22.902435,90.418945
22.918459,90.418945
22.935585,90.666016
22.952217,90.666016
22.970383,90.34827
22.985243,90.34827
23.003986,90.393005
23.01887,90.393005
23.03539,90.393005
23.05352,90.62836
23.068102,90.62836
23.08731,90.57123
23.101276,90.57123
23.119055,90.57123
23.139402,90.391174
23.151352,90.391174
23.169596,90.91113
23.184368,90.91113
23.202255,90.91113
23.220402,90.54834
23.234947,90.54834
23.254642,90.390625
23.282843,90.390625
23.293343,90.209595
23.308115,90.209595
23.323698,90.04413
23.341534,90.04413
23.356972,90.04413
23.374628,90.500244
23.390842,90.500244
23.408049,90.491516
23.423235,90.491516
23.439207,90.491516
23.4583,90.25043
23.473768,90.25043
23.49095,90.65753
23.506262,90.65753
23.523743,90.59076
23.542233,90.59076
23.556795,90.59076
23.573944,90.217285
23.590443,90.217285
23.610651,90.59076
23.624208,90.59076
23.640947,90.59076
23.657782,90.00653
23.673159,90.00653
23.694628,90.85559
23.707071,90.85559
23.72219,90.85559
23.740513,90.6405
23.757357,90.6405
23.774878,90.74963
23.789686,90.74963
23.81153,90.79877
23.823572,90.79877
23.840939,90.79877
23.857988,90.71649
23.873138,90.71649
23.894203,91.257996
23.906404,91.257996
23.922417,91.257996
23.941418,90.83313
23.956558,90.83313
23.979307,91.09094
23.98923,91.09094
24.011833,89.94324
24.023426,89.94324
24.039139,89.94324
24.05934,89.96503
24.072723,89.96503
24.09062,90.39899
24.107557,90.39899
24.12318,90.686584
24.142189,90.686584
24.156614,90.686584
24.173868,89.90863
24.190317,89.90863
24.208035,90.609436
24.223248,90.609436
24.23935,90.609436
24.258873,90.7746
24.27398,90.7746
24.295177,90.85797
24.30718,90.85797
24.323816,90.62372
24.341042,90.62372
24.356556,90.62372
24.377228,91.45648
24.390896,91.45648
24.407576,91.21521
24.423897,91.21521
24.440554,91.21521
24.457914,91.36261
24.474516,91.36261
24.494398,90.69531
24.50606,90.69531
24.523188,91.3678
24.542307,91.3678
24.55684,91.3678
24.573568,91.846924
24.589956,91.846924
24.6076,92.234375
24.623816,92.234375
24.640509,92.234375
24.659077,92.48212
24.673471,92.48212
24.68999,93.447815
24.706316,93.447815
24.72495,92.67383
24.741375,92.67383
24.757862,92.67383
24.773443,92.99109
24.789333,92.99109
24.809553,92.851746
24.822245,92.851746
24.840384,92.851746
24.857994,93.78888
24.874586,93.78888
24.894794,93.28027
24.907274,93.28027
24.924734,94.24188
24.9403,94.24188
24.957043,94.24188
24.975859,93.27734
24.989822,93.27734
25.008392,94.08435
25.02335,94.08435
25.040438,94.08435
25.060099,94.78467
25.07403,94.78467
25.09296,95.20575
25.107027,95.20575
25.12323,94.77893
25.142267,94.77893
25.156706,94.77893
25.17523,94.076416
25.190243,94.076416
25.21053,94.64551
25.223661,94.64551
25.239128,94.64551
25.257105,95.726074
25.273657,95.726074
25.291454,95.04578
25.308187,95.04578
25.323471,95.890076
25.341965,95.890076
25.35692,95.890076
25.37414,95.359985
25.39132,95.359985
25.406876,95.359985
25.42413,95.92456
25.439928,95.92456
25.45791,95.56659
25.473534,95.56659
25.491001,95.70587
25.506468,95.70587
25.524252,96.21631
25.542126,96.21631
25.556522,96.21631
25.573883,96.87311
25.590672,96.87311
25.607504,96.54346
25.623188,96.54346
25.640411,96.54346
25.658024,96.55353
25.67412,96.55353
25.695309,96.746765
25.706604,96.746765
25.725325,97.14874
25.7399,97.14874
25.756943,97.14874
25.778316,96.63135
25.79136,96.63135
25.809032,96.08832
25.823505,96.08832
25.839605,96.08832
25.858671,96.105774
25.872787,96.105774
25.890928,97.43732
25.907812,97.43732
25.923275,95.90985
25.940758,95.90985
25.956596,95.90985
25.976765,95.93201
25.989677,95.93201
26.006834,96.60425
26.025076,96.60425
26.040152,96.60425
26.059105,96.67651
26.07367,96.67651
26.092936,97.59338
26.106697,97.59338
26.123266,97.40082
26.140926,97.40082
26.156544,97.40082
26.177523,96.97858
26.189726,96.97858
26.207613,97.51788
26.22302,97.51788
26.239977,97.51788
26.257479,98.343445
26.27341,98.343445
26.292713,98.265015
26.306938,98.265015
26.323196,97.98547
26.340508,97.98547
26.3571,97.98547
26.375051,99.29071
26.390413,99.29071
26.40753,97.60455
26.425264,97.60455
26.453688,97.42169
26.465937,97.42169
26.479452,97.42169
26.496433,97.44458
26.51221,97.44458
26.530617,98.558716
26.544155,98.558716
26.56084,98.558716
26.580559,99.543396
26.594992,99.543396
26.61653,99.96265
26.628828,99.96265
26.645452,98.9624
26.662329,98.9624
26.678562,98.9624
26.69599,98.684814
26.711332,98.684814
26.72979,99.31128
26.744595,99.31128
26.761517,99.31128
26.779276,99.08966
26.79555,99.08966
26.813042,99.69006
26.829363,99.69006
26.845581,99.01538
26.863073,99.01538
26.879549,99.01538
26.89526,98.97034
26.912838,98.97034
26.928988,98.463196
26.944439,98.463196
26.96071,98.463196
26.98155,98.58496
26.995367,98.58496
27.01605,98.80304
27.028477,98.80304
27.045698,97.93585
27.06277,97.93585
27.0788,97.93585
27.096611,96.45331
27.113346,96.45331
27.129175,96.72644
27.145935,96.72644
27.163235,96.68823
27.179838,96.68823
27.194233,96.68823
27.214977,97.37018
27.229223,97.37018
27.2462,96.26251
27.263,96.26251
27.278204,96.26251
27.299494,98.085205
27.312893,98.085205
27.331083,97.7724
27.349087,97.7724
27.3645,97.0965
27.380104,97.0965
27.39541,97.0965
27.414896,96.88904
27.43256,96.88904
27.448114,97.916626
27.463634,97.916626
27.479206,97.916626
27.49857,97.95276
27.512083,97.95276
27.530308,97.2478
27.545074,97.2478
27.56205,97.2478
27.5803,97.00134
27.594313,97.00134
27.613123,97.11096
27.629068,97.11096
27.645018,97.24042
27.662798,97.24042
27.678543,97.24042
27.697342,97.17432
27.711615,97.17432
27.729834,97.39734
27.74525,97.39734
27.761265,97.39734
27.780293,97.688965
27.795311,97.688965
27.8129,97.48346
27.828794,97.48346
27.84477,96.282776
27.863272,96.282776
27.87928,96.282776
27.896063,96.18689
27.912062,96.18689
27.929636,97.19086
27.9451,97.19086
27.961166,97.19086
27.979366,96.98151
27.994097,96.98151
28.01287,97.47125
28.027798,97.47125
28.045036,96.95068
28.061985,96.95068
28.077942,96.95068
28.096504,97.21759
28.11218,97.21759
28.130003,97.09161
28.144455,97.09161
28.162275,97.09161
28.180489,97.03113
28.195097,97.03113
28.212767,96.776794
28.227915,96.776794
28.246683,97.26648
28.263468,97.26648
28.278996,97.26648
28.296688,95.97461
28.311895,95.97461
28.331572,95.517334
28.345892,95.517334
28.361,95.517334
28.379452,95.188354
28.395119,95.188354
28.413443,96.272095
28.428665,96.272095
28.446577,95.827515
28.463284,95.827515
28.478882,95.827515
28.497486,95.219666
28.511728,95.219666
28.53034,96.06537
28.545143,96.06537
28.561586,96.06537
28.58046,96.085754
28.595373,96.085754
28.615984,96.07892
28.62877,96.07892
28.64601,95.974304
28.661972,95.974304
28.679554,95.974304
28.696941,95.42926
28.71161,95.42926
28.729065,96.241516
28.74467,96.241516
28.763145,96.22156
28.780825,96.22156
28.796173,96.22156
28.813044,95.089905
28.829325,95.089905
28.84532,95.543945
28.86322,95.543945
28.878279,95.543945
28.89824,95.71521
28.912409,95.71521
28.92961,95.26605
28.946142,95.26605
28.961061,95.26605
28.979387,94.92334
28.99462,94.92334
29.014196,94.96832
29.028488,94.96832
29.046728,95.08258
29.062426,95.08258
29.078836,95.08258
29.096449,95.19946
29.112469,95.19946
29.132113,95.15881
29.145823,95.15881
29.161629,95.15881
29.180365,95.16113
29.195034,95.16113
29.216345,96.074585
29.228935,96.074585
29.24907,94.3761
29.263182,94.3761
29.278557,94.3761
29.29836,93.08154
29.312296,93.08154
29.330881,93.51178
29.344698,93.51178
29.365227,93.51178
29.380787,94.10718
29.395424,94.10718
29.412952,94.43988
29.427736,94.43988
29.445045,93.325195
29.463339,93.325195
29.478415,93.325195
29.495789,94.19342
29.51149,94.19342
29.53071,94.51807
29.545795,94.51807
29.561888,94.51807
29.57989,94.15466
29.594648,94.15466
29.612778,95.03052
29.628902,95.03052
29.644892,95.11182
29.662895,95.11182
29.678856,95.11182
29.697027,94.66046
29.712234,94.66046
29.72952,94.87988
29.745132,94.87988
29.76096,94.87988
29.780893,95.123535
29.7947,95.123535
29.813505,94.86487
29.829546,94.86487
29.845936,95.78125
29.861889,95.78125
29.877853,95.78125
29.896526,95.44153
29.912294,95.44153
29.92973,94.88202
29.945107,94.88202
29.963326,94.699036
29.979868,94.699036
29.995245,94.699036
30.015518,94.81409
30.028316,94.81409
30.046242,94.93744
30.062386,94.93744
30.080177,94.93744
30.096846,96.22632
30.111729,96.22632
30.132896,94.79138
30.1458,94.79138
30.16208,94.79138
30.179436,94.58093
30.195295,94.58093
30.214327,94.282166
30.227745,94.282166
30.247665,95.140015
30.263985,95.140015
30.278843,95.140015
30.296997,95.021545
30.311787,95.021545
30.329786,92.69928
30.345562,92.69928
30.360542,92.69928
30.38008,92.172424
30.394781,92.172424
30.414595,93.54755
30.427923,93.54755
30.446617,92.21808
30.462967,92.21808
30.47907,92.21808
30.49724,92.38861
30.512037,92.38861
30.531372,92.75128
30.54493,92.75128
30.561764,92.75128
30.579853,93.8324
30.59479,93.8324
30.614529,93.48767
30.630741,93.48767
30.645838,92.80908
30.662642,92.80908
30.690536,92.32794
30.706451,92.32794
30.714466,92.32794
30.732582,92.77301
30.7478,92.77301
30.765163,92.224
30.782806,92.224
30.797915,92.224
30.81625,92.388245
30.832476,92.388245
30.850237,92.33685
30.865334,92.33685
30.88177,92.33685
30.901432,92.5661
30.915672,92.5661
30.93487,92.28015
30.946638,92.28015
30.965584,92.645996
30.982151,92.645996
30.99656,92.645996
31.015638,92.02966
31.031487,92.02966
31.048368,92.69678
31.064436,92.69678
31.08074,92.69678
31.098244,92.87463
31.114079,92.87463
31.132675,92.46539
31.147745,92.46539
31.164383,92.578674
31.182667,92.578674
31.198168,92.578674
31.215738,93.38403
31.231125,93.38403
31.251827,92.99414
31.26519,92.99414
31.283085,92.57587
31.299122,92.57587
31.314764,92.57587
31.335258,92.50214
31.347368,92.50214
31.366068,93.21796
31.381422,93.21796
31.398193,93.21796
31.416553,93.12628
31.43087,93.12628
31.448828,93.39496
31.465107,93.39496
31.48088,93.39496
31.499815,93.03766
31.514313,93.03766
31.532427,93.215515
31.547981,93.215515
31.564222,93.27014
31.581984,93.27014
31.59764,93.27014
31.61916,92.51172
31.63128,92.51172
31.649277,92.38684
31.663473,92.38684
31.680273,92.38684
31.699814,92.93292
31.714043,92.93292
31.732788,92.52435
31.74803,92.52435
31.764076,92.228455
31.783575,92.228455
31.799633,92.228455
31.81597,92.03497
31.831884,92.03497
31.848679,92.06909
31.86444,92.06909
31.8811,92.06909
31.899422,91.705505
31.914473,91.705505
31.934797,92.03314
31.947296,92.03314
31.964197,91.58722
31.981237,91.58722
31.997314,91.58722
32.01619,92.1662
32.032116,92.1662
32.048706,92.11969
32.064854,92.11969
32.081127,92.11969
32.100033,91.96051
32.115177,91.96051
32.131744,92.545654
32.14729,92.545654
32.165276,92.19104
32.180832,92.19104
32.198727,92.19104
32.21533,92.53522
32.230915,92.53522
32.252506,93.00293
32.26404,93.00293
32.281384,93.00293
32.29915,92.72119
32.31468,92.72119
32.33198,92.33746
32.34825,92.33746
32.365204,91.99213
32.38213,91.99213
32.397476,91.99213
32.41712,92.40729
32.43132,92.40729
32.450386,92.12854
32.464077,92.12854
32.481155,92.12854
32.498653,92.435425
32.514805,92.435425
32.535095,92.21405
32.54718,92.21405
32.564884,92.72449
32.581783,92.72449
32.602386,92.72449
32.621162,92.41962
32.63114,92.41962
32.6491,92.27588
32.665226,92.27588
32.681915,92.27588
32.699875,92.25586
32.715214,92.25586
32.733074,92.25818
32.74775,92.25818
32.76697,92.26294
32.7867,92.26294
32.79711,92.26294
32.81672,91.81671
32.830486,91.81671
32.852547,91.70422
32.864464,91.70422
32.880947,91.70422
32.900085,91.20093
32.914886,91.20093
32.931892,91.024536
32.947937,91.024536
32.96503,91.12793
32.982834,91.12793
32.99853,91.12793
33.016125,91.104004
33.031807,91.104004
33.05058,91.411316
33.065,91.411316
33.081875,91.411316
33.09879,91.28827
33.11429,91.28827
33.13281,91.79724
33.14822,91.79724
33.164387,91.5932
33.180984,91.5932
33.198826,91.5932
33.217472,92.25189
33.23063,92.25189
33.24965,92.326416
33.26388,92.326416
33.28349,91.961365
33.300694,91.961365
33.314148,91.961365
33.334255,91.65228
33.347637,91.65228
33.36508,91.94263
33.38244,91.94263
33.398697,91.94263
33.415382,91.83252
33.430584,91.83252
33.453186,91.83734
33.46467,91.83734
33.48157,91.83734
33.49908,91.64606
33.51395,91.64606
33.536087,91.23407
33.54847,91.23407
33.56475,91.00104
33.58156,91.00104
33.59799,91.00104
33.61574,90.17743
33.63244,90.17743
33.6504,90.08197
33.66392,90.08197
33.681946,90.08197
33.699272,90.33215
33.714947,90.33215
33.731808,90.308105
33.747784,90.308105
33.7639,91.92694
33.78346,91.92694
33.79783,91.92694
33.817135,91.789734
33.830746,91.789734
33.852287,92.72589
33.864685,92.72589
33.881847,92.72589
33.8984,92.63635
33.915424,92.63635
33.93228,92.983215
33.94881,92.983215
33.965096,93.09833
33.98309,93.09833
33.99742,93.09833
34.015705,93.15137
34.032265,93.15137
34.058983,93.15137
34.07442,92.97858
34.083282,93.54132
34.100533,93.54132
34.117283,93.54132
34.13564,93.60034
34.15108,93.60034
34.168537,93.242615
34.18265,93.242615
34.200085,93.242615
34.218018,93.35376
34.23302,93.35376
34.25353,93.28491
34.265835,93.28491
34.28362,93.1485
34.300655,93.1485
34.31582,93.1485
34.333603,93.33551
34.350685,93.33551
34.366096,93.25885
34.383545,93.25885
34.400696,93.25885
34.417747,93.10089
34.433662,93.10089
34.451927,93.12262
34.46688,93.12262
34.483704,92.90314
34.500698,92.90314
34.515617,92.90314
34.533546,92.79254
34.54973,92.79254
34.56584,91.91748
34.58426,91.91748
34.599365,91.91748
34.618534,91.88037
34.63286,91.88037
34.650917,91.500854
34.66556,91.500854
34.685802,91.49176
34.70119,91.49176
34.71691,91.49176
34.733227,91.30701
34.750618,91.30701
34.767113,91.23724
34.783936,91.23724
34.79972,91.23724
34.817688,90.9931
34.83308,90.9931
34.85109,90.83276
34.866753,90.83276
34.88343,90.70056
34.899784,90.70056
34.915974,90.70056
34.934586,90.71637
34.950386,90.71637
34.968002,90.05353
34.983124,90.05353
34.99891,90.05353
35.01776,89.60797
35.033775,89.60797
35.05094,89.23035
35.065895,89.23035
35.08359,89.468994
35.10096,89.468994
35.116776,89.468994
35.1355,89.021545
35.15025,89.021545
35.17111,88.52637
35.18356,88.52637
35.20072,88.52637
35.218063,89.26526
35.233112,89.26526
35.2525,88.89813
35.265957,88.89813
35.283867,88.05835
35.301136,88.05835
35.316166,88.05835
35.334846,87.87421
35.34931,87.87421
35.368126,88.25824
35.38375,88.25824
35.399834,88.25824
35.418056,87.8963
35.433212,87.8963
35.450974,88.333496
35.46712,88.333496
35.48405,87.431946
35.501053,87.431946
35.516197,87.431946
35.535107,87.93298
35.549183,87.93298
35.568493,87.79242
35.582634,87.79242
35.600044,87.79242
35.618458,87.66913
35.63376,87.66913
35.650673,87.28015
35.667336,87.28015
35.683834,88.0072
35.70159,88.0072
35.716755,88.0072
35.73384,88.0188
35.749844,88.0188
35.766266,88.06818
35.78492,88.06818
35.798832,88.06818
35.817657,87.71948
35.833652,87.71948
35.851414,88.93579
35.866993,88.93579
35.88444,88.822266
35.90071,88.822266
35.915966,88.822266
35.933804,89.29974
35.949123,89.29974
35.967766,89.477356
35.982925,89.477356
36.000694,89.477356
36.017956,90.134094
36.033436,90.134094
36.051525,90.27484
36.06704,90.27484
36.084248,90.454895
36.101204,90.454895
36.11703,90.454895
36.138947,90.43109
36.14912,90.43109
36.16806,90.41846
36.183285,90.41846
36.19948,90.41846
36.218052,90.53735
36.233494,90.53735
36.250923,90.885864
36.26631,90.885864
36.284195,90.81317
36.30131,90.81317
36.317467,90.81317
36.33481,90.89563
36.35046,90.89563
36.368343,90.93579
36.382534,90.93579
36.412155,91.16327
36.423496,91.16327
36.43658,91.16327
36.454174,91.38074
36.47021,91.38074
36.48762,92.23389
36.503838,92.23389
36.518536,92.23389
36.538414,92.59485
36.552532,92.59485
36.570667,92.970276
36.58603,92.970276
36.60311,92.9444
36.620903,92.9444
36.636547,92.9444
36.65449,93.12811
36.670567,93.12811
36.69089,93.22986
36.702324,93.22986
36.719753,93.22986
36.73643,93.305176
36.75276,93.305176
36.771286,93.28162
36.786594,93.28162
36.803116,93.388245
36.82006,93.388245
36.836136,93.388245
36.85329,93.64325
36.87047,93.64325
36.8881,93.92383
36.902416,93.92383
36.91969,93.92383
36.93767,94.306335
36.953686,94.306335
36.970665,93.98425
36.98669,93.98425
37.004086,94.103455
37.020775,94.103455
37.035587,94.103455
37.054764,94.59796
37.069813,94.59796
37.087456,94.8512
37.102917,94.8512
37.129845,95.13281
37.1409,95.13281
37.15393,95.13281
37.172695,94.93933
37.187565,94.93933
37.20447,95.22064
37.221306,95.22064
37.236702,95.22064
37.2558,95.40088
37.270752,95.40088
37.288403,95.29907
37.304832,95.29907
37.320915,95.29907
37.338818,95.4895
37.353718,95.4895
37.372684,94.97516
37.38735,94.97516
37.40338,95.24573
37.421803,95.24573
37.43665,95.24573
37.454815,95.598145
37.470997,95.598145
37.48914,96.15881
37.504185,96.15881
37.52046,96.15881
37.53899,96.323425
37.55411,96.323425
37.571144,97.07178
37.587376,97.07178
37.60655,97.07178
37.624104,96.80499
37.63854,96.80499
37.655537,97.0542
37.67044,97.0542
37.68843,97.276245
37.70433,97.276245
37.720646,97.276245
37.738194,97.78668
37.75447,97.78668
37.772408,97.03406
37.792088,97.03406
37.80453,97.35156
37.82149,97.35156
37.836468,97.35156
37.85552,96.58197
37.871597,96.58197
37.88865,97.79718
37.904343,97.79718
37.920734,97.79718
37.93924,97.40076
37.954388,97.40076
37.972946,97.73822
37.98636,97.73822
38.004494,97.55438
38.021008,97.55438
38.03719,97.55438
38.057774,98.62219
38.070816,98.62219
38.090534,98.77667
38.10371,98.77667
38.121643,98.77667
38.13778,100.198425
38.155575,100.198425
38.171406,98.974976
38.18764,98.974976
38.20317,99.69293
38.22242,99.69293
38.23811,99.69293
38.25711,100.10565
38.271015,100.10565
38.291096,100.0318
38.305515,100.0318
38.320877,100.0318
38.338768,100.27399
38.353962,100.27399
38.37635,100.81738
38.386967,100.81738
38.4039,100.81738
38.421402,101.04382
38.43684,101.04382
38.4562,101.45813
38.470974,101.45813
38.48965,100.68848
38.504185,100.68848
38.51986,100.68848
38.538715,101.60925
38.553722,101.60925
38.576702,101.50995
38.58836,101.50995
38.60387,102.11426
38.62154,102.11426
38.63826,102.11426
38.656475,101.785095
38.670948,101.785095
38.691723,102.490845
38.703907,102.490845
38.72264,102.490845
38.7391,102.996155
38.754177,102.996155
38.772827,102.6817
38.78781,102.6817
38.80572,102.846375
38.822678,102.846375
38.839405,102.846375
38.853848,103.13794
38.870865,103.13794
38.887646,102.16943
38.90398,102.16943
38.921753,102.16943
38.93846,102.73181
38.95353,102.73181
38.972824,102.88489
38.986538,102.88489
39.003983,104.13989
39.02074,104.13989
39.037136,104.13989
39.056534,104.07507
39.07031,104.07507
39.091408,104.136475
39.10293,104.136475
39.121063,104.136475
39.138733,104.42474
39.153862,104.42474
39.17439,105.0517
39.18724,105.0517
39.20517,103.89789
39.2216,103.89789
39.237514,103.89789
39.25507,104.29437
39.27002,104.29437
39.28841,103.93036
39.304417,103.93036
39.321377,103.93036
39.339428,104.5838
39.35414,104.5838
39.371742,105.24841
39.38765,105.24841
39.40569,105.15259
39.422443,105.15259
39.4366,105.15259
39.45884,104.647766
39.47019,104.647766
39.488403,104.60736
39.50339,104.60736
39.520195,104.60736
39.538876,105.13074
39.55517,105.13074
39.572014,104.95148
39.587273,104.95148
39.604553,104.34131
39.62143,104.34131
39.638474,104.34131
39.65523,104.78955
39.670944,104.78955
39.689014,104.56006
39.70413,104.56006
39.730957,104.24548
39.745125,104.24548
39.755096,104.24548
39.77724,103.85663
39.788174,103.85663
39.804188,104.047424
39.821487,104.047424
39.837353,104.047424
39.857384,103.23035
39.870464,103.23035
39.888622,103.35535
39.90369,103.35535
39.920753,103.35535
39.938805,102.39227
39.955273,102.39227
39.972893,101.92511
39.98759,101.92511
40.005917,100.50427
40.023384,100.50427
40.03732,100.50427
40.056915,100.61444
40.070873,100.61444
40.089417,100.44849
40.103516,100.44849
40.120655,100.44849
40.13855,99.73743
40.15439,99.73743
40.172306,98.59387
40.188053,98.59387
40.204105,98.743164
40.221962,98.743164
40.237263,98.743164
40.25637,98.0531
40.27007,98.0531
40.2894,98.41138
40.30512,98.41138
40.32141,98.41138
40.33928,95.2262
40.353397,95.2262
40.372433,96.217896
40.388226,96.217896
40.405922,96.812744
40.423294,96.812744
40.438404,96.812744
40.45614,96.22125
40.47048,96.22125
40.48821,96.15961
40.50439,96.15961
40.520348,96.15961
40.53915,95.08392
40.55408,95.08392
40.57195,94.98175
40.589268,94.98175
40.60561,94.80463
40.622135,94.80463
40.636997,94.80463
40.65633,93.522095
40.67072,93.522095
40.689728,93.85803
40.70582,93.85803
40.721916,93.85803
40.740574,94.1485
40.75494,94.1485
40.772713,94.24921
40.788692,94.24921
40.804794,94.98895
40.82256,94.98895
40.83779,94.98895
40.85617,94.84662
40.8714,94.84662
40.890835,94.52283
40.90407,94.52283
40.92099,94.52283
40.94007,94.487
40.95387,94.487
40.97309,94.86902
40.988213,94.86902
41.00606,95.32349
41.023018,95.32349
41.038166,95.32349
41.0557,95.88782
41.07139,95.88782
41.08923,96.30261
41.10427,96.30261
41.121483,96.30261
41.13962,96.6933
41.155254,96.6933
41.173344,95.68359
41.18774,95.68359
41.204937,97.04932
41.22141,97.04932
41.236736,97.04932
41.25573,96.560486
41.271614,96.560486
41.29218,96.33746
41.303642,96.33746
41.321964,96.33746
41.340755,95.70734
41.35488,95.70734
41.371677,96.77484
41.38788,96.77484
41.404503,96.14935
41.421753,96.14935
41.439224,96.14935
41.459324,94.8927
41.472313,94.8927
41.489635,95.186035
41.5045,95.186035
41.520725,95.186035
41.539352,96.3667
41.55459,96.3667
41.575527,95.86328
41.587547,95.86328
41.60731,96.131775
41.623295,96.131775
41.63821,96.131775
41.6567,96.96704
41.671806,96.96704
41.690453,95.48505
41.70388,95.48505
41.720783,95.48505
41.738655,95.11664
41.75339,95.11664
41.774017,94.82501
41.788517,94.82501
41.80466,95.144775
41.821747,95.144775
41.838154,95.144775
41.85586,94.716
41.871517,94.716
41.88822,94.81171
41.904682,94.81171
41.920406,94.81171
41.939617,93.838806
41.954956,93.838806
41.971565,93.87164
41.98895,93.87164
42.003708,93.28162
42.021744,93.28162
42.038162,93.28162
42.058163,93.49823
42.071095,93.49823
42.0899,93.57361
42.103695,93.57361
42.121128,93.57361
42.13916,94.371765
42.153976,94.371765
42.17305,92.98352
42.187,92.98352
42.206413,93.36182
42.22428,93.36182
42.237617,93.36182
42.258606,92.2995
42.269997,92.2995
42.2893,92.484436
42.304676,92.484436
42.320858,92.484436
42.339825,92.91193
42.353848,92.91193
42.372135,91.72943
42.387325,91.72943
42.406235,91.36786
42.421963,91.36786
42.439144,91.36786
42.4568,92.63678
42.47083,92.63678
42.489235,92.05261
42.50419,92.05261
42.52215,92.05261
42.53982,92.45923
42.55393,92.45923
42.5738,91.95526
42.589073,91.95526
42.605923,92.052124
42.621605,92.052124
42.637875,92.052124
42.657444,91.400635
42.671577,91.400635
42.690105,90.8988
42.7046,90.8988
42.722363,90.8988
42.739952,91.31287
42.754856,91.31287
42.772594,91.12109
42.788418,91.12109
42.806484,91.272644
42.8225,91.272644
42.838562,91.272644
42.857285,90.348755
42.872116,90.348755
42.88903,91.30896
42.905003,91.30896
42.920094,91.30896
42.939083,91.22186
42.955162,91.22186
42.97323,91.05939
42.98722,91.05939
43.00428,92.11389
43.022106,92.11389
43.03853,92.11389
43.055336,92.59265
43.070583,92.59265
43.091175,92.23511
43.103767,92.23511
43.122017,92.23511
43.14022,92.57788
43.15493,92.57788
43.175438,92.3432
43.188663,92.3432
43.207363,92.97394
43.222878,92.97394
43.23874,92.97394
43.256905,92.41492
43.271957,92.41492
43.292416,92.42999
43.306778,92.42999
43.322304,92.42999
43.33979,92.2702
43.35613,92.2702
43.376762,92.51172
43.388332,92.51172
43.408123,92.73346
43.422077,92.73346
43.44008,92.73346
43.457726,92.230835
43.47167,92.230835
43.492874,92.21832
43.505703,92.21832
43.52152,92.21832
43.5395,92.147705
43.556293,92.147705
43.575363,92.07587
43.588207,92.07587
43.609123,91.365845
43.623753,91.365845
43.63834,91.365845
43.656883,90.79932
43.67117,90.79932
43.693283,91.14496
43.704327,91.14496
43.724392,91.02777
43.73945,91.02777
43.75433,91.02777
43.776814,90.87732
43.78786,90.87732
43.80718,91.0824
43.821663,91.0824
43.838593,91.0824
43.85661,90.99774
43.87218,90.99774
43.888668,90.772766
43.904705,90.772766
43.921715,90.772766
43.939934,90.78668
43.95496,90.78668
43.97156,91.08551
43.98785,91.08551
44.00939,91.611694
44.02209,91.611694
44.038006,91.611694
44.054737,91.209045
44.07106,91.209045
44.08904,91.64172
44.104485,91.64172
44.121197,91.64172
44.13933,91.65442
44.15505,91.65442
44.17304,91.31018
44.187946,91.31018
44.2052,91.46649
44.222473,91.46649
44.23841,91.46649
44.25611,92.096375
44.27194,92.096375
44.29392,91.97589
44.30488,91.97589
44.32107,91.97589
44.339787,91.77112
44.354145,91.77112
44.371956,91.6814
44.388565,91.6814
44.404636,92.04425
44.421265,92.04425
44.43959,92.04425
44.45647,91.674194
44.47077,91.674194
44.490326,91.45038
44.50498,91.45038
44.520927,91.45038
44.539776,91.449524
44.55471,91.449524
44.572815,92.04529
44.588753,92.04529
44.605778,91.404175
44.62181,91.404175
44.638195,91.404175
44.657234,91.72101
44.672283,91.72101
44.689568,91.420715
44.70469,91.420715
44.721107,91.420715
44.740124,91.76013
44.754147,91.76013
44.772747,91.90979
44.787796,91.90979
44.80533,91.736694
44.821552,91.736694
44.838932,91.736694
44.85634,91.63666
44.870777,91.63666
44.889603,91.8161
44.904594,91.8161
44.920616,91.8161
44.939587,91.62634
44.955574,91.62634
44.974735,91.569824
44.98788,91.569824
45.005825,91.75226
45.023365,91.75226
45.03998,91.75226
45.059074,92.039795
45.07483,92.039795
45.092808,91.81714
45.105488,91.81714
45.12338,91.93317
45.139812,91.93317
45.155563,91.93317
45.172573,91.789795
45.188236,91.789795
45.205578,92.08301
45.22168,92.08301
45.239727,92.08301
45.256653,92.134155
45.272366,92.134155
45.289394,91.677124
45.306004,91.677124
45.322346,91.677124
45.33981,91.56647
45.35527,91.56647
45.373474,91.99103
45.389446,91.99103
45.40635,91.94946
45.42302,91.94946
45.438198,91.94946
45.457523,91.648926
45.477562,91.648926
45.49262,91.79059
45.506763,91.79059
45.52346,91.88513
45.539375,91.88513
45.554554,91.88513
45.57414,91.847534
45.58841,91.847534
45.60683,91.64105
45.622353,91.64105
45.6386,91.64105
45.656418,91.6073
45.67268,91.6073
45.69273,91.68353
45.704502,91.68353
45.72242,91.68353
45.74057,91.75836
45.754795,91.75836
45.777584,91.70007
45.78815,91.70007
45.807438,91.59808
45.822365,91.59808
45.839737,91.59808
45.857136,91.87732
45.87234,91.87732
45.891846,91.75543
45.905262,91.75543
45.923695,91.54834
45.94281,91.54834
45.95473,91.54834
45.977592,91.371826
45.988697,91.371826
46.009113,91.50934
46.023666,91.50934
46.038807,91.50934
46.060364,91.57202
46.07321,91.57202
46.093987,91.21515
46.10575,91.21515
46.1212,91.21515
46.141533,91.7926
46.155167,91.7926
46.17483,91.38934
46.18923,91.38934
46.207375,91.742004
46.22348,91.742004
46.239494,91.742004
46.257782,91.891785
46.271984,91.891785
46.2892,91.842224
46.30545,91.842224
46.32185,91.842224
46.340427,91.329895
46.35598,91.329895
46.372776,91.65582
46.387886,91.65582
46.406002,91.53235
46.42142,91.53235
46.438526,91.53235
46.45645,91.663086
46.472874,91.663086
46.48955,91.179504
46.50496,91.179504
46.52144,91.179504
46.539787,91.15924
46.5546,91.15924
46.57336,91.23212
46.58802,91.23212
46.605377,91.30731
46.622063,91.30731
46.638844,91.30731
46.656002,91.21161
46.671654,91.21161
46.688866,91.281006
46.706078,91.281006
46.721573,91.281006
46.73846,91.131226
46.755154,91.131226
46.773167,91.17084
46.788513,91.17084
46.805214,90.96625
46.82313,90.96625
46.83878,90.96625
46.857315,90.95416
46.872112,90.95416
46.889744,90.92102
46.904987,90.92102
46.921574,90.92102
46.939453,90.91785
46.955013,90.91785
46.97506,90.78589
46.98788,90.78589
47.00568,90.79089
47.02313,90.79089
47.03915,90.79089
47.05801,91.14343
47.071255,91.14343
47.08949,90.677795
47.104736,90.677795
47.122993,90.956665
47.14118,90.956665
47.15526,90.956665
47.175903,90.97052
47.18819,90.97052
47.20545,91.0719
47.223316,91.0719
47.23876,91.0719
47.256207,90.97131
47.272224,90.97131
47.290123,90.74451
47.30586,90.74451
47.32438,90.75067
47.338776,90.75067
47.355816,90.75067
47.372345,90.909
47.388954,90.909
47.40611,91.08594
47.423256,91.08594
47.440292,91.08594
47.455738,90.82074
47.470974,90.82074
47.49307,90.78699
47.5046,90.78699
47.521633,90.78699
47.53965,90.84619
47.55435,90.84619
47.57356,90.38574
47.587914,90.38574
47.606613,90.61853
47.624283,90.61853
47.638268,90.61853
47.658745,90.660645
47.671925,90.660645
47.69002,91.223816
47.70471,91.223816
47.720924,91.223816
47.739285,90.799194
47.754906,90.799194
47.77356,91.04382
47.788376,91.04382
47.805443,91.06824
47.824127,91.06824
47.83848,91.06824
47.856445,91.11066
47.872242,91.11066
47.89421,91.03479
47.904354,91.03479
47.922382,91.03479
47.939037,90.94397
47.95543,90.94397
47.97341,90.95801
47.98853,90.95801
48.005093,90.421814
48.021748,90.421814
48.038544,90.421814
48.05711,90.57532
48.071453,90.57532
48.092873,90.92822
48.10543,90.92822
48.122135,90.92822
48.13962,90.98151
48.154778,90.98151
48.17333,90.507935
48.188103,90.507935
48.206066,90.49396
48.221157,90.49396
48.238464,90.49396
48.257698,90.22986
48.27306,90.22986
48.290005,90.29291
48.30484,90.29291
48.321823,90.29291
48.34051,89.2793
48.35472,89.2793
48.375458,89.21509
48.388042,89.21509
48.40543,89.07837
48.422096,89.07837
48.438675,89.07837
48.457657,88.57428
48.472733,88.57428
48.49295,88.19281
48.504986,88.19281
48.521904,88.19281
48.53943,88.460266
48.55571,88.460266
48.573467,89.23651
48.587772,89.23651
48.60504,89.20264
48.622772,89.20264
48.637856,89.20264
48.659695,89.75037
48.670734,89.75037
48.68869,90.444336
48.70481,90.444336
48.72411,90.75629
48.7408,90.75629
48.75487,90.75629
48.777176,90.859924
48.78852,90.859924
48.810898,90.66327
48.824135,90.66327
48.838604,90.66327
48.856678,90.79059
48.872208,90.79059
48.890766,91.23993
48.90395,91.23993
48.92155,91.23993
48.93939,91.12561
48.954365,91.12561
48.97713,91.03662
48.989285,91.03662
49.004635,91.584045
49.022636,91.584045
49.038185,91.584045
49.05851,91.894165
49.072453,91.894165
49.090508,92.30646
49.104145,92.30646
49.12319,92.62097
49.1388,92.62097
49.155285,92.62097
49.172947,93.09509
49.188335,93.09509
49.204308,93.81683
49.221874,93.81683
49.238483,93.81683
49.256184,93.55591
49.271748,93.55591
49.290096,93.76959
49.30548,93.76959
49.32207,93.76959
49.339333,94.176636
49.35528,94.176636
49.372932,94.490295
49.38814,94.490295
49.40526,95.18805
49.423233,95.18805
49.43996,95.18805
49.457756,94.840454
49.4708,94.840454
49.490078,95.31091
49.5052,95.31091
49.523266,95.95972
49.53901,95.95972
49.55399,95.95972
49.572742,95.79236
49.587917,95.79236
49.607388,95.983215
49.622097,95.983215
49.639267,95.983215
49.655987,96.42584
49.67179,96.42584
49.689396,96.28833
49.7051,96.28833
49.72233,96.28833
49.73999,96.41864
49.755417,96.41864
49.77706,96.74872
49.793034,96.74872
49.80776,97.07062
49.82207,97.07062
49.838192,97.07062
49.857216,96.905334
49.87197,96.905334
49.8901,96.5838
49.90533,96.5838
49.921352,96.5838
49.93867,95.951355
49.954594,95.951355
49.972225,96.43964
49.987534,96.43964
50.005318,96.43744
50.022057,96.43744
50.039158,96.43744
50.05755,97.06879
50.071384,97.06879
50.093643,98.20776
50.1054,98.20776
50.12205,98.20776
50.13904,98.6322
50.154846,98.6322
50.17268,98.41101
50.188828,98.41101
50.20471,98.61072
50.222187,98.61072
50.237534,98.61072
50.25664,99.43268
50.270912,99.43268
50.288788,99.59839
50.304985,99.59839
50.321133,99.59839
50.338974,97.9458
50.355156,97.9458
50.37309,99.43579
50.388,99.43579
50.405636,97.89929
50.424385,97.89929
50.438553,97.89929
50.456295,98.31299
50.471207,98.31299
50.49308,97.55029
50.50426,97.55029
50.52154,97.55029
50.53919,97.37042
50.55498,97.37042
50.572872,97.867065
50.588413,97.867065
50.60713,98.41821
50.622757,98.41821
50.638756,98.41821
50.65635,98.54877
50.672977,98.54877
50.689575,98.96362
50.70427,98.96362
50.73687,98.91345
50.7497,98.91345
50.762054,98.91345
50.77966,99.03113
50.795803,99.03113
50.8123,98.25708
50.827145,98.25708
50.84601,98.27338
50.86306,98.27338
50.878307,98.27338
50.896053,97.52289
50.911587,97.52289
50.93234,97.83002
50.944447,97.83002
50.96046,97.83002
50.98041,97.43799
50.994843,97.43799
51.01524,97.66205
51.027523,97.66205
51.044857,98.229675
51.06229,98.229675
51.077805,98.229675
51.097202,97.76727
51.110847,97.76727
51.13119,98.181335
51.14497,98.181335
51.162373,98.181335
51.17859,96.8432
51.195457,96.8432
51.213615,98.104614
51.227802,98.104614
51.245518,97.58032
51.261864,97.58032
51.27784,97.58032
51.296352,98.20911
51.312183,98.20911
51.332928,96.75525
51.344524,96.75525
51.36087,96.75525
51.3788,98.379456
51.394226,98.379456
51.411633,97.79114
51.428444,97.79114
51.444893,97.46619
51.463814,97.46619
51.47843,97.46619
51.49679,96.38202
51.51165,96.38202
51.528954,96.80231
51.544727,96.80231
51.561707,96.80231
51.58008,97.6275
51.605797,96.714294
51.621464,96.714294
51.63101,96.714294
51.647556,95.911194
51.663437,95.911194
51.68035,95.911194
51.69884,96.073
51.713505,96.073
51.734283,96.27307
51.74726,96.27307
51.762604,96.27307
51.785057,94.93378
51.79758,94.93378
51.81468,94.98413
51.829647,94.98413
51.849117,95.45587
51.867043,95.45587
51.881756,95.45587
51.90095,95.50397
51.91337,95.50397
51.931164,95.69989
51.94723,95.69989
51.96506,95.612976
51.981052,95.612976
51.99717,95.612976
52.01601,95.61951
52.02949,95.61951
52.047783,95.72241
52.062595,95.72241
52.079937,95.72241
52.099083,95.59131
52.11357,95.59131
52.1321,95.437256
52.147182,95.437256
52.163727,95.76721
52.180702,95.76721
52.195488,95.76721
52.21535,95.37927
52.229023,95.37927
52.248367,95.88367
52.26321,95.88367
52.27993,95.88367
52.297752,96.66504
52.31243,96.66504
52.330685,95.72101
52.346043,95.72101
52.364086,95.940735
52.381256,95.940735
52.397106,95.940735
52.417297,96.188354
52.42925,96.188354
52.45,94.36041
52.46528,94.36041
52.479996,94.36041
52.498615,95.74866
52.51233,95.74866
52.53071,95.241394
52.546577,95.241394
52.562374,95.241394
52.581688,95.577515
52.59636,95.577515
52.61457,94.8363
52.62955,94.8363
52.64673,94.37225
52.66355,94.37225
52.680134,94.37225
52.698376,94.766235
52.713074,94.766235
52.734993,94.736694
52.74714,94.736694
52.763283,94.37268
52.781185,94.37268
52.79736,94.37268
52.81504,94.78076
52.829933,94.78076
52.848125,93.55646
52.863926,93.55646
52.880398,93.55646
52.898125,94.83893
52.91298,94.83893
52.93063,94.36041
52.94671,94.36041
52.963326,94.24884
52.98109,94.24884
52.996883,94.24884
53.015064,93.776
53.029003,93.776
53.051243,93.956665
53.063755,93.956665
53.080273,93.956665
53.098747,94.48535
53.113907,94.48535
53.131622,95.3006
53.145855,95.3006
53.16544,94.22229
53.181477,94.22229
53.19694,94.22229
53.215412,94.03027
53.229443,94.03027
53.24717,93.77008
53.264767,93.77008
53.282284,93.77008
53.29837,93.85339
53.319393,93.85339
53.336334,93.12219
53.34664,93.12219
53.36351,94.15021
53.381355,94.15021
53.396698,94.15021
53.41414,93.3291
53.429363,93.3291
53.451664,93.941284
53.462948,93.941284
53.47981,93.941284
53.498882,94.60858
53.51279,94.60858
53.53095,94.52985
53.545826,94.52985
53.56352,93.3457
53.580467,93.3457
53.59659,93.3457
53.61813,94.15405
53.630104,94.15405
53.646446,93.34717
53.663975,93.34717
53.679726,93.34717
53.698563,92.832886
53.713432,92.832886
53.730976,92.98462
53.74703,92.98462
53.763203,93.3244
53.781548,93.3244
53.79732,93.3244
53.814754,92.92499
53.828907,92.92499
53.84814,93.95978
53.86411,93.95978
53.880474,93.95978
53.897495,93.818726
53.914337,93.818726
53.930874,93.63422
53.94649,93.63422
53.963352,93.74469
53.98054,93.74469
53.99663,93.74469
54.016914,92.912476
54.029976,92.912476
54.05043,93.232056
54.063747,93.232056
54.080494,93.232056
54.098186,93.44568
54.11422,93.44568
54.130444,93.63092
54.147068,93.63092
54.16419,92.99078
54.180214,92.99078
54.196346,92.99078
54.215748,92.20325
54.230267,92.20325
54.248463,93.036804
54.2641,93.036804
54.281292,93.036804
54.298473,92.464966
54.3124,92.464966
54.33125,91.79816
54.346714,91.79816
54.364075,91.27002
54.38079,91.27002
54.395954,91.27002
54.415928,91.71423
54.429295,91.71423
54.44816,91.62256
54.462765,91.62256
54.480015,91.62256
54.497463,92.01532
54.51261,92.01532
54.53233,91.272766
54.546703,91.272766
54.563583,92.54205
54.58039,92.54205
54.611942,91.77826
54.626026,91.77826
54.64077,91.77826
54.656307,91.63873
54.669743,91.63873
54.687695,91.670715
54.703747,91.670715
54.721104,91.670715
54.737976,92.09241
54.752575,92.09241
54.771717,92.16266
54.786728,92.16266
54.803116,91.39685
54.820343,91.39685
54.83804,91.39685
54.8548,90.79956
54.869606,90.79956
54.887074,91.35162
54.903004,91.35162
54.91906,91.35162
54.93845,90.63739
54.952763,90.63739
54.970196,90.42151
54.986736,90.42151
55.003323,89.71747
55.02038,89.71747
55.03678,89.71747
55.05365,90.16992
55.06958,90.16992
55.08569,90.16992
55.103542,88.88898
55.11953,88.88898
55.138042,89.41046
55.15194,89.41046
55.17367,89.87073
55.185997,89.87073
55.20324,90.232056
55.220318,90.232056
55.236553,90.232056
55.25332,89.96326
55.269455,89.96326
55.287613,89.69342
55.303123,89.69342
55.319164,89.69342
55.338245,89.02258
55.35294,89.02258
55.371025,89.489685
55.385944,89.489685
55.404026,89.498474
55.420204,89.498474
55.43551,89.498474
55.45452,88.90405
55.47067,88.90405
55.48724,89.36743
55.503395,89.36743
55.519314,89.36743
55.537186,89.51233
55.55262,89.51233
55.571007,89.3457
55.58673,89.3457
55.60343,89.67389
55.621773,89.67389
55.635845,89.67389
55.654366,89.45105
55.668713,89.45105
55.68727,89.53894
55.7035,89.53894
55.73167,89.6463
55.749146,89.6463
55.75738,89.6463
55.77452,89.395325
55.78965,89.395325
55.80954,89.27283
55.823425,89.27283
55.841053,89.27283
55.858036,89.61029
55.87393,89.61029
55.89468,89.16162
55.907204,89.16162
55.92395,89.20892
55.939632,89.20892
55.95646,89.20892
55.97448,88.97034
55.98909,88.97034
56.006824,89.07837
56.023205,89.07837
56.039387,89.07837
56.058243,88.940674
56.072147,88.940674
56.092854,88.66528
56.10597,88.66528
56.123844,88.61273
56.14226,88.61273
56.156086,88.61273
56.17596,88.87286
56.1903,88.87286
56.206673,88.807495
56.22317,88.807495
56.239254,88.807495
56.25906,89.34332
56.272823,89.34332
56.29051,89.48285
56.306805,89.48285
56.32379,88.87714
56.340523,88.87714
56.35575,88.87714
56.37473,88.743286
56.388885,88.743286
56.407505,88.94623
56.422516,88.94623
56.441402,88.94623
56.45888,88.841
56.479706,88.841
56.491898,88.72571
56.507446,88.72571
56.52298,88.75763
56.540752,88.75763
56.555626,88.75763
56.57441,88.97107
56.589634,88.97107
56.60863,89.05652
56.62368,89.05652
56.63975,89.05652
56.657574,88.63983
56.67346,88.63983
56.690777,88.56366
56.705616,88.56366
56.72332,88.82013
56.739433,88.82013
56.757267,88.82013
56.77397,89.265015
56.790215,89.265015
56.808155,88.69849
56.822887,88.69849
56.840134,88.69849
56.857838,88.68213
56.872997,88.68213
56.891674,88.90283
56.90595,88.90283
56.924145,88.8634
56.941505,88.8634
56.957813,88.8634
56.975025,88.79303
56.98991,88.79303
57.01192,88.71991
57.022774,88.71991
57.038853,88.71991
57.058945,88.692566
57.073017,88.692566
57.093624,88.977234
57.106255,88.977234
57.123493,89.12341
57.14116,89.12341
57.1571,89.12341
57.175346,88.91882
57.189777,88.91882
57.205948,89.62543
57.22366,89.62543
57.23992,89.62543
57.256878,89.43262
57.273216,89.43262
57.290806,89.891174
57.306023,89.891174
57.325237,89.46167
57.340797,89.46167
57.355854,89.46167
57.375275,89.78302
57.388924,89.78302
57.407,89.826904
57.423267,89.826904
57.440506,89.826904
57.457325,89.36566
57.47327,89.36566
57.496883,89.38245
57.508522,89.38245
57.5242,89.47339
57.540596,89.47339
57.557323,89.47339
57.576233,89.59918
57.58936,89.59918
57.60769,89.24487
57.62342,89.24487
57.63899,89.24487
57.659733,89.28235
57.672565,89.28235
57.694893,89.40521
57.70641,89.40521
57.725113,89.62244
57.742054,89.62244
57.756493,89.62244
57.77325,89.25665
57.789555,89.25665
57.80847,89.28247
57.82258,89.28247
57.840775,89.28247
57.85801,89.61572
57.873386,89.61572
57.890762,89.23749
57.90539,89.23749
57.924553,89.39838
57.941242,89.39838
57.95626,89.39838
57.975624,89.193726
57.98951,89.193726
58.00576,89.31012
58.02326,89.31012
58.040012,89.31012
58.05767,89.27612
58.073097,89.27612
58.090496,89.0083
58.10616,89.0083
58.122246,89.0083
58.141327,88.88721
58.156067,88.88721
58.174984,88.92493
58.18912,88.92493
58.210594,89.460754
58.224205,89.460754
58.239197,89.460754
58.2585,89.42651
58.2741,89.42651
58.29407,89.567566
58.30625,89.567566
58.32451,89.23047
58.340675,89.23047
58.355843,89.23047
58.375458,89.57056
58.390152,89.57056
58.40794,89.442566
58.426067,89.442566
58.443558,89.442566
58.461437,89.410645
58.4745,89.410645
58.49536,89.08844
58.50646,89.08844
58.522938,89.170105
58.54006,89.170105
58.555286,89.170105
58.574318,88.797485
58.58895,88.797485
58.60761,88.92828
58.62315,88.92828
58.63917,88.92828
58.656857,88.70642
58.672897,88.70642
58.69495,88.78998
58.707436,88.78998
58.725147,89.151306
58.741535,89.151306
58.75567,89.151306
58.774338,89.285095
58.790413,89.285095
58.80837,89.007385
58.822334,89.007385
58.83961,89.007385
58.857555,89.22571
58.87291,89.22571
58.89465,89.15881
58.908333,89.15881
58.923134,89.4447
58.940052,89.4447
58.95677,89.4447
58.976788,89.05768
58.99001,89.05768
59.011536,89.159485
59.023968,89.159485
59.039963,89.159485
59.05868,89.76642
59.073524,89.76642
59.09197,89.56256
59.105595,89.56256
59.123554,88.89032
59.14498,88.89032
59.156036,88.89032
59.17403,89.06317
59.18964,89.06317
59.20703,89.68799
59.223984,89.68799
59.239876,89.68799
59.25864,89.51355
59.272552,89.51355
59.29097,89.291504
59.30552,89.291504
59.324127,89.47284
59.340862,89.47284
59.356842,89.47284
59.374023,88.95734
59.39011,88.95734
59.408375,88.82916
59.424232,88.82916
59.439934,88.82916
59.461502,88.93121
59.4724,88.93121
59.492226,88.5506
59.50592,88.5506
59.52352,88.72296
59.540718,88.72296
59.557503,88.72296
59.574223,88.733826
59.58919,88.733826
59.607433,88.7453
59.6251,88.7453
59.640545,88.7453
59.66041,88.77722
59.67268,88.77722
59.69121,89.086
59.706543,89.086
59.73569,88.99548
59.74744,88.99548
59.76011,88.99548
59.77606,88.8598
59.793873,88.8598
59.81092,88.78577
59.825512,88.78577
59.842907,88.78577
59.861717,89.30347
59.876915,89.30347
59.89339,89.45099
59.90919,89.45099
59.926888,89.01099
59.942993,89.01099
59.95983,89.01099
59.978504,88.91724
59.992188,88.91724
60.0,88.91724
