0.2439262,301.77917
0.25367695,302.9173
0.26739028,302.9173
0.28464755,302.9173
0.3014144,304.77893
0.3179898,304.77893
0.33592606,305.5846
0.35062104,305.5846
0.36769992,305.5846
0.38640326,307.0086
0.4004975,307.0086
0.41878155,307.0746
0.43550494,307.0746
0.4533564,308.22406
0.46844873,308.22406
0.48538882,308.5373
0.501799,308.5373
0.517153,308.5373
0.5359758,311.09137
0.551271,311.09137
0.5727531,311.0373
0.5842808,311.0373
0.60058767,311.0373
0.61950976,312.26837
0.6362414,312.26837
0.65361464,312.8952
0.6677376,312.8952
0.6940274,314.14813
0.70314926,314.14813
0.71872026,314.14813
0.7356168,314.14813
0.7534911,315.70258
0.7694942,320.138
0.7857124,320.138
0.80196553,320.138
0.8198732,319.38275
0.8349383,319.38275
0.85188836,319.4903
0.8673465,319.4903
0.88525254,319.84515
0.9014449,319.84515
0.9186583,319.84515
0.9359534,320.63953
0.9501218,320.63953
0.9727138,321.18115
0.9847592,321.18115
1.0016015,321.18115
1.0181384,323.3839
1.0356172,323.3839
1.0520926,323.66382
1.0698724,323.66382
1.0849004,324.43494
1.1015114,324.43494
1.1183587,324.43494
1.1362762,325.75085
1.1517159,325.75085
1.1730859,325.99298
1.1840398,325.99298
1.2012482,325.99298
1.2190993,325.6233
1.2338796,325.6233
1.2530079,328.01257
1.2676227,328.01257
1.2850705,329.12335
1.3025374,329.12335
1.317727,329.12335
1.3361181,330.79663
1.3515896,330.79663
1.3692849,330.75934
1.3842521,330.75934
1.4005809,330.75934
1.419368,334.0431
1.4333736,334.0431
1.4520338,333.8584
1.468718,333.8584
1.4846407,332.6565
1.5021713,332.6565
1.5183425,332.6565
1.5370929,333.25623
1.5509126,333.25623
1.5680003,337.19806
1.5849657,337.19806
1.6010504,337.19806
1.6196461,335.047
1.6354393,335.047
1.6530578,335.55194
1.667747,335.55194
1.6842401,336.985
1.701611,336.985
1.7180846,336.985
1.7362016,341.53717
1.7509308,341.53717
1.7687349,338.7301
1.7852902,338.7301
1.8018885,338.7301
1.8178656,343.91016
1.8349007,343.91016
1.8529103,343.08252
1.8682523,343.08252
1.884581,346.0749
1.9025183,346.0749
1.9178731,346.0749
1.9374328,346.10443
1.951647,346.10443
1.9693122,348.41754
1.9834661,348.41754
2.0018826,348.41754
2.0208528,348.0113
2.0347276,348.0113
2.0520742,347.91888
2.0681539,347.91888
2.0852253,348.20758
2.102736,348.20758
2.118617,348.20758
2.1357353,351.5362
2.1499603,351.5362
2.1697242,349.36444
2.1841812,349.36444
2.2007368,349.36444
2.2193441,348.0337
2.2335353,348.0337
2.2526045,346.33777
2.2677636,346.33777
2.2855377,349.69128
2.3025503,349.69128
2.317422,349.69128
2.337036,349.3662
2.351009,349.3662
2.3688505,351.14197
2.3853478,351.14197
2.400097,351.14197
2.4194078,352.5786
2.4341564,352.5786
2.45303,353.904
2.4680614,353.904
2.4856238,356.24292
2.5035017,356.24292
2.519091,356.24292
2.537558,356.71692
2.5499363,356.71692
2.5679562,358.82642
2.5844717,358.82642
2.6011024,358.82642
2.6203973,359.16797
2.634907,359.16797
2.6520028,358.64783
2.667533,358.64783
2.6839457,354.01324
2.703454,354.01324
2.717207,354.01324
2.7361383,353.17706
2.7514968,353.17706
2.7681623,353.0763
2.7849855,353.0763
2.8032174,352.59033
2.8183901,352.59033
2.8352895,352.59033
2.8512077,354.38092
2.8686252,354.38092
2.8840382,355.25574
2.901849,355.25574
2.9185114,355.25574
2.9359946,354.3396
2.9521766,354.3396
2.9697092,353.00342
2.9833794,353.00342
3.0013316,353.00342
3.0176516,357.4582
3.0337186,357.4582
3.0517929,354.20868
3.0684438,354.20868
3.0843318,354.74066
3.1031342,354.74066
3.1183176,354.74066
3.1370623,354.16327
3.1507688,354.16327
3.169081,349.73938
3.184715,349.73938
3.201395,349.73938
3.2196016,352.72205
3.2348852,352.72205
3.252452,351.02948
3.2685566,351.02948
3.285102,350.9027
3.3027096,350.9027
3.316546,350.9027
3.3355906,352.25433
3.3517566,352.25433
3.3691597,353.08667
3.3844259,353.08667
3.4007523,353.08667
3.419203,351.13342
3.434677,351.13342
3.452943,352.4436
3.468468,352.4436
3.4849505,352.09967
3.5023897,352.09967
3.516496,352.09967
3.5404394,350.99133
3.5518317,350.99133
3.5682838,350.32672
3.584566,350.32672
3.6014576,350.32672
3.619322,353.33142
3.634465,353.33142
3.6531305,352.31165
3.6676602,352.31165
3.6844177,349.82513
3.702669,349.82513
3.7179983,349.82513
3.7362256,348.58118
3.7514293,348.58118
3.7698746,349.61432
3.7855353,349.61432
3.8019996,349.61432
3.818572,349.91876
3.8370066,349.91876
3.852532,350.56873
3.8714166,350.56873
3.8845887,352.2447
3.9022398,352.2447
3.9180644,352.2447
3.9370835,353.19006
3.9511,353.19006
3.9711695,353.4104
3.984432,353.4104
4.0018754,353.4104
4.0193753,354.87885
4.0341125,354.87885
4.0533967,353.8963
4.0673075,353.8963
4.088708,354.1944
4.1034493,354.1944
4.118368,354.1944
4.1365266,351.94238
4.150719,351.94238
4.16846,350.21753
4.1842523,350.21753
4.201321,350.21753
4.2193103,350.37238
4.233629,350.37238
4.253567,349.789
4.2676826,349.789
4.2849693,349.13434
4.302635,349.13434
4.318252,349.13434
4.3382907,350.82568
4.3518357,350.82568
4.3691144,351.18707
4.38464,351.18707
4.4009957,351.18707
4.4192038,351.80035
4.434746,351.80035
4.453527,353.71442
4.469816,353.71442
4.4847717,354.2791
4.5022664,354.2791
4.5205455,354.2791
4.5347004,352.93225
4.5503383,352.93225
4.571624,352.12708
4.584141,352.12708
4.6006103,352.12708
4.6191683,355.6214
4.635093,355.6214
4.651008,355.1574
4.6691165,355.1574
4.6861925,352.5302
4.7025127,352.5302
4.7174416,352.5302
4.7374806,353.0666
4.751914,353.0666
4.7683687,355.14038
4.7849164,355.14038
4.8015203,355.14038
4.818666,355.68994
4.834965,355.68994
4.85241,350.08594
4.8679914,350.08594
4.8842435,350.28082
4.902546,350.28082
4.9185114,350.28082
4.9353185,353.67792
4.950492,353.67792
4.968933,353.24915
4.984099,353.24915
5.002077,353.24915
5.017713,353.063
5.0351195,353.063
5.051997,355.61084
5.0675035,355.61084
5.1055202,351.43243
5.1169295,351.43243
5.1319604,350.5952
5.1474066,350.5952
5.1635513,351.43683
5.181983,351.43683
5.196127,351.43683
5.215776,351.6916
5.2305,351.6916
5.2491183,349.78644
5.264546,349.78644
5.2788935,349.78644
5.29861,350.24103
5.312473,350.24103
5.33114,354.6739
5.3461103,354.6739
5.363937,354.13696
5.380882,354.13696
5.3971276,354.13696
5.415267,354.5171
5.430452,354.5171
5.448733,353.71265
5.4643083,353.71265
5.4803934,353.71265
5.497784,350.4018
5.514089,350.4018
5.5324535,350.33423
5.5478344,350.33423
5.563227,355.55267
5.5806255,355.55267
5.5981283,355.55267
5.6143622,354.97473
5.6310105,354.97473
5.6478863,354.32074
5.663451,354.32074
5.680736,354.32074
5.697914,354.61487
5.7150354,354.61487
5.731477,352.8224
5.7463207,352.8224
5.7634764,353.08856
5.780888,353.08856
5.7981467,353.08856
5.8162823,353.09033
5.829277,353.09033
5.846844,353.1032
5.8644576,353.1032
5.8805046,353.1032
5.8980217,351.7588
5.9151406,351.7588
5.9319334,350.81384
5.946402,350.81384
5.963541,348.02924
5.981072,348.02924
5.9967833,348.02924
6.014503,347.34723
6.030436,347.34723
6.0506945,349.59613
6.0639205,349.59613
6.0805836,349.59613
6.0982437,350.9574
6.1129184,350.9574
6.1313386,349.01892
6.146878,349.01892
6.1637497,351.74463
6.1821666,351.74463
6.19625,351.74463
6.215358,347.08783
6.2298913,347.08783
6.249195,346.66162
6.264111,346.66162
6.2936597,348.98492
6.30599,348.98492
6.318217,348.98492
6.336081,346.9735
6.3528614,346.9735
6.3685923,345.09247
6.385497,345.09247
6.402417,345.09247
6.419982,342.4732
6.4355774,342.4732
6.453352,342.7303
6.4691415,342.7303
6.48496,341.94946
6.502424,341.94946
6.518174,341.94946
6.53529,337.67224
6.551795,337.67224
6.5688972,338.68414
6.5860834,338.68414
6.602229,338.68414
6.6196384,333.59985
6.6350474,333.59985
6.656119,335.41913
6.6690536,335.41913
6.6842127,335.03857
6.703266,335.03857
6.7190356,335.03857
6.7366066,333.5938
6.7524757,333.5938
6.769417,333.6233
6.7846913,333.6233
6.803812,333.66583
6.818556,333.66583
6.8357406,333.66583
6.852677,332.5005
6.867713,332.5005
6.884866,332.1914
6.9026074,332.1914
6.9187064,332.1914
6.9366045,329.677
6.9531527,329.677
6.97019,329.22266
6.9841027,329.22266
7.0029783,329.22266
7.0228515,327.7989
7.0371084,327.7989
7.053773,329.01825
7.0693574,329.01825
7.0853286,329.01825
7.1021276,329.01825
7.12,326.96924
7.137076,325.8921
7.1501894,325.8921
7.1706824,324.91913
7.1852355,324.91913
7.202957,322.97522
7.2191424,322.97522
7.234369,322.97522
7.253045,324.01233
7.268167,324.01233
7.2847176,317.54938
7.303323,317.54938
7.3191233,317.54938
7.336108,318.37616
7.3515244,318.37616
7.368632,317.49512
7.384198,317.49512
7.4018707,317.49512
7.420623,315.58148
7.434779,315.58148
7.4563813,314.28394
7.468914,314.28394
7.484496,312.80377
7.5026126,312.80377
7.5189233,312.80377
7.5368366,311.67755
7.552909,311.67755
7.5699453,311.82733
7.585058,311.82733
7.601013,311.82733
7.620575,310.89502
7.635717,310.89502
7.6538596,309.55322
7.6680994,309.55322
7.6859393,310.27716
7.703129,310.27716
7.718424,310.27716
7.737063,308.0127
7.7522955,308.0127
7.770279,308.28882
7.786834,308.28882
7.801218,308.28882
7.820644,307.07477
7.835754,307.07477
7.85609,307.06055
7.8689528,307.06055
7.885698,307.4076
7.9020166,307.4076
7.9183407,307.4076
7.936028,306.9239
7.9525537,306.9239
7.9688444,306.42896
7.9849977,306.42896
8.002018,306.42896
8.019997,305.68146
8.038179,305.68146
8.05286,306.56305
8.068107,306.56305
8.085458,305.87872
8.103177,305.87872
8.118961,305.87872
8.137678,305.34192
8.151942,305.34192
8.171837,304.1772
8.186491,304.1772
8.202171,304.1772
8.219883,304.54608
8.235871,304.54608
8.253965,304.01898
8.268728,304.01898
8.289129,302.10956
8.302389,302.10956
8.319027,302.10956
8.337462,302.1344
8.35223,302.1344
8.3730345,302.9218
8.385037,302.9218
8.402181,302.9218
8.419842,303.12665
8.434018,303.12665
8.458144,301.03693
8.468058,301.03693
8.485354,300.9148
8.5028515,300.9148
8.518926,300.9148
8.53652,300.86108
8.552141,300.86108
8.56931,300.0268
8.584883,300.0268
8.603268,299.122
8.619698,299.122
8.636161,299.122
8.656305,299.3108
8.668337,299.3108
8.685491,299.4674
8.703541,299.4674
8.718965,299.4674
8.736401,299.48883
8.75238,299.48883
8.769662,299.39606
8.786351,299.39606
8.803387,298.92712
8.820288,298.92712
8.834877,298.92712
8.853569,299.33783
8.86878,299.33783
8.885487,299.44324
8.902172,299.44324
8.918312,299.44324
8.936849,298.4532
8.953184,298.4532
8.969653,298.13885
8.984926,298.13885
9.0018015,298.13885
9.020222,297.55676
9.035186,297.55676
9.052769,297.38092
9.069191,297.38092
9.085433,297.42395
9.104188,297.42395
9.119099,297.42395
9.1366205,297.29938
9.15179,297.29938
9.172082,297.35797
9.185631,297.35797
9.202267,297.35797
9.220137,297.30353
9.235352,297.30353
9.253832,296.9464
9.268131,296.9464
9.286676,297.0027
9.303537,297.0027
9.319333,297.0027
9.335917,297.3869
9.351297,297.3869
9.369479,297.50812
9.384094,297.50812
9.40167,297.50812
9.418774,297.94177
9.434752,297.94177
9.454123,298.0287
9.468522,298.0287
9.488026,298.16876
9.503368,298.16876
9.518749,298.16876
9.537255,298.12158
9.55216,298.12158
9.570178,298.33795
9.5857935,298.33795
9.601117,298.33795
9.620787,298.2918
9.636838,298.2918
9.653326,297.23212
9.6696,297.23212
9.68671,297.25946
9.703087,297.25946
9.717601,297.25946
9.735657,297.11896
9.752692,297.11896
9.769493,297.1725
9.786459,297.1725
9.803482,297.32635
9.82052,297.32635
9.835269,297.32635
9.855673,297.2893
9.869018,297.2893
9.887288,296.42377
9.902509,296.42377
9.919353,296.42377
9.936103,296.40277
9.951946,296.40277
9.9692,296.4193
9.986539,296.4193
10.002998,296.63965
10.019237,296.63965
10.036759,296.63965
10.053129,296.90045
10.0682745,296.90045
10.085526,296.7096
10.10188,296.7096
10.118831,296.7096
10.137274,296.5769
10.1511965,296.5769
10.169415,296.47046
10.1842785,296.47046
10.202019,296.47046
10.220235,297.07208
10.236568,297.07208
10.25591,296.2638
10.267723,296.2638
10.285894,296.60107
10.305349,296.60107
10.318599,296.60107
10.336331,296.091
10.351334,296.091
10.37058,296.42737
10.386306,296.42737
10.401102,296.42737
10.420403,296.27472
10.434462,296.27472
10.454935,296.43457
10.469291,296.43457
10.488787,296.49652
10.506209,296.49652
10.519057,296.49652
10.537424,296.40277
10.553732,296.40277
10.569939,296.41406
10.585628,296.41406
10.603878,296.2569
10.620061,296.2569
10.635831,296.2569
10.652481,295.85986
10.669639,295.85986
10.690878,296.09955
10.703486,296.09955
10.718445,296.09955
10.73764,296.31213
10.752767,296.31213
10.770501,296.20117
10.786534,296.20117
10.8038845,296.15826
10.820292,296.15826
10.836012,296.15826
10.852881,296.82025
10.868568,296.82025
10.885003,296.6192
10.9026785,296.6192
10.919683,296.6192
10.939868,296.9226
10.951771,296.9226
10.969475,296.75214
10.9846,296.75214
11.004205,296.53558
11.020812,296.53558
11.03523,296.53558
11.053643,296.8526
11.069308,296.8526
11.0862255,296.79254
11.103152,296.79254
11.121652,296.79254
11.137307,296.79517
11.15203,296.79517
11.169689,296.7035
11.184823,296.7035
11.204216,297.23383
11.220298,297.23383
11.235891,297.23383
11.256179,297.378
11.269585,297.378
11.286385,297.2431
11.303485,297.2431
11.319358,297.2431
11.337626,297.12982
11.351395,297.12982
11.373467,297.26154
11.385948,297.26154
11.403155,296.6396
11.419984,296.6396
11.435381,296.6396
11.453935,296.98645
11.4695,296.98645
11.486483,297.72455
11.50272,297.72455
11.519906,297.72455
11.537544,297.36615
11.551851,297.36615
11.569829,298.58954
11.585478,298.58954
11.601862,298.58954
11.619461,298.87305
11.635196,298.87305
11.65635,299.15277
11.668977,299.15277
11.687013,299.91736
11.704182,299.91736
11.718617,299.91736
11.737011,299.89642
11.752576,299.89642
11.770763,300.07056
11.787115,300.07056
11.801815,300.07056
11.819969,301.13568
11.834792,301.13568
11.855795,301.5313
11.868855,301.5313
11.885521,302.9643
11.902509,302.9643
11.919555,302.9643
11.936535,303.24713
11.952807,303.24713
11.970243,303.5888
11.985314,303.5888
12.002267,303.5888
12.020237,303.7752
12.036478,303.7752
12.052926,305.53314
12.068026,305.53314
12.086212,306.24872
12.102468,306.24872
12.118375,306.24872
12.13627,307.23193
12.152752,307.23193
12.170693,307.38312
12.185839,307.38312
12.202096,307.38312
12.219725,308.8017
12.235835,308.8017
12.253939,310.44806
12.269775,310.44806
12.284954,312.65332
12.30353,312.65332
12.318713,312.65332
12.337515,313.445
12.352513,313.445
12.374175,314.55872
12.385559,314.55872
12.401355,314.55872
12.420373,315.34283
12.435769,315.34283
12.454071,316.57654
12.469453,316.57654
12.485718,317.4118
12.503174,317.4118
12.518456,317.4118
12.537275,317.60938
12.551201,317.60938
12.570063,317.83783
12.585834,317.83783
12.602378,317.83783
12.6208935,318.4815
12.635779,318.4815
12.656707,320.3629
12.668535,320.3629
12.684748,319.65155
12.704203,319.65155
12.718558,319.65155
12.737048,319.9751
12.751009,319.9751
12.769393,323.9663
12.78694,323.9663
12.803578,324.1313
12.820437,324.1313
12.835851,324.1313
12.854351,325.83386
12.868646,325.83386
12.88444,326.92908
12.902609,326.92908
12.918712,326.92908
12.936476,326.37244
12.9521885,326.37244
12.968985,327.35156
12.985454,327.35156
13.001337,327.35156
13.020395,328.1806
13.034948,328.1806
13.053176,329.7735
13.067702,329.7735
13.085534,332.57385
13.103752,332.57385
13.118129,332.57385
13.137215,332.99225
13.1518955,332.99225
13.170604,332.57623
13.184709,332.57623
13.201885,332.57623
13.220337,332.8551
13.236209,332.8551
13.253777,334.61816
13.26845,334.61816
13.287137,335.28558
13.303552,335.28558
13.318857,335.28558
13.337396,333.82336
13.352578,333.82336
13.370706,334.01447
13.385239,334.01447
13.405996,334.01447
13.420905,335.89587
13.434412,335.89587
13.453918,334.13672
13.468554,334.13672
13.487254,336.91162
13.502248,336.91162
13.518587,336.91162
13.536871,337.44318
13.552279,337.44318
13.570574,339.29956
13.585089,339.29956
13.601538,339.29956
13.620652,339.92847
13.635206,339.92847
13.653581,337.80298
13.669241,337.80298
13.687433,339.1021
13.702822,339.1021
13.719724,339.1021
13.740136,342.41876
13.75234,342.41876
13.772039,341.7978
13.7865925,341.7978
13.806736,341.7978
13.822692,340.77356
13.836505,340.77356
13.852797,340.04688
13.869075,340.04688
13.887393,343.17535
13.901782,343.17535
13.918544,343.17535
13.936814,342.9674
13.952823,342.9674
13.970652,343.5362
13.985727,343.5362
14.002425,343.5362
14.01984,343.9895
14.034666,343.9895
14.052791,348.3769
14.067724,348.3769
14.0858755,344.8183
14.103688,344.8183
14.119274,344.8183
14.136885,347.11853
14.152694,347.11853
14.169692,345.36053
14.18515,345.36053
14.203242,347.20996
14.220053,347.20996
14.236106,347.20996
14.256535,346.0719
14.268444,346.0719
14.286104,346.28284
14.303168,346.28284
14.318498,346.28284
14.337826,346.34467
14.351536,346.34467
14.370651,348.15826
14.384331,348.15826
14.401464,348.15826
14.420387,348.72955
14.435468,348.72955
14.454788,346.94983
14.468492,346.94983
14.484446,347.33557
14.502931,347.33557
14.518689,347.33557
14.539808,348.67877
14.552212,348.67877
14.570939,348.36603
14.586036,348.36603
14.601534,348.36603
14.620099,347.9909
14.635715,347.9909
14.657871,347.07648
14.669121,347.07648
14.687826,346.7655
14.704003,346.7655
14.719374,346.7655
14.736341,347.24133
14.753306,347.24133
14.769216,347.313
14.786869,347.313
14.803461,347.64587
14.81959,347.64587
14.8346815,347.64587
14.85299,347.46637
14.869634,347.46637
14.885303,349.50818
14.903034,349.50818
14.918426,349.50818
14.9362545,348.81403
14.951708,348.81403
14.970286,349.7506
14.986517,349.7506
15.001732,349.7506
15.020318,350.20575
15.035728,350.20575
15.053389,355.2901
15.068279,355.2901
15.086744,354.4876
15.101833,354.4876
15.118835,354.4876
15.136537,354.2409
15.151822,354.2409
15.17326,352.21277
15.185776,352.21277
15.202051,352.21277
15.218487,353.22797
15.235999,353.22797
15.253774,352.7859
15.269053,352.7859
15.285361,353.95135
15.302428,353.95135
15.319123,353.95135
15.337037,351.00983
15.352145,351.00983
15.369382,353.45898
15.384999,353.45898
15.403162,352.86798
15.419245,352.86798
15.435026,352.86798
15.45654,351.61487
15.468074,351.61487
15.485659,351.0699
15.504008,351.0699
15.517884,351.0699
15.53791,350.44293
15.55167,350.44293
15.570539,350.34296
15.585632,350.34296
15.603401,351.2237
15.620425,351.2237
15.635685,351.2237
15.654305,349.47192
15.669693,349.47192
15.685158,350.11877
15.703108,350.11877
15.71852,350.11877
15.737629,347.5681
15.752399,347.5681
15.769415,347.74084
15.786721,347.74084
15.803976,349.34723
15.818466,349.34723
15.836035,349.34723
15.852663,349.31622
15.869204,349.31622
15.885949,348.95312
15.902669,348.95312
15.925313,349.6214
15.9381895,349.6214
15.952189,349.6214
15.970578,348.55103
15.984875,348.55103
16.002354,348.55103
16.021479,349.18585
16.036749,349.18585
16.053513,351.0993
16.068222,351.0993
16.085403,350.3872
16.102999,350.3872
16.118755,350.3872
16.136599,349.20416
16.151688,349.20416
16.170109,348.51196
16.186243,348.51196
16.20298,351.30768
16.219902,351.30768
16.234474,351.30768
16.253561,350.16718
16.268307,350.16718
16.285906,347.8982
16.304045,347.8982
16.31858,347.8982
16.337107,347.5301
16.353107,347.5301
16.37399,349.2301
16.386341,349.2301
16.401138,349.2301
16.420685,350.59247
16.436111,350.59247
16.45486,350.8089
16.469461,350.8089
16.486662,348.4018
16.503674,348.4018
16.519081,348.4018
16.537073,348.09326
16.552757,348.09326
16.570562,347.54517
16.586432,347.54517
16.603016,346.86853
16.62176,346.86853
16.635294,346.86853
16.654335,346.359
16.66844,346.359
16.68738,346.8294
16.703154,346.8294
16.71842,346.8294
16.737581,347.03406
16.75176,347.03406
16.769657,348.21454
16.786724,348.21454
16.802013,348.21454
16.820341,348.44775
16.836254,348.44775
16.854815,348.3415
16.86881,348.3415
16.88539,347.5982
16.903362,347.5982
16.919495,347.5982
16.937557,347.64624
16.952438,347.64624
16.96963,348.10822
16.985888,348.10822
17.003254,346.4218
17.01976,346.4218
17.036715,346.4218
17.053267,348.50635
17.068745,348.50635
17.086409,347.39453
17.102762,347.39453
17.119785,347.39453
17.138233,347.36066
17.152872,347.36066
17.16973,347.2505
17.184862,347.2505
17.20207,347.2505
17.219664,348.4134
17.237537,348.4134
17.253893,347.07928
17.269295,347.07928
17.286036,347.12384
17.303497,347.12384
17.319298,347.12384
17.336666,347.27124
17.351746,347.27124
17.37331,347.55542
17.38581,347.55542
17.402136,347.55542
17.419857,348.3991
17.435009,348.3991
17.454016,347.53094
17.468594,347.53094
17.4853,347.25177
17.50385,347.25177
17.518919,347.25177
17.53635,347.90973
17.55162,347.90973
17.570564,346.6552
17.586634,346.6552
17.603287,345.46008
17.618471,345.46008
17.636856,345.46008
17.653305,342.75024
17.668766,342.75024
17.689112,343.05682
17.704796,343.05682
17.719074,343.05682
17.73719,344.54553
17.75243,344.54553
17.770102,344.9618
17.786566,344.9618
17.802217,344.9618
17.81975,344.12378
17.836447,344.12378
17.854233,343.52087
17.869038,343.52087
17.884998,340.25714
17.902653,340.25714
17.919863,340.25714
17.936718,340.66284
17.952131,340.66284
17.97071,341.51233
17.985783,341.51233
18.003572,341.7276
18.020239,341.7276
18.0352,341.7276
18.054749,344.48755
18.068739,344.48755
18.086533,343.66638
18.102617,343.66638
18.119503,343.66638
18.136494,342.75903
18.151953,342.75903
18.171093,339.92554
18.18525,339.92554
18.2016,339.92554
18.219147,340.22815
18.236088,340.22815
18.253891,339.792
18.269188,339.792
18.287445,340.023
18.303438,340.023
18.318575,340.023
18.337275,339.46808
18.353441,339.46808
18.369583,339.14343
18.385126,339.14343
18.402452,339.14343
18.420113,337.57513
18.436327,337.57513
18.454798,337.76154
18.469488,337.76154
18.486431,336.8435
18.503098,336.8435
18.518278,336.8435
18.537472,337.64087
18.551758,337.64087
18.570623,337.82343
18.586306,337.82343
18.602184,337.82343
18.619085,336.6765
18.63507,336.6765
18.652885,336.81073
18.668943,336.81073
18.685486,335.2647
18.70354,335.2647
18.718107,335.2647
18.736038,335.41815
18.752213,335.41815
18.770842,333.1604
18.785387,333.1604
18.80205,333.1604
18.819164,333.4381
18.835909,333.4381
18.854212,332.45367
18.868845,332.45367
18.886703,332.66583
18.90367,332.66583
18.920036,332.66583
18.93797,332.49298
18.9522,332.49298
18.970623,332.14038
18.985832,332.14038
19.00352,332.47485
19.021385,332.47485
19.036903,332.47485
19.054176,333.8678
19.068445,333.8678
19.086012,331.4853
19.102709,331.4853
19.11854,331.4853
19.13748,331.80975
19.151762,331.80975
19.17063,329.2531
19.184843,329.2531
19.203072,328.51935
19.219715,328.51935
19.235973,328.51935
19.253569,326.70844
19.270622,326.70844
19.285803,326.659
19.303984,326.659
19.319342,326.659
19.337582,326.7323
19.351978,326.7323
19.37122,326.8863
19.385096,326.8863
19.402197,326.8863
19.420835,324.76556
19.434784,324.76556
19.45469,324.55133
19.468838,324.55133
19.486267,322.7353
19.503483,322.7353
19.518776,322.7353
19.537964,322.76
19.552805,322.76
19.569532,320.761
19.585539,320.761
19.611366,320.71124
19.623577,320.71124
19.63618,320.71124
19.653988,320.17206
19.669909,320.17206
19.686514,320.20813
19.704424,320.20813
19.71979,320.20813
19.737389,319.17682
19.753717,319.17682
19.77049,319.0904
19.786997,319.0904
19.80422,315.8374
19.82111,315.8374
19.83661,315.8374
19.854143,317.18378
19.870012,317.18378
19.88539,316.32147
19.903265,316.32147
19.91901,316.32147
19.937378,316.05902
19.9532,316.05902
19.973688,315.53973
19.988976,315.53973
20.004877,315.28192
20.022068,315.28192
20.03641,315.28192
20.05362,315.0149
20.068829,315.0149
20.087635,314.59784
20.102856,314.59784
20.118925,314.59784
20.136616,313.50317
20.152617,313.50317
20.170671,311.24164
20.186596,311.24164
20.203205,311.23853
20.219748,311.23853
20.235695,311.23853
20.254835,310.31757
20.268696,310.31757
20.289625,308.04883
20.303717,308.04883
20.318596,308.04883
20.337618,307.73004
20.352829,307.73004
20.374613,307.65387
20.385452,307.65387
20.403065,306.45178
20.42017,306.45178
20.435663,306.45178
20.455362,304.70325
20.469448,304.70325
20.48842,304.32294
20.502361,304.32294
20.518206,304.32294
20.538004,304.05896
20.553205,304.05896
20.57029,303.5797
20.585943,303.5797
20.601225,303.5797
20.620493,302.74133
20.636023,302.74133
20.653704,302.2215
20.66898,302.2215
20.685305,301.1327
20.703272,301.1327
20.719765,301.1327
20.737888,301.1823
20.752943,301.1823
20.774454,300.95453
20.786417,300.95453
20.804115,300.65338
20.820566,300.65338
20.835768,300.65338
20.853891,300.80383
20.869234,300.80383
20.886076,300.65552
20.903223,300.65552
20.918972,300.65552
20.937574,299.22974
20.952982,299.22974
20.97077,298.9986
20.986168,298.9986
21.003443,298.8548
21.01996,298.8548
21.036459,298.8548
21.054909,298.72662
21.06942,298.72662
21.086473,298.90192
21.103277,298.90192
21.119886,298.90192
21.137959,298.6117
21.152714,298.6117
21.170876,297.76642
21.18833,297.76642
21.20383,297.82306
21.220156,297.82306
21.236221,297.82306
21.257008,297.92633
21.268833,297.92633
21.28806,297.89014
21.302685,297.89014
21.319883,297.89014
21.338198,297.54285
21.352581,297.54285
21.37041,297.5412
21.386044,297.5412
21.402191,297.5412
21.42124,297.1942
21.436419,297.1942
21.454437,296.7989
21.469635,296.7989
21.487665,297.03973
21.502283,297.03973
21.519358,297.03973
21.537792,297.21674
21.552668,297.21674
21.570292,296.61902
21.585623,296.61902
21.601284,296.61902
21.619633,296.4322
21.63652,296.4322
21.6541,295.9707
21.669146,295.9707
21.685406,295.95386
21.703602,295.95386
21.718855,295.95386
21.736914,296.56152
21.75199,296.56152
21.770632,296.41638
21.786148,296.41638
21.803585,295.98358
21.820248,295.98358
21.837002,295.98358
21.853607,296.01392
21.869747,296.01392
21.885502,296.2353
21.904137,296.2353
21.91946,296.2353
21.93695,296.27728
21.952286,296.27728
21.971098,296.031
21.984879,296.031
22.00364,295.5495
22.021317,295.5495
22.035316,295.5495
22.053438,295.75726
22.069166,295.75726
22.085876,295.72028
22.103996,295.72028
22.119404,295.72028
22.140749,295.88898
22.152803,295.88898
22.17124,295.96655
22.185246,295.96655
22.203415,296.19183
22.22068,296.19183
22.237108,296.19183
22.255136,296.13757
22.268732,296.13757
22.288704,296.38916
22.303194,296.38916
22.318481,296.38916
22.337389,295.7102
22.352869,295.7102
22.370863,296.2364
22.385464,296.2364
22.4082,296.3335
22.421476,296.3335
22.435955,296.3335
22.45442,296.149
22.46954,296.149
22.487398,296.26428
22.502281,296.26428
22.518753,296.26428
22.539537,296.5166
22.55173,296.5166
22.57078,296.12952
22.587418,296.12952
22.603485,295.68353
22.620459,295.68353
22.636131,295.68353
22.654915,295.5327
22.670143,295.5327
22.685041,296.03296
22.702885,296.03296
22.717865,296.03296
22.737894,295.73407
22.75332,295.73407
22.770245,295.92242
22.789137,295.92242
22.803873,295.91156
22.82073,295.91156
22.836391,295.91156
22.853584,296.13666
22.869928,296.13666
22.886698,296.01385
22.903233,296.01385
22.919603,296.01385
22.936943,295.84955
22.9528,295.84955
22.9701,295.70007
22.986336,295.70007
23.003216,295.5971
23.020237,295.5971
23.037474,295.5971
23.053425,295.48944
23.068556,295.48944
23.08615,295.4071
23.103758,295.4071
23.11912,295.4071
23.137505,295.1886
23.152458,295.1886
23.170017,294.99384
23.185493,294.99384
23.20371,295.89166
23.220175,295.89166
23.237518,295.89166
23.253876,296.00073
23.268427,296.00073
23.287823,296.42944
23.303782,296.42944
23.319082,296.42944
23.336348,295.64545
23.352905,295.64545
23.373714,295.45422
23.386137,295.45422
23.403536,295.74945
23.421207,295.74945
23.435072,295.74945
23.454836,295.49152
23.469915,295.49152
23.487667,295.39044
23.503155,295.39044
23.519066,295.39044
23.538576,295.69604
23.552929,295.69604
23.570227,295.78375
23.586472,295.78375
23.603071,295.85968
23.62141,295.85968
23.635435,295.85968
23.655174,296.38806
23.670315,296.38806
23.68551,296.75684
23.704134,296.75684
23.720098,296.75684
23.73816,297.34485
23.753012,297.34485
23.771187,297.5216
23.78572,297.5216
23.803637,298.06512
23.820602,298.06512
23.836836,298.06512
23.854124,298.7666
23.87595,298.7666
23.88765,299.07837
23.903322,299.07837
23.919134,299.07837
23.937824,299.67334
23.952625,299.67334
23.970682,301.04333
23.986837,301.04333
24.003914,300.68854
24.020842,300.68854
24.03911,300.68854
24.05653,301.77435
24.06911,301.77435
24.088284,303.23352
24.103859,303.23352
24.119312,303.23352
24.1374,303.4829
24.152979,303.4829
24.170666,304.03827
24.185951,304.03827
24.20266,304.03827
24.22088,305.49982
24.237473,305.49982
24.253916,306.73523
24.270529,306.73523
24.286688,309.43823
24.304361,309.43823
24.320763,309.43823
24.338076,309.65784
24.352306,309.65784
24.37072,312.75574
24.385324,312.75574
24.403292,314.448
24.420658,314.448
24.436438,314.448
24.45619,314.07928
24.46976,314.07928
24.487467,314.8241
24.503471,314.8241
24.518778,314.8241
24.538141,318.00476
24.552322,318.00476
24.570822,319.2885
24.586332,319.2885
24.603004,322.029
24.621399,322.029
24.638882,322.029
24.65424,319.91028
24.670015,319.91028
24.68659,320.61737
24.704718,320.61737
24.719608,320.61737
24.738295,319.83215
24.753073,319.83215
24.769524,323.6659
24.786945,323.6659
24.803959,323.65228
24.820639,323.65228
24.83577,323.65228
24.856602,323.4016
24.870275,323.4016
24.885614,324.0124
24.903372,324.0124
24.919184,324.0124
24.936754,325.77466
24.953217,325.77466
24.970634,325.5337
24.985292,325.5337
25.003328,329.3365
25.020115,329.3365
25.037086,329.3365
25.054527,330.87244
25.070242,330.87244
25.086845,330.11835
25.103336,330.11835
25.120567,330.11835
25.137646,330.88184
25.15272,330.88184
25.169966,333.90033
25.185024,333.90033
25.202589,333.90033
25.221739,331.9978
25.235327,331.9978
25.253794,333.56683
25.269024,333.56683
25.289711,333.35864
25.304003,333.35864
25.319527,333.35864
25.337006,333.22467
25.35353,333.22467
25.371185,335.59155
25.385584,335.59155
25.403337,334.6792
25.421356,334.6792
25.435934,334.6792
25.454386,336.05084
25.470997,336.05084
25.48749,335.63934
25.5033,335.63934
25.51919,335.63934
25.538225,335.5318
25.553633,335.5318
25.570145,340.4743
25.586943,340.4743
25.603273,340.09546
25.620287,340.09546
25.635996,340.09546
25.65422,339.88116
25.669653,339.88116
25.686928,339.57367
25.702763,339.57367
25.719027,339.57367
25.737238,341.13074
25.752945,341.13074
25.770784,342.64838
25.786507,342.64838
25.803589,344.22577
25.819008,344.22577
25.837116,344.22577
25.853941,345.1978
25.86915,345.1978
25.887697,348.7011
25.902842,348.7011
25.92021,348.7011
25.93696,346.97784
25.952192,346.97784
25.970856,346.31903
25.98576,346.31903
26.007156,344.78064
26.020876,344.78064
26.038403,344.78064
26.06042,345.62616
26.069878,345.62616
26.08874,347.005
26.102432,347.005
26.120014,347.005
26.138004,343.77106
26.152245,343.77106
26.17013,343.58685
26.186113,343.58685
26.20285,344.52893
26.218784,344.52893
26.235329,344.52893
26.254515,345.7646
26.268917,345.7646
26.291391,348.51154
26.302185,348.51154
26.319134,348.51154
26.338007,350.25128
26.35374,350.25128
26.370787,348.62695
26.386074,348.62695
26.403145,350.57953
26.420673,350.57953
26.43627,350.57953
26.455648,350.64624
26.469631,350.64624
26.486517,348.9756
26.50404,348.9756
26.519062,348.9756
26.538464,352.23468
26.552431,352.23468
26.574541,352.99048
26.585577,352.99048
26.602985,352.56714
26.619654,352.56714
26.637178,352.56714
26.65409,351.73553
26.669931,351.73553
26.68556,347.04846
26.703836,347.04846
26.719084,347.04846
26.73812,347.70465
26.753393,347.70465
26.771235,348.93085
26.78639,348.93085
26.803127,347.59723
26.820677,347.59723
26.836279,347.59723
26.854073,349.11163
26.869162,349.11163
26.887901,348.21436
26.902746,348.21436
26.919085,348.21436
26.936972,346.8003
26.952589,346.8003
26.971373,347.10052
26.98589,347.10052
27.003168,345.81396
27.019829,345.81396
27.036757,345.81396
27.053371,349.21674
27.068722,349.21674
27.089077,346.50665
27.102707,346.50665
27.120377,346.50665
27.13677,346.72296
27.152824,346.72296
27.170557,344.39697
27.186457,344.39697
27.204412,340.72736
27.22087,340.72736
27.235987,340.72736
27.254168,342.0515
27.268984,342.0515
27.288446,341.7094
27.302927,341.7094
27.320095,341.7094
27.33665,342.14185
27.353796,342.14185
27.371141,346.73523
27.385952,346.73523
27.40304,342.02588
27.421043,342.02588
27.437254,342.02588
27.454983,344.4638
27.47032,344.4638
27.487057,350.74597
27.502842,350.74597
27.518852,350.74597
27.538723,343.72717
27.552845,343.72717
27.570919,347.6197
27.58665,347.6197
27.603218,347.10754
27.621078,347.10754
27.63691,347.10754
27.653679,346.26953
27.669163,346.26953
27.685892,346.31683
27.703333,346.31683
27.718916,346.31683
27.737764,347.47894
27.753117,347.47894
27.77082,344.14496
27.789865,344.14496
27.804232,340.36688
27.82059,340.36688
27.837276,340.36688
27.856436,340.85242
27.869154,340.85242
27.886242,347.66425
27.903221,347.66425
27.920553,347.66425
27.93675,352.64014
27.953426,352.64014
27.972145,349.43298
27.985466,349.43298
28.003311,345.58435
28.021212,345.58435
28.037445,345.58435
28.05371,352.62872
28.069542,352.62872
28.087872,343.68195
28.103601,343.68195
28.12083,343.68195
28.137537,344.17938
28.15345,344.17938
28.170576,339.42047
28.186321,339.42047
28.202675,339.42047
28.222517,340.69214
28.236933,340.69214
28.255226,331.385
28.269413,331.385
28.286621,335.50775
28.30422,335.50775
28.319262,335.50775
28.338316,336.7776
28.352661,336.7776
28.369848,339.75507
28.385727,339.75507
28.403072,335.2215
28.420654,335.2215
28.436049,335.2215
28.454336,345.7906
28.470108,345.7906
28.487482,348.39178
28.503551,348.39178
28.52071,348.39178
28.537373,342.1228
28.552267,342.1228
28.570295,350.80255
28.586899,350.80255
28.602999,343.62274
28.619802,343.62274
28.63685,343.62274
28.654415,343.32648
28.669447,343.32648
28.688257,346.87335
28.70294,346.87335
28.718557,346.87335
28.737404,348.8828
28.752975,348.8828
28.774124,342.81952
28.786875,342.81952
28.803658,340.847
28.820322,340.847
28.836277,340.847
28.85388,344.4803
28.869444,344.4803
28.888306,347.52533
28.902798,347.52533
28.919817,347.52533
28.937862,350.2245
28.9536,350.2245
28.970848,346.7649
28.986788,346.7649
29.003765,347.93414
29.02078,347.93414
29.037209,347.93414
29.05477,346.2688
29.068594,346.2688
29.08782,351.84344
29.10337,351.84344
29.120789,351.84344
29.138407,348.07465
29.152454,348.07465
29.170595,350.85278
29.185684,350.85278
29.203571,350.48132
29.219772,350.48132
29.236319,350.48132
29.25393,347.4588
29.269913,347.4588
29.2892,345.65295
29.302425,345.65295
29.319809,345.65295
29.337223,350.16248
29.35249,350.16248
29.374233,359.7209
29.385498,359.7209
29.403196,351.24927
29.421076,351.24927
29.435755,351.24927
29.45537,352.04193
29.46982,352.04193
29.485977,346.24402
29.50486,346.24402
29.518723,346.24402
29.538115,347.0849
29.551619,347.0849
29.571106,348.1054
29.58572,348.1054
29.603184,347.8531
29.621685,347.8531
29.63735,347.8531
29.65773,348.97455
29.67071,348.97455
29.687904,342.8783
29.703913,342.8783
29.719238,342.8783
29.73669,343.07135
29.752888,343.07135
29.770304,345.09705
29.78616,345.09705
29.803862,340.29285
29.820543,340.29285
29.836493,340.29285
29.854397,340.27783
29.870861,340.27783
29.887352,342.97784
29.903055,342.97784
29.9198,342.97784
29.93725,342.0619
29.952726,342.0619
29.971659,340.80847
29.985268,340.80847
30.003376,339.22424
30.020798,339.22424
30.03657,339.22424
30.053953,342.45978
30.069725,342.45978
30.0866,342.02893
30.10484,342.02893
30.120836,342.02893
30.137444,340.27722
30.152948,340.27722
30.170637,342.11615
30.186735,342.11615
30.204226,337.70795
30.22144,337.70795
30.237976,337.70795
30.255611,337.88824
30.268457,337.88824
30.28841,337.19745
30.303934,337.19745
30.319572,337.19745
30.338531,337.08722
30.353357,337.08722
30.371477,335.69562
30.387476,335.69562
30.403938,334.5924
30.421003,334.5924
30.436235,334.5924
30.454987,337.49103
30.469967,337.49103
30.487846,335.17493
30.502506,335.17493
30.518997,335.17493
30.539185,338.08563
30.553286,338.08563
30.569973,335.60162
30.586338,335.60162
30.60345,339.03088
30.622284,339.03088
30.635956,339.03088
30.652689,333.70807
30.66975,333.70807
30.686335,339.14545
30.703447,339.14545
30.720026,339.14545
30.737055,340.5204
30.75272,340.5204
30.771338,332.82312
30.786852,332.82312
30.804285,331.33142
30.823769,331.33142
30.837618,331.33142
30.854767,330.55145
30.870327,330.55145
30.88824,327.20166
30.902475,327.20166
30.9199,327.20166
30.93823,326.09668
30.954132,326.09668
30.971745,326.41656
30.990898,326.41656
31.003798,326.8025
31.020945,326.8025
31.037527,326.8025
31.055256,328.87823
31.071335,328.87823
31.091343,330.78564
31.103443,330.78564
31.120804,330.78564
31.137436,325.72565
31.15343,325.72565
31.171793,325.94257
31.185547,325.94257
31.206697,325.0064
31.222067,325.0064
31.237932,325.0064
31.255571,330.60376
31.26998,330.60376
31.288742,325.97736
31.303898,325.97736
31.32003,325.97736
31.33882,323.8579
31.354185,323.8579
31.371881,322.50317
31.387207,322.50317
31.405598,325.2516
31.42159,325.2516
31.436531,325.2516
31.455093,319.86584
31.46961,319.86584
31.48752,315.43884
31.503502,315.43884
31.52044,315.43884
31.537863,318.04626
31.553335,318.04626
31.570524,317.1167
31.58591,317.1167
31.60693,317.2884
31.621168,317.2884
31.636889,317.2884
31.65427,312.5738
31.66897,312.5738
31.687923,313.188
31.703293,313.188
31.719065,313.188
31.738241,320.90454
31.753199,320.90454
31.769844,318.91187
31.785696,318.91187
31.804,310.93457
31.819975,310.93457
31.836378,310.93457
31.854267,313.2047
31.869825,313.2047
31.8893,313.32465
31.902325,313.32465
31.919712,313.32465
31.937378,314.33337
31.953178,314.33337
31.970547,309.438
31.9858,309.438
32.003387,310.35065
32.020462,310.35065
32.036495,310.35065
32.054085,311.01782
32.069145,311.01782
32.08644,310.2564
32.102943,310.2564
32.12041,310.2564
32.137207,309.873
32.153187,309.873
32.1709,306.91632
32.185844,306.91632
32.203804,307.41364
32.22212,307.41364
32.23674,307.41364
32.255047,309.17023
32.269623,309.17023
32.28878,308.2511
32.303642,308.2511
32.319717,308.2511
32.33816,306.61145
32.35343,306.61145
32.371315,306.68048
32.385494,306.68048
32.403214,306.3147
32.42068,306.3147
32.436375,306.3147
32.45478,302.6931
32.47038,302.6931
32.487957,302.83655
32.50422,302.83655
32.52017,302.83655
32.53862,304.2088
32.55288,304.2088
32.57081,303.55127
32.58687,303.55127
32.603405,303.3855
32.622276,303.3855
32.636982,303.3855
32.65266,302.61115
32.66986,302.61115
32.686306,303.10297
32.703182,303.10297
32.719604,303.10297
32.738453,302.1084
32.75296,302.1084
32.770832,301.72394
32.786636,301.72394
32.803608,299.9226
32.82131,299.9226
32.837658,299.9226
32.853523,300.97968
32.86999,300.97968
32.886787,301.9054
32.903263,301.9054
32.919586,301.9054
32.93776,299.79578
32.95417,299.79578
32.971256,299.70972
32.985275,299.70972
33.003376,299.78003
33.02091,299.78003
33.0367,299.78003
33.054836,302.48712
33.070057,302.48712
33.092735,302.90613
33.10313,302.90613
33.119705,302.90613
33.138176,303.14294
33.15292,303.14294
33.170204,301.15497
33.18589,301.15497
33.20407,300.7141
33.221203,300.7141
33.23635,300.7141
33.25536,301.1427
33.26994,301.1427
33.287987,301.29492
33.30231,301.29492
33.31956,301.29492
33.337788,302.11884
33.35342,302.11884
33.37124,299.2174
33.38677,299.2174
33.40378,294.2619
33.421097,294.2619
33.436234,294.2619
33.45575,294.02588
33.469315,294.02588
33.488667,295.83386
33.50348,295.83386
33.519444,295.83386
33.53785,295.96216
33.552963,295.96216
33.571217,296.60693
33.58674,296.60693
33.603054,295.0714
33.619923,295.0714
33.63675,295.0714
33.654617,295.11328
33.670513,295.11328
33.688526,298.55737
33.70312,298.55737
33.71866,298.55737
33.739025,296.90796
33.75311,296.90796
33.77047,298.02417
33.788116,298.02417
33.803326,294.77045
33.82184,294.77045
33.836197,294.77045
33.854496,294.65057
33.870102,294.65057
33.888103,295.36243
33.90227,295.36243
33.920372,295.36243
33.937767,295.72607
33.95407,295.72607
33.972298,294.46106
33.986687,294.46106
34.003506,293.96942
34.021263,293.96942
34.036724,293.96942
34.055107,294.49
34.06939,294.49
34.085964,294.47748
34.105026,294.47748
34.11969,294.47748
34.13821,295.20978
34.152275,295.20978
34.17431,294.5819
34.1862,294.5819
34.204678,294.66632
34.2203,294.66632
34.23762,294.66632
34.255524,294.93152
34.269615,294.93152
34.29105,295.21008
34.306126,295.21008
34.318913,295.21008
34.33825,295.21136
34.35275,295.21136
34.37513,294.25073
34.386967,294.25073
34.41014,294.2444
34.423065,294.2444
34.436157,294.2444
34.454746,293.22925
34.470192,293.22925
34.48694,293.74487
34.503586,293.74487
34.519627,293.74487
34.539524,293.93146
34.552673,293.93146
34.57401,294.1444
34.58625,294.1444
34.602783,294.1444
34.62474,293.8446
34.63661,293.8446
34.655632,294.04456
34.670288,294.04456
34.688587,294.00134
34.703808,294.00134
34.719566,294.00134
34.737823,294.11627
34.75329,294.11627
34.770725,293.93103
34.787888,293.93103
34.804306,293.72223
34.81991,293.72223
34.83731,293.72223
34.853752,293.80115
34.870277,293.80115
34.887936,293.66144
34.903095,293.66144
34.91946,293.66144
34.938686,294.37067
34.95409,294.37067
34.971725,294.39655
34.986504,294.39655
35.00351,293.3733
35.021305,293.3733
35.036957,293.3733
35.05522,293.57178
35.070503,293.57178
35.088314,293.63965
35.103203,293.63965
35.119938,293.63965
35.13777,293.84308
35.15425,293.84308
35.171192,293.55884
35.18756,293.55884
35.20347,294.31415
35.2214,294.31415
35.236176,294.31415
35.255165,294.83887
35.27001,294.83887
35.287907,294.4449
35.303246,294.4449
35.31939,294.4449
35.337933,293.49945
35.353146,293.49945
35.370987,294.74597
35.38609,294.74597
35.404053,294.29553
35.420197,294.29553
35.436024,294.29553
35.45463,294.50513
35.470085,294.50513
35.48817,293.9945
35.50361,293.9945
35.520855,293.9945
35.537666,294.4449
35.552807,294.4449
35.571846,295.78326
35.587765,295.78326
35.603527,295.3423
35.621475,295.3423
35.637108,295.3423
35.655,296.0681
35.66979,296.0681
35.68788,296.08862
35.703377,296.08862
35.719105,296.08862
35.73764,297.0479
35.752617,297.0479
35.770298,297.2198
35.78671,297.2198
35.801975,297.2198
35.821835,297.6601
35.83867,297.6601
35.853798,298.26947
35.870365,298.26947
35.887497,298.9842
35.9026,298.9842
35.92049,298.9842
35.93762,298.98047
35.959827,298.98047
35.97367,299.88245
35.985607,299.88245
36.003654,301.669
36.02113,301.669
36.036987,301.669
36.054802,304.4287
36.069534,304.4287
36.086998,302.95398
36.105682,302.95398
36.120968,302.95398
36.13885,304.2011
36.153053,304.2011
36.173916,303.87592
36.187252,303.87592
36.203926,307.03827
36.221184,307.03827
36.23652,307.03827
36.256947,307.97638
36.27049,307.97638
36.28848,305.37463
36.303173,305.37463
36.320038,305.37463
36.33777,307.72107
36.352905,307.72107
36.371548,306.8208
36.38599,306.8208
36.403282,307.9478
36.421406,307.9478
36.43735,307.9478
36.455715,309.84082
36.47059,309.84082
36.48732,311.779
36.503304,311.779
36.519653,311.779
36.538246,312.0534
36.552856,312.0534
36.57055,312.6518
36.587353,312.6518
36.60331,312.71637
36.621716,312.71637
36.637646,312.71637
36.65516,312.98932
36.669693,312.98932
36.687557,314.05768
36.704605,314.05768
36.72017,314.05768
36.737137,314.54614
36.753883,314.54614
36.769966,315.47003
36.78582,315.47003
36.80314,316.7049
36.820892,316.7049
36.83709,316.7049
36.855083,318.10443
36.870617,318.10443
36.88686,318.8277
36.90328,318.8277
36.919228,318.8277
36.937607,318.401
36.953136,318.401
36.970566,319.5766
36.98668,319.5766
37.00368,321.5523
37.021587,321.5523
37.037247,321.5523
37.056046,324.85046
37.070225,324.85046
37.086823,328.48798
37.103027,328.48798
37.121273,328.48798
37.138893,327.35724
37.153996,327.35724
37.171085,331.58124
37.186855,331.58124
37.204075,330.1668
37.221233,330.1668
37.236187,330.1668
37.255386,327.23987
37.268894,327.23987
37.288776,329.85022
37.302967,329.85022
37.319878,329.85022
37.337955,329.70544
37.35323,329.70544
37.3715,329.4621
37.387157,329.4621
37.403606,332.1297
37.42105,332.1297
37.436646,332.1297
37.453217,336.86322
37.47058,336.86322
37.486183,333.33075
37.504375,333.33075
37.519855,333.33075
37.538532,335.15283
37.55354,335.15283
37.574867,338.52252
37.587486,338.52252
37.603092,338.7787
37.622,338.7787
37.638264,338.7787
37.654495,335.92596
37.67033,335.92596
37.688187,337.25214
37.704308,337.25214
37.72023,337.25214
37.73812,345.32697
37.75448,345.32697
37.770977,348.98804
37.786934,348.98804
37.803574,340.23956
37.820107,340.23956
37.837627,340.23956
37.855427,344.79175
37.86974,344.79175
37.88684,341.50128
37.904057,341.50128
37.92082,341.50128
37.937405,339.773
37.95259,339.773
37.970562,339.5766
37.987354,339.5766
38.003906,346.03015
38.0216,346.03015
38.03818,346.03015
38.054848,349.1974
38.07003,349.1974
38.08655,350.44537
38.103737,350.44537
38.120358,350.44537
38.138317,357.3365
38.15278,357.3365
38.1713,344.17676
38.187084,344.17676
38.20459,339.18945
38.2217,339.18945
38.237453,339.18945
38.256607,337.99164
38.269287,337.99164
38.291817,346.66522
38.30321,346.66522
38.319252,346.66522
38.338413,338.63812
38.35456,338.63812
38.3713,353.51245
38.38617,353.51245
38.40349,340.71124
38.42153,340.71124
38.43767,340.71124
38.45574,339.7174
38.470284,339.7174
38.487457,339.08862
38.503544,339.08862
38.51908,339.08862
38.539665,348.73346
38.552063,348.73346
38.5705,349.25952
38.58657,349.25952
38.603127,349.49762
38.622356,349.49762
38.636337,349.49762
38.655422,347.59198
38.669956,347.59198
38.686108,345.93658
38.703793,345.93658
38.719727,345.93658
38.737633,346.34534
38.75308,346.34534
38.770874,348.42566
38.786766,348.42566
38.80416,346.23242
38.82058,346.23242
38.837795,346.23242
38.85484,348.74768
38.87031,348.74768
38.887043,348.04254
38.903248,348.04254
38.92075,348.04254
38.938347,348.84924
38.953796,348.84924
38.971,348.47412
38.98648,348.47412
39.004097,355.21875
39.020855,355.21875
39.037613,355.21875
39.0554,349.6916
39.070766,349.6916
39.088192,348.29785
39.103848,348.29785
39.120293,348.29785
39.137962,346.42633
39.152737,346.42633
39.17085,341.81
39.186993,341.81
39.204105,345.43317
39.221386,345.43317
39.23675,345.43317
39.254776,352.91943
39.270218,352.91943
39.288643,358.30658
39.303272,358.30658
39.319096,358.30658
39.33801,353.68097
39.35368,353.68097
39.372105,344.2472
39.386272,344.2472
39.412666,347.1264
39.429295,347.1264
39.438538,347.1264
39.455875,348.8313
39.47024,348.8313
39.487957,355.81317
39.50403,355.81317
39.51891,355.81317
39.538406,344.31006
39.552788,344.31006
39.571796,348.78912
39.587513,348.78912
39.60379,341.46136
39.62188,341.46136
39.636925,341.46136
39.65481,338.11877
39.67054,338.11877
39.68834,340.7594
39.705795,340.7594
39.720783,340.7594
39.73853,342.9046
39.753246,342.9046
39.773266,344.18768
39.786667,344.18768
39.803844,343.778
39.820576,343.778
39.836685,343.778
39.854652,344.714
39.869972,344.714
39.88864,351.51508
39.902954,351.51508
39.920635,351.51508
39.937164,355.55554
39.95337,355.55554
39.96992,349.3022
39.98624,349.3022
40.004036,347.7812
40.02068,347.7812
40.036278,347.7812
40.05515,353.52032
40.069386,353.52032
40.086555,352.34717
40.10479,352.34717
40.119713,352.34717
40.137337,350.81964
40.153397,350.81964
40.174385,344.41632
40.186604,344.41632
40.202908,344.41632
40.221172,339.00623
40.236546,339.00623
40.25588,336.99347
40.27,336.99347
40.29083,336.92548
40.303307,336.92548
40.320183,336.92548
40.33876,342.3507
40.352734,342.3507
40.375103,339.1684
40.38697,339.1684
40.40369,335.19885
40.42077,335.19885
40.437164,335.19885
40.45448,344.3553
40.470066,344.3553
40.487972,348.26215
40.50387,348.26215
40.51947,348.26215
40.53918,344.44403
40.554718,344.44403
40.571396,344.51276
40.587322,344.51276
40.603497,349.00366
40.6222,349.00366
40.63745,349.00366
40.654816,345.4901
40.670128,345.4901
40.688652,347.5913
40.704136,347.5913
40.720627,347.5913
40.737827,346.42804
40.753967,346.42804
40.7714,346.98987
40.78721,346.98987
40.803776,345.60895
40.820312,345.60895
40.836422,345.60895
40.855396,343.85248
40.869633,343.85248
40.888313,344.60748
40.903385,344.60748
40.92012,344.60748
40.938183,343.47577
40.953857,343.47577
40.971275,342.58978
40.986286,342.58978
41.004,348.5003
41.021126,348.5003
41.037823,348.5003
41.05524,356.93927
41.06904,356.93927
41.08778,340.20288
41.103138,340.20288
41.120464,340.20288
41.14182,341.46716
41.152794,341.46716
41.17188,339.5666
41.186077,339.5666
41.203976,347.36877
41.221104,347.36877
41.2365,347.36877
41.25614,344.3089
41.26969,344.3089
41.288536,340.63788
41.30456,340.63788
41.32011,340.63788
41.33811,342.9439
41.353657,342.9439
41.372616,346.0578
41.387386,346.0578
41.403736,345.3105
41.421535,345.3105
41.43778,345.3105
41.45608,353.0398
41.471413,353.0398
41.48664,345.66138
41.504757,345.66138
41.519337,345.66138
41.53937,348.23407
41.55351,348.23407
41.57047,337.6026
41.587383,337.6026
41.60432,338.60486
41.621956,338.60486
41.63755,338.60486
41.653137,335.1184
41.6704,335.1184
41.687397,338.64423
41.704857,338.64423
41.72008,338.64423
41.738216,339.60645
41.753914,339.60645
41.771156,336.5558
41.78637,336.5558
41.80394,335.75482
41.820984,335.75482
41.836895,335.75482
41.855743,336.5932
41.870106,336.5932
41.887672,335.20514
41.90367,335.20514
41.920734,335.20514
41.93893,333.50867
41.953022,333.50867
41.970917,331.59198
41.98558,331.59198
42.00411,333.807
42.020615,333.807
42.037422,333.807
42.055016,341.42773
42.07004,341.42773
42.08768,337.8689
42.10366,337.8689
42.119884,337.8689
42.138653,337.2105
42.152912,337.2105
42.171864,333.72534
42.187057,333.72534
42.20467,334.26953
42.221336,334.26953
42.23706,334.26953
42.25416,337.14294
42.270218,337.14294
42.28797,327.3482
42.30316,327.3482
42.321304,327.3482
42.338036,330.75452
42.354023,330.75452
42.375725,328.29785
42.38654,328.29785
42.404045,327.55603
42.421856,327.55603
42.43878,327.55603
42.45944,329.04022
42.471134,329.04022
42.487633,328.22723
42.504623,328.22723
42.52072,328.22723
42.53984,329.719
42.55308,329.719
42.5718,329.771
42.586384,329.771
42.6034,324.8659
42.62407,324.8659
42.637665,324.8659
42.65496,325.40442
42.671295,325.40442
42.68621,328.4994
42.705357,328.4994
42.71951,328.4994
42.73858,333.62402
42.753765,333.62402
42.771866,328.357
42.78809,328.357
42.803135,322.94983
42.821957,322.94983
42.83673,322.94983
42.855682,322.82196
42.871155,322.82196
42.88791,323.88593
42.903023,323.88593
42.9202,323.88593
42.937855,322.44843
42.95329,322.44843
42.972305,322.55127
42.98613,322.55127
43.00479,319.24036
43.021835,319.24036
43.03739,319.24036
43.055145,321.5592
43.07087,321.5592
43.087593,320.98834
43.10453,320.98834
43.121227,320.98834
43.138676,319.15137
43.153595,319.15137
43.1739,319.15137
43.19129,316.72955
43.20579,316.81213
43.224083,316.81213
43.237755,316.81213
43.258316,315.81964
43.271454,315.81964
43.28772,317.06732
43.304386,317.06732
43.32049,317.06732
43.33853,314.2271
43.354282,314.2271
43.37221,310.5719
43.386227,310.5719
43.40427,312.81622
43.422215,312.81622
43.436096,312.81622
43.45538,310.91864
43.47019,310.91864
43.489033,307.86707
43.50402,307.86707
43.52112,307.86707
43.538715,306.14142
43.55392,306.14142
43.571167,308.7823
43.58792,308.7823
43.60384,308.00085
43.62196,308.00085
43.636898,308.00085
43.65555,306.66174
43.672615,306.66174
43.692005,304.9665
43.70413,304.9665
43.720547,304.9665
43.73815,305.52167
43.75453,305.52167
43.77181,305.60687
43.788197,305.60687
43.80392,306.799
43.82029,306.799
43.838295,306.799
43.855366,305.36536
43.871353,305.36536
43.888905,304.38513
43.902996,304.38513
43.919735,304.38513
43.937935,304.7868
43.955177,304.7868
43.972034,300.34137
43.987785,300.34137
44.006176,301.31305
44.021782,301.31305
44.03751,301.31305
44.05724,302.44324
44.07093,302.44324
44.091015,301.21295
44.103745,301.21295
44.11996,301.21295
44.13803,301.04993
44.152943,301.04993
44.171646,300.6067
44.18668,300.6067
44.20409,300.85803
44.22166,300.85803
44.238113,300.85803
44.255146,299.0133
44.270668,299.0133
44.288734,298.64233
44.30473,298.64233
44.32113,298.64233
44.338467,298.71155
44.35379,298.71155
44.373062,297.4234
44.386734,297.4234
44.403473,296.7614
44.421223,296.7614
44.435993,296.7614
44.455883,295.61578
44.471264,295.61578
44.488426,295.34387
44.503853,295.34387
44.519882,295.34387
44.53913,296.6726
44.55307,296.6726
44.572205,296.5775
44.586174,296.5775
44.60409,295.4073
44.62139,295.4073
44.638042,295.4073
44.65537,293.8883
44.670845,293.8883
44.688984,294.74957
44.704006,294.74957
44.721283,294.74957
44.73736,293.99512
44.754326,293.99512
44.771694,294.46002
44.787525,294.46002
44.80322,292.52148
44.820633,292.52148
44.837013,292.52148
44.855343,293.1502
44.870335,293.1502
44.88802,292.15448
44.90258,292.15448
44.920837,292.15448
44.937656,292.92297
44.95555,292.92297
44.971714,293.02948
44.98588,293.02948
45.003735,293.62012
45.021824,293.62012
45.038498,293.62012
45.055393,293.95392
45.07084,293.95392
45.0922,293.46002
45.104546,293.46002
45.123966,293.46002
45.139874,293.65973
45.15472,293.65973
45.171272,291.80426
45.188347,291.80426
45.205807,293.05774
45.221977,293.05774
45.238052,293.05774
45.257504,295.09485
45.27075,295.09485
45.28955,292.9082
45.304493,292.9082
45.321384,292.9082
45.33954,293.84467
45.354553,293.84467
45.374557,294.83185
45.386997,294.83185
45.40546,292.43
45.422688,292.43
45.43856,292.43
45.45783,292.9336
45.47094,292.9336
45.489273,292.81073
45.503933,292.81073
45.521057,292.81073
45.539215,292.23853
45.553852,292.23853
45.572823,292.82452
45.588028,292.82452
45.603867,292.33734
45.62256,292.33734
45.637062,292.33734
45.65487,292.3022
45.671047,292.3022
45.689228,292.7868
45.704636,292.7868
45.721066,292.7868
45.738743,293.79572
45.75477,293.79572
45.772354,293.1562
45.78776,293.1562
45.80344,293.83502
45.821266,293.83502
45.838223,293.83502
45.85554,293.02228
45.869595,293.02228
45.888798,292.63165
45.904247,292.63165
45.921158,292.63165
45.93821,293.47473
45.953915,293.47473
45.9738,292.25952
45.98846,292.25952
46.004044,292.00012
46.02219,292.00012
46.04166,292.00012
46.058475,292.68658
46.070145,292.68658
46.09274,292.82104
46.10299,292.82104
46.123623,291.73615
46.14164,291.73615
46.15376,291.73615
46.171955,291.57007
46.188362,291.57007
46.20534,292.21985
46.222324,292.21985
46.237625,292.21985
46.257504,292.47937
46.271427,292.47937
46.28948,292.00403
46.30486,292.00403
46.321613,292.00403
46.340965,291.41418
46.354996,291.41418
46.375618,291.409
46.387733,291.409
46.405037,291.61548
46.422203,291.61548
46.43812,291.61548
46.45499,291.20312
46.472126,291.20312
46.492706,291.40387
46.504192,291.40387
46.52001,291.40387
46.54007,291.1624
46.55314,291.1624
46.57125,291.1037
46.588318,291.1037
46.604416,291.50024
46.622986,291.50024
46.638363,291.50024
46.6564,291.04047
46.671246,291.04047
46.687675,291.96906
46.704323,291.96906
46.720604,291.96906
46.73854,292.4535
46.754375,292.4535
46.772453,290.8833
46.788616,290.8833
46.80455,290.9348
46.820793,290.9348
46.837994,290.9348
46.85439,290.09558
46.871346,290.09558
46.887787,290.12024
46.90373,290.12024
46.920727,290.12024
46.937553,289.9394
46.955124,289.9394
46.97251,290.36047
46.98696,290.36047
47.004635,290.6599
47.021908,290.6599
47.03779,290.6599
47.054783,291.55707
47.069897,291.55707
47.088634,292.10223
47.104847,292.10223
47.12017,292.10223
47.138596,292.46637
47.154285,292.46637
47.172382,292.0772
47.186886,292.0772
47.20699,292.03314
47.221283,292.03314
47.23687,292.03314
47.255753,291.247
47.270107,291.247
47.2864,291.18323
47.30472,291.18323
47.320404,291.18323
47.33871,291.63147
47.35361,291.63147
47.37124,291.2746
47.387226,291.2746
47.40379,290.9967
47.42114,290.9967
47.436073,290.9967
47.454807,290.9212
47.474644,290.9212
47.48942,291.07898
47.504066,291.07898
47.52003,291.07898
47.53817,291.4569
47.554367,291.4569
47.57261,292.2527
47.586796,292.2527
47.604424,292.25085
47.62182,292.25085
47.637592,292.25085
47.655193,292.0677
47.67115,292.0677
47.68827,292.18762
47.70354,292.18762
47.72012,292.18762
47.73926,293.3933
47.75378,293.3933
47.772346,293.53308
47.788513,293.53308
47.803886,293.15295
47.82052,293.15295
47.837395,293.15295
47.856388,293.39777
47.87118,293.39777
47.888355,293.7992
47.903374,293.7992
47.920143,293.7992
47.93787,294.05713
47.95468,294.05713
47.971935,295.1208
47.987698,295.1208
48.004562,295.30005
48.02158,295.30005
48.03719,295.30005
48.055393,296.8523
48.070667,296.8523
48.088158,297.81708
48.103428,297.81708
48.121613,297.81708
48.138542,299.34003
48.15386,299.34003
48.171913,298.76886
48.188034,298.76886
48.20482,300.31665
48.22125,300.31665
48.2374,300.31665
48.255455,301.5359
48.270042,301.5359
48.292004,305.0899
48.303577,305.0899
48.321407,305.0899
48.340252,305.48297
48.354973,305.48297
48.371635,306.10876
48.386967,306.10876
48.404003,305.7033
48.421024,305.7033
48.43742,305.7033
48.455814,307.69922
48.47022,307.69922
48.490215,307.51068
48.503582,307.51068
48.52034,307.51068
48.539757,307.20648
48.554153,307.20648
48.575687,308.74133
48.588097,308.74133
48.60422,307.40295
48.623238,307.40295
48.63718,307.40295
48.65561,307.8949
48.67042,307.8949
48.68809,311.2298
48.70473,311.2298
48.7203,311.2298
48.738243,309.8875
48.75413,309.8875
48.77224,312.77887
48.788258,312.77887
48.80394,313.17407
48.821804,313.17407
48.83818,313.17407
48.854973,315.86707
48.871326,315.86707
48.88879,317.27502
48.903847,317.27502
48.92174,317.27502
48.93918,316.33075
48.954224,316.33075
48.971966,316.40082
48.98687,316.40082
49.003967,317.07104
49.020977,317.07104
49.037567,317.07104
49.054787,317.0796
49.070324,317.0796
49.08879,320.763
49.104885,320.763
49.1207,320.763
49.138004,320.0323
49.153442,320.0323
49.172176,320.37866
49.18836,320.37866
49.20396,320.1198
49.22168,320.1198
49.2379,320.1198
49.255585,323.7965
49.270535,323.7965
49.289707,326.09888
49.30515,326.09888
49.320904,326.09888
49.33861,327.57312
49.35467,327.57312
49.37497,326.35168
49.386772,326.35168
49.40398,329.3097
49.421852,329.3097
49.437534,329.3097
49.456593,329.51202
49.47099,329.51202
49.489693,331.19202
49.504467,331.19202
49.52072,331.19202
49.538998,330.44104
49.553646,330.44104
49.574436,331.86646
49.588554,331.86646
49.60352,332.02936
49.62215,332.02936
49.63848,332.02936
49.655785,332.38568
49.67121,332.38568
49.689354,333.90845
49.705,333.90845
49.7205,333.90845
49.737698,331.7981
49.75405,331.7981
49.77142,333.06055
49.788548,333.06055
49.80363,334.48865
49.821514,334.48865
49.839664,334.48865
49.855717,334.65417
49.870144,334.65417
49.890804,334.06158
49.903957,334.06158
49.920612,334.06158
49.9385,335.60614
49.953968,335.60614
49.97249,333.98907
49.988094,333.98907
50.00503,335.99786
50.02201,335.99786
50.038578,335.99786
50.05565,335.43726
50.069927,335.43726
50.088745,335.7353
50.10459,335.7353
50.121574,335.7353
50.139473,334.52917
50.153885,334.52917
50.172985,333.70923
50.187775,333.70923
50.204746,336.85883
50.2228,336.85883
50.23659,336.85883
50.256104,341.90918
50.27141,341.90918
50.2926,337.98206
50.30407,337.98206
50.32001,337.98206
50.339066,338.52704
50.353283,338.52704
50.371197,340.31873
50.386414,340.31873
50.40492,341.3662
50.422245,341.3662
50.438885,341.3662
50.45591,340.20978
50.47051,340.20978
50.48913,340.6646
50.503807,340.6646
50.520626,340.6646
50.538223,340.3974
50.553547,340.3974
50.572025,339.51123
50.586895,339.51123
50.60422,341.53864
50.621113,341.53864
50.63888,341.53864
50.65632,338.864
50.67144,338.864
50.688953,341.86554
50.70489,341.86554
50.72051,341.86554
50.738716,341.05475
50.753815,341.05475
50.772552,342.39246
50.78834,342.39246
50.80454,343.3988
50.82127,343.3988
50.83697,343.3988
50.855442,343.17676
50.870644,343.17676
50.88877,341.17145
50.904434,341.17145
50.920483,341.17145
50.938324,342.1972
50.954777,342.1972
50.97535,340.3222
50.987297,340.3222
51.005676,338.53912
51.021076,338.53912
51.03792,338.53912
51.0556,338.39655
51.070587,338.39655
51.089165,339.90222
51.103474,339.90222
51.121426,339.90222
51.139427,339.2387
51.15392,339.2387
51.171135,338.1731
51.191288,338.1731
51.205154,338.97205
51.221725,338.97205
51.236973,338.97205
51.25563,341.04816
51.27142,341.04816
51.2891,340.16913
51.30463,340.16913
51.320946,340.16913
51.3387,340.42456
51.353794,340.42456
51.376217,342.6562
51.38776,342.6562
51.40429,344.13696
51.4224,344.13696
51.437443,344.13696
51.454323,342.18793
51.470985,342.18793
51.489,340.71722
51.504524,340.71722
51.521137,340.71722
51.539433,340.64844
51.55293,340.64844
51.575424,340.73132
51.588066,340.73132
51.604267,339.74738
51.62219,339.74738
51.63829,339.74738
51.654987,340.95312
51.67039,340.95312
51.68868,344.61646
51.704647,344.61646
51.72021,344.61646
51.73834,342.73645
51.754,342.73645
51.772053,340.65833
51.78723,340.65833
51.805367,340.8297
51.820988,340.8297
51.838062,340.8297
51.856052,340.9259
51.870792,340.9259
51.888725,340.51166
51.90436,340.51166
51.923683,340.51166
51.93946,339.2975
51.95533,339.2975
51.974983,340.51978
51.987724,340.51978
52.00435,340.51978
52.02199,341.0821
52.03983,341.0821
52.056057,342.28064
52.07211,342.28064
52.089127,340.25616
52.103184,340.25616
52.120457,340.25616
52.139015,342.31842
52.15447,342.31842
52.174477,344.5208
52.187218,344.5208
52.205296,343.8028
52.22197,343.8028
52.2364,343.8028
52.2557,342.62195
52.270447,342.62195
52.289486,344.7484
52.303947,344.7484
52.32152,344.7484
52.339344,344.11902
52.353813,344.11902
52.37298,339.35596
52.387486,339.35596
52.404057,341.09442
52.42169,341.09442
52.43721,341.09442
52.4563,343.1678
52.47106,343.1678
52.488777,341.33813
52.50489,341.33813
52.521164,341.33813
52.540028,343.18616
52.554974,343.18616
52.57266,343.18616
52.589264,342.7838
52.6044,342.87744
52.622913,342.87744
52.637787,342.87744
52.654472,341.974
52.67065,341.974
52.688744,341.3789
52.70483,341.3789
52.720833,341.3789
52.737568,343.1917
52.754368,343.1917
52.771423,341.16888
52.788998,341.16888
52.80441,341.93884
52.82148,341.93884
52.837948,341.93884
52.855286,343.05188
52.870396,343.05188
52.892273,344.15894
52.904854,344.15894
52.939472,341.44922
52.9549,341.44922
52.967094,341.7968
52.983902,341.7968
52.997528,341.7968
53.015118,340.90863
53.03118,340.90863
53.048233,339.76923
53.065666,339.76923
53.08,339.76923
53.098396,343.77478
53.11486,343.77478
53.13248,343.53265
53.1476,343.53265
53.167236,340.2207
53.181274,340.2207
53.197067,340.2207
53.216377,340.5213
53.231422,340.5213
53.248463,341.06177
53.263996,341.06177
53.281475,341.06177
53.29944,338.49347
53.31501,338.49347
53.33445,345.82812
53.34817,345.82812
53.365482,343.16833
53.384094,343.16833
53.39717,343.16833
53.415447,338.87915
53.431423,338.87915
53.448544,340.22522
53.463665,340.22522
53.481422,340.22522
53.49909,342.32422
53.514328,342.32422
53.53073,339.84106
53.548656,339.84106
53.575867,343.13287
53.58731,343.13287
53.60054,343.13287
53.61638,342.23273
53.634438,342.23273
53.654434,336.9458
53.665695,336.9458
53.68371,336.6795
53.70196,336.6795
53.731632,338.08514
53.74249,338.08514
53.755966,338.08514
53.773422,338.46777
53.789154,338.46777
53.80486,338.2448
53.82258,338.2448
53.838356,338.2448
53.85759,336.7337
53.871647,336.7337
53.889374,338.11475
53.90599,338.11475
53.92312,337.70612
53.938507,337.70612
53.95601,337.70612
53.973156,336.9563
53.987972,336.9563
54.005787,337.2871
54.022926,337.2871
54.039,337.2871
54.055496,340.34125
54.07181,340.34125
54.09058,340.16626
54.105797,340.16626
54.123478,340.02435
54.13932,340.02435
54.155422,340.02435
54.17291,336.6917
54.1884,336.6917
54.20554,334.18787
54.22308,334.18787
54.237316,334.18787
54.257523,334.33612
54.271687,334.33612
54.290398,334.71625
54.30765,334.71625
54.321304,334.71625
54.33907,333.25726
54.355824,333.25726
54.37341,331.5827
54.388466,331.5827
54.40574,329.94452
54.42338,329.94452
54.43874,329.94452
54.45755,329.39648
54.47158,329.39648
54.490437,329.95325
54.5054,329.95325
54.521774,329.95325
54.540894,323.9508
54.55573,323.9508
54.57233,326.88702
54.588413,326.88702
54.60743,321.6471
54.622784,321.6471
54.63909,321.6471
54.658672,325.45068
54.67213,325.45068
54.694016,325.24323
54.70662,325.24323
54.72334,326.58154
54.740864,326.58154
54.75602,326.58154
54.7726,325.9251
54.788803,325.9251
54.80515,323.79114
54.821983,323.79114
54.839756,323.79114
54.856907,323.35504
54.872623,323.35504
54.889877,322.56116
54.905823,322.56116
54.92303,319.37885
54.939888,319.37885
54.95495,319.37885
54.97247,319.66437
54.989017,319.66437
55.005814,320.82617
55.022644,320.82617
55.039783,320.82617
55.05683,321.25195
55.071915,321.25195
55.09041,321.35046
55.10471,321.35046
55.122063,321.35046
55.138695,319.19537
55.154877,319.19537
55.173443,318.67645
55.188957,318.67645
55.20557,318.31934
55.22374,318.31934
55.23967,318.31934
55.257225,319.06854
55.271515,319.06854
55.290466,318.51855
55.305515,318.51855
55.32282,318.51855
55.34006,316.86566
55.35482,316.86566
55.37392,316.13446
55.388344,316.13446
55.405876,313.3977
55.424355,313.3977
55.438725,313.3977
55.457314,313.1714
55.472218,313.1714
55.4893,312.04614
55.50676,312.04614
55.522034,312.04614
55.540714,311.2259
55.55493,311.2259
55.57296,309.66028
55.587887,309.66028
55.605145,311.4986
55.623657,311.4986
55.63822,311.4986
55.656982,310.11365
55.672367,310.11365
55.688965,309.7475
55.705273,309.7475
55.723206,310.79504
55.74036,310.79504
55.755505,310.79504
55.776005,309.6302
55.792927,309.6302
55.80476,307.0937
55.82219,307.0937
55.83882,307.0937
55.856483,307.87262
55.87344,307.87262
55.88978,306.6247
55.904644,306.6247
55.92313,305.7708
55.940067,305.7708
55.954994,305.7708
55.975853,306.77063
55.98877,306.77063
56.00476,305.83386
56.026203,305.83386
56.04039,305.83386
56.058887,308.03357
56.071655,308.03357
56.08956,304.94446
56.106647,304.94446
56.123085,304.73157
56.138317,304.73157
56.15558,304.73157
56.172623,302.16748
56.1885,302.16748
56.205257,304.39435
56.22353,304.39435
56.24077,304.39435
56.25715,303.83057
56.272327,303.83057
56.290173,302.18115
56.30621,302.18115
56.323074,302.73602
56.340103,302.73602
56.35531,302.73602
56.37589,303.8711
56.38851,303.8711
56.406338,302.58606
56.42331,302.58606
56.43876,302.58606
56.456768,299.15228
56.47244,299.15228
56.490356,299.59967
56.50655,299.59967
56.52136,299.59967
56.540092,299.62317
56.55542,299.62317
56.57329,299.33362
56.588543,299.33362
56.609898,298.63
56.62345,298.63
56.639263,298.63
56.655457,298.4544
56.671696,298.4544
56.69071,298.8894
56.705914,298.8894
56.72344,298.95343
56.739754,298.95343
56.756084,298.95343
56.774223,298.33917
56.790276,298.33917
56.805077,296.05835
56.823742,296.05835
56.839848,296.05835
56.85645,296.1045
56.87242,296.1045
56.88985,296.39813
56.904797,296.39813
56.92323,295.9889
56.939507,295.9889
56.956577,295.9889
56.972767,296.04602
56.988956,296.04602
57.005604,296.65558
57.022972,296.65558
57.038982,296.65558
57.057255,296.98126
57.072746,296.98126
57.09002,297.28204
57.105293,297.28204
57.12316,296.89362
57.14002,296.89362
57.15556,296.89362
57.17623,295.85138
57.18848,295.85138
57.206203,296.66937
57.223225,296.66937
57.237522,296.66937
57.25766,296.95068
57.271748,296.95068
57.28977,296.36127
57.305737,296.36127
57.322075,296.36127
57.34152,295.66046
57.354897,295.66046
57.373684,295.71283
57.387543,295.71283
57.40511,293.99078
57.42384,293.99078
57.4392,293.99078
57.456745,293.85364
57.472355,293.85364
57.490547,294.02216
57.506268,294.02216
57.521004,294.02216
57.540165,293.47437
57.55499,293.47437
57.57422,294.10675
57.58889,294.10675
57.605362,293.89496
57.623432,293.89496
57.640118,293.89496
57.656563,293.73505
57.67343,293.73505
57.690464,293.68176
57.706234,293.68176
57.723362,294.42578
57.7397,294.42578
57.75687,294.42578
57.77612,293.38098
57.788467,293.38098
57.807297,293.2735
57.82219,293.2735
57.841755,293.2735
57.856037,293.78943
57.872173,293.78943
57.890415,292.8355
57.90632,292.8355
57.930252,293.7063
57.942165,293.7063
57.95677,293.7063
57.973595,292.73785
57.98883,292.73785
58.004738,292.73785
58.023746,293.10522
58.03901,293.10522
58.05584,293.37433
58.073517,293.37433
58.09953,293.7915
58.111343,293.7915
58.124004,294.0453
58.141853,294.0453
58.155567,294.0453
58.17363,293.73016
58.19013,293.73016
58.207443,294.3061
58.222797,294.3061
58.240944,294.3061
58.25789,294.0031
58.273106,294.0031
58.29383,294.4632
58.306293,294.4632
58.323208,293.30792
58.339794,293.30792
58.356552,293.30792
58.376987,294.45233
58.388695,294.45233
58.40607,294.32214
58.42458,294.32214
58.441116,294.32214
58.461098,295.0498
58.473087,295.0498
58.493885,295.7226
58.505497,295.7226
58.52334,295.04034
58.541565,295.04034
58.55715,295.04034
58.57302,295.51483
58.590183,295.51483
58.609722,294.32648
58.625793,294.32648
58.640747,294.32648
58.657528,294.20813
58.672085,294.20813
58.691048,295.85632
58.707626,295.85632
58.72335,295.48077
58.740307,295.48077
58.757217,295.48077
58.77301,294.86835
58.790684,294.86835
58.807724,294.5291
58.82279,294.5291
58.841335,294.5291
58.858643,293.4541
58.874203,293.4541
58.890785,293.75177
58.906597,293.75177
58.92493,293.53644
58.939785,293.53644
58.956604,293.53644
58.974392,293.29706
58.989655,293.29706
59.007015,293.73224
59.02324,293.73224
59.039967,293.73224
59.057823,294.68054
59.07376,294.68054
59.09133,295.2489
59.106388,295.2489
59.123375,294.51385
59.14025,294.51385
59.155487,294.51385
59.17467,293.8689
59.190243,293.8689
59.20649,293.52185
59.22352,293.52185
59.240425,293.52185
59.258343,292.86353
59.273094,292.86353
59.29438,292.78235
59.307728,292.78235
59.323402,292.31677
59.341125,292.31677
59.35538,292.31677
59.374294,292.5097
59.390686,292.5097
59.40807,292.69867
59.42369,292.69867
59.43988,292.69867
59.457424,292.58643
59.472786,292.58643
59.49044,292.5213
59.5055,292.5213
59.52335,293.31665
59.541103,293.31665
59.557045,293.31665
59.574005,292.3636
59.58887,292.3636
59.60707,292.6101
59.62454,292.6101
59.64,292.6101
59.658005,293.25702
59.67274,293.25702
59.690205,293.57947
59.70824,293.57947
59.72331,293.65234
59.740982,293.65234
59.7571,293.65234
59.776176,293.89355
59.789734,293.89355
59.808002,295.71625
59.82584,295.71625
59.840225,295.71625
59.857204,295.44574
59.87284,295.44574
59.891068,296.82092
59.906128,296.82092
59.926006,296.18634
59.941708,296.18634
59.95692,296.18634
59.973766,297.29926
59.98954,297.29926
60.0,297.29926
