0.08,268.98944
0.12,269.83765
0.16,271.25055
0.2,271.25055
0.24,270.8416
0.28,269.07312
0.29699188,269.07312
0.31574103,268.47797
0.33194268,269.35248
0.3479745,269.35248
0.36366624,269.4693
0.38071668,269.4693
0.39461917,269.4693
0.41571957,269.4685
0.4313085,269.4685
0.44847703,269.71844
0.4635907,269.71844
0.47992948,269.71844
0.49866524,269.12402
0.51244146,269.12402
0.535847,268.20825
0.54673666,268.20825
0.56419957,268.0526
0.58039665,268.0526
0.596086,268.0526
0.61491174,268.2527
0.6292793,268.2527
0.6481126,268.0901
0.6628622,268.0901
0.67925227,268.0901
0.6987164,269.47272
0.71217036,269.47272
0.7334986,270.11218
0.74582726,270.11218
0.7638809,271.0354
0.7805397,271.0354
0.7961158,271.0354
0.8145763,270.5417
0.8297978,270.5417
0.84523493,270.5417
0.86538213,271.49524
0.8799488,271.49524
0.89753544,273.42133
0.91272306,273.42133
0.93136984,277.3355
0.94625795,277.3355
0.96323466,278.30713
0.98216903,278.30713
0.9963733,278.30713
1.0160776,279.77747
1.0292242,279.77747
1.045184,280.64954
1.0635276,280.64954
1.0798256,280.64954
1.0975983,282.20673
1.1121596,282.20673
1.1300813,284.4973
1.1453153,284.4973
1.162463,284.4973
1.1813384,281.25946
1.1965326,281.25946
1.2140498,281.6184
1.2296411,281.6184
1.2479241,283.6646
1.2634019,283.6646
1.2799733,283.6646
1.2972174,283.07294
1.3126668,283.07294
1.3358157,285.79456
1.3478644,285.79456
1.3630265,285.79456
1.3812028,285.3059
1.3973669,285.3059
1.418843,285.6679
1.4297156,285.6679
1.447664,285.91602
1.462171,285.91602
1.478488,285.91602
1.4983268,288.03058
1.5117202,288.03058
1.5305859,288.0882
1.5471505,288.0882
1.5656891,287.52222
1.5822439,287.52222
1.5976937,287.52222
1.6170012,288.44
1.6299212,288.44
1.6472274,289.58734
1.6645808,289.58734
1.6796339,289.58734
1.6964488,289.94067
1.7124004,289.94067
1.7313161,291.66064
1.746316,291.66064
1.7640318,291.42944
1.7813725,291.42944
1.7965864,291.42944
1.8142651,293.07043
1.828573,293.07043
1.8455784,293.5788
1.8658781,293.5788
1.880062,293.5788
1.8978488,292.77417
1.9124866,292.77417
1.9295998,291.9433
1.9458611,291.9433
1.9625359,291.9433
1.9814332,291.92133
1.9959624,291.92133
2.0121639,291.92133
2.0324543,292.0119
2.0477536,292.68726
2.0635502,292.68726
2.0792572,292.68726
2.097102,293.32013
2.112451,293.32013
2.1312296,289.70618
2.146552,289.70618
2.1648452,284.93036
2.1812806,284.93036
2.1979406,284.93036
2.213905,286.69177
2.2288327,286.69177
2.2480206,287.38306
2.2623508,287.38306
2.2804384,287.38306
2.298297,287.64032
2.3126261,287.64032
2.3305812,290.30292
2.3473845,290.30292
2.36423,291.4474
2.381336,291.4474
2.395327,291.4474
2.4145446,289.2008
2.4289386,289.2008
2.450677,289.22784
2.4668891,289.22784
2.4808583,289.22784
2.500996,284.02814
2.5133355,284.02814
2.532398,284.97717
2.5472562,284.97717
2.5655262,296.68683
2.581418,296.68683
2.597086,296.68683
2.6144536,291.46436
2.6306546,291.46436
2.6482046,289.4225
2.6672678,289.4225
2.6799731,289.4225
2.7004056,289.96393
2.7134483,289.96393
2.7339177,290.4787
2.746895,290.4787
2.7633471,291.3333
2.7815819,291.3333
2.7966092,291.3333
2.814185,288.60034
2.8292212,288.60034
2.8475738,293.32318
2.8636532,293.32318
2.8791018,293.32318
2.8959455,292.87378
2.9122949,292.87378
2.9301362,293.51044
2.9458494,293.51044
2.962998,290.77466
2.9795766,290.77466
2.9957302,290.77466
3.0145905,291.4348
3.0290923,291.4348
3.0461292,287.5
3.0637667,287.5
3.0793731,287.5
3.0969002,289.52704
3.1124344,289.52704
3.1312299,291.1585
3.145148,291.1585
3.1632762,289.33075
3.180162,289.33075
3.1968498,289.33075
3.2157233,291.95667
3.2294016,291.95667
3.2459955,296.7802
3.2631671,296.7802
3.2803464,296.7802
3.296638,290.01245
3.3127933,290.01245
3.3322883,291.4284
3.3452044,291.4284
3.3640337,290.59723
3.3811429,290.59723
3.39543,290.59723
3.414002,290.82208
3.4292886,290.82208
3.448512,288.8471
3.4632823,288.8471
3.4795082,288.8471
3.4980788,292.30945
3.5135746,292.30945
3.5324018,291.21112
3.5463736,291.21112
3.563035,291.21112
3.5807457,292.60248
3.595189,292.60248
3.6138663,291.8114
3.628222,291.8114
3.6471636,293.69257
3.666642,293.69257
3.6799061,293.69257
3.697966,292.67743
3.7130132,292.67743
3.731633,291.61053
3.7470713,291.61053
3.7636127,292.01117
3.7807906,292.01117
3.7968893,292.01117
3.813029,294.47375
3.8303707,294.47375
3.8458874,294.8156
3.8641536,294.8156
3.8785818,294.8156
3.8983903,292.45917
3.9135454,292.45917
3.9304116,291.89362
3.9467926,291.89362
3.9631286,294.0216
3.979497,294.0216
3.996122,294.0216
4.01521,292.60522
4.030579,292.60522
4.045228,297.40985
4.063412,297.40985
4.0789385,297.40985
4.09663,298.22302
4.1126137,298.22302
4.12943,298.51373
4.145653,298.51373
4.163467,297.95862
4.1790586,297.95862
4.195549,297.95862
4.214912,296.41736
4.2298284,296.41736
4.2481503,305.84003
4.2636795,305.84003
4.2787523,305.84003
4.3012123,298.0829
4.3129764,298.0829
4.3310246,296.03363
4.345595,296.03363
4.3638916,297.94305
4.3806577,297.94305
4.395789,297.94305
4.4150014,298.50812
4.430553,298.50812
4.4485884,310.4842
4.466008,310.4842
4.482229,310.4842
4.4965367,306.03247
4.513502,306.03247
4.5303802,297.3423
4.545903,297.3423
4.564739,297.3993
4.5802474,297.3993
4.596112,297.3993
4.6159835,296.15277
4.62955,296.15277
4.651654,295.54193
4.6642556,295.54193
4.6808414,295.54193
4.699136,298.2162
4.7136936,298.2162
4.731719,293.22278
4.7455726,293.22278
4.7637095,291.62274
4.7809744,291.62274
4.7965317,291.62274
4.814386,293.26428
4.829625,293.26428
4.846776,291.43567
4.8638906,291.43567
4.8789806,291.43567
4.897422,291.3192
4.9120374,291.3192
4.9315944,291.96802
4.9451833,291.96802
4.963174,289.9311
4.9807386,289.9311
4.997021,289.9311
5.0139318,294.9546
5.029916,294.9546
5.0474963,294.04138
5.0629354,294.04138
5.079236,294.04138
5.097095,293.25275
5.112779,293.25275
5.13267,294.15326
5.1458464,294.15326
5.1631045,294.15326
5.180524,295.46765
5.208944,295.35785
5.220973,295.35785
5.234291,295.35785
5.2519803,294.6808
5.2665486,294.6808
5.2843943,293.06628
5.300391,293.06628
5.316534,293.06628
5.335212,295.21393
5.350743,295.21393
5.3719687,295.32605
5.383686,295.32605
5.4003325,295.32605
5.4183884,292.5277
5.433827,292.5277
5.45215,291.50238
5.4666,291.50238
5.4875803,294.5728
5.5006094,294.5728
5.5165625,294.5728
5.535266,291.5929
5.549545,291.5929
5.5703564,291.9726
5.583971,291.9726
5.600218,291.9726
5.61839,291.76337
5.6336803,291.76337
5.6534233,292.8792
5.6661434,292.8792
5.6865315,291.93182
5.7016325,291.93182
5.716549,291.93182
5.737091,293.80652
5.7510014,293.80652
5.7724476,292.6043
5.7828336,292.6043
5.8001785,292.6043
5.819925,294.27698
5.833736,294.27698
5.852476,292.97906
5.866399,292.97906
5.8842683,292.97754
5.9020557,292.97754
5.9157724,292.97754
5.9357743,292.78577
5.94979,292.78577
5.9671435,290.7697
5.9838505,290.7697
6.0012503,290.7697
6.0188923,288.3031
6.0341125,288.3031
6.054539,288.75397
6.067758,288.75397
6.0835085,289.5345
6.1003294,289.5345
6.1164017,289.5345
6.137951,289.87415
6.153899,289.87415
6.168797,291.88367
6.185119,291.88367
6.20238,291.88367
6.2185674,291.64612
6.233335,291.64612
6.2509823,291.7766
6.267398,291.7766
6.2841654,291.08685
6.3011117,291.08685
6.316514,291.08685
6.3372617,290.68433
6.349761,290.68433
6.3682218,293.37604
6.3838515,293.37604
6.399681,293.37604
6.4171495,286.6129
6.432787,286.6129
6.451207,285.84998
6.467186,285.84998
6.484322,285.838
6.5003834,285.838
6.5168853,285.838
6.534045,284.86768
6.5506573,284.86768
6.5713716,284.464
6.584569,284.464
6.6014795,284.464
6.6189756,282.56866
6.6340756,282.56866
6.6518674,286.93292
6.6673937,286.93292
6.6835947,283.0725
6.7007103,283.0725
6.717056,283.0725
6.73508,280.30188
6.7509623,280.30188
6.770525,283.8628
6.7841268,283.8628
6.8002033,283.8628
6.8186383,282.31897
6.8323116,282.31897
6.853529,281.75604
6.866329,281.75604
6.8844457,281.82495
6.902218,281.82495
6.915797,281.82495
6.9357285,283.6527
6.950646,283.6527
6.970873,282.7721
6.983805,282.7721
7.0009084,282.7721
7.0186677,284.35846
7.033543,284.35846
7.0539165,273.58234
7.0674644,273.58234
7.083935,273.58234
7.101337,273.58234
7.119045,276.82562
7.1348963,274.39453
7.151116,274.39453
7.1684012,274.20667
7.1843743,274.20667
7.2004013,274.20667
7.2180047,273.23767
7.2329135,273.23767
7.2505817,275.10364
7.268279,275.10364
7.2838163,273.40363
7.303602,273.40363
7.3173423,273.40363
7.334717,281.4124
7.351965,281.4124
7.369222,277.21674
7.3849277,277.21674
7.400293,277.21674
7.4183445,278.81506
7.433472,278.81506
7.4509726,278.28546
7.468689,278.28546
7.483577,279.1267
7.500264,279.1267
7.516897,279.1267
7.5359178,276.68848
7.549789,276.68848
7.5695577,280.698
7.5832987,280.698
7.6015368,280.698
7.618846,280.7525
7.6349697,280.7525
7.651414,278.43213
7.667854,278.43213
7.6856365,278.3786
7.701645,278.3786
7.7171354,278.3786
7.7378855,277.1681
7.7495503,277.1681
7.772077,276.47717
7.7832637,276.47717
7.800703,276.47717
7.8183575,274.9041
7.8334346,274.9041
7.8556895,273.66278
7.867442,273.66278
7.884715,274.9798
7.9008856,274.9798
7.9165983,274.9798
7.935858,274.37006
7.9505286,274.37006
7.9709196,272.44836
7.9849997,272.44836
8.001649,272.44836
8.019207,273.95435
8.032938,273.95435
8.050516,273.24658
8.067638,273.24658
8.084111,271.78735
8.10213,271.78735
8.115998,271.78735
8.138606,273.6394
8.149873,273.6394
8.169781,274.50122
8.183514,274.50122
8.199988,274.50122
8.218888,273.85754
8.233633,273.85754
8.2511835,275.02026
8.268156,275.02026
8.283712,272.54773
8.302737,272.54773
8.316637,272.54773
8.334465,270.67163
8.350651,270.67163
8.369399,270.80328
8.383857,270.80328
8.399822,270.80328
8.418268,270.48676
8.434476,270.48676
8.450565,273.1543
8.467661,273.1543
8.484376,270.52728
8.501,270.52728
8.517765,270.52728
8.534049,268.7514
8.55057,268.7514
8.571365,267.7749
8.583367,267.7749
8.600538,267.7749
8.617109,268.068
8.634355,268.068
8.652035,268.67865
8.666417,268.67865
8.684331,271.3728
8.702614,271.3728
8.717555,271.3728
8.735477,267.72937
8.750319,267.72937
8.771752,269.35028
8.782995,269.35028
8.801255,269.35028
8.818617,267.7151
8.833676,267.7151
8.858176,267.34637
8.867829,267.34637
8.883196,267.34637
8.901544,267.24585
8.917698,267.24585
8.935703,269.5462
8.949825,269.5462
8.970954,268.14294
8.983887,268.14294
9.000447,268.14294
9.0189295,267.0915
9.033029,267.0915
9.05268,267.87726
9.066501,267.87726
9.084,266.64368
9.100604,266.64368
9.116369,266.64368
9.139266,266.98468
9.149885,266.98468
9.169868,267.72052
9.184748,267.72052
9.200698,267.72052
9.217516,265.05884
9.233368,265.05884
9.250566,264.09906
9.267789,264.09906
9.283331,264.781
9.30272,264.781
9.316604,264.781
9.335828,263.97778
9.350201,263.97778
9.371448,263.71448
9.384434,263.71448
9.39995,263.71448
9.418364,263.08167
9.433236,263.08167
9.452328,265.30536
9.466724,265.30536
9.484186,264.00446
9.500506,264.00446
9.51682,264.00446
9.535336,263.4032
9.550618,263.4032
9.5681505,265.2245
9.583277,265.2245
9.601046,265.2245
9.618593,265.8515
9.633955,265.8515
9.651514,265.45898
9.667667,265.45898
9.68536,265.03064
9.701091,265.03064
9.716866,265.03064
9.735826,265.16986
9.750044,265.16986
9.771877,264.93597
9.783679,264.93597
9.800947,264.93597
9.819146,265.59344
9.833318,265.59344
9.852486,265.5901
9.8674755,265.5901
9.88482,264.12146
9.901363,264.12146
9.916646,264.12146
9.935919,263.6344
9.951463,263.6344
9.971058,265.13818
9.984641,265.13818
9.999515,265.13818
10.019182,264.589
10.0332,264.589
10.051609,263.74817
10.066937,263.74817
10.084046,264.53534
10.102054,264.53534
10.116245,264.53534
10.134793,263.6488
10.149656,263.6488
10.169009,264.65845
10.183696,264.65845
10.199078,264.65845
10.219224,264.58167
10.233782,264.58167
10.251227,264.1162
10.267778,264.1162
10.2849245,264.3011
10.300593,264.3011
10.317549,264.3011
10.338938,264.7323
10.351784,264.7323
10.3721285,264.6844
10.383878,264.6844
10.400856,264.6844
10.419086,264.15057
10.433141,264.15057
10.451321,264.98138
10.466671,264.98138
10.487135,264.84564
10.501424,264.84564
10.516876,264.84564
10.535121,263.88116
10.550688,263.88116
10.572163,264.0155
10.584237,264.0155
10.60129,264.0155
10.61896,265.99066
10.635575,265.99066
10.651507,264.93854
10.667988,264.93854
10.686789,264.77893
10.702532,264.77893
10.718075,264.77893
10.738656,264.24518
10.7502775,264.24518
10.770915,264.7072
10.784914,264.7072
10.801243,264.7072
10.818668,265.29358
10.832557,265.29358
10.854539,265.95532
10.866812,265.95532
10.88555,265.95898
10.9013815,265.95898
10.915694,265.95898
10.935978,265.76068
10.951252,265.76068
10.968873,265.278
10.984615,265.278
10.999923,265.278
11.019011,264.8493
11.03494,264.8493
11.05457,265.61884
11.070593,265.61884
11.084695,265.04987
11.101832,265.04987
11.118118,265.04987
11.1363125,264.2624
11.153509,264.2624
11.168902,266.8896
11.184393,266.8896
11.200717,266.8896
11.219065,266.15442
11.233853,266.15442
11.252479,264.00928
11.268353,264.00928
11.286336,264.0888
11.303191,264.0888
11.317568,264.0888
11.335903,266.11163
11.351343,266.11163
11.369054,265.97168
11.384224,265.97168
11.40019,265.97168
11.420633,263.43787
11.433484,263.43787
11.450747,263.5642
11.467363,263.5642
11.484381,264.943
11.501705,264.943
11.516376,264.943
11.537136,265.29602
11.549552,265.29602
11.567746,264.79767
11.583548,264.79767
11.60156,264.79767
11.619162,264.93152
11.634613,264.93152
11.651275,264.9358
11.667399,264.9358
11.683784,265.7481
11.701281,265.7481
11.717444,265.7481
11.734771,266.53503
11.749498,266.53503
11.767839,265.7873
11.783522,265.7873
11.802855,265.7873
11.818532,267.25922
11.833499,267.25922
11.854516,267.34583
11.867643,267.34583
11.884076,265.586
11.900654,265.586
11.917119,265.586
11.935581,266.46844
11.950855,266.46844
11.968095,266.26514
11.983346,266.26514
12.000046,266.26514
12.019093,266.83673
12.033978,266.83673
12.053411,268.97485
12.068075,268.97485
12.084549,266.41046
12.1022835,266.41046
12.117512,266.41046
12.134142,268.81885
12.150058,268.81885
12.169011,267.69885
12.184353,267.69885
12.201079,267.69885
12.219493,269.11633
12.2349,269.11633
12.251044,267.20935
12.268111,267.20935
12.283967,267.3396
12.302393,267.3396
12.316812,267.3396
12.334883,271.81348
12.351544,271.81348
12.368557,270.63306
12.383141,270.63306
12.400542,270.63306
12.417568,267.09644
12.434431,267.09644
12.451144,268.99042
12.468633,268.99042
12.484019,268.37964
12.501256,268.37964
12.5174675,268.37964
12.535351,269.0703
12.550927,269.0703
12.5681715,268.76062
12.583455,268.76062
12.600006,268.76062
12.618656,269.4218
12.634434,269.4218
12.651415,269.5041
12.666709,269.5041
12.6853285,273.06195
12.702886,273.06195
12.71842,273.06195
12.735969,272.88318
12.750008,272.88318
12.768878,273.82935
12.7870655,273.82935
12.800218,273.82935
12.818935,274.79553
12.834591,274.79553
12.852056,277.18903
12.867484,277.18903
12.884724,277.3808
12.900471,277.3808
12.916131,277.3808
12.935969,276.94855
12.950084,276.94855
12.967061,278.41748
12.9850235,278.41748
13.001038,278.41748
13.0185375,279.1704
13.03403,279.1704
13.055779,277.92786
13.067775,277.92786
13.088462,279.4887
13.102431,279.4887
13.117351,279.4887
13.139129,281.17865
13.151308,281.17865
13.16921,278.24097
13.184865,278.24097
13.199011,278.24097
13.218603,273.5738
13.233687,273.5738
13.251112,277.91815
13.267489,277.91815
13.283836,278.50104
13.301744,278.50104
13.316791,278.50104
13.334349,277.38098
13.351164,277.38098
13.368306,283.04993
13.383848,283.04993
13.400193,283.04993
13.420045,280.1833
13.435133,280.1833
13.452062,280.43835
13.4682255,280.43835
13.484068,279.59668
13.500907,279.59668
13.518179,279.59668
13.53514,283.72284
13.550365,283.72284
13.571183,280.8598
13.583266,280.8598
13.600458,280.8598
13.618122,280.5
13.63435,280.5
13.651184,282.64038
13.666308,282.64038
13.684979,283.45392
13.701802,283.45392
13.716631,283.45392
13.735252,282.54285
13.750725,282.54285
13.771477,281.87823
13.78431,281.87823
13.801498,281.87823
13.817783,286.40436
13.833171,286.40436
13.852458,286.34656
13.866951,286.34656
13.884074,292.42114
13.90203,292.42114
13.917002,292.42114
13.935834,291.92236
13.951083,291.92236
13.968751,292.19568
13.983842,292.19568
14.001223,292.19568
14.019158,291.89435
14.03329,291.89435
14.051896,290.26422
14.06669,290.26422
14.084114,289.45142
14.1030445,289.45142
14.117264,289.45142
14.134685,286.26117
14.15051,286.26117
14.167241,288.79718
14.1841135,288.79718
14.199477,288.79718
14.219191,282.831
14.232669,282.831
14.251591,285.6762
14.2724285,285.6762
14.285306,294.64374
14.301408,294.64374
14.316904,294.64374
14.334475,287.45013
14.351271,287.45013
14.370054,291.18677
14.384395,291.18677
14.400511,291.18677
14.416979,288.83496
14.434444,288.83496
14.455628,294.15216
14.467655,294.15216
14.48384,293.0854
14.500941,293.0854
14.517009,293.0854
14.534736,296.29102
14.551004,296.29102
14.5682335,293.7483
14.583157,293.7483
14.600954,293.7483
14.617727,300.22253
14.63392,300.22253
14.651379,295.52252
14.666715,295.52252
14.683859,302.7453
14.701377,302.7453
14.717495,302.7453
14.736262,300.96564
14.751708,300.96564
14.768664,302.50146
14.784741,302.50146
14.800706,302.50146
14.818354,303.9372
14.833476,303.9372
14.855689,307.25702
14.867557,307.25702
14.883968,302.82007
14.901182,302.82007
14.917532,302.82007
14.935738,311.6563
14.950058,311.6563
14.97311,312.64392
14.984117,312.64392
15.001158,312.64392
15.018457,317.34174
15.038344,317.34174
15.052846,308.9641
15.068266,308.9641
15.083567,316.18268
15.102488,316.18268
15.115995,316.18268
15.136664,317.8426
15.151034,317.8426
15.172862,313.7594
15.184536,313.7594
15.199921,313.7594
15.21842,312.17535
15.233912,312.17535
15.252681,312.38135
15.267209,312.38135
15.291094,309.32037
15.303682,309.32037
15.320836,309.32037
15.336223,310.35016
15.351524,310.35016
15.366186,309.65698
15.384944,309.65698
15.40015,309.65698
15.418193,312.10443
15.434874,312.10443
15.451803,313.91345
15.467532,313.91345
15.48542,309.73108
15.500572,309.73108
15.518053,309.73108
15.535595,310.50574
15.550836,310.50574
15.569127,314.0067
15.582819,314.0067
15.599331,314.0067
15.618373,314.27167
15.63373,314.27167
15.651578,314.79303
15.666969,314.79303
15.684389,316.06622
15.702406,316.06622
15.718012,316.06622
15.73612,317.6532
15.750113,317.6532
15.769237,314.19574
15.783814,314.19574
15.799885,314.19574
15.8185,316.61902
15.834591,316.61902
15.855784,313.88177
15.866716,313.88177
15.887141,313.12842
15.901664,313.12842
15.916887,313.12842
15.935579,313.4751
15.949759,313.4751
15.969241,316.08862
15.985623,316.08862
16.001736,316.08862
16.018978,313.0
16.034803,313.0
16.052864,315.53577
16.06666,315.53577
16.08437,316.16034
16.102594,316.16034
16.11707,316.16034
16.136644,315.71582
16.150806,315.71582
16.170763,315.71582
16.186535,315.7563
16.200937,315.7563
16.219635,317.26752
16.233917,317.26752
16.25066,318.0327
16.26707,318.0327
16.283112,312.82965
16.301147,312.82965
16.317335,312.82965
16.334929,313.6214
16.351362,313.6214
16.368193,316.96167
16.383188,316.96167
16.400919,316.96167
16.418026,315.79425
16.435213,315.79425
16.452372,312.00885
16.467054,312.00885
16.484781,313.13928
16.50119,313.13928
16.517721,313.13928
16.53549,320.27948
16.551224,320.27948
16.571873,323.86456
16.582417,323.86456
16.601326,323.86456
16.618397,322.25934
16.635141,322.25934
16.652008,319.50275
16.667694,319.50275
16.684307,319.54797
16.701206,319.54797
16.717522,319.54797
16.734863,316.3015
16.750114,316.3015
16.769058,319.14392
16.783882,319.14392
16.801401,319.14392
16.818512,318.50848
16.834713,318.50848
16.853745,317.18
16.867538,317.18
16.885273,315.76257
16.902018,315.76257
16.91761,315.76257
16.935827,317.24164
16.951712,317.24164
16.97189,316.7354
16.985012,316.7354
17.000154,316.7354
17.018484,302.21887
17.033474,302.21887
17.053978,302.5525
17.06674,302.5525
17.083578,302.9892
17.101803,302.9892
17.116323,302.9892
17.135284,303.58942
17.150957,303.58942
17.172356,303.18866
17.184195,303.18866
17.20028,303.18866
17.219103,303.4328
17.233921,303.4328
17.25136,304.3816
17.267328,304.3816
17.283844,307.0824
17.300766,307.0824
17.317724,307.0824
17.33473,304.91608
17.356798,304.91608
17.374702,303.08728
17.388353,303.08728
17.40626,303.47052
17.421919,303.47052
17.438911,303.47052
17.456795,303.1515
17.472801,303.1515
17.490328,299.32916
17.50451,299.32916
17.525785,301.7774
17.538483,301.7774
17.554798,301.7774
17.572697,303.50867
17.587946,303.50867
17.605593,302.25623
17.622732,302.25623
17.638243,302.25623
17.656279,300.64154
17.67092,300.64154
17.693853,301.43805
17.704876,301.43805
17.722353,301.43805
17.74018,303.29144
17.756523,303.29144
17.773088,306.3839
17.788258,306.3839
17.807493,302.75183
17.823565,302.75183
17.83783,302.75183
17.857302,300.94855
17.870695,300.94855
17.890068,296.57703
17.905708,296.57703
17.921518,296.57703
17.939497,295.85858
17.955212,295.85858
17.974049,294.32355
17.98817,294.32355
18.00572,296.82794
18.022556,296.82794
18.03935,296.82794
18.05752,297.92664
18.071861,297.92664
18.091936,297.0016
18.105843,297.0016
18.122183,297.0016
18.140259,296.24597
18.156641,296.24597
18.1733,299.0891
18.188522,299.0891
18.205803,294.029
18.223269,294.029
18.246431,295.6643
18.257862,295.6643
18.271378,295.6643
18.289694,292.76276
18.305004,292.76276
18.321083,292.76276
18.339497,292.00262
18.355223,292.00262
18.372864,290.60052
18.38806,290.60052
18.410885,295.13275
18.422,295.13275
18.438265,295.13275
18.456068,291.16888
18.472082,291.16888
18.493034,290.8908
18.50442,290.8908
18.523855,290.39484
18.53841,290.39484
18.554129,290.39484
18.572594,290.59094
18.588203,290.59094
18.605934,291.49365
18.622128,291.49365
18.638166,291.49365
18.657394,290.51666
18.671057,290.51666
18.692865,291.43213
18.704584,291.43213
18.72233,291.43213
18.751738,287.8462
18.763966,287.8462
18.776697,289.86804
18.791918,289.86804
18.810692,288.38672
18.825832,288.38672
18.84203,288.38672
18.860615,287.85223
18.876076,287.85223
18.894106,288.44373
18.90892,288.44373
18.927572,288.09857
18.94295,288.09857
18.960255,288.09857
18.976797,288.6142
18.991844,288.6142
19.012972,289.68085
19.02642,289.68085
19.04407,291.38843
19.060257,291.38843
19.075787,291.38843
19.093575,289.24316
19.108463,289.24316
19.126457,288.95526
19.144684,288.95526
19.159853,288.95526
19.178604,291.4134
19.1927,291.4134
19.210392,289.1053
19.225506,289.1053
19.243332,288.0103
19.261513,288.0103
19.276392,288.0103
19.293503,289.003
19.30915,289.003
19.327639,291.6095
19.342304,291.6095
19.360834,291.6095
19.377209,290.5727
19.392256,290.5727
19.413298,279.4989
19.426296,279.4989
19.448929,277.02454
19.461937,277.02454
19.475866,277.02454
19.494549,279.1657
19.509718,279.1657
19.527977,277.46906
19.541813,277.46906
19.558876,277.46906
19.577286,282.30237
19.591908,282.30237
19.610254,278.1676
19.626305,278.1676
19.64223,278.1676
19.66018,283.95465
19.674974,283.95465
19.69507,284.56836
19.709698,284.56836
19.725664,282.40588
19.743473,282.40588
19.75978,282.40588
19.776325,280.48132
19.793396,280.48132
19.810314,278.4364
19.825407,278.4364
19.842468,278.4364
19.860302,278.88934
19.87956,278.88934
19.894768,279.6396
19.908642,279.6396
19.926868,282.84326
19.943497,282.84326
19.960436,282.84326
19.97754,281.86902
19.992283,281.86902
20.010855,284.8405
20.026138,284.8405
20.04244,284.8405
20.06128,286.23157
20.07763,286.23157
20.092892,285.82214
20.109932,285.82214
20.12537,285.03125
20.1441,285.03125
20.160772,285.03125
20.177366,282.9892
20.193138,282.9892
20.211443,282.34412
20.225277,282.34412
20.242666,282.34412
20.260883,278.22583
20.27613,278.22583
20.293413,281.74127
20.30935,281.74127
20.327398,284.1656
20.343172,284.1656
20.359833,284.1656
20.37729,276.50427
20.392883,276.50427
20.411497,275.58423
20.425312,275.58423
20.443493,284.03564
20.461266,284.03564
20.47509,284.03564
20.493479,275.58844
20.51032,275.58844
20.526947,276.0255
20.542122,276.0255
20.559338,276.0255
20.577892,277.17438
20.592365,277.17438
20.61029,275.7025
20.626688,275.7025
20.643158,273.31183
20.660141,273.31183
20.676973,273.31183
20.693933,277.64258
20.709158,277.64258
20.7317,277.6452
20.742287,277.6452
20.758139,277.6452
20.778576,277.78217
20.793167,277.78217
20.810692,274.99377
20.82707,274.99377
20.843588,272.61926
20.860218,272.61926
20.876036,272.61926
20.894735,274.46252
20.911358,274.46252
20.927626,271.27295
20.943562,271.27295
20.959852,271.27295
20.977646,271.98456
20.992586,271.98456
21.01525,277.38684
21.026512,277.38684
21.04353,277.81995
21.06129,277.81995
21.07665,277.81995
21.094393,278.6579
21.1106,278.6579
21.126612,272.31726
21.14317,272.31726
21.159529,272.31726
21.177933,276.98853
21.19264,276.98853
21.2117,270.0575
21.22614,270.0575
21.243801,269.4732
21.261003,269.4732
21.276505,269.4732
21.298662,267.72766
21.309242,267.72766
21.325954,263.62317
21.34304,263.62317
21.359907,263.62317
21.377304,264.87628
21.392113,264.87628
21.412666,265.75763
21.427153,265.75763
21.444448,266.35852
21.461483,266.35852
21.476,266.35852
21.493269,271.5152
21.508915,271.5152
21.528301,271.66022
21.543774,271.66022
21.560362,271.66022
21.577223,272.44366
21.59413,272.44366
21.612432,271.13324
21.6274,271.13324
21.643381,269.18384
21.6608,269.18384
21.676695,269.18384
21.693468,269.18573
21.709745,269.18573
21.7276,268.364
21.743176,268.364
21.75937,268.364
21.778543,268.23138
21.793852,268.23138
21.8103,268.35834
21.826365,268.35834
21.843277,268.0401
21.861263,268.0401
21.876757,268.0401
21.895138,269.13104
21.908762,269.13104
21.927732,268.2196
21.94387,268.2196
21.960855,268.2196
21.977558,270.65216
21.993088,270.65216
22.014612,269.42926
22.026817,269.42926
22.04335,267.76044
22.061054,267.76044
22.076355,267.76044
22.09492,267.8094
22.1098,267.8094
22.12874,268.1621
22.144398,268.1621
22.160547,268.1621
22.178154,267.48846
22.19369,267.48846
22.210457,269.16168
22.225237,269.16168
22.243572,268.06738
22.260403,268.06738
22.275635,268.06738
22.298512,270.7166
22.309933,270.7166
22.331385,268.3405
22.342999,268.3405
22.359402,268.3405
22.377506,265.7198
22.392183,265.7198
22.411522,266.4605
22.425184,266.4605
22.444012,265.5866
22.461777,265.5866
22.475525,265.5866
22.494942,265.9596
22.509735,265.9596
22.526653,269.0384
22.543058,269.0384
22.559238,269.0384
22.577284,268.00037
22.59273,268.00037
22.610569,268.72528
22.625624,268.72528
22.643192,266.3009
22.660652,266.3009
22.676699,266.3009
22.693354,268.81177
22.70854,268.81177
22.72578,267.4151
22.743408,267.4151
22.760157,267.4151
22.778524,268.36432
22.792486,268.36432
22.810984,268.26013
22.826164,268.26013
22.843672,268.9159
22.860212,268.9159
22.876406,268.9159
22.89546,268.97748
22.910995,268.97748
22.929928,271.2021
22.944965,271.2021
22.959433,271.2021
22.977255,269.02667
22.992376,269.02667
23.011532,269.01422
23.025822,269.01422
23.043362,269.5846
23.060535,269.5846
23.076477,269.5846
23.094358,268.86798
23.1096,268.86798
23.126635,268.78625
23.143934,268.78625
23.158134,268.78625
23.178003,269.8476
23.192513,269.8476
23.211256,268.91785
23.225563,268.91785
23.244524,265.94055
23.261076,265.94055
23.275991,265.94055
23.294796,265.1371
23.309177,265.1371
23.327265,265.2411
23.343138,265.2411
23.359585,265.2411
23.379423,265.58136
23.393042,265.58136
23.414986,265.21045
23.426851,265.21045
23.443192,266.5777
23.464975,266.5777
23.476177,266.5777
23.494967,264.48035
23.509161,264.48035
23.528019,267.23608
23.542091,267.23608
23.559458,267.23608
23.57759,267.719
23.592375,267.719
23.610144,267.5019
23.625216,267.5019
23.643059,267.8626
23.661623,267.8626
23.676817,267.8626
23.69528,267.26086
23.709564,267.26086
23.7255,266.8883
23.743715,266.8883
23.760124,266.8883
23.777122,267.44232
23.792181,267.44232
23.811028,266.4084
23.826256,266.4084
23.843874,266.52783
23.860035,266.52783
23.884438,266.52783
23.896643,266.58783
23.90998,266.58783
23.928263,267.16705
23.9431,267.16705
23.959448,267.16705
23.9784,266.71802
23.992723,266.71802
24.01049,268.02496
24.027046,268.02496
24.043465,268.04883
24.059622,268.04883
24.076004,268.04883
24.09606,268.2046
24.109776,268.2046
24.127102,267.70038
24.142647,267.70038
24.160202,267.70038
24.17778,266.98413
24.193846,266.98413
24.21075,264.10547
24.2256,264.10547
24.243303,264.8493
24.261219,264.8493
24.276384,264.8493
24.294683,264.6889
24.30914,264.6889
24.327976,264.39954
24.34382,264.39954
24.359365,264.39954
24.376627,263.67303
24.393024,263.67303
24.413376,263.87445
24.426891,263.87445
24.44329,265.1953
24.460817,265.1953
24.47568,265.1953
24.49512,265.63312
24.51044,265.63312
24.52738,267.1078
24.543604,267.1078
24.558615,267.1078
24.57762,267.25024
24.59318,267.25024
24.611319,268.80548
24.626642,268.80548
24.643448,268.97284
24.661598,268.97284
24.675602,268.97284
24.694443,267.80023
24.710348,267.80023
24.727657,268.5531
24.743444,268.5531
24.759161,268.5531
24.778227,269.3385
24.7924,269.3385
24.811502,269.0271
24.825903,269.0271
24.843924,269.41058
24.860132,269.41058
24.875107,269.41058
24.897715,270.27307
24.909344,270.27307
24.928259,269.81213
24.942867,269.81213
24.959944,269.81213
24.978155,270.90582
24.992756,270.90582
25.010303,272.4635
25.0253,272.4635
25.042263,272.4635
25.060816,271.925
25.077225,271.925
25.093876,273.17438
25.109734,273.17438
25.126337,273.7339
25.142546,273.7339
25.160248,273.7339
25.177952,274.3687
25.192698,274.3687
25.20967,274.27136
25.226664,274.27136
25.244024,276.69208
25.260643,276.69208
25.276495,276.69208
25.294443,276.3531
25.309032,276.3531
25.328651,277.98004
25.342062,277.98004
25.35977,277.98004
25.37784,278.78632
25.393143,278.78632
25.412258,277.6999
25.426332,277.6999
25.443228,278.2096
25.460848,278.2096
25.477598,278.2096
25.493732,279.93573
25.508978,279.93573
25.527052,280.10315
25.542952,280.10315
25.55969,280.10315
25.578852,281.12683
25.593298,281.12683
25.61009,280.502
25.62531,280.502
25.644577,278.6781
25.661928,278.6781
25.67635,278.6781
25.694042,280.13202
25.710115,280.13202
25.72788,285.52667
25.743336,285.52667
25.760132,285.52667
25.778488,284.21075
25.793634,284.21075
25.811846,284.81097
25.826197,284.81097
25.843832,283.94214
25.860802,283.94214
25.875494,283.94214
25.89479,285.5874
25.909767,285.5874
25.927204,286.0022
25.94366,286.0022
25.959581,286.0022
25.97743,287.75153
25.993715,287.75153
26.00917,285.63037
26.027208,285.63037
26.042168,285.63037
26.06064,287.61444
26.075762,287.61444
26.092651,287.6306
26.11062,287.6306
26.131912,278.43475
26.1427,278.43475
26.1596,278.43475
26.18095,279.40546
26.192135,279.40546
26.212286,277.15033
26.225142,277.15033
26.243221,277.15033
26.26104,276.58002
26.276804,276.58002
26.294039,278.94897
26.309778,278.94897
26.327196,279.83295
26.344437,279.83295
26.358976,279.83295
26.37765,284.38788
26.392578,284.38788
26.411669,282.1624
26.426352,282.1624
26.44369,287.18475
26.460327,287.18475
26.476677,287.18475
26.495213,280.34265
26.508532,280.34265
26.528503,286.06207
26.542307,286.06207
26.561127,286.06207
26.577988,286.0028
26.594597,286.0028
26.611746,287.55243
26.627598,287.55243
26.643707,282.09613
26.66041,282.09613
26.675932,282.09613
26.695568,284.1129
26.709425,284.1129
26.728273,285.59015
26.743404,285.59015
26.759977,285.59015
26.777037,289.0835
26.792038,289.0835
26.811792,292.70105
26.8258,292.70105
26.843155,291.0752
26.86063,291.0752
26.87595,291.0752
26.894175,292.5174
26.90888,292.5174
26.934853,295.93164
26.944834,295.93164
26.958832,295.93164
26.977856,298.16412
26.993124,298.16412
27.011097,292.11743
27.027164,292.11743
27.043428,293.2008
27.06045,293.2008
27.076607,293.2008
27.094261,293.2315
27.109882,293.2315
27.127901,293.88428
27.14401,293.88428
27.160492,293.88428
27.177822,296.85516
27.193277,296.85516
27.210117,293.7536
27.227398,293.7536
27.243814,295.91382
27.26059,295.91382
27.275953,295.91382
27.293882,295.5293
27.311092,295.5293
27.328543,296.39673
27.343218,296.39673
27.359625,296.39673
27.377434,296.93713
27.392569,296.93713
27.412006,297.62457
27.426668,297.62457
27.443241,297.27612
27.460644,297.27612
27.476439,297.27612
27.493578,294.99023
27.509293,294.99023
27.527279,297.63666
27.542574,297.63666
27.559757,297.63666
27.578217,302.9024
27.592518,302.9024
27.610415,301.8236
27.626062,301.8236
27.643082,302.495
27.659449,302.495
27.676897,302.495
27.694805,302.56714
27.709877,302.56714
27.727509,302.97058
27.742882,302.97058
27.759953,302.97058
27.77712,302.3238
27.793543,302.3238
27.810795,301.2348
27.827332,301.2348
27.843222,300.36432
27.861017,300.36432
27.886148,300.36432
27.897623,300.39014
27.911125,300.39014
27.930859,301.69885
27.944414,301.69885
27.961864,301.69885
27.979254,304.70813
27.995754,304.70813
28.01614,302.66974
28.02861,302.66974
28.047667,297.13336
28.063116,297.13336
28.07815,297.13336
28.095764,297.35553
28.110332,297.35553
28.12911,294.0204
28.144636,294.0204
28.163065,294.0204
28.178225,294.6568
28.194502,294.6568
28.21299,298.69098
28.228098,298.69098
28.244326,296.76532
28.262562,296.76532
28.277824,296.76532
28.29591,292.0852
28.310865,292.0852
28.329943,291.88037
28.343548,291.88037
28.360662,291.88037
28.378668,295.02863
28.394623,295.02863
28.41233,296.2824
28.427094,296.2824
28.444115,296.07776
28.461866,296.07776
28.47833,296.07776
28.497604,295.6444
28.509943,295.6444
28.52939,292.73956
28.544844,292.73956
28.560915,292.73956
28.579283,295.11407
28.593992,295.11407
28.61302,293.3128
28.627714,293.3128
28.644619,295.9095
28.661448,295.9095
28.677341,295.9095
28.696634,300.5921
28.711271,300.5921
28.729479,301.23804
28.744604,301.23804
28.761585,301.23804
28.780058,300.847
28.795338,300.847
28.814064,301.4845
28.82758,301.4845
28.845282,301.88904
28.862484,301.88904
28.877188,301.88904
28.896633,301.6598
28.912184,301.6598
28.93183,302.7572
28.945663,302.7572
28.960442,302.7572
28.97917,302.21948
28.994793,302.21948
29.012613,301.735
29.027985,301.735
29.043997,304.98505
29.061592,304.98505
29.079115,304.98505
29.094824,303.61475
29.110992,303.61475
29.127623,304.83673
29.145681,304.83673
29.160969,304.83673
29.179832,303.5086
29.194864,303.5086
29.21637,304.58636
29.2284,304.58636
29.244507,304.1443
29.261772,304.1443
29.278175,304.1443
29.299168,305.2884
29.311136,305.2884
29.33264,306.12604
29.345644,306.12604
29.361185,306.12604
29.378258,306.5412
29.394444,306.5412
29.414356,309.5396
29.427013,309.5396
29.444613,308.31287
29.462978,308.31287
29.477983,308.31287
29.495401,313.61084
29.511574,313.61084
29.533216,312.39087
29.545038,312.39087
29.561077,312.39087
29.578964,312.12677
29.594124,312.12677
29.612217,312.6325
29.62825,312.6325
29.64451,311.62842
29.662401,311.62842
29.678223,311.62842
29.698584,311.75592
29.711763,311.75592
29.729044,312.8852
29.74538,312.8852
29.76367,313.3955
29.779568,313.3955
29.79531,313.3955
29.81471,316.20587
29.828146,316.20587
29.84466,315.24414
29.862661,315.24414
29.881035,315.24414
29.898016,314.09412
29.911476,314.09412
29.929155,313.30908
29.94397,313.30908
29.961306,313.30908
29.979149,313.9688
29.99561,313.9688
30.01217,309.677
30.028805,309.677
30.043158,310.91486
30.06377,310.91486
30.077724,310.91486
30.096388,315.89227
30.112453,315.89227
30.128012,315.49445
30.144049,315.49445
30.163734,314.9342
30.179731,314.9342
30.19432,314.9342
30.21239,311.14734
30.228083,311.14734
30.244337,315.45667
30.261873,315.45667
30.279207,315.45667
30.295433,310.14142
30.311544,310.14142
30.329144,308.21356
30.343836,308.21356
30.361979,308.21356
30.37894,306.1864
30.394068,306.1864
30.41325,304.01678
30.427616,304.01678
30.44658,303.83258
30.462437,303.83258
30.47768,303.83258
30.499144,302.6734
30.511517,302.6734
30.528543,299.80408
30.544474,299.80408
30.560703,299.80408
30.578846,302.6504
30.594519,302.6504
30.616528,296.9292
30.627632,296.9292
30.644936,298.65125
30.664215,298.65125
30.677599,298.65125
30.69999,295.1148
30.71173,295.1148
30.729712,296.75995
30.74534,296.75995
30.761738,296.75995
30.778757,290.54205
30.793634,290.54205
30.812386,289.9029
30.827602,289.9029
30.844698,287.9212
30.862932,287.9212
30.87762,287.9212
30.896921,290.28894
30.91091,290.28894
30.929604,283.6449
30.94532,283.6449
30.961813,283.6449
30.980244,285.3382
30.994244,285.3382
31.012682,285.54047
31.027695,285.54047
31.045338,283.8199
31.062426,283.8199
31.078323,283.8199
31.095892,281.80103
31.110962,281.80103
31.139256,282.22443
31.151588,282.22443
31.16416,283.3167
31.180529,283.3167
31.196785,283.3167
31.214252,281.7826
31.230185,281.7826
31.248669,279.8172
31.262665,279.8172
31.280716,279.8172
31.29854,279.36542
31.31282,279.36542
31.33353,286.66058
31.345823,286.66058
31.365992,280.12506
31.380774,280.12506
31.395517,280.12506
31.416767,293.22144
31.429695,293.22144
31.451416,292.08893
31.462719,292.08893
31.478827,292.08893
31.498915,290.2337
31.51322,290.2337
31.534113,287.84558
31.547619,287.84558
31.563457,286.76483
31.58339,286.76483
31.596752,286.76483
31.616016,285.9618
31.63028,285.9618
31.649021,284.21002
31.662743,284.21002
31.692894,286.82196
31.704468,286.82196
31.718239,286.82196
31.735622,288.16968
31.751919,288.16968
31.768732,286.40942
31.784529,286.40942
31.80136,286.40942
31.819088,287.08002
31.834543,287.08002
31.85277,286.33746
31.868055,286.33746
31.88455,284.7348
31.901382,284.7348
31.917238,284.7348
31.935751,284.5536
31.950882,284.5536
31.9688,282.45178
31.983639,282.45178
32.001114,282.45178
32.01789,281.82892
32.03379,281.82892
32.051064,282.61566
32.067505,282.61566
32.08406,282.22797
32.101078,282.22797
32.118134,282.22797
32.13678,279.87183
32.15037,279.87183
32.16953,279.90784
32.184643,279.90784
32.200977,279.90784
32.217556,280.4005
32.233284,280.4005
32.252277,279.61444
32.26723,279.61444
32.284176,279.3614
32.30205,279.3614
32.317486,279.3614
32.335045,278.88904
32.351364,278.88904
32.368896,279.11877
32.383263,279.11877
32.400036,279.11877
32.419067,278.0537
32.434044,278.0537
32.451843,277.34338
32.467407,277.34338
32.483852,276.6623
32.501884,276.6623
32.517296,276.6623
32.53515,275.10138
32.550743,275.10138
32.567936,274.81122
32.583714,274.81122
32.600677,274.81122
32.618687,275.03802
32.633083,275.03802
32.65234,274.0548
32.668823,274.0548
32.68738,274.00122
32.702003,274.00122
32.71671,274.00122
32.73692,273.5091
32.750263,273.5091
32.76906,274.8059
32.78477,274.8059
32.80097,274.8059
32.819828,274.76746
32.834286,274.76746
32.85163,275.0008
32.867294,275.0008
32.883354,274.6316
32.902542,274.6316
32.91706,274.6316
32.93567,274.61774
32.951065,274.61774
32.96894,274.47723
32.983162,274.47723
33.000755,274.47723
33.01884,274.4663
33.033985,274.4663
33.052433,274.50586
33.066746,274.50586
33.083553,276.40295
33.10038,276.40295
33.118824,276.40295
33.135094,277.0409
33.150017,277.0409
33.169094,277.83118
33.18414,277.83118
33.200935,277.83118
33.21708,276.89758
33.23465,276.89758
33.2508,276.55975
33.26734,276.55975
33.283638,275.8546
33.302223,275.8546
33.31765,275.8546
33.335854,273.42212
33.350533,273.42212
33.36859,272.2318
33.38437,272.2318
33.40035,272.2318
33.417736,272.75964
33.435143,272.75964
33.45214,272.87793
33.46689,272.87793
33.485176,271.69495
33.5009,271.69495
33.517445,271.69495
33.53482,271.86877
33.550426,271.86877
33.569065,269.56152
33.584602,269.56152
33.600414,269.56152
33.618893,269.62177
33.634884,269.62177
33.65364,269.11426
33.666958,269.11426
33.68421,269.2857
33.701378,269.2857
33.71824,269.2857
33.73527,269.44916
33.750347,269.44916
33.769276,269.1137
33.784515,269.1137
33.801334,269.1137
33.81926,269.45062
33.83408,269.45062
33.852802,268.58453
33.867172,268.58453
33.88525,269.31793
33.902718,269.31793
33.917027,269.31793
33.936344,269.83038
33.950737,269.83038
33.97181,269.69763
33.98442,269.69763
34.000324,269.69763
34.018314,269.34186
34.033215,269.34186
34.052097,269.15918
34.06624,269.15918
34.083275,269.31665
34.103,269.31665
34.116554,269.31665
34.135174,269.26428
34.1504,269.26428
34.172638,269.67004
34.184532,269.67004
34.200245,269.67004
34.218945,269.51215
34.2354,269.51215
34.251236,268.80817
34.267372,268.80817
34.284275,268.6234
34.30235,268.6234
34.316547,268.6234
34.335682,268.61346
34.35148,268.61346
34.37294,268.4251
34.38443,268.4251
34.40078,268.4251
34.41743,268.5564
34.43379,268.5564
34.45459,268.93616
34.46852,268.93616
34.484455,268.43884
34.501617,268.43884
34.517975,268.43884
34.535557,269.8446
34.552067,269.8446
34.569057,269.68658
34.58389,269.68658
34.60025,269.68658
34.618782,268.7276
34.63448,268.7276
34.65243,267.7245
34.667526,267.7245
34.685192,267.94366
34.70202,267.94366
34.717667,267.94366
34.735897,267.78204
34.750584,267.78204
34.768127,269.04724
34.785007,269.04724
34.800354,269.04724
34.819313,268.84375
34.83375,268.84375
34.852512,268.886
34.867752,268.886
34.88556,268.8487
34.901367,268.8487
34.917473,268.8487
34.935776,268.17432
34.950417,268.17432
34.967983,268.18054
34.983917,268.18054
35.000957,268.18054
35.019,268.5423
35.03306,268.5423
35.0546,268.6795
35.067127,268.6795
35.08378,270.18097
35.10296,270.18097
35.117477,270.18097
35.13618,269.25952
35.150852,269.25952
35.16873,270.65656
35.185074,270.65656
35.199863,270.65656
35.218708,270.10492
35.234013,270.10492
35.251923,270.41064
35.268253,270.41064
35.284878,270.0348
35.301594,270.0348
35.31684,270.0348
35.33589,269.9276
35.351772,269.9276
35.36944,269.9124
35.384262,269.9124
35.40125,269.9124
35.418835,270.56934
35.434624,270.56934
35.454613,270.38806
35.468674,270.38806
35.491745,269.93646
35.50822,269.93646
35.51742,269.93646
35.535187,269.1701
35.551735,269.1701
35.572662,267.93726
35.585068,267.93726
35.603176,268.0418
35.618893,268.0418
35.635674,268.0418
35.651367,268.9218
35.667294,268.9218
35.68653,268.79834
35.702343,268.79834
35.71842,268.79834
35.73565,270.57233
35.75096,270.57233
35.768745,270.57062
35.7853,270.57062
35.801517,270.57062
35.81921,270.79913
35.835606,270.79913
35.853226,270.36633
35.86745,270.36633
35.884605,271.29755
35.90134,271.29755
35.916897,271.29755
35.935047,270.79132
35.950497,270.79132
35.96989,270.65167
35.98355,270.65167
36.000282,270.65167
36.018757,271.05255
36.03411,271.05255
36.052967,272.22314
36.068108,272.22314
36.08527,271.30408
36.100803,271.30408
36.117332,271.30408
36.136417,270.75043
36.150513,270.75043
36.17084,270.75043
36.18749,270.88318
36.201096,270.88318
36.219746,269.9803
36.23434,269.9803
36.251865,269.39563
36.266945,269.39563
36.283905,270.42047
36.302856,270.42047
36.3173,270.42047
36.33689,270.94275
36.365658,270.94275
36.378956,270.50073
36.392616,270.50073
36.410923,271.16974
36.424614,271.16974
36.441334,271.16974
36.457188,271.72992
36.47356,271.72992
36.49121,272.52655
36.50783,272.52655
36.52417,273.44427
36.542698,273.44427
36.55765,273.44427
36.576,274.16974
36.590385,274.16974
36.60897,275.20288
36.62423,275.20288
36.640823,275.20288
36.658894,274.7757
36.6738,274.7757
36.69078,273.5075
36.70695,273.5075
36.72522,273.3197
36.74195,273.3197
36.75887,273.3197
36.77549,274.18036
36.791927,274.18036
36.808666,274.71417
36.82404,274.71417
36.83939,274.71417
36.858532,274.63867
36.873497,274.63867
36.892307,274.36584
36.90736,274.36584
36.92381,274.55884
36.940422,274.55884
36.957706,274.55884
36.974804,275.39014
36.98952,275.39014
37.007954,278.62543
37.024105,278.62543
37.03962,278.62543
37.05874,278.41858
37.072514,278.41858
37.090744,279.3971
37.107407,279.3971
37.123386,279.5863
37.142437,279.5863
37.156826,279.5863
37.174747,273.5711
37.190136,273.5711
37.20795,271.92657
37.22396,271.92657
37.241074,271.92657
37.258236,276.6584
37.2734,276.6584
37.29542,273.8322
37.30721,273.8322
37.323723,277.54114
37.341694,277.54114
37.35723,277.54114
37.374737,277.21362
37.38956,277.21362
37.409885,282.63745
37.423126,282.63745
37.439835,282.63745
37.46217,279.87823
37.47477,279.87823
37.491047,286.34705
37.506992,286.34705
37.523933,285.47137
37.541607,285.47137
37.566914,285.47137
37.581074,290.76642
37.58986,290.76642
37.60751,290.88763
37.622692,290.88763
37.641666,290.88763
37.65856,291.28662
37.673573,291.28662
37.691643,290.39355
37.707207,290.39355
37.72493,292.2447
37.740864,292.2447
37.75738,292.2447
37.775658,291.91156
37.790497,291.91156
37.812725,296.16193
37.82536,296.16193
37.84125,296.16193
37.858753,296.33728
37.873955,296.33728
37.892612,295.76
37.9073,295.76
37.924576,294.48462
37.94094,294.48462
37.958107,294.48462
37.975536,300.5373
37.99068,300.5373
38.007618,296.7801
38.024063,296.7801
38.040405,296.7801
38.05848,297.26984
38.07372,297.26984
38.09491,300.85016
38.10763,300.85016
38.12356,302.3333
38.142742,302.3333
38.156624,302.3333
38.174362,300.35632
38.19053,300.35632
38.207676,301.9361
38.223812,301.9361
38.240856,301.9361
38.258514,303.2157
38.274063,303.2157
38.291737,305.36737
38.307106,305.36737
38.32392,301.35205
38.341766,301.35205
38.357212,301.35205
38.375744,301.9348
38.39604,301.9348
38.413574,303.14227
38.423893,303.14227
38.44194,303.14227
38.457726,303.63507
38.47501,303.63507
38.491665,304.1441
38.506596,304.1441
38.52418,303.62415
38.541348,303.62415
38.556606,303.62415
38.574413,304.98456
38.591473,304.98456
38.6091,303.30328
38.62552,303.30328
38.647903,302.64392
38.65944,302.64392
38.673466,302.64392
38.691383,302.23407
38.707924,302.23407
38.723587,299.13367
38.740173,299.13367
38.756905,299.13367
38.775043,306.28033
38.79095,306.28033
38.80783,305.8385
38.823704,305.8385
38.841763,305.8385
38.858776,303.92065
38.87455,303.92065
38.892742,302.78156
38.90724,302.78156
38.924274,302.34668
38.94102,302.34668
38.957653,302.34668
38.97549,303.31244
38.991314,303.31244
39.00842,303.45056
39.02341,303.45056
39.04046,303.45056
39.05757,304.23425
39.0735,304.23425
39.095463,301.25897
39.10738,301.25897
39.127033,301.15747
39.14495,301.15747
39.157097,301.15747
39.17492,310.3955
39.19195,310.3955
39.207,304.20636
39.223724,304.20636
39.24023,304.20636
39.258953,304.22333
39.27506,304.22333
39.292896,306.43665
39.30706,306.43665
39.324177,309.51758
39.342075,309.51758
39.356823,309.51758
39.37567,304.203
39.391037,304.203
39.408936,302.22528
39.425087,302.22528
39.440956,302.22528
39.459415,302.44556
39.47409,302.44556
39.491825,308.02332
39.50722,308.02332
39.525,304.59747
39.541344,304.59747
39.55708,304.59747
39.57593,300.7367
39.59081,300.7367
39.607876,301.6521
39.624157,301.6521
39.64039,301.6521
39.658726,299.7132
39.674625,299.7132
39.691628,299.9682
39.706818,299.9682
39.724537,299.30383
39.7417,299.30383
39.75884,299.30383
39.775665,300.8191
39.790955,300.8191
39.808384,304.42755
39.823822,304.42755
39.844097,303.02698
39.85835,303.02698
39.87371,303.02698
39.89279,304.0689
39.9069,304.0689
39.923786,303.74292
39.942245,303.74292
39.958023,303.74292
39.97753,303.6704
39.991146,303.6704
40.012527,302.09955
40.023945,302.09955
40.040066,302.09955
40.05881,300.57684
40.074154,300.57684
40.09118,300.62665
40.107323,300.62665
40.12384,296.6731
40.14212,296.6731
40.157913,296.6731
40.174637,303.05005
40.191414,303.05005
40.20937,297.21722
40.224567,297.21722
40.24165,297.21722
40.257988,302.40912
40.275032,302.40912
40.2905,302.9948
40.30801,302.9948
40.324677,301.78394
40.341057,301.78394
40.357647,301.78394
40.37638,292.73358
40.389946,292.73358
40.41252,296.98004
40.424274,296.98004
40.441055,296.98004
40.458813,298.56818
40.474598,298.56818
40.491943,294.48627
40.50732,294.48627
40.52378,300.17743
40.54218,300.17743
40.556778,300.17743
40.5757,298.25592
40.59053,298.25592
40.609432,300.45715
40.62425,300.45715
40.640213,300.45715
40.65927,298.87878
40.673977,298.87878
40.692375,300.11212
40.70769,300.11212
40.72515,300.34485
40.740345,300.34485
40.75876,300.34485
40.775307,298.7213
40.789787,298.7213
40.811977,297.99677
40.82445,297.99677
40.8413,297.99677
40.858154,297.82922
40.87426,297.82922
40.892082,297.09833
40.907246,297.09833
40.92563,295.2895
40.941067,295.2895
40.957775,295.2895
40.975452,296.40295
40.9906,296.40295
41.008553,297.6123
41.024033,297.6123
41.043083,297.6123
41.059128,296.01044
41.075085,296.01044
41.0913,295.69904
41.10785,295.69904
41.124847,295.87317
41.142,295.87317
41.156902,295.87317
41.17575,298.29877
41.190533,298.29877
41.207417,296.68335
41.224808,296.68335
41.24162,296.68335
41.258236,296.1886
41.274273,296.1886
41.294445,295.998
41.30714,295.998
41.32392,297.34717
41.34238,297.34717
41.357677,297.34717
41.374847,296.44696
41.391575,296.44696
41.41228,297.43158
41.423138,297.43158
41.439785,297.43158
41.46216,295.90063
41.473877,295.90063
41.491673,298.43683
41.507282,298.43683
41.52436,299.22534
41.542095,299.22534
41.557064,299.22534
41.576813,296.76984
41.59067,296.76984
41.61303,295.9262
41.62346,295.9262
41.641533,295.9262
41.657925,297.91858
41.67368,297.91858
41.692974,297.24792
41.70814,297.24792
41.725677,298.42603
41.74266,298.42603
41.758667,298.42603
41.779587,298.49548
41.79041,298.49548
41.808258,299.04364
41.823624,299.04364
41.841732,299.04364
41.85925,298.41943
41.87385,298.41943
41.892292,298.83636
41.907486,298.83636
41.925316,299.21185
41.941513,299.21185
41.95882,299.21185
41.975502,296.1731
41.990692,296.1731
42.01264,296.10693
42.024612,296.10693
42.040524,296.10693
42.059555,295.44714
42.07372,295.44714
42.09246,296.0003
42.107586,296.0003
42.12437,295.14697
42.141838,295.14697
42.158333,295.14697
42.17905,295.24756
42.190903,295.24756
42.212547,294.67932
42.225132,294.67932
42.24082,294.67932
42.25927,293.19623
42.273834,293.19623
42.291653,294.5805
42.308563,294.5805
42.32379,294.7845
42.342163,294.7845
42.356514,294.7845
42.376053,293.0337
42.39082,293.0337
42.41002,292.5631
42.423603,292.5631
42.44091,292.5631
42.459137,300.46545
42.47388,300.46545
42.49189,297.8322
42.507393,297.8322
42.52471,299.6778
42.54112,299.6778
42.557106,299.6778
42.57592,297.047
42.591072,297.047
42.608154,293.47144
42.62446,293.47144
42.64037,293.47144
42.65926,293.46436
42.674183,293.46436
42.69117,291.41595
42.70739,291.41595
42.72446,290.99084
42.74094,290.99084
42.758026,290.99084
42.776302,291.1864
42.790985,291.1864
42.80985,290.12537
42.82485,290.12537
42.84115,290.12537
42.859245,292.3349
42.874,292.3349
42.891716,291.78595
42.908245,291.78595
42.924625,291.4511
42.941463,291.4511
42.957745,291.4511
42.975716,290.95496
42.99142,290.95496
43.00886,292.1579
43.023968,292.1579
43.041756,292.1579
43.059406,290.34937
43.074966,290.34937
43.095074,289.25128
43.107067,289.25128
43.125195,290.6081
43.141144,290.6081
43.15724,290.6081
43.17793,289.03955
43.190586,289.03955
43.209877,287.8625
43.225006,287.8625
43.239933,287.8625
43.25876,287.61798
43.273907,287.61798
43.29177,288.15527
43.30789,288.15527
43.324364,289.03864
43.340855,289.03864
43.358112,289.03864
43.37606,287.7716
43.39024,287.7716
43.412582,287.1729
43.424,287.1729
43.440247,287.1729
43.458763,286.61475
43.472816,286.61475
43.49235,285.34644
43.50721,285.34644
43.525433,284.10828
43.5423,284.10828
43.55744,284.10828
43.576096,280.35327
43.591827,280.35327
43.608456,281.2948
43.62386,281.2948
43.641026,281.2948
43.65999,282.0785
43.67428,282.0785
43.691364,281.08777
43.707394,281.08777
43.72501,282.22235
43.74157,282.22235
43.75768,282.22235
43.779694,279.77112
43.790558,279.77112
43.80859,281.5794
43.82376,281.5794
43.84069,281.5794
43.85835,279.53247
43.873905,279.53247
43.892807,279.4397
43.908672,279.4397
43.924038,279.9721
43.94063,279.9721
43.957115,279.9721
43.97634,279.10168
43.99095,279.10168
44.01216,278.28943
44.02441,278.28943
44.041103,278.28943
44.059116,280.76862
44.074886,280.76862
44.093136,278.35107
44.107548,278.35107
44.127686,279.29065
44.142284,279.29065
44.15885,279.29065
44.17542,280.7431
44.19055,280.7431
44.209507,278.76776
44.22482,278.76776
44.240505,278.76776
44.25963,279.00262
44.27368,279.00262
44.29132,278.08325
44.308323,278.08325
44.324944,277.1042
44.341274,277.1042
44.357876,277.1042
44.37465,279.73615
44.39092,279.73615
44.408108,279.55597
44.424202,279.55597
44.44039,279.55597
44.45962,279.51166
44.474495,279.51166
44.494743,279.5329
44.50718,279.5329
44.526226,278.1438
44.543934,278.1438
44.556377,278.1438
44.576454,277.38477
44.591637,277.38477
44.608562,277.07776
44.624046,277.07776
44.640705,277.07776
44.6596,277.40173
44.674545,277.40173
44.695847,278.23486
44.707546,278.23486
44.725075,278.03253
44.741776,278.03253
44.75772,278.03253
44.7759,279.03693
44.79081,279.03693
44.808765,279.12604
44.824657,279.12604
44.84097,279.12604
44.858707,277.23053
44.87396,277.23053
44.8924,276.7188
44.908108,276.7188
44.924244,277.9928
44.940907,277.9928
44.959667,277.9928
44.979424,277.07404
44.99217,277.07404
45.009933,277.08563
45.02586,277.08563
45.04211,277.08563
45.061142,276.4281
45.076122,276.4281
45.091545,275.89886
45.107735,275.89886
45.12473,276.1419
45.14238,276.1419
45.158653,276.1419
45.17539,276.49725
45.19167,276.49725
45.212162,276.1397
45.22472,276.1397
45.24201,276.1397
45.259663,275.52142
45.27476,275.52142
45.29415,274.88892
45.308907,274.88892
45.32529,274.18427
45.342648,274.18427
45.35837,274.18427
45.376827,275.91718
45.39209,275.91718
45.40921,275.72943
45.42497,275.72943
45.441967,275.72943
45.45938,275.58905
45.476368,275.58905
45.492947,275.3423
45.5091,275.3423
45.52823,275.58307
45.542427,275.58307
45.559296,275.58307
45.576656,276.0592
45.59191,276.0592
45.612965,275.30988
45.625427,275.30988
45.641773,275.30988
45.659492,275.10492
45.675316,275.10492
45.697018,275.35382
45.708355,275.35382
45.727676,275.27808
45.742325,275.27808
45.758053,275.27808
45.776043,275.28204
45.792316,275.28204
45.80869,275.1324
45.824715,275.1324
45.84174,275.1324
45.8589,274.9947
45.87536,274.9947
45.894745,274.0335
45.90874,274.0335
45.926937,274.44507
45.942543,274.44507
45.9589,274.44507
45.97698,275.45245
45.991657,275.45245
46.012867,275.10162
46.02569,275.10162
46.042076,275.10162
46.05998,273.58325
46.075226,273.58325
46.094166,273.78723
46.108395,273.78723
46.127365,273.5782
46.143517,273.5782
46.159447,273.5782
46.175697,274.35468
46.191555,274.35468
46.212852,274.83667
46.22501,274.83667
46.2403,274.83667
46.260315,274.25116
46.27433,274.25116
46.296745,275.25623
46.307953,275.25623
46.32498,275.35406
46.3426,275.35406
46.35792,275.35406
46.3756,272.42316
46.392536,272.42316
46.409073,272.27655
46.425655,272.27655
46.44159,272.27655
46.4591,272.85193
46.47429,272.85193
46.49261,273.58807
46.507885,273.58807
46.524014,274.36743
46.544064,274.36743
46.55814,274.36743
46.5761,274.23102
46.592026,274.23102
46.608925,275.35107
46.623642,275.35107
46.640446,275.35107
46.659607,275.57373
46.674297,275.57373
46.691696,274.30627
46.707893,274.30627
46.725,274.17285
46.74173,274.17285
46.757908,274.17285
46.77544,273.14685
46.791378,273.14685
46.80906,273.08502
46.82522,273.08502
46.842106,273.08502
46.85915,272.69135
46.87472,272.69135
46.89257,272.0152
46.907578,272.0152
46.92445,272.23444
46.942257,272.23444
46.957493,272.23444
46.97542,272.02826
46.990524,272.02826
47.012756,273.03082
47.024918,273.03082
47.04075,273.03082
47.059437,272.96094
47.07479,272.96094
47.096275,272.01318
47.10865,272.01318
47.128036,272.13263
47.14237,272.13263
47.157803,272.13263
47.175953,272.72894
47.19169,272.72894
47.20965,273.01782
47.22362,273.01782
47.241592,273.01782
47.258682,273.69513
47.27454,273.69513
47.29737,272.9212
47.308495,272.9212
47.32589,272.28174
47.341064,272.28174
47.357643,272.28174
47.376884,272.47992
47.391552,272.47992
47.412926,272.393
47.42412,272.393
47.44132,272.393
47.459297,273.39374
47.47427,273.39374
47.491814,272.77087
47.508224,272.77087
47.525448,271.64935
47.541122,271.64935
47.558323,271.64935
47.57606,272.71942
47.591396,272.71942
47.608383,272.16956
47.62587,272.16956
47.641193,272.16956
47.659386,272.8092
47.675156,272.8092
47.69319,272.5124
47.707436,272.5124
47.72588,274.74426
47.74223,274.74426
47.75828,274.74426
47.777035,274.68134
47.79126,274.68134
47.812675,274.2619
47.82497,274.2619
47.842133,274.2619
47.85897,274.7873
47.875244,274.7873
47.892105,273.51788
47.907814,273.51788
47.9274,274.00647
47.942665,274.00647
47.958694,274.00647
47.97953,273.9643
47.99197,273.9643
48.008904,273.93304
48.024117,273.93304
48.04083,273.93304
48.05987,273.16528
48.08737,273.11462
48.098675,273.11462
48.1129,273.11462
48.12984,273.0125
48.14471,273.0125
48.161995,273.0125
48.18075,272.92065
48.194744,272.92065
48.2127,272.19537
48.227795,272.19537
48.24706,271.90167
48.263206,271.90167
48.276722,271.90167
48.29703,272.48254
48.310772,272.48254
48.33346,272.90228
48.344753,272.90228
48.36195,272.90228
48.38008,271.76025
48.39403,271.76025
48.4135,271.3916
48.42721,271.3916
48.44492,272.08008
48.46275,272.08008
48.47869,272.08008
48.49672,272.08966
48.510635,272.08966
48.5314,273.40363
48.54562,273.40363
48.560333,273.40363
48.5791,272.46637
48.59413,272.46637
48.612072,274.03253
48.62921,274.03253
48.64425,275.04517
48.66298,275.04517
48.67825,275.04517
48.69595,273.78015
48.711716,273.78015
48.728737,273.99207
48.74475,273.99207
48.760815,273.99207
48.780006,274.70758
48.793587,274.70758
48.81599,275.42377
48.83145,275.42377
48.845146,276.23456
48.863243,276.23456
48.87726,276.23456
48.89708,275.48633
48.91044,275.48633
48.92888,276.26715
48.943977,276.26715
48.96114,276.26715
48.97998,276.44598
48.99415,276.44598
49.0132,277.766
49.030247,277.766
49.04451,277.43365
49.060875,277.43365
49.078617,277.43365
49.09693,278.45227
49.11146,278.45227
49.12856,278.4538
49.145683,278.4538
49.161015,278.4538
49.17952,278.3236
49.195175,278.3236
49.213123,277.99677
49.228737,277.99677
49.245396,277.9743
49.26186,277.9743
49.277897,277.9743
49.29618,279.03204
49.311268,279.03204
49.332703,280.60266
49.344368,280.60266
49.36185,280.60266
49.378872,280.79266
49.395702,280.79266
49.416145,282.1219
49.427723,282.1219
49.444515,281.21478
49.465336,281.21478
49.48,281.21478
49.498455,282.8078
49.512283,282.8078
49.53333,283.3947
49.54506,283.3947
49.562187,283.3947
49.57953,284.08417
49.594353,284.08417
49.612885,284.84424
49.628086,284.84424
49.645275,282.48517
49.662067,282.48517
49.67824,282.48517
49.696617,283.53625
49.710396,283.53625
49.72956,284.54584
49.744915,284.54584
49.761814,284.54584
49.778362,285.6093
49.794373,285.6093
49.811802,285.41644
49.82904,285.41644
49.843708,285.77515
49.86358,285.77515
49.878372,285.77515
49.896473,285.74426
49.91036,285.74426
49.932762,286.1324
49.9444,286.1324
49.96138,286.1324
49.978416,287.13904
49.994896,287.13904
50.013397,286.74963
50.02819,286.74963
50.04513,287.3833
50.062744,287.3833
50.07832,287.3833
50.096386,285.97888
50.113102,285.97888
50.13289,286.0442
50.144917,286.0442
50.16374,288.33978
50.17903,288.33978
50.194916,288.33978
50.213253,288.62872
50.22789,288.62872
50.24465,290.02954
50.262154,290.02954
50.27719,290.02954
50.294937,288.30798
50.31021,288.30798
50.33186,288.2884
50.344677,288.2884
50.361935,288.2884
50.37916,288.802
50.39461,288.802
50.413902,289.46747
50.42735,289.46747
50.445335,291.0357
50.461784,291.0357
50.477512,291.0357
50.496323,291.50726
50.511383,291.50726
50.531776,291.89172
50.54402,291.89172
50.563904,291.9306
50.57816,291.9306
50.59411,291.9306
50.61115,290.41217
50.62823,290.41217
50.645184,291.2868
50.66249,291.2868
50.67752,291.2868
50.699436,290.78625
50.711876,290.78625
50.73209,290.8938
50.744987,290.8938
50.76073,290.8938
50.77926,291.71515
50.795795,291.71515
50.81249,291.93256
50.828518,291.93256
50.84592,293.763
50.862354,293.763
50.878574,293.763
50.897022,293.69226
50.911564,293.69226
50.92913,296.31683
50.94365,296.31683
50.963535,294.72314
50.979046,294.72314
50.99506,294.72314
51.01561,295.93213
51.028378,295.93213
51.044502,295.51965
51.061462,295.51965
51.07827,295.51965
51.096554,295.37238
51.111393,295.37238
51.12989,295.226
51.144264,295.226
51.16277,295.226
51.17941,295.568
51.194252,295.568
51.21288,295.19818
51.228485,295.19818
51.246227,297.16315
51.261982,297.16315
51.27837,297.16315
51.295578,297.24097
51.312386,297.24097
51.32956,295.8015
51.344574,295.8015
51.363644,299.78217
51.379055,299.78217
51.39453,299.78217
51.413048,298.7016
51.428463,298.7016
51.447674,298.80902
51.461327,298.80902
51.478043,298.80902
51.50062,296.70587
51.51034,296.70587
51.532616,297.4458
51.544624,297.4458
51.564014,295.69073
51.581074,295.69073
51.59483,295.69073
51.61301,295.6999
51.627804,295.6999
51.644215,296.33392
51.662193,296.33392
51.677074,296.33392
51.69679,295.56476
51.711433,295.56476
51.729145,295.5077
51.74427,295.5077
51.762604,295.5077
51.783466,295.28967
51.7941,295.28967
51.81622,296.98932
51.82886,296.98932
51.846943,296.33307
51.861103,296.33307
51.878445,296.33307
51.896572,295.83942
51.911488,295.83942
51.932655,295.97406
51.944588,295.97406
51.96198,295.97406
51.979874,297.53613
51.99464,297.53613
52.01364,298.53168
52.02845,298.53168
52.04373,294.98657
52.061478,294.98657
52.07817,294.98657
52.095272,296.9926
52.111515,296.9926
52.13028,294.6281
52.144123,294.6281
52.162376,294.6281
52.178978,296.57507
52.194977,296.57507
52.21567,293.4953
52.228424,293.4953
52.246414,293.4995
52.26219,293.4995
52.27857,293.4995
52.295353,293.10266
52.312534,293.10266
52.32876,296.80457
52.344646,296.80457
52.363678,296.97052
52.379383,296.97052
52.39463,296.97052
52.414326,296.29474
52.428562,296.29474
52.447655,297.89075
52.4617,297.89075
52.478092,297.89075
52.495224,297.58966
52.512604,297.58966
52.531673,298.87726
52.54479,298.87726
52.560608,298.87726
52.579346,298.56158
52.594673,298.56158
52.613785,298.7041
52.627632,298.7041
52.64492,300.58514
52.662792,300.58514
52.677902,300.58514
52.699883,297.21643
52.710766,297.21643
52.729797,297.87238
52.743496,297.87238
52.76078,297.87238
52.778526,299.69
52.795097,299.69
52.812653,298.41315
52.827732,298.41315
52.84616,298.11584
52.86162,298.11584
52.8779,298.11584
52.89692,298.2218
52.912075,298.2218
52.93267,298.78027
52.94415,298.78027
52.963226,298.24487
52.981228,298.24487
52.99478,298.24487
53.01184,300.32837
53.028614,300.32837
53.044647,299.91144
53.06335,299.91144
53.078598,299.91144
53.09532,299.411
53.112705,299.411
53.129585,299.49908
53.14593,299.49908
53.16045,299.49908
53.179268,300.19525
53.195953,300.19525
53.212185,299.71155
53.228416,299.71155
53.244583,300.66742
53.26107,300.66742
53.278145,300.66742
53.296158,300.1933
53.311924,300.1933
53.33002,300.17773
53.34421,300.17773
53.36069,300.17773
53.37858,300.0808
53.39563,300.0808
53.41436,300.6211
53.429337,300.6211
53.444412,299.687
53.46324,299.687
53.477203,299.687
53.496494,297.65063
53.511517,297.65063
53.52997,298.16583
53.544334,298.16583
53.561283,298.16583
53.57989,297.002
53.59545,297.002
53.61355,296.10358
53.62716,296.10358
53.644775,296.1432
53.662476,296.1432
53.677917,296.1432
53.696682,298.0683
53.710762,298.0683
53.729298,296.56036
53.744766,296.56036
53.763252,295.9073
53.77978,295.9073
53.794098,295.9073
53.81604,298.27014
53.829487,298.27014
53.845566,298.60632
53.86312,298.60632
53.8781,298.60632
53.896896,298.27063
53.912342,298.27063
53.92934,298.21082
53.94395,298.21082
53.96099,298.21082
53.978745,298.6836
53.996,298.6836
54.01153,298.5863
54.028183,298.5863
54.045193,298.06537
54.06331,298.06537
54.07859,298.06537
54.096985,298.07568
54.110817,298.07568
54.13008,297.8045
54.14509,297.8045
54.16446,297.8045
54.18102,298.3045
54.19787,298.3045
54.2138,298.73676
54.229248,298.73676
54.24534,298.36902
54.26255,298.36902
54.27785,298.36902
54.296528,297.6734
54.31236,297.6734
54.329967,297.4333
54.344696,297.4333
54.36343,297.4262
54.379555,297.4262
54.39481,297.4262
54.413197,295.742
54.42781,295.742
54.445564,297.977
54.461876,297.977
54.478104,297.977
54.4971,298.12323
54.512054,298.12323
54.531128,294.78204
54.543808,294.78204
54.56182,294.78204
54.57984,294.52875
54.594875,294.52875
54.61328,295.2041
54.627827,295.2041
54.645214,295.23145
54.66182,295.23145
54.67779,295.23145
54.6976,295.6593
54.710968,295.6593
54.73217,294.75726
54.74384,294.75726
54.76085,294.75726
54.779778,294.76538
54.794712,294.76538
54.812786,295.23584
54.827293,295.23584
54.8458,294.7315
54.861214,294.7315
54.87954,294.7315
54.89662,292.61444
54.91115,292.61444
54.92976,291.755
54.94522,291.755
54.961353,291.755
54.978283,291.578
54.995388,291.578
55.012585,292.4704
55.02758,292.4704
55.045998,291.9626
55.06173,291.9626
55.077972,291.9626
55.099895,291.77618
55.11166,291.77618
55.129425,291.99048
55.146008,291.99048
55.161674,291.99048
55.179405,290.31836
55.195057,290.31836
55.212475,289.84814
55.227436,289.84814
55.244736,289.54974
55.263294,289.54974
55.279392,289.54974
55.296127,290.56592
55.311726,290.56592
55.329662,291.20416
55.345085,291.20416
55.361656,291.20416
55.379128,291.56598
55.394817,291.56598
55.4128,288.52393
55.429043,288.52393
55.444656,288.456
55.46254,288.456
55.4781,288.456
55.49705,288.56482
55.510548,288.56482
55.528774,288.75024
55.54491,288.75024
55.56152,288.75024
55.58141,288.0691
55.594807,288.0691
55.61254,288.06616
55.628162,288.06616
55.645782,287.38727
55.662712,287.38727
55.678295,287.38727
55.69614,286.9239
55.71146,286.9239
55.7295,285.74915
55.745388,285.74915
55.761646,285.74915
55.778767,285.66406
55.79407,285.66406
55.811825,287.66266
55.8282,287.66266
55.84538,287.23492
55.86296,287.23492
55.878128,287.23492
55.89633,286.92627
55.91228,286.92627
55.92999,287.30542
55.94552,287.30542
55.9612,287.30542
55.981113,287.18085
55.995304,287.18085
56.014343,287.0796
56.028103,287.0796
56.044064,285.69232
56.06311,285.69232
56.078896,285.69232
56.09584,283.9754
56.11173,283.9754
56.129513,284.46204
56.146023,284.46204
56.162525,284.46204
56.17925,285.2199
56.195038,285.2199
56.213146,284.35852
56.22821,284.35852
56.245663,283.60455
56.26172,283.60455
56.278248,283.60455
56.29697,283.5368
56.312065,283.5368
56.329945,283.73975
56.345047,283.73975
56.361027,283.73975
56.378864,284.18835
56.39503,284.18835
56.413723,284.18744
56.427227,284.18744
56.44652,283.5976
56.46488,283.5976
56.477646,283.5976
56.496708,283.58185
56.51245,283.58185
56.52986,283.8629
56.544834,283.8629
56.564163,283.58295
56.57999,283.58295
56.596252,283.58295
56.613255,282.78723
56.62803,282.78723
56.64604,282.6673
56.663246,282.6673
56.678436,282.6673
56.696243,280.96857
56.711132,280.96857
56.731663,280.05884
56.746067,280.05884
56.761017,280.05884
56.78117,281.9441
56.794918,281.9441
56.813473,281.76508
56.828884,281.76508
56.845745,281.51715
56.863537,281.51715
56.87742,281.51715
56.89668,281.28418
56.911266,281.28418
56.92891,280.87244
56.94473,280.87244
56.963684,280.13702
56.97862,280.13702
56.994965,280.13702
57.013264,280.84326
57.02847,280.84326
57.045277,281.15186
57.061993,281.15186
57.0787,281.15186
57.096523,279.2013
57.111206,279.2013
57.12906,278.89697
57.144653,278.89697
57.161903,278.89697
57.18101,279.9594
57.194225,279.9594
57.213173,280.112
57.228474,280.112
57.245956,279.50952
57.26215,279.50952
57.279537,279.50952
57.29523,279.03857
57.311237,279.03857
57.32942,280.19763
57.3445,280.19763
57.363552,280.44275
57.37877,280.44275
57.394936,280.44275
57.41498,279.94452
57.42821,279.94452
57.444244,279.95178
57.46284,279.95178
57.478012,279.95178
57.49772,280.28632
57.511997,280.28632
57.529865,280.86432
57.5449,280.86432
57.562294,280.86432
57.579037,280.06848
57.595356,280.06848
57.616367,280.3177
57.629147,280.3177
57.647312,279.9942
57.661377,279.9942
57.67745,279.9942
57.69814,280.54828
57.711315,280.54828
57.729115,279.6739
57.74607,279.6739
57.76104,279.6739
57.77974,279.89508
57.795475,279.89508
57.813667,280.05566
57.833954,280.05566
57.846912,279.29962
57.86217,279.29962
57.878254,279.29962
57.897247,279.53876
57.91256,279.53876
57.929646,279.90448
57.944237,279.90448
57.962646,279.90448
57.979725,278.70343
57.9955,278.70343
58.013664,278.9945
58.028267,278.9945
58.04501,278.8255
58.06231,278.8255
58.078125,278.8255
58.09607,278.5736
58.112305,278.5736
58.129223,280.14874
58.146572,280.14874
58.161446,280.14874
58.180447,279.89386
58.195683,279.89386
58.21202,278.8
58.22827,278.8
58.24571,278.33435
58.26214,278.33435
58.278286,278.33435
58.29622,279.03058
58.311584,279.03058
58.330902,278.56897
58.344738,278.56897
58.363815,278.71405
58.378567,278.71405
58.39505,278.71405
58.414494,278.58386
58.429424,278.58386
58.44492,278.38385
58.461647,278.38385
58.47925,278.38385
58.495834,278.63184
58.51169,278.63184
58.533176,279.0598
58.54491,279.0598
58.561928,279.0598
58.57859,278.4364
58.594997,278.4364
58.61389,278.66125
58.628567,278.66125
58.64478,278.9566
58.664173,278.9566
58.677742,278.9566
58.696716,278.04517
58.71173,278.04517
58.733124,277.8651
58.74676,277.8651
58.76324,276.55316
58.780273,276.55316
58.7954,276.55316
58.81328,276.7304
58.828407,276.7304
58.84433,276.79517
58.862183,276.79517
58.87749,276.79517
58.89613,277.15515
58.912228,277.15515
58.929413,276.18408
58.94498,276.18408
58.9619,276.18408
58.98003,276.5855
58.99445,276.5855
59.015892,276.84998
59.02866,276.84998
59.045788,276.2566
59.06298,276.2566
59.079666,276.2566
59.098267,277.70093
59.11208,277.70093
59.13227,277.41315
59.14416,277.41315
59.16223,277.41315
59.179234,276.23462
59.195103,276.23462
59.214943,277.16107
59.22821,277.16107
59.245934,278.84045
59.263103,278.84045
59.278404,278.84045
59.299,278.95776
59.312958,278.95776
59.33051,277.565
59.345043,277.565
59.36325,278.27148
59.381203,278.27148
59.39642,278.27148
59.41559,279.48682
59.42947,279.48682
59.445766,279.14062
59.46362,279.14062
59.48139,279.14062
59.496563,278.64935
59.51211,278.64935
59.529335,278.65015
59.54463,278.65015
59.562366,278.65015
59.579636,279.27484
59.595295,279.27484
59.613094,279.2556
59.628296,279.2556
59.645336,279.2556
59.663364,279.7301
59.678177,279.7301
59.697334,279.7127
59.711674,279.7127
59.731815,279.61096
59.744175,279.61096
59.763508,279.34918
59.779213,279.34918
59.794346,279.34918
59.812466,278.8418
59.828636,278.8418
59.846107,278.80127
59.86254,278.80127
59.878338,278.80127
59.89715,279.30896
59.91127,279.30896
59.92926,278.96844
59.945717,278.96844
59.961155,278.96844
59.980846,278.6302
59.994534,278.6302
60.0,278.6302
