0.28108996,404.33008
0.28844488,404.33008
0.3060207,408.23602
0.32197207,408.23602
0.3387457,408.53528
0.35476565,408.53528
0.37609613,406.42145
0.3879364,406.42145
0.41573206,405.29547
0.43673226,405.29547
0.45401087,407.12598
0.47030643,407.12598
0.48739868,407.30817
0.50379777,407.30817
0.5186583,407.30817
0.5382892,406.00885
0.5521562,406.00885
0.5708575,407.3346
0.5866837,407.3346
0.60343266,407.3346
0.6212762,408.33075
0.6354025,408.33075
0.65303576,408.65613
0.6684962,408.65613
0.685791,405.83716
0.7047509,405.83716
0.7189581,405.83716
0.73700887,407.42047
0.7624061,407.42047
0.7802538,409.60724
0.7897554,409.60724
0.80525684,411.1715
0.8214647,411.1715
0.83847284,411.1715
0.8555119,413.56537
0.8708326,413.56537
0.8885928,410.59082
0.90561366,410.59082
0.9228091,410.59082
0.93933237,411.32098
0.95358294,411.32098
0.9725241,415.6278
0.9874853,415.6278
1.0049573,418.33557
1.0223007,418.33557
1.0387968,418.33557
1.0564955,419.20966
1.0731215,419.20966
1.0892968,417.40295
1.1057471,417.40295
1.1221061,417.40295
1.1401131,422.96442
1.1536697,422.96442
1.1712497,420.6535
1.1876196,420.6535
1.2082201,424.42554
1.2224711,424.42554
1.2375407,424.42554
1.2594256,421.79248
1.2723609,421.79248
1.2900813,425.59772
1.3056208,425.59772
1.3212293,425.59772
1.3382298,423.63757
1.3554307,423.63757
1.3733469,424.5479
1.388577,424.5479
1.4050045,423.7721
1.4222083,423.7721
1.4372799,423.7721
1.45663,423.96405
1.4710872,423.96405
1.4904181,423.43677
1.5053213,423.43677
1.520956,423.43677
1.5391064,423.9336
1.5550003,423.9336
1.577101,423.2303
1.5887545,423.2303
1.6050992,424.47504
1.6229581,424.47504
1.6374629,424.47504
1.6570029,420.98718
1.6721644,420.98718
1.6890206,423.98273
1.7053591,423.98273
1.7210186,423.98273
1.7403394,419.58154
1.7552524,419.58154
1.7723604,421.1789
1.7889036,421.1789
1.8066506,424.1712
1.8238723,424.1712
1.8380655,424.1712
1.8560054,427.00024
1.8711119,427.00024
1.8885746,428.62537
1.9053309,428.62537
1.9217175,428.62537
1.9399359,430.2688
1.9550903,430.2688
1.9728026,428.25592
1.989429,428.25592
2.0077605,428.25592
2.021774,429.31183
2.0388126,429.31183
2.0567687,425.90338
2.070768,425.90338
2.0890994,427.54663
2.1040606,427.54663
2.121589,427.54663
2.1400762,425.34186
2.1536388,425.34186
2.175423,426.98553
2.1887944,426.98553
2.205822,428.1164
2.2226415,428.1164
2.2381861,428.1164
2.2569768,428.409
2.2719169,428.409
2.293874,428.22675
2.3049304,428.22675
2.3218198,428.22675
2.33982,432.51715
2.3547616,432.51715
2.376959,430.59357
2.3889396,430.59357
2.40466,428.08948
2.4227326,428.08948
2.4388235,428.08948
2.4576695,424.28705
2.4725442,424.28705
2.491008,430.2265
2.5056252,430.2265
2.5232162,430.2265
2.5434537,428.61237
2.5553992,428.61237
2.5735128,433.25537
2.5882828,433.25537
2.6054125,428.9416
2.6226645,428.9416
2.6380515,428.9416
2.6557918,431.77118
2.6714659,431.77118
2.6899023,429.36053
2.7056713,429.36053
2.720977,429.36053
2.7389643,428.24664
2.7549489,428.24664
2.7719882,436.7077
2.7885005,436.7077
2.808054,436.56805
2.8224094,436.56805
2.8378181,436.56805
2.8569515,437.156
2.8709686,437.156
2.889096,437.14844
2.9067917,437.14844
2.9210382,437.14844
2.9379845,438.04053
2.9551506,438.04053
2.9720705,442.59747
2.9871387,442.59747
3.0047185,441.6952
3.0218337,441.6952
3.037802,441.6952
3.0561738,440.6864
3.0725088,440.6864
3.0892124,440.74884
3.1047566,440.74884
3.1206274,440.74884
3.1389594,440.6927
3.154092,440.6927
3.1730018,444.29962
3.188133,444.29962
3.2066467,445.4729
3.2221909,445.4729
3.2383192,445.4729
3.2586675,442.7616
3.2715418,442.7616
3.2938933,445.1765
3.3045282,445.1765
3.3215158,445.1765
3.3387423,445.44147
3.3549883,445.44147
3.3763375,444.42133
3.3893287,444.42133
3.4057896,445.9591
3.4229913,445.9591
3.4381185,445.9591
3.4552846,447.17548
3.4716208,447.17548
3.488551,447.963
3.5041146,447.963
3.5212884,447.963
3.5392432,446.5531
3.553718,446.5531
3.5734618,447.05127
3.5893025,447.05127
3.604713,447.03906
3.6221826,447.03906
3.6381142,447.03906
3.6561582,448.2874
3.6721547,448.2874
3.6921892,448.28955
3.7068508,448.28955
3.7214317,448.28955
3.7402325,446.60596
3.75469,446.60596
3.772766,446.45496
3.792646,446.45496
3.8053076,447.77264
3.823104,447.77264
3.8387074,447.77264
3.8557365,447.11987
3.8717804,447.11987
3.8889449,446.5252
3.9061882,446.5252
3.9218621,446.5252
3.9392853,447.43488
3.9557655,447.43488
3.9736853,447.8778
3.9886734,447.8778
4.0050473,448.48395
4.0231977,448.48395
4.0378437,448.48395
4.058582,450.1172
4.07187,450.1172
4.0890126,447.85022
4.105181,447.85022
4.1367717,446.3672
4.1493144,446.3672
4.161167,446.3672
4.1792874,449.42902
4.1949215,449.42902
4.214825,446.3553
4.2288227,446.3553
4.2441425,444.23285
4.2632604,444.23285
4.2778096,444.23285
4.2971034,443.99725
4.3105583,443.99725
4.329996,440.92377
4.3457212,440.92377
4.3625064,440.92377
4.379643,444.86908
4.3949566,444.86908
4.414168,446.5445
4.4291945,446.5445
4.4451036,442.3313
4.464181,442.3313
4.478227,442.3313
4.4960847,444.09253
4.512013,444.09253
4.5294366,443.35468
4.5457573,443.35468
4.5625663,443.35468
4.5805016,443.38464
4.595405,443.38464
4.613703,446.76685
4.6332617,446.76685
4.646312,444.7146
4.6629205,444.7146
4.678532,444.7146
4.69565,443.88074
4.712492,443.88074
4.7336116,441.6577
4.7450805,441.6577
4.761617,441.6577
4.77916,442.56042
4.795623,442.56042
4.813155,442.91156
4.827594,442.91156
4.845107,441.07715
4.8624086,441.07715
4.877793,441.07715
4.896773,440.78772
4.9116087,440.78772
4.929642,441.73315
4.9453382,441.73315
4.965956,441.96155
4.9805603,441.96155
4.994525,441.96155
5.0151515,440.81775
5.0290856,440.81775
5.0455413,437.9583
5.0632906,437.9583
5.079701,437.9583
5.096683,438.65924
5.111435,438.65924
5.129472,438.22443
5.145652,438.22443
5.1615386,438.22443
5.1799073,435.88458
5.194402,435.88458
5.214317,435.1902
5.228312,435.1902
5.246518,436.77887
5.262907,436.77887
5.2768736,436.77887
5.2961316,433.05896
5.313252,433.05896
5.330765,434.44275
5.3456206,434.44275
5.3674912,434.44275
5.381499,434.79022
5.3961005,434.79022
5.412987,435.35114
5.429361,435.35114
5.444849,435.23645
5.4634504,435.23645
5.478941,435.23645
5.4976454,435.41693
5.5121145,435.41693
5.530117,436.59143
5.5453215,436.59143
5.562225,436.59143
5.580399,435.21387
5.5947976,435.21387
5.6123567,441.3324
5.6284466,441.3324
5.656144,444.21655
5.666296,444.21655
5.6799545,444.21655
5.699471,442.91925
5.7148013,442.91925
5.73409,442.78595
5.7465596,442.78595
5.7638927,443.29474
5.780285,443.29474
5.7972226,443.29474
5.8148484,445.22778
5.8293915,445.22778
5.8493056,441.15558
5.863928,441.15558
5.8802266,441.15558
5.9018426,442.77466
5.913989,442.77466
5.9313703,444.32227
5.9474096,444.32227
5.9642086,447.9065
5.981852,447.9065
5.9968996,447.9065
6.0147758,444.13672
6.030103,444.13672
6.0501537,439.8004
6.064182,439.8004
6.0823755,439.8004
6.0984077,440.28143
6.115558,440.28143
6.1322722,441.85327
6.1475415,441.85327
6.1642585,442.18073
6.1814356,442.18073
6.1968904,442.18073
6.21868,440.3199
6.22965,440.3199
6.252067,440.7096
6.263545,440.7096
6.2805443,440.7096
6.297119,440.51837
6.3132987,440.51837
6.331518,443.94006
6.346113,443.94006
6.3642845,442.5771
6.380427,442.5771
6.3965015,442.5771
6.415237,441.3789
6.4302087,441.3789
6.452396,443.78662
6.465959,443.78662
6.47921,443.78662
6.497539,442.4859
6.514463,442.4859
6.535914,444.8943
6.5465126,444.8943
6.5644383,441.8443
6.5802665,441.8443
6.5974493,441.8443
6.615491,444.23383
6.6310387,444.23383
6.649006,442.89935
6.665824,442.89935
6.6811194,442.89935
6.697129,443.81305
6.7136545,443.81305
6.7312965,443.07703
6.747917,443.07703
6.762909,443.07703
6.7858105,442.65912
6.797188,442.65912
6.8138247,440.68164
6.829758,440.68164
6.846068,440.0791
6.8650107,440.0791
6.8808546,440.0791
6.89816,436.5473
6.9138484,436.5473
6.9319773,438.36682
6.946723,438.36682
6.962616,438.36682
6.981675,433.0041
6.996644,433.0041
7.015447,436.19513
7.0295844,436.19513
7.0485954,434.13422
7.0627007,434.13422
7.0799823,434.13422
7.09776,434.13422
7.1145315,431.04913
7.131762,429.90723
7.147296,429.90723
7.163796,429.11462
7.181527,429.11462
7.195606,429.11462
7.2142687,427.54047
7.23045,427.54047
7.2482605,426.33893
7.263508,426.33893
7.2799387,426.33893
7.2979136,428.21307
7.313,428.21307
7.3318,429.6057
7.3470483,429.6057
7.364551,430.23596
7.3815465,430.23596
7.3969936,430.23596
7.4153614,428.88843
7.429504,428.88843
7.4479623,427.9563
7.464004,427.9563
7.479852,427.9563
7.4985924,426.0501
7.5134077,426.0501
7.531509,426.47833
7.5478344,426.47833
7.5648036,425.55762
7.582157,425.55762
7.5967245,425.55762
7.6191263,422.15076
7.631609,422.15076
7.6485524,422.68597
7.6624274,422.68597
7.6795883,422.68597
7.6987605,424.07367
7.7132173,424.07367
7.7314577,423.9574
7.747519,423.9574
7.7641673,422.9696
7.780508,422.9696
7.7971396,422.9696
7.818251,425.7442
7.830957,425.7442
7.8466473,422.41327
7.8656917,422.41327
7.8813357,422.41327
7.898976,421.3546
7.9132795,421.3546
7.9309626,418.68347
7.947796,418.68347
7.9645867,417.18182
7.9810004,417.18182
7.9970717,417.18182
8.015134,418.563
8.030193,418.563
8.046821,417.12793
8.063708,417.12793
8.087751,415.6176
8.100505,415.6176
8.112846,415.6176
8.130354,416.43134
8.146726,416.43134
8.16386,414.84918
8.182511,414.84918
8.196915,414.84918
8.214427,412.8766
8.229759,412.8766
8.248483,413.56567
8.264749,413.56567
8.280578,413.56567
8.298384,413.9381
8.313196,413.9381
8.331974,412.50946
8.3473215,412.50946
8.364143,413.62268
8.380696,413.62268
8.3970995,413.62268
8.414666,412.37695
8.430482,412.37695
8.448981,410.6574
8.466739,410.6574
8.480115,410.6574
8.498218,411.12933
8.513946,411.12933
8.531939,413.0445
8.54756,413.0445
8.564008,411.64423
8.582563,411.64423
8.596722,411.64423
8.614693,413.75665
8.630513,413.75665
8.647024,409.91168
8.665606,409.91168
8.681111,409.91168
8.698822,412.33502
8.71389,412.33502
8.730491,411.39966
8.746986,411.39966
8.763856,414.7965
8.780969,414.7965
8.797019,414.7965
8.8145685,412.90173
8.829959,412.90173
8.849642,413.02612
8.863837,413.02612
8.88027,413.02612
8.89788,413.77087
8.913169,413.77087
8.9314995,413.04962
8.94893,413.04962
8.963887,413.44818
8.982236,413.44818
8.995941,413.44818
9.015079,409.35687
9.030415,409.35687
9.048329,408.54388
9.063268,408.54388
9.081001,408.54388
9.098525,407.97076
9.112505,407.97076
9.1340885,407.44427
9.146688,407.44427
9.164293,408.4671
9.181518,408.4671
9.1977625,408.4671
9.215177,409.23865
9.230425,409.23865
9.247025,405.90393
9.265714,405.90393
9.280836,405.90393
9.298519,406.10284
9.313219,406.10284
9.330978,404.94153
9.348037,404.94153
9.364441,404.15253
9.381102,404.15253
9.396349,404.15253
9.415043,404.81226
9.430287,404.81226
9.448567,404.24475
9.463301,404.24475
9.481272,404.24475
9.496624,404.148
9.512423,404.148
9.534379,407.90277
9.547915,407.90277
9.564659,403.94525
9.580809,403.94525
9.596697,403.94525
9.618474,407.73663
9.631208,407.73663
9.648322,405.90686
9.663591,405.90686
9.6804695,405.90686
9.69796,405.11334
9.713327,405.11334
9.732243,408.47986
9.7477255,408.47986
9.764482,408.09534
9.786534,408.09534
9.798105,408.09534
9.814023,404.7838
9.830139,404.7838
9.848159,406.18237
9.864762,406.18237
9.880499,406.18237
9.89886,404.5996
9.913463,404.5996
9.931117,405.21167
9.946946,405.21167
9.963604,406.0907
9.981625,406.0907
9.99714,406.0907
10.01701,398.81
10.0304985,398.81
10.049172,397.01428
10.064223,397.01428
10.080515,397.01428
10.09817,397.7126
10.113447,397.7126
10.132122,399.55957
10.146258,399.55957
10.163807,400.01855
10.181162,400.01855
10.19705,400.01855
10.215331,403.61273
10.229727,403.61273
10.249514,400.97375
10.263335,400.97375
10.279822,400.97375
10.298078,403.9347
10.319513,403.9347
10.336325,404.2791
10.348294,404.2791
10.364749,400.1526
10.382569,400.1526
10.39825,400.1526
10.416292,399.2293
10.429899,399.2293
10.45192,401.79114
10.466973,401.79114
10.480322,401.79114
10.498364,400.47345
10.5139885,400.47345
10.531946,402.52618
10.547803,402.52618
10.565171,401.81714
10.581914,401.81714
10.597554,401.81714
10.615831,406.50513
10.630586,406.50513
10.650152,406.51044
10.665443,406.51044
10.681624,406.51044
10.698789,407.36688
10.714233,407.36688
10.731586,408.74097
10.747986,408.74097
10.764312,406.9287
10.780083,406.9287
10.796807,406.9287
10.814808,408.4489
10.830801,408.4489
10.847478,408.2589
10.863871,408.2589
10.8806715,408.2589
10.89893,411.9134
10.912691,411.9134
10.931805,406.90192
10.946672,406.90192
10.962963,406.90192
10.982603,408.18066
10.996602,408.18066
11.0146675,410.073
11.030901,410.073
11.048641,413.026
11.063672,413.026
11.081131,413.026
11.1017685,411.3767
11.114066,411.3767
11.135227,410.7791
11.1477165,410.7791
11.165524,408.75897
11.183058,408.75897
11.1972685,408.75897
11.215163,411.04504
11.230394,411.04504
11.248597,411.61145
11.263326,411.61145
11.2806225,411.61145
11.2991495,411.91113
11.313265,411.91113
11.331626,410.56256
11.34661,410.56256
11.363657,409.68945
11.38068,409.68945
11.396964,409.68945
11.414736,406.44153
11.429791,406.44153
11.447875,412.31836
11.464079,412.31836
11.479809,412.31836
11.498541,407.22125
11.513882,407.22125
11.534953,408.57538
11.547293,408.57538
11.564278,409.71088
11.580872,409.71088
11.596305,409.71088
11.615232,409.3451
11.6301365,409.3451
11.648073,408.11664
11.662916,408.11664
11.68128,408.11664
11.700471,408.6659
11.714354,408.6659
11.732343,409.42615
11.747812,409.42615
11.763777,409.26465
11.782296,409.26465
11.798145,409.26465
11.81598,408.48163
11.830395,408.48163
11.848587,410.536
11.863399,410.536
11.880867,410.536
11.89877,408.40186
11.91367,408.40186
11.93237,410.0531
11.946506,410.0531
11.9637,409.4489
11.981528,409.4489
11.998354,409.4489
12.01548,407.37634
12.029796,407.37634
12.048537,408.4862
12.064967,408.4862
12.080551,408.4862
12.098386,409.51758
12.113666,409.51758
12.1309185,409.8543
12.146477,409.8543
12.16373,408.68042
12.181287,408.68042
12.1973,408.68042
12.216144,408.3672
12.23023,408.3672
12.246452,407.00226
12.264025,407.00226
12.281689,407.00226
12.298518,407.41455
12.31434,407.41455
12.330835,408.81195
12.345982,408.81195
12.363834,411.71442
12.380844,411.71442
12.396724,411.71442
12.41649,412.95416
12.429413,412.95416
12.451558,414.40497
12.464079,414.40497
12.480323,414.40497
12.498787,414.92596
12.514176,414.92596
12.531201,412.76434
12.548204,412.76434
12.564223,412.54626
12.580997,412.54626
12.595975,412.54626
12.614388,413.85272
12.630442,413.85272
12.647356,415.6073
12.664521,415.6073
12.680609,415.6073
12.6988,416.98224
12.713408,416.98224
12.732355,421.7682
12.746734,421.7682
12.762699,421.7682
12.780794,422.74774
12.796638,422.74774
12.824068,422.48096
12.83136,422.48096
12.846642,398.88586
12.863982,398.88586
12.8803625,398.88586
12.899234,397.11432
12.913523,397.11432
12.931604,391.1563
12.947186,391.1563
12.965904,391.25995
12.981497,391.25995
12.998012,391.25995
13.016325,392.56458
13.030247,392.56458
13.048105,392.98358
13.064735,392.98358
13.080302,392.98358
13.098076,392.37122
13.113988,392.37122
13.13192,392.50134
13.147262,392.50134
13.163509,393.95013
13.181931,393.95013
13.19732,393.95013
13.214221,393.41968
13.2303505,393.41968
13.251613,395.45374
13.264748,395.45374
13.280537,395.45374
13.298082,396.59723
13.313127,396.59723
13.331774,399.58063
13.347784,399.58063
13.364706,403.96472
13.382922,403.96472
13.397565,403.96472
13.416212,435.57587
13.431439,435.57587
13.452581,439.09515
13.464261,439.09515
13.481751,439.09515
13.497917,437.3935
13.515112,437.3935
13.5322275,445.40442
13.547535,445.40442
13.565858,437.95
13.582809,437.95
13.598118,437.95
13.615829,435.65656
13.63095,435.65656
13.651627,433.20123
13.665278,433.20123
13.681695,433.20123
13.698251,434.16223
13.714329,434.16223
13.731369,429.52313
13.747899,429.52313
13.766725,433.08142
13.782879,433.08142
13.797524,433.08142
13.815828,437.83453
13.829462,437.83453
13.849856,439.914
13.866355,439.914
13.881735,439.914
13.900263,437.2569
13.913183,437.2569
13.93496,438.5216
13.948239,438.5216
13.96385,442.51733
13.982706,442.51733
13.997591,442.51733
14.015659,439.9104
14.0317,439.9104
14.052288,441.35846
14.064911,441.35846
14.080716,441.35846
14.098538,440.66718
14.114508,440.66718
14.132256,440.77655
14.14752,440.77655
14.164368,441.03528
14.18303,441.03528
14.197406,441.03528
14.215106,438.26624
14.231551,438.26624
14.252709,434.96985
14.264031,434.96985
14.281986,434.96985
14.298849,439.4168
14.314514,439.4168
14.334628,438.50684
14.3481045,438.50684
14.365778,438.70636
14.382079,438.70636
14.397239,438.70636
14.415803,431.54553
14.431942,431.54553
14.448993,434.49463
14.465704,434.49463
14.482207,434.49463
14.499181,428.95892
14.514327,428.95892
14.532203,438.66382
14.548035,438.66382
14.564691,443.9192
14.581244,443.9192
14.597391,443.9192
14.615514,439.92065
14.631375,439.92065
14.652188,443.3346
14.663792,443.3346
14.68043,443.3346
14.698972,441.81885
14.714159,441.81885
14.732236,441.5462
14.748191,441.5462
14.764156,443.22644
14.782808,443.22644
14.79822,443.22644
14.815827,443.4513
14.830122,443.4513
14.84936,440.11206
14.864326,440.11206
14.881392,440.11206
14.899387,440.93842
14.914264,440.93842
14.932886,444.30292
14.947615,444.30292
14.963934,443.943
14.980657,443.943
14.998901,443.943
15.01549,444.12512
15.030683,444.12512
15.047628,440.9289
15.063946,440.9289
15.080884,440.9289
15.098968,442.4604
15.113808,442.4604
15.133511,442.62622
15.147422,442.62622
15.163831,442.41754
15.180584,442.41754
15.197131,442.41754
15.215197,436.54993
15.230026,436.54993
15.248653,440.93274
15.264808,440.93274
15.281345,440.93274
15.297714,441.10968
15.313801,441.10968
15.331488,438.31378
15.348119,438.31378
15.365238,442.72327
15.38182,442.72327
15.396994,442.72327
15.418271,446.44244
15.431301,446.44244
15.448579,444.03387
15.465374,444.03387
15.481437,444.03387
15.498624,440.29077
15.513935,440.29077
15.535681,444.5901
15.548153,444.5901
15.563938,445.92834
15.581801,445.92834
15.5967655,445.92834
15.615545,447.5863
15.630752,447.5863
15.6478815,444.32788
15.66538,444.32788
15.680794,444.32788
15.69902,447.07483
15.714683,447.07483
15.733447,441.31793
15.7469635,441.31793
15.7652,441.47278
15.781032,441.47278
15.797082,441.47278
15.815968,440.73932
15.830769,440.73932
15.847908,440.72803
15.863904,440.72803
15.880878,440.72803
15.899276,441.07745
15.913906,441.07745
15.9352255,442.42444
15.948179,442.42444
15.966909,442.4682
15.981691,442.4682
15.996821,442.4682
16.018288,444.31274
16.031504,444.31274
16.048273,443.49243
16.064602,443.49243
16.08075,443.49243
16.098532,442.5548
16.114962,442.5548
16.13265,440.59454
16.148643,440.59454
16.168072,439.4538
16.182047,439.4538
16.19712,439.4538
16.21531,443.10632
16.230597,443.10632
16.25249,442.3031
16.263636,442.3031
16.281742,442.3031
16.302881,443.18347
16.315325,443.18347
16.336504,441.7473
16.347242,441.7473
16.365679,444.2119
16.381638,444.2119
16.397114,444.2119
16.41636,444.2179
16.431366,444.2179
16.452318,442.37653
16.463854,442.37653
16.479765,442.37653
16.49907,442.36786
16.514896,442.36786
16.53237,443.75006
16.546612,443.75006
16.563839,442.3073
16.581697,442.3073
16.597088,442.3073
16.616096,442.47498
16.63123,442.47498
16.65306,440.9444
16.664558,440.9444
16.681166,440.9444
16.698526,440.50153
16.71357,440.50153
16.735783,440.0448
16.747366,440.0448
16.764042,440.3938
16.780945,440.3938
16.796604,440.3938
16.81553,439.98505
16.831545,439.98505
16.85155,440.62585
16.865372,440.62585
16.881466,440.62585
16.89802,441.40387
16.914865,441.40387
16.931618,441.0617
16.948328,441.0617
16.9645,440.88837
16.982004,440.88837
16.997091,440.88837
17.017494,440.08875
17.031382,440.08875
17.048227,439.76923
17.066622,439.76923
17.0815,439.76923
17.099648,438.55463
17.11384,438.55463
17.133007,439.27283
17.148092,439.27283
17.164785,436.47498
17.183628,436.47498
17.197739,436.47498
17.215864,437.00964
17.231993,437.00964
17.248913,436.2647
17.263685,436.2647
17.28086,436.2647
17.299564,437.36932
17.315083,437.36932
17.332285,432.04333
17.347954,432.04333
17.36549,431.62823
17.382444,431.62823
17.397718,431.62823
17.41888,431.9265
17.431532,431.9265
17.448833,431.80414
17.465044,431.80414
17.479998,431.80414
17.4984,431.1441
17.514818,431.1441
17.532698,431.21167
17.547817,431.21167
17.563972,430.6438
17.581488,430.6438
17.59693,430.6438
17.615835,431.79517
17.630842,431.79517
17.648016,428.17682
17.66458,428.17682
17.68129,428.17682
17.698622,428.26886
17.714924,428.26886
17.732903,426.8249
17.74745,426.8249
17.764668,427.526
17.782053,427.526
17.797081,427.526
17.818834,429.20453
17.829947,429.20453
17.851496,430.16937
17.864304,430.16937
17.880987,430.16937
17.899015,426.4939
17.914612,426.4939
17.932144,426.2079
17.947548,426.2079
17.964111,428.05182
17.980824,428.05182
17.9984,428.05182
18.016453,428.43878
18.031546,428.43878
18.048286,426.7397
18.064798,426.7397
18.081703,426.7397
18.099318,427.24915
18.113226,427.24915
18.130762,429.4077
18.148874,429.4077
18.164927,429.50092
18.18233,429.50092
18.19734,429.50092
18.21615,426.91864
18.23098,426.91864
18.252487,427.66425
18.264475,427.66425
18.281355,427.66425
18.299265,427.351
18.31529,427.351
18.331196,427.698
18.348307,427.698
18.367317,427.75226
18.38278,427.75226
18.39688,427.75226
18.415522,427.6963
18.430643,427.6963
18.449043,427.14233
18.464706,427.14233
18.481228,427.14233
18.498562,425.84106
18.514605,425.84106
18.536196,430.36572
18.548738,430.36572
18.564827,423.34515
18.5823,423.34515
18.597853,423.34515
18.6169,420.4361
18.63066,420.4361
18.649677,417.42273
18.663979,417.42273
18.681374,417.42273
18.699533,419.23895
18.713655,419.23895
18.736336,418.7091
18.747295,418.7091
18.76403,421.82678
18.782032,421.82678
18.796911,421.82678
18.815659,419.8532
18.830809,419.8532
18.849173,417.81848
18.864128,417.81848
18.88121,417.81848
18.898924,417.22723
18.923157,417.22723
18.936127,422.09973
18.9482,422.09973
18.964737,421.34064
18.983227,421.34064
18.997252,421.34064
19.015945,420.31982
19.03101,420.31982
19.048359,418.63477
19.064043,418.63477
19.080353,418.63477
19.099146,419.79248
19.114428,419.79248
19.131851,420.612
19.148111,420.612
19.164454,420.04144
19.18182,420.04144
19.1972,420.04144
19.215937,416.54102
19.231186,416.54102
19.252468,409.57965
19.264029,409.57965
19.282873,409.57965
19.29884,412.5998
19.31423,412.5998
19.335836,412.4458
19.347887,412.4458
19.364477,410.60504
19.383577,410.60504
19.397236,410.60504
19.41948,414.03687
19.431198,414.03687
19.45276,412.0088
19.464666,412.0088
19.48369,415.25745
19.499382,415.25745
19.514643,415.25745
19.536528,414.70868
19.548714,414.70868
19.565207,416.3769
19.582573,416.3769
19.597473,416.3769
19.616722,413.74652
19.631311,413.74652
19.649557,417.34607
19.665064,417.34607
19.68177,417.34607
19.700434,412.96857
19.714314,412.96857
19.732534,415.78894
19.748335,415.78894
19.76468,410.97437
19.783583,410.97437
19.798294,410.97437
19.81494,409.74316
19.830067,409.74316
19.85256,407.84888
19.864416,407.84888
19.8799,407.84888
19.89915,408.27563
19.914051,408.27563
19.932634,407.50665
19.946909,407.50665
19.965576,410.16425
19.983068,410.16425
19.997208,410.16425
20.01569,410.1632
20.030743,410.1632
20.053694,410.2434
20.063995,410.2434
20.084845,411.47754
20.100328,411.47754
20.1151,411.47754
20.135826,410.63354
20.147669,410.63354
20.163935,409.92255
20.181751,409.92255
20.197765,409.92255
20.215975,410.34686
20.230762,410.34686
20.248648,409.66272
20.263985,409.66272
20.282244,409.66272
20.29979,407.89374
20.314108,407.89374
20.332783,406.87866
20.348213,406.87866
20.364008,405.33527
20.382757,405.33527
20.398434,405.33527
20.415926,405.99292
20.431013,405.99292
20.4488,404.8125
20.465237,404.8125
20.480356,404.8125
20.498451,407.6029
20.514338,407.6029
20.53326,405.2365
20.546268,405.2365
20.564981,407.63287
20.581509,407.63287
20.598085,407.63287
20.615309,405.6012
20.63091,405.6012
20.64882,403.04736
20.665081,403.04736
20.681074,403.04736
20.697847,397.1339
20.713575,397.1339
20.731798,398.71033
20.74732,398.71033
20.764805,399.83966
20.781593,399.83966
20.797714,399.83966
20.81573,398.90332
20.830423,398.90332
20.848576,398.7036
20.864864,398.7036
20.880709,398.7036
20.899479,400.5396
20.913536,400.5396
20.932487,398.5069
20.94742,398.5069
20.96398,398.456
20.981554,398.456
20.99731,398.456
21.016687,401.33063
21.030779,401.33063
21.049583,403.04254
21.064966,403.04254
21.082682,403.04254
21.099295,403.50208
21.115894,403.50208
21.132761,406.4981
21.148369,406.4981
21.168163,406.7091
21.182127,406.7091
21.197016,406.7091
21.218683,406.26514
21.231249,406.26514
21.24841,399.91895
21.263466,399.91895
21.281746,399.91895
21.299438,405.31708
21.313225,405.31708
21.33304,395.31647
21.348486,395.31647
21.364891,399.32574
21.38249,399.32574
21.397507,399.32574
21.414152,402.69812
21.43093,402.69812
21.451756,402.78125
21.46531,402.78125
21.4799,402.78125
21.499308,406.35822
21.513668,406.35822
21.532724,400.7365
21.54716,400.7365
21.564518,405.7126
21.58142,405.7126
21.59843,405.7126
21.615955,400.18494
21.630983,400.18494
21.648794,405.16418
21.665659,405.16418
21.681791,405.16418
21.698826,407.36664
21.713892,407.36664
21.7326,399.4217
21.749153,399.4217
21.764004,396.95685
21.782923,396.95685
21.796679,396.95685
21.815947,404.26318
21.831812,404.26318
21.84881,402.75775
21.864964,402.75775
21.881516,402.75775
21.897898,401.22223
21.914797,401.22223
21.932894,399.17816
21.947512,399.17816
21.965443,410.23773
21.98187,410.23773
21.997705,410.23773
22.014763,398.9489
22.031717,398.9489
22.049852,406.60162
22.064272,406.60162
22.081783,406.60162
22.09833,405.51538
22.11417,405.51538
22.13654,404.39703
22.14851,404.39703
22.166254,402.396
22.18274,402.396
22.197102,402.396
22.214975,398.6886
22.23148,398.6886
22.249275,400.90753
22.265284,400.90753
22.281424,400.90753
22.299145,401.01715
22.313978,401.01715
22.33195,403.63782
22.349134,403.63782
22.364523,401.1872
22.381939,401.1872
22.398281,401.1872
22.415815,399.5298
22.430952,399.5298
22.450027,393.3698
22.467653,393.3698
22.482035,393.3698
22.497875,394.19147
22.514881,394.19147
22.535694,390.62555
22.548513,390.62555
22.56626,394.69037
22.581472,394.69037
22.604805,394.69037
22.616402,398.9665
22.630411,398.9665
22.649147,397.84863
22.665852,397.84863
22.680561,397.84863
22.69919,396.0766
22.715271,396.0766
22.73105,396.8017
22.747551,396.8017
22.76469,397.87317
22.781347,397.87317
22.797548,397.87317
22.816454,396.28204
22.830574,396.28204
22.848763,402.74512
22.864088,402.74512
22.880527,402.74512
22.899055,396.95215
22.914263,396.95215
22.936743,395.25446
22.948116,395.25446
22.964958,392.67047
22.982683,392.67047
22.998095,392.67047
23.016586,398.0
23.030304,398.0
23.048674,401.05377
23.063883,401.05377
23.082012,401.05377
23.098583,399.77325
23.11473,399.77325
23.13145,395.95215
23.148619,395.95215
23.16429,397.56635
23.181322,397.56635
23.198708,397.56635
23.215645,405.53802
23.23065,405.53802
23.249878,404.34692
23.264927,404.34692
23.282187,404.34692
23.29968,407.4497
23.313696,407.4497
23.332687,402.55048
23.347477,402.55048
23.364927,397.76074
23.381409,397.76074
23.397728,397.76074
23.415878,396.49744
23.43072,396.49744
23.449183,397.91443
23.465319,397.91443
23.480293,397.91443
23.498941,399.50256
23.514133,399.50256
23.533138,402.06104
23.5472,402.06104
23.565388,402.41364
23.580912,402.41364
23.597004,402.41364
23.614956,403.04712
23.631308,403.04712
23.649965,399.2129
23.665277,399.2129
23.681536,399.2129
23.699013,398.53845
23.713894,398.53845
23.732183,397.02075
23.748695,397.02075
23.76488,401.15265
23.783195,401.15265
23.797865,401.15265
23.815397,400.89288
23.83061,400.89288
23.849653,403.0
23.864273,403.0
23.88329,395.7069
23.899368,395.7069
23.914425,395.7069
23.93257,398.8415
23.948078,398.8415
23.966873,402.98157
23.982956,402.98157
23.997677,402.98157
24.015818,399.12885
24.031797,399.12885
24.060009,406.1059
24.073257,406.1059
24.083681,406.69537
24.100277,406.69537
24.116566,406.69537
24.1352,407.03088
24.158424,407.03088
24.173105,409.50323
24.184757,409.50323
24.199497,409.50323
24.218761,408.20776
24.233618,408.20776
24.250675,405.72784
24.267435,405.72784
24.284166,407.6667
24.302383,407.6667
24.31691,407.6667
24.338732,404.78168
24.351551,404.78168
24.368084,416.16913
24.382717,416.16913
24.400017,416.16913
24.418886,415.61597
24.433905,415.61597
24.45164,420.77167
24.468077,420.77167
24.484732,415.456
24.500486,415.456
24.516916,415.456
24.537085,409.22687
24.551588,409.22687
24.567719,412.43475
24.583776,412.43475
24.60008,412.43475
24.617498,409.8811
24.63464,409.8811
24.651295,412.6786
24.667618,412.6786
24.68452,400.84753
24.701097,400.84753
24.71744,400.84753
24.737022,401.8883
24.750114,401.8883
24.76819,395.63892
24.783554,395.63892
24.79944,395.63892
24.821943,402.78113
24.83349,402.78113
24.852575,394.1761
24.866646,394.1761
24.883644,396.984
24.902245,396.984
24.916666,396.984
24.93572,396.9193
24.949713,396.9193
24.967958,397.95245
24.982958,397.95245
25.000103,397.95245
25.01908,400.47717
25.034101,400.47717
25.050932,402.83752
25.067282,402.83752
25.08653,398.65594
25.101242,398.65594
25.117022,398.65594
25.134653,401.4723
25.151022,401.4723
25.171492,400.2688
25.184229,400.2688
25.200508,400.2688
25.219398,401.69635
25.233606,401.69635
25.250515,404.41095
25.266735,404.41095
25.283875,406.72418
25.300646,406.72418
25.317276,406.72418
25.334738,409.05695
25.351004,409.05695
25.367718,409.1977
25.385183,409.1977
25.400236,409.1977
25.419064,409.3228
25.433216,409.3228
25.451347,412.07733
25.46769,412.07733
25.483892,408.23755
25.500256,408.23755
25.51764,408.23755
25.53609,411.60535
25.549755,411.60535
25.567797,412.6905
25.584595,412.6905
25.60051,412.6905
25.61846,413.53162
25.634342,413.53162
25.654243,413.487
25.66708,413.487
25.683916,415.86603
25.70085,415.86603
25.71801,415.86603
25.73837,415.03912
25.75097,415.03912
25.768938,417.4254
25.785425,417.4254
25.800356,417.4254
25.819017,422.55908
25.833206,422.55908
25.851042,423.96436
25.867567,423.96436
25.883835,424.1068
25.901592,424.1068
25.917192,424.1068
25.935062,424.2846
25.950283,424.2846
25.967382,425.88348
25.983843,425.88348
25.999794,425.88348
26.018616,424.90454
26.035019,424.90454
26.05056,427.29675
26.068415,427.29675
26.08529,426.61285
26.103281,426.61285
26.118391,426.61285
26.135946,427.32782
26.15066,427.32782
26.16674,428.33392
26.185678,428.33392
26.201092,428.33392
26.218702,431.29694
26.232872,431.29694
26.255566,431.29932
26.266516,431.29932
26.285175,434.16412
26.30156,434.16412
26.316704,434.16412
26.338842,437.3122
26.350473,437.3122
26.367592,437.75928
26.384315,437.75928
26.401035,437.75928
26.418783,438.92816
26.433702,438.92816
26.450909,433.7608
26.468285,433.7608
26.483751,437.3365
26.50228,437.3365
26.517344,437.3365
26.538912,439.45844
26.550636,439.45844
26.567402,441.8437
26.583326,441.8437
26.600275,441.8437
26.618843,439.2652
26.634264,439.2652
26.654335,439.9395
26.66769,439.9395
26.691193,442.82202
26.70307,442.82202
26.717674,442.82202
26.735731,440.9301
26.75194,440.9301
26.767275,441.63257
26.784468,441.63257
26.801697,441.63257
26.818052,443.44635
26.834497,443.44635
26.852228,443.18555
26.867876,443.18555
26.885878,444.47852
26.901047,444.47852
26.917282,444.47852
26.936626,444.02747
26.956106,444.02747
26.970013,445.79114
26.98324,445.79114
27.000748,445.79114
27.017994,444.76788
27.034384,444.76788
27.05197,443.68335
27.067446,443.68335
27.083443,443.77258
27.102179,443.77258
27.118216,443.77258
27.135,443.37122
27.15044,443.37122
27.172768,445.59473
27.184029,445.59473
27.200191,445.59473
27.218143,442.2627
27.233181,442.2627
27.251863,436.3523
27.26789,436.3523
27.283958,436.07434
27.301094,436.07434
27.316992,436.07434
27.33626,437.13623
27.350058,437.13623
27.36785,438.79608
27.385033,438.79608
27.400122,438.79608
27.419003,437.0169
27.433529,437.0169
27.45121,436.09448
27.468388,436.09448
27.48396,436.35284
27.501598,436.35284
27.517153,436.35284
27.53567,437.6778
27.550322,437.6778
27.568287,442.58862
27.584146,442.58862
27.600235,442.58862
27.619392,439.94983
27.633904,439.94983
27.653217,442.24628
27.667141,442.24628
27.684027,442.2561
27.700787,442.2561
27.717213,442.2561
27.736086,438.7724
27.750221,438.7724
27.768911,436.91718
27.785116,436.91718
27.800144,436.91718
27.817743,441.08228
27.83488,441.08228
27.856192,437.5442
27.867617,437.5442
27.884943,439.87097
27.901577,439.87097
27.91695,439.87097
27.935654,439.24432
27.951414,439.24432
27.969732,441.69916
27.984474,441.69916
28.000986,441.69916
28.018436,440.68176
28.03365,440.68176
28.050695,438.62885
28.066923,438.62885
28.08435,437.9406
28.10104,437.9406
28.117884,437.9406
28.134491,439.08392
28.151617,439.08392
28.167992,440.9309
28.18465,440.9309
28.201357,440.9309
28.218744,441.41345
28.233778,441.41345
28.252073,441.22266
28.267197,441.22266
28.286324,441.674
28.302576,441.674
28.31714,441.674
28.335522,441.4809
28.350933,441.4809
28.368908,440.76013
28.384897,440.76013
28.39995,440.76013
28.41895,440.32538
28.43439,440.32538
28.452082,441.01685
28.46831,441.01685
28.484087,441.78577
28.501104,441.78577
28.517336,441.78577
28.534422,442.6858
28.550194,442.6858
28.571705,443.1933
28.583645,443.1933
28.600483,443.1933
28.619352,440.8537
28.634237,440.8537
28.651989,440.74872
28.667463,440.74872
28.68385,439.65826
28.702139,439.65826
28.717394,439.65826
28.735409,438.0562
28.751066,438.0562
28.76857,438.12775
28.784111,438.12775
28.800165,438.12775
28.818739,437.65643
28.833834,437.65643
28.852728,435.9756
28.867012,435.9756
28.88436,436.57495
28.901247,436.57495
28.917498,436.57495
28.935272,433.84985
28.950258,433.84985
28.968054,434.43976
28.983355,434.43976
29.000996,434.43976
29.018858,433.01758
29.034178,433.01758
29.05134,433.2306
29.06686,433.2306
29.084509,433.68872
29.10241,433.68872
29.117981,433.68872
29.135206,437.15057
29.15016,437.15057
29.167929,434.82562
29.185331,434.82562
29.200216,434.82562
29.219084,434.29858
29.234344,434.29858
29.255947,435.59064
29.267172,435.59064
29.284023,435.34192
29.301218,435.34192
29.317001,435.34192
29.335716,436.32306
29.351007,436.32306
29.368002,436.4084
29.383179,436.4084
29.400307,436.4084
29.419008,436.04663
29.433819,436.04663
29.450552,436.38654
29.466738,436.38654
29.48379,435.0108
29.502121,435.0108
29.51806,435.0108
29.536175,435.4027
29.549978,435.4027
29.567814,434.47504
29.584656,434.47504
29.600214,434.47504
29.619087,435.5338
29.634916,435.5338
29.653263,430.4961
29.668066,430.4961
29.684147,431.9912
29.700891,431.9912
29.717463,431.9912
29.73447,430.2693
29.751226,430.2693
29.767736,431.24054
29.784254,431.24054
29.8011,431.24054
29.817816,430.10486
29.83433,430.10486
29.850763,429.07733
29.868307,429.07733
29.88464,428.91913
29.900854,428.91913
29.917376,428.91913
29.93518,427.42218
29.95025,427.42218
29.968168,430.99133
29.983192,430.99133
30.00081,430.99133
30.018103,431.1999
30.034105,431.1999
30.050684,431.35382
30.067171,431.35382
30.084019,432.06165
30.101406,432.06165
30.117464,432.06165
30.135424,431.23993
30.151844,431.23993
30.171352,431.22235
30.183962,431.22235
30.200933,431.22235
30.218567,433.60388
30.234251,433.60388
30.251993,434.64624
30.267164,434.64624
30.28424,432.485
30.302063,432.485
30.317436,432.485
30.335236,432.10583
30.350777,432.10583
30.371552,433.037
30.384443,433.037
30.400578,433.037
30.418524,433.6123
30.434649,433.6123
30.452076,433.42932
30.467485,433.42932
30.483912,430.31445
30.502165,430.31445
30.517128,430.31445
30.536213,423.61792
30.550064,423.61792
30.571613,424.92865
30.584476,424.92865
30.600353,424.92865
30.619087,423.0833
30.635115,423.0833
30.651,420.85876
30.667587,420.85876
30.684565,421.34302
30.70143,421.34302
30.718195,421.34302
30.736044,417.55225
30.750168,417.55225
30.768557,418.3167
30.785116,418.3167
30.800575,418.3167
30.818539,419.92676
30.83344,419.92676
30.851421,418.07843
30.867582,418.07843
30.88679,417.04645
30.902157,417.04645
30.917807,417.04645
30.935917,414.06598
30.949532,414.06598
30.968588,414.22357
30.984528,414.22357
31.001034,414.22357
31.018913,414.58844
31.034908,414.58844
31.054241,415.36224
31.06743,415.36224
31.083807,408.24615
31.102129,408.24615
31.118002,408.24615
31.136925,406.8401
31.150354,406.8401
31.167955,410.02856
31.183977,410.02856
31.200247,410.02856
31.221514,408.80682
31.234074,408.80682
31.2509,407.62616
31.268028,407.62616
31.284128,404.08063
31.301548,404.08063
31.317505,404.08063
31.336267,409.18292
31.351213,409.18292
31.367712,409.5177
31.38413,409.5177
31.400558,409.5177
31.419203,404.59827
31.433298,404.59827
31.452236,406.08856
31.46743,406.08856
31.484213,406.07397
31.501997,406.07397
31.51806,406.07397
31.53901,406.40002
31.550888,406.40002
31.56774,403.59454
31.58408,403.59454
31.601,403.59454
31.618872,405.19098
31.633606,405.19098
31.654911,405.2323
31.666643,405.2323
31.683952,403.615
31.701803,403.615
31.717602,403.615
31.738674,406.37323
31.75017,406.37323
31.767862,403.5304
31.783127,403.5304
31.800524,403.5304
31.817495,404.30975
31.8341,404.30975
31.851376,406.91248
31.868258,406.91248
31.884914,405.54517
31.901749,405.54517
31.9175,405.54517
31.935211,408.0664
31.950758,408.0664
31.968143,407.0775
31.98532,407.0775
32.000656,407.0775
32.018448,407.8803
32.033516,407.8803
32.05252,404.75378
32.067608,404.75378
32.083874,400.6917
32.10191,400.6917
32.11752,400.6917
32.134518,403.71796
32.150616,403.71796
32.168495,406.6872
32.18391,406.6872
32.199783,406.6872
32.21846,404.52014
32.234043,404.52014
32.251755,408.92157
32.266827,408.92157
32.288383,404.97925
32.302696,404.97925
32.31755,404.97925
32.335114,405.80853
32.350334,405.80853
32.36851,406.94965
32.38373,406.94965
32.40087,406.94965
32.418438,413.3357
32.43304,413.3357
32.450836,405.04456
32.46823,405.04456
32.48387,407.4839
32.50334,407.4839
32.517143,407.4839
32.535297,420.03094
32.55056,420.03094
32.568493,404.25964
32.584305,404.25964
32.601227,404.25964
32.617855,403.32587
32.634315,403.32587
32.651955,402.8911
32.667923,402.8911
32.686085,404.6634
32.701893,404.6634
32.7173,404.6634
32.73589,396.43268
32.75213,396.43268
32.767628,403.49207
32.785133,403.49207
32.800003,403.49207
32.81864,403.01447
32.834053,403.01447
32.8509,403.48907
32.867172,403.48907
32.884636,401.58087
32.902393,401.58087
32.91794,401.58087
32.93562,397.99054
32.95169,397.99054
32.96787,393.1214
32.984077,393.1214
33.000095,393.1214
33.017788,389.54443
33.033836,389.54443
33.052032,384.8647
33.06742,384.8647
33.083923,389.97778
33.10086,389.97778
33.11631,389.97778
33.136623,390.14813
33.15039,390.14813
33.16928,389.1117
33.183723,389.1117
33.201347,389.1117
33.218906,387.44568
33.23358,387.44568
33.25545,392.28815
33.26706,392.28815
33.284164,396.39685
33.3015,396.39685
33.317825,396.39685
33.33572,391.9801
33.351055,391.9801
33.36877,395.34595
33.384117,395.34595
33.400703,395.34595
33.418995,390.68945
33.434402,390.68945
33.45134,386.28345
33.467846,386.28345
33.48427,394.79614
33.501152,394.79614
33.51718,394.79614
33.53633,395.787
33.55048,395.787
33.57193,385.32983
33.58565,385.32983
33.601677,385.32983
33.619385,388.63727
33.6351,388.63727
33.65509,385.23975
33.667076,385.23975
33.685314,383.83698
33.70144,383.83698
33.718086,383.83698
33.73584,381.40002
33.75032,381.40002
33.768425,383.53845
33.784767,383.53845
33.79999,383.53845
33.81863,392.09186
33.833847,392.09186
33.852707,390.3333
33.86738,390.3333
33.884007,385.9231
33.902763,385.9231
33.91731,385.9231
33.936073,388.0161
33.95096,388.0161
33.968025,384.2649
33.984344,384.2649
34.000298,384.2649
34.017933,388.98334
34.0349,388.98334
34.05174,386.8283
34.068066,386.8283
34.08625,382.8778
34.101574,382.8778
34.117546,382.8778
34.13421,382.47125
34.150536,382.47125
34.16836,384.80316
34.18424,384.80316
34.20012,384.80316
34.21944,380.15466
34.234306,380.15466
34.251442,382.33502
34.26746,382.33502
34.284576,384.0343
34.30212,384.0343
34.31746,384.0343
34.33608,386.7019
34.3511,386.7019
34.37194,382.9339
34.384308,382.9339
34.4009,382.9339
34.417873,383.8651
34.433815,383.8651
34.452335,378.53094
34.467373,378.53094
34.48452,377.799
34.501934,377.799
34.51718,377.799
34.536537,377.27728
34.550426,377.27728
34.571922,377.45374
34.58348,377.45374
34.600758,377.45374
34.618458,384.44342
34.63445,384.44342
34.65116,386.3272
34.66713,386.3272
34.684353,385.28442
34.702213,385.28442
34.717396,385.28442
34.734524,385.6068
34.75118,385.6068
34.76847,383.75452
34.78371,383.75452
34.800648,383.75452
34.81936,385.3767
34.833424,385.3767
34.85148,386.95044
34.86838,386.95044
34.885197,392.4956
34.901043,392.4956
34.917564,392.4956
34.93468,394.0946
34.95052,394.0946
34.968594,392.11108
34.98403,392.11108
35.002064,392.11108
35.01874,398.42682
35.034424,398.42682
35.052353,400.22223
35.067513,400.22223
35.085506,400.61902
35.101284,400.61902
35.118404,400.61902
35.13441,402.4032
35.151463,402.4032
35.168327,397.42694
35.185455,397.42694
35.200676,397.42694
35.21865,394.69946
35.234306,394.69946
35.251835,398.8095
35.268055,398.8095
35.285114,398.8905
35.301514,398.8905
35.31776,398.8905
35.33506,399.4579
35.350212,399.4579
35.367996,400.18848
35.38457,400.18848
35.40129,400.18848
35.418198,393.57812
35.433933,393.57812
35.452145,398.18274
35.4684,398.18274
35.483887,396.45056
35.50127,396.45056
35.517895,396.45056
35.536415,397.7348
35.55063,397.7348
35.56745,402.42554
35.58509,402.42554
35.603302,402.42554
35.61901,400.23193
35.634983,400.23193
35.652103,397.0266
35.667175,397.0266
35.684624,402.5761
35.700935,402.5761
35.71773,402.5761
35.735527,386.81482
35.751217,386.81482
35.76884,384.48584
35.78431,384.48584
35.799984,384.48584
35.819687,391.41626
35.83406,391.41626
35.85221,388.96808
35.868095,388.96808
35.884216,399.95685
35.901073,399.95685
35.91742,399.95685
35.9359,403.9704
35.950783,403.9704
35.967403,402.46716
35.984734,402.46716
36.00202,402.46716
36.019062,400.71918
36.03559,400.71918
36.05173,402.56293
36.06803,402.56293
36.08468,403.93054
36.10342,403.93054
36.117367,403.93054
36.13676,399.01495
36.15123,399.01495
36.168613,395.58826
36.18484,395.58826
36.20067,395.58826
36.21854,395.8626
36.233982,395.8626
36.25423,403.78674
36.267494,403.78674
36.28367,406.3451
36.301567,406.3451
36.317753,406.3451
36.334652,407.53333
36.351208,407.53333
36.368046,404.9756
36.38422,404.9756
36.40112,404.9756
36.419003,401.60162
36.434753,401.60162
36.451706,412.31067
36.46708,412.31067
36.48454,406.8393
36.501244,406.8393
36.517925,406.8393
36.536472,415.31067
36.55103,415.31067
36.572384,413.1468
36.584175,413.1468
36.601456,413.1468
36.61919,409.14703
36.6344,409.14703
36.65121,409.42554
36.668327,409.42554
36.68483,404.40594
36.702934,404.40594
36.71792,404.40594
36.735657,413.77002
36.750713,413.77002
36.768585,400.89624
36.785133,400.89624
36.801506,400.89624
36.818848,412.4842
36.83521,412.4842
36.851273,404.3827
36.868435,404.3827
36.88401,415.17444
36.903202,415.17444
36.917347,415.17444
36.93639,403.0952
36.95059,403.0952
36.969242,402.78052
36.984592,402.78052
37.00637,425.9048
37.020496,425.9048
37.034046,425.9048
37.05202,429.6104
37.06767,429.6104
37.084618,425.89423
37.1012,425.89423
37.11653,425.89423
37.13637,419.28973
37.15071,419.28973
37.168278,406.26562
37.18466,406.26562
37.2009,406.26562
37.219475,411.3214
37.23465,411.3214
37.251503,399.4148
37.266792,399.4148
37.284935,402.76416
37.30259,402.76416
37.31832,402.76416
37.33634,412.50555
37.349987,412.50555
37.367928,416.09393
37.38541,416.09393
37.400955,416.09393
37.419224,401.80707
37.434746,401.80707
37.45146,404.5083
37.467754,404.5083
37.484303,406.22986
37.501778,406.22986
37.51781,406.22986
37.534897,405.1662
37.55075,405.1662
37.568935,403.21155
37.58507,403.21155
37.602154,403.21155
37.619377,404.25208
37.634415,404.25208
37.65147,397.04205
37.667767,397.04205
37.683964,400.1949
37.702503,400.1949
37.7177,400.1949
37.734665,401.26947
37.750824,401.26947
37.769043,405.10504
37.785767,405.10504
37.800976,405.10504
37.818752,406.19916
37.834007,406.19916
37.85289,406.37567
37.86774,406.37567
37.88407,406.79144
37.901413,406.79144
37.91701,406.79144
37.93493,408.21948
37.95102,408.21948
37.971535,411.42975
37.98422,411.42975
38.000866,411.42975
38.018887,416.7572
38.034378,416.7572
38.050907,413.6637
38.06709,413.6637
38.08407,418.16547
38.101734,418.16547
38.118153,418.16547
38.136147,415.48395
38.151253,415.48395
38.168335,419.96356
38.184242,419.96356
38.201736,419.96356
38.21952,421.74335
38.23456,421.74335
38.25568,419.33795
38.26733,419.33795
38.285534,424.60742
38.30169,424.60742
38.318157,424.60742
38.33579,425.79962
38.35116,425.79962
38.368088,426.21008
38.385303,426.21008
38.400345,426.21008
38.419483,427.0526
38.43459,427.0526
38.451756,427.36853
38.4679,427.36853
38.48407,431.04224
38.5019,431.04224
38.516815,431.04224
38.536003,428.34473
38.551052,428.34473
38.569702,430.22607
38.58385,430.22607
38.601288,430.22607
38.62003,431.74817
38.63437,431.74817
38.652016,434.0047
38.66741,434.0047
38.684704,432.97076
38.7023,432.97076
38.717,432.97076
38.73511,434.3521
38.7515,434.3521
38.768208,436.04645
38.785572,436.04645
38.80082,436.04645
38.81951,433.3891
38.83572,433.3891
38.85486,439.91418
38.86901,439.91418
38.884235,437.951
38.901306,437.951
38.916885,437.951
38.938595,437.97253
38.951767,437.97253
38.96845,437.86652
38.984707,437.86652
39.000755,437.86652
39.018963,441.93127
39.03515,441.93127
39.05282,437.35718
39.06804,437.35718
39.085724,438.37158
39.101818,438.37158
39.11843,438.37158
39.139877,440.9613
39.15129,440.9613
39.168545,441.47174
39.183586,441.47174
39.200924,441.47174
39.21847,442.21936
39.235874,442.21936
39.251587,445.62817
39.267986,445.62817
39.284203,444.7011
39.30123,444.7011
39.317318,444.7011
39.33668,444.64313
39.350166,444.64313
39.369404,440.2119
39.38404,440.2119
39.401436,440.2119
39.419365,448.32336
39.434464,448.32336
39.452267,448.58325
39.46826,448.58325
39.48463,453.8224
39.501915,453.8224
39.518894,453.8224
39.53574,445.56067
39.551117,445.56067
39.56848,445.46173
39.584797,445.46173
39.600986,445.46173
39.619976,447.45435
39.63401,447.45435
39.652798,447.8869
39.66768,447.8869
39.68912,446.80865
39.702797,446.80865
39.717686,446.80865
39.73496,445.89758
39.75104,445.89758
39.775097,445.8626
39.790314,445.8626
39.800953,445.8626
39.819866,444.96698
39.8348,444.96698
39.851643,439.526
39.867966,439.526
39.884083,441.36316
39.90182,441.36316
39.918,441.36316
39.93644,441.43384
39.95118,441.43384
39.96801,438.17133
39.984356,438.17133
40.00039,438.17133
40.019176,436.26807
40.03543,436.26807
40.05214,436.18646
40.06734,436.18646
40.08578,436.33374
40.102314,436.33374
40.117302,436.33374
40.13609,436.6114
40.151134,436.6114
40.167828,439.31097
40.184353,439.31097
40.200394,439.31097
40.219124,435.78693
40.234398,435.78693
40.251755,437.3629
40.26731,437.3629
40.2856,436.81787
40.301807,436.81787
40.31705,436.81787
40.338806,435.64
40.352077,435.64
40.369106,436.5771
40.383835,436.5771
40.401146,436.5771
40.419163,436.00848
40.43439,436.00848
40.453247,437.82916
40.467968,437.82916
40.48469,438.47388
40.501976,438.47388
40.518326,438.47388
40.53509,437.2256
40.55161,437.2256
40.56858,437.67456
40.58396,437.67456
40.600925,437.67456
40.619087,438.8853
40.633915,438.8853
40.65196,439.35358
40.6675,439.35358
40.684612,439.76245
40.701435,439.76245
40.71801,439.76245
40.735985,440.5056
40.75101,440.5056
40.76866,439.3108
40.789593,439.3108
40.801186,439.3108
40.818806,439.08966
40.83409,439.08966
40.8524,436.1656
40.867558,436.1656
40.884377,436.69708
40.901207,436.69708
40.917114,436.69708
40.937695,436.2282
40.950832,436.2282
40.969395,433.97675
40.984543,433.97675
41.00084,433.97675
41.018703,435.39978
41.034794,435.39978
41.051617,436.01154
41.068962,436.01154
41.08648,433.32013
41.102432,433.32013
41.11752,433.32013
41.137318,434.22742
41.15064,434.22742
41.168137,435.10718
41.184517,435.10718
41.201084,435.10718
41.219994,434.7979
41.23404,434.7979
41.251865,435.54352
41.26839,435.54352
41.285046,432.1485
41.301697,432.1485
41.317352,432.1485
41.3366,432.92578
41.35112,432.92578
41.369213,434.1197
41.384518,434.1197
41.400715,434.1197
41.419334,432.8266
41.43462,432.8266
41.45247,433.33032
41.468655,433.33032
41.486652,432.76794
41.5013,432.76794
41.516785,432.76794
41.53612,432.43945
41.550953,432.43945
41.567734,432.10004
41.585896,432.10004
41.601192,432.10004
41.618946,432.37592
41.63477,432.37592
41.652447,432.675
41.668507,432.675
41.685036,431.0844
41.70171,431.0844
41.718575,431.0844
41.735626,431.8321
41.751854,431.8321
41.768593,432.65558
41.785065,432.65558
41.802822,432.65558
41.819077,434.07574
41.833527,434.07574
41.851578,431.43713
41.86859,431.43713
41.88595,430.14105
41.901657,430.14105
41.917828,430.14105
41.93651,430.41913
41.95227,430.41913
41.97168,432.89734
41.983852,432.89734
42.008587,429.76147
42.020927,429.76147
42.034878,429.76147
42.051876,429.49597
42.068886,429.49597
42.084045,428.22125
42.10191,428.22125
42.118156,428.22125
42.136196,431.42786
42.151375,431.42786
42.168446,430.29596
42.1846,430.29596
42.201355,430.29596
42.22024,430.81842
42.23425,430.81842
42.252945,432.86517
42.267174,432.86517
42.284916,430.1358
42.30104,430.1358
42.318382,430.1358
42.33665,429.46564
42.35054,429.46564
42.368645,427.72577
42.384895,427.72577
42.401283,427.72577
42.417805,428.58313
42.434902,428.58313
42.452126,431.2234
42.4678,431.2234
42.48489,429.85284
42.501556,429.85284
42.517406,429.85284
42.53556,428.3108
42.550457,428.3108
42.569157,430.63135
42.584373,430.63135
42.60033,430.63135
42.619614,421.3919
42.634468,421.3919
42.65582,419.53796
42.668518,419.53796
42.68624,421.09216
42.703167,421.09216
42.717598,421.09216
42.735542,418.77057
42.75176,418.77057
42.76938,414.32928
42.785805,414.32928
42.800396,414.32928
42.819435,415.3296
42.835415,415.3296
42.85246,417.38306
42.868637,417.38306
42.88332,417.9502
42.903336,417.9502
42.91742,417.9502
42.936314,418.0141
42.95104,418.0141
42.970047,418.27252
42.984383,418.27252
43.002434,418.27252
43.019295,421.5133
43.035362,421.5133
43.052807,412.3706
43.06825,412.3706
43.08482,414.04846
43.10135,414.04846
43.116512,414.04846
43.13607,408.60663
43.15123,408.60663
43.170284,415.40088
43.184116,415.40088
43.20134,415.40088
43.22018,411.95526
43.23433,411.95526
43.252083,414.37024
43.26712,414.37024
43.286503,414.89886
43.30084,414.89886
43.318096,414.89886
43.335964,407.05957
43.352234,407.05957
43.36995,408.5318
43.384224,408.5318
43.401375,408.5318
43.418816,403.34473
43.434753,403.34473
43.45584,395.4403
43.469517,395.4403
43.4855,405.90662
43.503002,405.90662
43.518147,405.90662
43.534718,400.3374
43.55105,400.3374
43.571552,402.4676
43.58469,402.4676
43.601273,402.4676
43.61896,399.91064
43.634205,399.91064
43.653435,396.46356
43.668163,396.46356
43.685238,392.0807
43.701813,392.0807
43.717827,392.0807
43.739735,396.89148
43.75062,396.89148
43.769726,400.48468
43.78608,400.48468
43.80141,400.48468
43.819134,401.8421
43.834927,401.8421
43.85323,398.49744
43.86883,398.49744
43.885376,399.78833
43.901592,399.78833
43.918938,399.78833
43.936237,407.84137
43.952114,407.84137
43.96943,411.71503
43.984894,411.71503
44.0009,411.71503
44.01902,410.58563
44.03415,410.58563
44.05301,410.42938
44.06758,410.42938
44.08421,406.68573
44.102562,406.68573
44.117443,406.68573
44.13644,405.90607
44.151436,405.90607
44.169205,401.7754
44.185932,401.7754
44.201023,401.7754
44.22025,406.34393
44.234024,406.34393
44.25554,399.85162
44.267994,399.85162
44.285133,406.12573
44.302002,406.12573
44.317257,406.12573
44.33625,403.09662
44.352085,403.09662
44.369976,404.46155
44.38379,404.46155
44.40305,402.46368
44.418674,402.46368
44.435806,402.46368
44.45638,403.02716
44.468594,403.02716
44.485416,396.02875
44.50208,396.02875
44.517452,396.02875
44.53598,412.76923
44.552326,412.76923
44.572582,409.36365
44.585186,409.36365
44.601242,409.36365
44.619923,411.78998
44.634125,411.78998
44.653446,421.79462
44.667046,421.79462
44.68571,410.7292
44.701694,410.7292
44.71889,410.7292
44.735817,414.96704
44.750263,414.96704
44.77498,418.7155
44.78684,418.7155
44.801964,418.7155
44.81876,423.90088
44.834316,423.90088
44.852497,420.4876
44.86835,420.4876
44.886215,419.93597
44.90375,419.93597
44.925823,413.28473
44.9404,413.28473
44.950214,413.28473
44.96967,409.3919
44.98463,409.3919
45.00168,409.3919
45.019073,394.612
45.035137,394.612
45.057026,392.03107
45.067677,392.03107
45.088108,391.33698
45.10224,391.33698
45.1196,391.33698
45.1365,392.07318
45.152576,392.07318
45.169266,391.75916
45.18548,391.75916
45.20145,391.75916
45.219154,395.414
45.234226,395.414
45.25312,387.95093
45.26713,387.95093
45.287334,393.73376
45.301945,393.73376
45.31922,393.73376
45.338997,392.08313
45.351036,392.08313
45.373207,395.71356
45.38604,395.71356
45.402115,395.71356
45.41937,392.06403
45.435833,392.06403
45.452824,388.22278
45.46888,388.22278
45.48648,383.48926
45.506237,383.48926
45.518932,383.48926
45.53724,386.50604
45.551987,386.50604
45.571285,386.21686
45.58503,386.21686
45.60229,386.21686
45.619083,384.09967
45.634888,384.09967
45.656364,383.47076
45.668118,383.47076
45.689354,382.8974
45.70315,382.8974
45.718662,382.8974
45.736855,386.40442
45.75254,386.40442
45.773216,386.92786
45.786186,386.92786
45.80254,386.92786
45.81958,383.59705
45.835205,383.59705
45.8536,387.7896
45.86958,387.7896
45.88454,385.06055
45.902515,385.06055
45.91795,385.06055
45.93663,384.5207
45.95127,384.5207
45.9727,392.44385
45.985126,392.44385
46.002007,392.44385
46.020283,387.1527
46.03445,387.1527
46.05277,388.87952
46.069702,388.87952
46.086636,388.11993
46.10248,388.11993
46.119,388.11993
46.13725,390.34344
46.15419,390.34344
46.16956,390.7519
46.1855,390.7519
46.20278,390.7519
46.22138,388.82648
46.23517,388.82648
46.253143,387.5407
46.2693,387.5407
46.28555,387.64697
46.30297,387.64697
46.318577,387.64697
46.335724,390.59198
46.350353,390.59198
46.37247,392.8299
46.38419,392.8299
46.40131,392.8299
46.420223,396.0039
46.434017,396.0039
46.453033,394.97083
46.46784,394.97083
46.48748,395.4228
46.50319,395.4228
46.519276,395.4228
46.536037,394.5
46.551853,394.5
46.573185,397.9499
46.584686,397.9499
46.60065,397.9499
46.6188,392.71265
46.633335,392.71265
46.652863,393.56946
46.668724,393.56946
46.68536,399.12128
46.70338,399.12128
46.717243,399.12128
46.73681,398.34882
46.751347,398.34882
46.770325,398.36035
46.785686,398.36035
46.801655,398.36035
46.820084,397.9425
46.83538,397.9425
46.85267,397.10986
46.867317,397.10986
46.884686,398.90784
46.901413,398.90784
46.91771,398.90784
46.936794,396.59436
46.95119,396.59436
46.96856,396.51166
46.984898,396.51166
47.00067,396.51166
47.020046,400.55554
47.035217,400.55554
47.0526,401.58838
47.06812,401.58838
47.083984,398.46045
47.102962,398.46045
47.117992,398.46045
47.13593,399.86188
47.151093,399.86188
47.169075,393.29724
47.184303,393.29724
47.201633,393.29724
47.21943,398.56
47.23554,398.56
47.25664,398.12567
47.267944,398.12567
47.284252,400.13397
47.30265,400.13397
47.317978,400.13397
47.33692,400.49713
47.35162,400.49713
47.373665,398.5467
47.38589,398.5467
47.40151,398.5467
47.419445,396.04895
47.43404,396.04895
47.452034,391.88373
47.468388,391.88373
47.484715,393.97327
47.50191,393.97327
47.517452,393.97327
47.53682,393.9151
47.5525,393.9151
47.572163,393.0786
47.584435,393.0786
47.602737,393.0786
47.61979,398.94
47.63486,398.94
47.655003,394.47534
47.668346,394.47534
47.686066,396.53668
47.70335,396.53668
47.723846,396.53668
47.737732,397.4228
47.75181,397.4228
47.76889,402.59186
47.785084,402.59186
47.80192,402.59186
47.819138,399.28424
47.833557,399.28424
47.854576,395.5
47.86798,395.5
47.88514,397.42108
47.90166,397.42108
47.91801,397.42108
47.935894,402.2035
47.951015,402.2035
47.968597,397.2857
47.98408,397.2857
48.001118,397.2857
48.018864,407.00836
48.03503,407.00836
48.05196,396.2094
48.06917,396.2094
48.0877,399.09442
48.102783,399.09442
48.118748,399.09442
48.139393,398.0586
48.151665,398.0586
48.16889,402.13452
48.184998,402.13452
48.201424,402.13452
48.220184,402.37158
48.234127,402.37158
48.252846,401.5714
48.268547,401.5714
48.289486,400.50983
48.303707,400.50983
48.31888,400.50983
48.336872,402.65802
48.351585,402.65802
48.369522,397.26605
48.38495,397.26605
48.40112,397.26605
48.41989,396.37823
48.434887,396.37823
48.453674,403.71796
48.468945,403.71796
48.484932,406.20813
48.50229,406.20813
48.517612,406.20813
48.538383,400.31793
48.551582,400.31793
48.570316,405.63104
48.58531,405.63104
48.60209,405.63104
48.619553,406.41174
48.634563,406.41174
48.65351,409.88892
48.667194,409.88892
48.685196,403.97742
48.70226,403.97742
48.71965,403.97742
48.737556,412.96387
48.752907,412.96387
48.769028,402.5074
48.78467,402.5074
48.801197,402.5074
48.81963,413.84454
48.834812,413.84454
48.853203,406.67255
48.86846,406.67255
48.886047,406.0766
48.902245,406.0766
48.91838,406.0766
48.93667,403.66815
48.95113,403.66815
48.969105,410.95258
48.985332,410.95258
49.001724,410.95258
49.02004,409.29474
49.03533,409.29474
49.052246,405.89655
49.067387,405.89655
49.08555,409.42816
49.10347,409.42816
49.117966,409.42816
49.137093,406.82245
49.151424,406.82245
49.169052,407.29852
49.18416,407.29852
49.201645,407.29852
49.219162,406.2033
49.234135,406.2033
49.251842,407.99768
49.268692,407.99768
49.286083,408.57245
49.30205,408.57245
49.318752,408.57245
49.33622,407.7846
49.351547,407.7846
49.370144,411.37
49.385128,411.37
49.40164,411.37
49.420357,407.28815
49.434498,407.28815
49.453037,407.06592
49.469822,407.06592
49.485806,410.23547
49.503338,410.23547
49.517338,410.23547
49.536552,412.43567
49.550938,412.43567
49.573116,412.92023
49.58531,412.92023
49.602814,412.92023
49.620003,414.81543
49.63511,414.81543
49.653584,418.81683
49.66716,418.81683
49.684402,418.2962
49.70314,418.2962
49.718166,418.2962
49.73994,420.7826
49.752144,420.7826
49.769314,421.97705
49.785282,421.97705
49.801006,421.97705
49.819176,421.25922
49.83595,421.25922
49.852867,423.37396
49.86892,423.37396
49.887585,424.51312
49.90145,424.51312
49.918262,424.51312
49.936413,429.72797
49.951653,429.72797
49.968407,424.0207
49.9844,424.0207
50.001476,424.0207
50.018753,426.10663
50.034813,426.10663
50.052483,425.59143
50.06766,425.59143
50.085835,429.47028
50.103287,429.47028
50.11832,429.47028
50.136074,429.83234
50.1509,429.83234
50.16792,432.44025
50.186016,432.44025
50.20757,437.401
50.220814,437.401
50.236137,437.401
50.255547,437.45575
50.268757,437.45575
50.28875,438.26453
50.30336,438.26453
50.318592,438.26453
50.33669,439.06647
50.350502,439.06647
50.368782,441.14838
50.383823,441.14838
50.400776,441.14838
50.419212,442.33215
50.43452,442.33215
50.45725,442.33533
50.468693,442.33533
50.48581,442.57355
50.503788,442.57355
50.519096,442.57355
50.536865,446.51965
50.551544,446.51965
50.568924,447.8454
50.585434,447.8454
50.601936,447.8454
50.619648,443.88934
50.636433,443.88934
50.65185,446.00897
50.668903,446.00897
50.685383,443.9201
50.703114,443.9201
50.71813,443.9201
50.736145,446.8084
50.751595,446.8084
50.76992,454.7105
50.78597,454.7105
50.80159,454.7105
50.82297,453.4605
50.8349,453.4605
50.856647,454.5061
50.868656,454.5061
50.88876,456.46808
50.903587,456.46808
50.91838,456.46808
50.93659,451.87958
50.951492,451.87958
50.968803,453.29877
50.98467,453.29877
51.001194,453.29877
51.019142,454.0489
51.035435,454.0489
51.05437,453.4436
51.068745,453.4436
51.08722,453.03442
51.102657,453.03442
51.117546,453.03442
51.136963,454.60205
51.15116,454.60205
51.170506,454.05682
51.184586,454.05682
51.201538,454.05682
51.219955,452.4364
51.234715,452.4364
51.25366,455.41998
51.26876,455.41998
51.285095,450.20404
51.302372,450.20404
51.31835,450.20404
51.33755,451.43646
51.352386,451.43646
51.369587,449.3205
51.384686,449.3205
51.40237,449.3205
51.419548,451.63715
51.43578,451.63715
51.45364,451.9181
51.46757,451.9181
51.48493,452.36023
51.502262,452.36023
51.518192,452.36023
51.53725,450.847
51.551876,450.847
51.56926,451.76605
51.583733,451.76605
51.601025,451.76605
51.618973,451.81006
51.634933,451.81006
51.65417,452.23523
51.668377,452.23523
51.687576,451.46185
51.703,451.46185
51.71931,451.46185
51.73479,445.7787
51.75209,445.7787
51.772354,446.3675
51.78658,446.3675
51.8007,446.3675
51.819977,446.45502
51.83562,446.45502
51.85622,447.89203
51.869053,447.89203
51.88792,447.45898
51.901615,447.45898
51.91853,447.45898
51.936848,447.36462
51.951412,447.36462
51.969776,445.50262
51.985317,445.50262
52.00109,445.50262
52.020615,442.5725
52.035995,442.5725
52.0528,442.53668
52.068634,442.53668
52.085102,443.8631
52.101692,443.8631
52.117012,443.8631
52.137897,443.15118
52.152824,443.15118
52.169266,443.23883
52.18432,443.23883
52.20106,443.23883
52.220463,440.93378
52.234093,440.93378
52.25544,442.28058
52.268562,442.28058
52.285667,441.7638
52.30304,441.7638
52.318707,441.7638
52.336105,440.96265
52.351543,440.96265
52.369408,443.37488
52.384502,443.37488
52.402084,443.37488
52.419975,442.7155
52.435295,442.7155
52.456917,443.57452
52.46858,443.57452
52.48667,442.50763
52.501854,442.50763
52.5171,442.50763
52.53717,442.25513
52.55176,442.25513
52.569912,440.1889
52.58463,440.1889
52.601665,440.1889
52.619595,439.83435
52.634594,439.83435
52.656044,439.09625
52.668415,439.09625
52.684666,439.09772
52.70256,439.09772
52.7174,439.09772
52.737034,439.9511
52.75062,439.9511
52.772797,437.48694
52.785053,437.48694
52.80082,437.48694
52.819733,436.04456
52.83492,436.04456
52.852962,438.3009
52.86864,438.3009
52.885765,437.08112
52.901974,437.08112
52.918476,437.08112
52.935337,436.45135
52.9522,436.45135
52.969273,437.16327
52.986557,437.16327
53.001686,437.16327
53.019367,438.24188
53.03558,438.24188
53.053368,436.14612
53.068314,436.14612
53.08584,436.07727
53.10264,436.07727
53.118122,436.07727
53.1363,436.82904
53.15178,436.82904
53.16853,438.10754
53.184715,438.10754
53.20211,438.10754
53.218624,436.5968
53.235065,436.5968
53.252857,437.8192
53.268574,437.8192
53.28442,437.4292
53.30247,437.4292
53.318836,437.4292
53.335014,435.06232
53.35103,435.06232
53.369804,437.36206
53.38505,437.36206
53.401352,437.36206
53.418743,434.52344
53.43497,434.52344
53.45326,434.18054
53.468254,434.18054
53.485886,435.3051
53.501186,435.3051
53.518486,435.3051
53.53655,435.32336
53.55161,435.32336
53.569748,435.33148
53.584522,435.33148
53.602093,435.33148
53.61875,433.80542
53.634945,433.80542
53.653175,432.7716
53.668518,432.7716
53.68484,432.2069
53.702793,432.2069
53.717976,432.2069
53.73709,430.61438
53.75235,430.61438
53.77468,432.2912
53.78546,432.2912
53.801903,432.2912
53.820354,431.69745
53.835514,431.69745
53.85256,431.40216
53.86814,431.40216
53.89019,431.16235
53.901356,431.16235
53.918205,431.16235
53.93724,432.17474
53.951504,432.17474
53.969807,429.6952
53.985256,429.6952
54.002174,429.6952
54.01888,426.64142
54.035007,426.64142
54.053436,427.63367
54.069553,427.63367
54.084724,429.16443
54.102375,429.16443
54.118816,429.16443
54.140266,426.85217
54.15092,426.85217
54.168854,430.3307
54.18513,430.3307
54.202244,430.3307
54.219967,431.66162
54.235184,431.66162
54.252434,429.53107
54.26842,429.53107
54.28677,428.9892
54.302563,428.9892
54.318077,428.9892
54.33718,426.68353
54.350983,426.68353
54.36986,425.27106
54.3852,425.27106
54.401646,425.27106
54.41916,424.0785
54.435257,424.0785
54.452225,425.16223
54.468296,425.16223
54.485703,424.13458
54.50246,424.13458
54.51882,424.13458
54.53884,424.9704
54.551704,424.9704
54.572155,418.8562
54.58597,418.8562
54.600906,418.8562
54.62026,430.37646
54.634995,430.37646
54.65377,426.32892
54.668804,426.32892
54.685814,422.90106
54.702694,422.90106
54.71865,422.90106
54.73662,423.6872
54.751427,423.6872
54.776764,426.64
54.792347,426.64
54.803406,426.64
54.820496,421.53204
54.83505,421.53204
54.855633,425.27148
54.86845,425.27148
54.885727,424.56177
54.90186,424.56177
54.91797,424.56177
54.936363,422.2229
54.952168,422.2229
54.969296,421.08276
54.986595,421.08276
55.00179,421.08276
55.018723,428.72638
55.034695,428.72638
55.052555,419.71997
55.068512,419.71997
55.084442,411.05768
55.103622,411.05768
55.118958,411.05768
55.137325,411.24854
55.1513,411.24854
55.16906,410.80255
55.18554,410.80255
55.201866,410.80255
55.219105,418.0
55.236168,418.0
55.253353,418.92737
55.26929,418.92737
55.28641,419.95508
55.304108,419.95508
55.31898,419.95508
55.337074,418.6667
55.353237,418.6667
55.373352,425.7246
55.385963,425.7246
55.40307,407.77844
55.418976,407.77844
55.43535,407.77844
55.452995,411.49133
55.468094,411.49133
55.487274,416.0431
55.502457,416.0431
55.519093,416.0431
55.53631,412.0235
55.551086,412.0235
55.568943,406.9804
55.58507,406.9804
55.60172,406.9804
55.618935,402.24585
55.63602,402.24585
55.653923,409.35315
55.669075,409.35315
55.68539,405.52014
55.70192,405.52014
55.718174,405.52014
55.737377,394.07782
55.752453,394.07782
55.773804,397.25983
55.78501,397.25983
55.80126,397.25983
55.81984,397.6748
55.83509,397.6748
55.851833,397.95898
55.868073,397.95898
55.885883,396.2635
55.902794,396.2635
55.917866,396.2635
55.93662,395.16058
55.952625,395.16058
55.96963,396.98578
55.98489,396.98578
56.001453,396.98578
56.01892,398.99683
56.035046,398.99683
56.053623,397.57306
56.068954,397.57306
56.086502,398.06366
56.10287,398.06366
56.118523,398.06366
56.136944,397.99786
56.152184,397.99786
56.169193,400.54272
56.1856,400.54272
56.201588,400.54272
56.22025,395.01648
56.235413,395.01648
56.252777,393.02002
56.267902,393.02002
56.28519,396.11597
56.30295,396.11597
56.318745,396.11597
56.337044,395.52765
56.35191,395.52765
56.369793,392.846
56.3849,392.846
56.402283,392.846
56.42009,394.12286
56.43532,394.12286
56.45213,392.17145
56.468407,392.17145
56.485565,392.78558
56.503326,392.78558
56.519344,392.78558
56.53754,397.25537
56.551186,397.25537
56.569847,392.9375
56.584892,392.9375
56.601364,392.9375
56.62002,398.81714
56.63503,398.81714
56.652267,396.88702
56.66968,396.88702
56.68756,396.38794
56.704025,396.38794
56.718304,396.38794
56.73727,393.89276
56.75164,393.89276
56.770393,395.2846
56.786747,395.2846
56.801727,395.2846
56.822002,395.73474
56.8355,395.73474
56.8526,393.8352
56.868805,393.8352
56.885883,393.53528
56.902622,393.53528
56.918854,393.53528
56.93706,387.60724
56.952774,387.60724
56.96883,389.25153
56.98514,389.25153
57.0021,389.25153
57.01887,387.885
57.035175,387.885
57.05305,385.5719
57.068356,385.5719
57.085857,387.20807
57.103146,387.20807
57.119614,387.20807
57.136208,386.80255
57.152626,386.80255
57.170708,385.5653
57.184498,385.5653
57.202156,385.5653
57.219025,381.94336
57.235184,381.94336
57.253124,379.6557
57.26802,379.6557
57.285603,380.66022
57.303127,380.66022
57.31902,380.66022
57.33619,383.2168
57.351997,383.2168
57.37334,381.85175
57.385033,381.85175
57.403187,384.84753
57.420044,384.84753
57.4343,384.84753
57.457523,383.02484
57.46934,383.02484
57.485004,389.0777
57.50311,389.0777
57.51747,389.0777
57.537506,389.6513
57.55167,389.6513
57.56984,387.29877
57.584484,387.29877
57.602093,387.29877
57.619633,386.34296
57.6354,386.34296
57.653084,384.8687
57.667904,384.8687
57.688465,384.9358
57.702923,384.9358
57.71811,384.9358
57.738995,387.75885
57.752335,387.75885
57.769375,392.30243
57.786507,392.30243
57.802074,392.30243
57.819595,387.3684
57.834972,387.3684
57.85265,388.83386
57.868626,388.83386
57.887215,384.99347
57.902863,384.99347
57.91891,384.99347
57.93687,385.46106
57.952705,385.46106
57.968952,386.24188
57.98529,386.24188
58.001694,386.24188
58.019768,390.4043
58.034786,390.4043
58.053375,392.20453
58.068794,392.20453
58.085205,394.2088
58.102875,394.2088
58.11939,394.2088
58.13517,392.9881
58.15269,392.9881
58.17014,390.18427
58.18567,390.18427
58.20184,390.18427
58.218727,391.9577
58.235176,391.9577
58.25405,391.37134
58.268696,391.37134
58.28529,388.1162
58.30188,388.1162
58.31894,388.1162
58.33646,387.73767
58.351555,387.73767
58.370148,387.09387
58.38608,387.09387
58.40224,387.09387
58.419083,385.05353
58.435856,385.05353
58.4531,388.16095
58.469353,388.16095
58.491756,388.4483
58.503513,388.4483
58.51826,388.4483
58.537407,389.76
58.551514,389.76
58.573498,388.90936
58.58564,388.90936
58.602234,388.90936
58.620773,387.06647
58.63585,387.06647
58.653606,390.09375
58.667618,390.09375
58.684895,382.52673
58.703323,382.52673
58.71876,382.52673
58.73601,382.22034
58.751293,382.22034
58.769836,384.91962
58.78535,384.91962
58.8036,385.3947
58.819134,385.3947
58.8353,385.3947
58.857136,390.84344
58.86883,390.84344
58.887535,389.81146
58.901592,389.81146
58.9183,389.81146
58.93534,391.0697
58.9514,391.0697
58.96999,390.51398
58.985447,390.51398
59.001724,390.51398
59.018574,386.3982
59.034714,386.3982
59.055767,386.05157
59.067963,386.05157
59.08556,385.97937
59.1031,385.97937
59.118107,385.97937
59.13635,386.0088
59.151173,386.0088
59.169277,386.19513
59.185738,386.19513
59.20208,386.19513
59.219418,386.92645
59.23641,386.92645
59.25252,386.53577
59.269157,386.53577
59.28643,386.95142
59.302803,386.95142
59.31994,386.95142
59.33578,387.79205
59.35293,387.79205
59.37062,388.23236
59.384922,388.23236
59.40224,388.23236
59.419697,386.14618
59.43523,386.14618
59.45425,386.66895
59.469154,386.66895
59.489532,388.60278
59.50274,388.60278
59.518482,388.60278
59.53779,386.9275
59.551117,386.9275
59.573124,385.86774
59.58546,385.86774
59.60326,387.06366
59.61959,387.06366
59.634895,387.06366
59.655033,386.71326
59.669067,386.71326
59.69043,389.80096
59.702065,389.80096
59.718376,389.80096
59.736416,386.20093
59.75135,386.20093
59.76979,386.3894
59.78497,386.3894
59.80363,388.89655
59.81945,388.89655
59.83532,388.89655
59.85356,389.84033
59.868374,389.84033
59.886032,384.29736
59.90287,384.29736
59.91908,384.29736
59.93708,385.03412
59.95287,385.03412
59.96841,384.88605
59.985413,384.88605
60.0,384.88605
60.0,384.88605
