0.2736509,83.97162
0.28758472,83.97162
0.29959565,87.14075
0.31673828,87.14075
0.33551133,87.88367
0.34815744,87.88367
0.36460203,95.83807
0.38214144,95.83807
0.3983118,95.83807
0.4164966,96.8573
0.43157247,96.8573
0.45040524,100.2995
0.4662969,100.2995
0.48394322,100.52893
0.50017107,100.52893
0.515076,100.52893
0.53412414,101.03308
0.5479381,101.03308
0.5657643,102.54956
0.5834545,102.54956
0.59807885,102.54956
0.61687547,105.456726
0.6317858,105.456726
0.6505862,106.17761
0.664194,106.17761
0.6820104,106.17761
0.700447,108.894226
0.7149602,108.894226
0.73364305,108.26489
0.7490167,108.26489
0.76479715,109.94092
0.78282356,109.94092
0.7991499,109.94092
0.8176785,112.06262
0.83142513,112.06262
0.85425293,115.66882
0.86502993,115.66882
0.88170236,115.66882
0.9012756,117.10834
0.91495025,117.10834
0.9350343,120.93616
0.9582964,120.93616
0.96988076,122.346436
0.98664737,122.346436
1.0018415,122.346436
1.0205386,125.194214
1.0360163,125.194214
1.0527648,126.78027
1.0696073,126.78027
1.0845158,127.35632
1.1034132,127.35632
1.1185268,127.35632
1.1365907,130.31305
1.1531941,130.31305
1.1696953,133.60016
1.1854811,133.60016
1.2018589,133.60016
1.2194759,136.28345
1.2355373,136.28345
1.2538053,139.64764
1.2685605,139.64764
1.2860999,141.3778
1.303847,141.3778
1.3195395,141.3778
1.3375183,143.73737
1.352427,143.73737
1.3731472,146.51178
1.3843198,146.51178
1.4038719,149.1565
1.4195433,149.1565
1.4352757,149.1565
1.453681,150.44183
1.4682434,150.44183
1.487189,153.46246
1.5024111,153.46246
1.5175731,153.46246
1.5390756,153.91205
1.5524173,153.91205
1.5735672,156.17346
1.5854445,156.17346
1.6036022,158.28711
1.6199615,158.28711
1.6342977,158.28711
1.6538442,159.99927
1.6688443,159.99927
1.6849537,162.12396
1.7033978,162.12396
1.7182419,162.12396
1.7369812,165.9925
1.7528181,165.9925
1.7703061,167.07208
1.7857169,167.07208
1.8024046,167.07208
1.8201804,168.79749
1.8352342,168.79749
1.8534575,170.39893
1.8684213,170.39893
1.8852239,172.6159
1.9029891,172.6159
1.9195423,172.6159
1.9370904,172.48657
1.9522728,172.48657
1.9700346,174.41516
1.9849157,174.41516
2.0019946,174.41516
2.0205073,174.99835
2.0367782,174.99835
2.0565944,174.11658
2.067911,174.11658
2.084968,175.4859
2.1029253,175.4859
2.1176746,175.4859
2.137245,176.74597
2.1529205,176.74597
2.1700897,177.66315
2.1848338,177.66315
2.2007823,177.66315
2.2207377,178.18243
2.234545,178.18243
2.2529292,176.37689
2.2697532,176.37689
2.28613,179.20062
2.3028247,179.20062
2.3187883,179.20062
2.338068,176.00336
2.3518915,176.00336
2.3698888,179.64459
2.38536,179.64459
2.4038692,178.13263
2.420613,178.13263
2.4352245,178.13263
2.4540184,181.21643
2.4710095,181.21643
2.488355,180.67822
2.5029335,180.67822
2.5187001,180.67822
2.5398269,184.23486
2.5515125,184.23486
2.5704722,184.30621
2.5861251,184.30621
2.6023836,184.30621
2.61892,187.46796
2.6348922,187.46796
2.6540298,187.23474
2.6679387,187.23474
2.6863546,189.93213
2.7035527,189.93213
2.7182891,189.93213
2.7372503,189.69904
2.7521768,189.69904
2.7709837,190.29895
2.7853346,190.29895
2.8020425,190.29895
2.8193288,189.75702
2.8346791,189.75702
2.8529909,190.65771
2.867713,190.65771
2.8851902,188.24475
2.9036655,188.24475
2.9179418,188.24475
2.9373913,188.97815
2.9516747,188.97815
2.9731467,187.77203
2.984636,187.77203
3.0032272,187.77203
3.0189016,185.63538
3.035646,185.63538
3.052755,187.3971
3.0684795,187.3971
3.0845687,187.83862
3.1023395,187.83862
3.117412,187.83862
3.137666,188.06488
3.1531842,188.06488
3.1709797,186.1283
3.1863294,186.1283
3.202025,186.1283
3.218662,186.63354
3.2364492,186.63354
3.2540019,188.07544
3.2694252,188.07544
3.289617,187.46289
3.3030064,187.46289
3.318302,187.46289
3.3360963,186.76892
3.3521764,186.76892
3.369743,187.31775
3.385107,187.31775
3.4152555,187.37
3.429945,187.37
3.4389722,187.37
3.4580975,186.18018
3.4740844,186.18018
3.4920516,182.31378
3.5058708,182.31378
3.524243,183.36218
3.5417223,183.36218
3.555717,183.36218
3.5773315,183.67828
3.5902767,183.67828
3.6077313,182.49579
3.622707,182.49579
3.6399653,182.49579
3.6577399,182.38287
3.6741905,182.38287
3.6904478,181.4223
3.705657,181.4223
3.7228882,181.4223
3.740551,181.86853
3.7556896,181.86853
3.7747142,180.87207
3.794544,180.87207
3.8063354,180.79956
3.8235672,180.79956
3.8385415,180.79956
3.8566942,179.89441
3.8736622,179.89441
3.8905072,180.63916
3.907386,180.63916
3.924342,179.79327
3.940801,179.79327
3.9574084,179.79327
3.9741979,176.10468
3.9909825,176.10468
4.008011,176.53644
4.0225177,176.53644
4.039597,176.53644
4.058466,178.37378
4.0724583,178.37378
4.0928483,178.26984
4.1071296,178.26984
4.1235414,178.70642
4.141426,178.70642
4.155522,178.70642
4.1764474,176.2157
4.189518,176.2157
4.207614,178.65936
4.222623,178.65936
4.238639,178.65936
4.2583776,178.66089
4.2736955,178.66089
4.290334,178.8609
4.306713,178.8609
4.325221,176.31781
4.342032,176.31781
4.3552203,176.31781
4.376564,177.56659
4.3903832,177.56659
4.4095063,176.65594
4.424612,176.65594
4.439181,176.65594
4.4584885,175.12024
4.472931,175.12024
4.4899006,175.26752
4.506342,175.26752
4.523915,177.03491
4.5412803,177.03491
4.5574727,177.03491
4.576147,176.69366
4.5923676,176.69366
4.608186,176.98883
4.6223197,176.98883
4.641112,176.98883
4.6579266,177.4787
4.672065,177.4787
4.694842,177.26367
4.7069654,177.26367
4.723634,176.74847
4.7396793,176.74847
4.757182,176.74847
4.775061,176.91223
4.79147,176.91223
4.806428,175.3429
4.823608,175.3429
4.8401284,175.3429
4.857498,176.67517
4.8727446,176.67517
4.890766,175.78442
4.907315,175.78442
4.923384,175.78442
4.9411507,173.67389
4.9563856,173.67389
4.974777,172.45941
4.9890623,172.45941
5.012348,173.81738
5.02423,173.81738
5.0401444,173.81738
5.0579143,176.82556
5.072598,176.82556
5.093233,176.66663
5.1059346,176.66663
5.1246653,175.5987
5.1411624,175.5987
5.1564293,175.5987
5.1763024,174.68964
5.1904545,174.68964
5.2081413,174.52625
5.223905,174.52625
5.240341,174.52625
5.2575083,177.02716
5.2738886,177.02716
5.2895317,176.51367
5.305921,176.51367
5.325672,176.44775
5.342321,176.44775
5.3563333,176.44775
5.3739905,176.59027
5.3901043,176.59027
5.4178166,174.17908
5.4330645,174.17908
5.441682,174.17908
5.45986,173.67584
5.4752493,173.67584
5.493757,173.98145
5.5085063,173.98145
5.528388,174.17548
5.5424857,174.17548
5.558098,174.17548
5.5755587,176.59406
5.592268,176.59406
5.6090484,176.54688
5.625622,176.54688
5.6436224,177.0816
5.6604223,177.0816
5.6763573,177.0816
5.693915,176.19818
5.7091727,176.19818
5.7251124,178.01111
5.742573,178.01111
5.759053,178.01111
5.776851,175.93457
5.7924814,175.93457
5.8099976,177.57861
5.825357,177.57861
5.8420672,177.57861
5.8593926,176.64551
5.875033,176.64551
5.8939886,176.96283
5.9100986,176.96283
5.925468,176.25769
5.94364,176.25769
5.9577036,176.25769
5.976812,176.15997
5.992958,176.15997
6.013544,176.05554
6.0247264,176.05554
6.0419207,176.05554
6.0599036,178.81622
6.0756054,178.81622
6.093932,177.74286
6.1091843,177.74286
6.1268244,178.2923
6.1438546,178.2923
6.1584425,178.2923
6.1765275,174.14294
6.192059,174.14294
6.209252,176.30426
6.224347,176.30426
6.2415504,176.30426
6.2586417,174.02478
6.275617,174.02478
6.296323,170.80438
6.308239,170.80438
6.3263125,167.33893
6.341812,167.33893
6.358626,167.33893
6.3763933,165.31537
6.392146,165.31537
6.413015,164.51154
6.4257965,164.51154
6.442255,164.51154
6.459285,163.65216
6.476789,163.65216
6.493439,161.96802
6.509451,161.96802
6.525978,162.11078
6.5422955,162.11078
6.558603,162.11078
6.5766892,160.45538
6.5926375,160.45538
6.6101975,161.12146
6.6276464,161.12146
6.6445875,159.04126
6.6604433,159.04126
6.675118,159.04126
6.6930685,160.9237
6.7086716,160.9237
6.724864,159.45563
6.7448826,159.45563
6.7585564,159.45563
6.7807903,159.3479
6.7918777,159.3479
6.809684,157.41931
6.8255777,157.41931
6.842572,157.41931
6.860392,155.14783
6.8743362,155.14783
6.8950186,153.5509
6.9084864,153.5509
6.926001,154.71301
6.9427204,154.71301
6.9599023,154.71301
6.9776263,153.32355
6.992355,153.32355
7.010664,153.92163
7.025215,153.92163
7.0426664,153.92163
7.0598373,153.81189
7.075414,153.81189
7.0933228,153.81189
7.1087193,153.81189
7.128826,153.07233
7.143733,153.07233
7.158835,153.07233
7.1769953,151.07654
7.1926665,151.07654
7.2100487,150.99255
7.225727,150.99255
7.2419977,150.99255
7.2610426,151.22357
7.27561,151.22357
7.2943773,148.79938
7.30839,148.79938
7.329408,148.84802
7.34304,148.84802
7.359692,148.84802
7.376936,147.79187
7.3935804,147.79187
7.4101386,149.18262
7.425126,149.18262
7.442747,149.18262
7.4600472,147.9906
7.4753847,147.9906
7.493103,145.59735
7.5084314,145.59735
7.526008,146.68164
7.5427475,146.68164
7.558065,146.68164
7.577577,147.01471
7.591769,147.01471
7.6096296,144.98834
7.6249948,144.98834
7.641482,144.98834
7.660275,143.9165
7.674944,143.9165
7.6971655,143.10522
7.7088757,143.10522
7.7255573,144.44287
7.742604,144.44287
7.759221,144.44287
7.7760262,142.29938
7.7924027,142.29938
7.8098087,139.99243
7.824953,139.99243
7.8436003,139.86902
7.859852,139.86902
7.8752823,139.86902
7.8923416,140.13086
7.9085193,140.13086
7.925528,140.18524
7.9420767,140.18524
7.9587,140.18524
7.976946,139.82532
7.9931555,139.82532
8.010558,138.49396
8.024552,138.49396
8.04175,138.49396
8.060065,139.56628
8.075811,139.56628
8.093639,139.46631
8.108653,139.46631
8.125282,137.71332
8.143594,137.71332
8.159678,137.71332
8.17759,134.31226
8.191277,134.31226
8.20958,133.98975
8.225353,133.98975
8.241535,133.98975
8.259836,133.08801
8.275287,133.08801
8.2956505,130.1319
8.308468,130.1319
8.32662,130.35223
8.343493,130.35223
8.358445,130.35223
8.376573,130.08813
8.39315,130.08813
8.410477,130.10199
8.425327,130.10199
8.442577,130.10199
8.459347,129.66351
8.474457,129.66351
8.494395,127.828125
8.5083275,127.828125
8.526121,128.52863
8.542841,128.52863
8.558959,128.52863
8.5766325,126.95294
8.592022,126.95294
8.610008,127.55304
8.626485,127.55304
8.642588,127.55304
8.6602125,126.1427
8.676158,126.1427
8.696391,124.96661
8.709494,124.96661
8.72453,122.45416
8.742989,122.45416
8.758482,122.45416
8.781084,120.55237
8.792236,120.55237
8.809974,119.40149
8.824924,119.40149
8.841959,119.40149
8.859627,120.09094
8.875697,120.09094
8.895071,118.6319
8.9108305,118.6319
8.926014,117.39484
8.94245,117.39484
8.958684,117.39484
8.976829,115.74884
8.99172,115.74884
9.013789,116.71576
9.024695,116.71576
9.041623,116.71576
9.059676,115.52576
9.075897,115.52576
9.09364,115.72998
9.109899,115.72998
9.1267395,115.844604
9.142863,115.844604
9.157809,115.844604
9.176348,113.13519
9.193605,113.13519
9.209644,113.4129
9.22589,113.4129
9.241899,113.4129
9.259632,110.7157
9.27485,110.7157
9.294281,110.56494
9.308818,110.56494
9.326356,111.98096
9.342751,111.98096
9.358015,111.98096
9.377269,112.26105
9.393034,112.26105
9.4120455,111.84064
9.425944,111.84064
9.442145,111.84064
9.459018,110.76135
9.47522,110.76135
9.493612,112.56122
9.50943,112.56122
9.525961,111.45758
9.542253,111.45758
9.558878,111.45758
9.576237,113.498474
9.591982,113.498474
9.61074,111.47424
9.626099,111.47424
9.641152,111.47424
9.660263,110.71527
9.6749,110.71527
9.694182,110.69214
9.709144,110.69214
9.726,108.9292
9.742875,108.9292
9.759111,108.9292
9.776922,110.420044
9.793048,110.420044
9.811309,109.737
9.826628,109.737
9.841956,109.737
9.860103,109.16797
9.875907,109.16797
9.894198,110.87421
9.907982,110.87421
9.92523,110.91754
9.943005,110.91754
9.958266,110.91754
9.977159,109.4447
9.992208,109.4447
10.010027,110.63953
10.02578,110.63953
10.042934,110.63953
10.05945,110.97571
10.076003,110.97571
10.094143,111.35315
10.108173,111.35315
10.125553,109.914246
10.14364,109.914246
10.159207,109.914246
10.177029,107.61554
10.19229,107.61554
10.2102995,106.03516
10.22502,106.03516
10.244194,106.74609
10.260724,106.74609
10.275629,106.74609
10.297494,107.174255
10.309857,107.174255
10.327068,107.76526
10.344381,107.76526
10.358595,107.76526
10.37842,107.62622
10.392411,107.62622
10.410075,108.45117
10.425043,108.45117
10.442052,108.45117
10.464108,109.285706
10.475925,109.285706
10.493829,108.44202
10.509247,108.44202
10.526155,109.29266
10.543967,109.29266
10.559001,109.29266
10.57825,108.70105
10.593547,108.70105
10.609016,110.27667
10.625489,110.27667
10.642948,110.27667
10.66046,107.35901
10.675316,107.35901
10.6934595,108.421875
10.70895,108.421875
10.725466,108.339905
10.743372,108.339905
10.758614,108.339905
10.777849,109.50299
10.794844,109.50299
10.809291,107.16876
10.825544,107.16876
10.841568,107.16876
10.860899,109.903015
10.876694,109.903015
10.895039,109.272156
10.9096775,109.272156
10.928334,110.31183
10.943626,110.31183
10.958341,110.31183
10.977242,107.64899
10.993182,107.64899
11.013955,109.752075
11.025199,109.752075
11.043735,108.24579
11.060152,108.24579
11.07604,108.24579
11.096194,108.48779
11.110167,108.48779
11.126639,107.70465
11.145642,107.70465
11.159841,107.70465
11.175699,106.726746
11.191298,106.726746
11.213431,106.92822
11.225182,106.92822
11.242428,106.92822
11.2605505,108.13898
11.275959,108.13898
11.294853,106.94354
11.308869,106.94354
11.326101,107.789856
11.34226,107.789856
11.358556,107.789856
11.37751,107.967285
11.392048,107.967285
11.410541,108.78137
11.424387,108.78137
11.4417095,108.78137
11.460525,108.63812
11.475545,108.63812
11.493636,107.809326
11.510046,107.809326
11.52654,108.88489
11.543847,108.88489
11.558723,108.88489
11.576507,107.591064
11.592009,107.591064
11.61394,108.04553
11.62509,108.04553
11.643923,105.50165
11.661096,105.50165
11.675785,105.50165
11.694502,107.023254
11.708977,107.023254
11.724838,107.84033
11.7443075,107.84033
11.759804,107.84033
11.777587,109.17865
11.793048,109.17865
11.809758,107.12042
11.825877,107.12042
11.843651,109.245056
11.859275,109.245056
11.876114,109.245056
11.893512,107.657166
11.9091425,107.657166
11.925576,108.8869
11.943199,108.8869
11.958775,108.8869
11.977095,109.556885
11.992414,109.556885
12.009937,109.99609
12.026042,109.99609
12.053789,108.82959
12.06516,108.82959
12.078559,108.82959
12.0956545,108.31732
12.110643,108.31732
12.129957,110.64374
12.143892,110.64374
12.16106,110.64374
12.179506,106.84778
12.193798,106.84778
12.212079,107.41492
12.226865,107.41492
12.245259,106.59198
12.260575,106.59198
12.27874,106.59198
12.295881,107.81433
12.310568,107.81433
12.328511,108.86853
12.344625,108.86853
12.36068,108.86853
12.378796,110.544495
12.3936615,110.544495
12.413022,111.25073
12.427858,111.25073
12.444778,113.482544
12.46156,113.482544
12.477693,113.482544
12.49599,112.399536
12.510686,112.399536
12.529662,111.53674
12.5435295,111.53674
12.561777,111.53674
12.579425,110.942566
12.594522,110.942566
12.611575,114.54028
12.628449,114.54028
12.645577,114.6897
12.662733,114.6897
12.678029,114.6897
12.69661,115.901855
12.711304,115.901855
12.72907,114.84607
12.743743,114.84607
12.761348,114.84607
12.780201,117.902405
12.795168,117.902405
12.813406,117.50757
12.829108,117.50757
12.845316,119.87152
12.86166,119.87152
12.876923,119.87152
12.895905,118.91052
12.911003,118.91052
12.929287,122.080505
12.945686,122.080505
12.962081,122.080505
12.9789,121.70148
12.994733,121.70148
13.0118685,122.82019
13.028539,122.82019
13.044726,123.87799
13.061888,123.87799
13.078024,123.87799
13.096413,125.4483
13.110364,125.4483
13.129105,126.416626
13.144978,126.416626
13.161088,126.416626
13.178935,125.23218
13.19482,125.23218
13.211872,126.21832
13.228736,126.21832
13.259182,128.49756
13.269154,128.49756
13.283625,128.28595
13.299748,128.28595
13.315626,128.28595
13.334395,129.49896
13.349633,129.49896
13.366362,131.74097
13.383407,131.74097
13.399878,131.74097
13.417945,134.35217
13.433577,134.35217
13.450045,133.66998
13.467172,133.66998
13.483534,136.05817
13.500674,136.05817
13.517334,136.05817
13.538759,137.39667
13.550236,137.39667
13.566631,135.90045
13.584838,135.90045
13.599744,135.90045
13.618171,137.96759
13.633249,137.96759
13.65533,138.94257
13.6666155,138.94257
13.683543,140.14789
13.700451,140.14789
13.716096,140.14789
13.735162,142.98108
13.750061,142.98108
13.772021,142.77295
13.784109,142.77295
13.800277,142.77295
13.818274,143.44757
13.832755,143.44757
13.850843,145.55804
13.866786,145.55804
13.883562,146.5954
13.901022,146.5954
13.916703,146.5954
13.934083,147.60211
13.949561,147.60211
13.971962,148.4184
13.98225,148.4184
14.000187,148.4184
14.017236,148.90784
14.032248,148.90784
14.050561,150.8841
14.065794,150.8841
14.08389,151.96594
14.100334,151.96594
14.115288,151.96594
14.134647,152.07678
14.149537,152.07678
14.165539,150.10791
14.183367,150.10791
14.199538,150.10791
14.21649,153.49506
14.234217,153.49506
14.251316,154.89197
14.266898,154.89197
14.283579,155.05658
14.301039,155.05658
14.316343,155.05658
14.334993,155.41333
14.35113,155.41333
14.368452,157.9112
14.383617,157.9112
14.399653,157.9112
14.417849,158.47742
14.432454,158.47742
14.449255,159.27515
14.4665365,159.27515
14.4838,158.67706
14.5001135,158.67706
14.516316,158.67706
14.534383,158.54468
14.550195,158.54468
14.565687,158.67926
14.58399,158.67926
14.599844,158.67926
14.617753,160.0564
14.632768,160.0564
14.651113,160.5307
14.667273,160.5307
14.682544,160.5307
14.700176,160.42487
14.71625,160.42487
14.734831,160.01685
14.749398,160.01685
14.766416,161.30035
14.784323,161.30035
14.800493,161.30035
14.8176365,161.26031
14.83284,161.26031
14.850778,162.23541
14.865946,162.23541
14.883504,161.86987
14.899895,161.86987
14.916032,161.86987
14.934337,162.51593
14.949541,162.51593
14.966613,161.46979
14.984272,161.46979
14.999388,161.46979
15.016607,160.93915
15.033345,160.93915
15.051321,163.50024
15.065552,163.50024
15.082806,163.50024
15.100921,163.71362
15.116903,163.71362
15.134783,163.06702
15.14926,163.06702
15.168718,160.87482
15.182814,160.87482
15.1988325,160.87482
15.217778,161.13062
15.233317,161.13062
15.25125,161.93903
15.266294,161.93903
15.282368,161.93903
15.304978,161.76501
15.316184,161.76501
15.332881,160.95544
15.348982,160.95544
15.371778,161.2735
15.382749,161.2735
15.398962,161.2735
15.418086,162.63062
15.431975,162.63062
15.451009,161.29175
15.466824,161.29175
15.483366,161.29175
15.501563,159.07141
15.515713,159.07141
15.538033,161.50409
15.548694,161.50409
15.5667715,162.24896
15.583817,162.24896
15.598625,162.24896
15.618274,161.45435
15.633586,161.45435
15.649846,161.3153
15.665631,161.3153
15.683577,160.84875
15.701618,160.84875
15.716366,160.84875
15.734341,162.62762
15.750027,162.62762
15.767225,162.47388
15.784216,162.47388
15.799227,162.47388
15.818368,161.1435
15.832886,161.1435
15.850243,161.5061
15.866427,161.5061
15.883645,161.43378
15.899899,161.43378
15.917114,161.43378
15.935101,160.88367
15.94945,160.88367
15.966598,158.34277
15.984131,158.34277
15.999098,158.34277
16.01707,159.19006
16.032627,159.19006
16.05071,162.2196
16.067383,162.2196
16.082518,162.2196
16.100485,162.1308
16.128027,162.92267
16.139877,162.92267
16.152945,162.92267
16.169384,161.13416
16.185932,161.13416
16.20436,163.11462
16.219456,163.11462
16.23578,163.11462
16.255745,162.62323
16.26903,162.62323
16.28578,161.98718
16.303352,161.98718
16.31949,161.98718
16.337702,162.43457
16.35165,162.43457
16.369638,163.16486
16.386765,163.16486
16.404303,162.89484
16.420757,162.89484
16.435936,162.89484
16.454634,161.7898
16.469786,161.7898
16.485628,161.96918
16.502096,161.96918
16.519264,161.96918
16.537125,163.07123
16.55226,163.07123
16.569363,163.22534
16.586388,163.22534
16.603218,163.22534
16.619854,164.4654
16.635399,164.4654
16.658857,164.38495
16.669094,164.38495
16.686502,165.12799
16.704271,165.12799
16.71882,165.12799
16.73719,164.23651
16.75158,164.23651
16.771032,164.8078
16.78656,164.8078
16.804493,163.21674
16.82022,163.21674
16.83557,163.21674
16.854105,164.3648
16.868513,164.3648
16.885359,163.24042
16.90479,163.24042
16.919035,163.24042
16.937931,161.48969
16.952435,161.48969
16.970465,162.0777
16.98648,162.0777
17.001282,162.0777
17.019186,163.22705
17.03534,163.22705
17.054008,165.73816
17.069395,165.73816
17.087553,166.26941
17.102745,166.26941
17.11827,166.26941
17.137987,166.1507
17.15277,166.1507
17.170975,164.43939
17.1858,164.43939
17.202604,164.43939
17.220358,164.09662
17.242393,164.09662
17.255882,166.97156
17.268696,166.97156
17.288448,165.19513
17.30362,165.19513
17.319853,165.19513
17.33577,164.51819
17.352186,164.51819
17.370079,163.89508
17.385468,163.89508
17.403568,163.14868
17.42004,163.14868
17.43577,163.14868
17.453346,163.84229
17.468529,163.84229
17.486458,163.31232
17.502317,163.31232
17.518654,163.31232
17.537926,163.13483
17.551493,163.13483
17.569653,165.94232
17.584997,165.94232
17.604856,165.61163
17.619287,165.61163
17.635733,165.61163
17.655405,164.83032
17.668613,164.83032
17.687504,163.36884
17.702267,163.36884
17.718307,163.36884
17.737526,165.30255
17.752666,165.30255
17.773977,164.34412
17.785513,164.34412
17.80279,164.34412
17.82109,164.88385
17.835037,164.88385
17.854485,164.50415
17.869461,164.50415
17.885937,164.96484
17.903578,164.96484
17.919525,164.96484
17.936525,164.62427
17.95285,164.62427
17.969887,164.1831
17.985804,164.1831
18.002272,164.1831
18.020025,164.21228
18.035086,164.21228
18.053164,164.96802
18.068777,164.96802
18.089724,164.56763
18.103746,164.56763
18.119886,164.56763
18.137844,165.29279
18.152689,165.29279
18.170982,161.83429
18.185701,161.83429
18.20209,161.83429
18.221529,162.02148
18.236073,162.02148
18.254564,160.44397
18.269226,160.44397
18.285048,158.9129
18.303963,158.9129
18.320133,158.9129
18.336994,157.22156
18.352312,157.22156
18.370617,154.06262
18.386503,154.06262
18.401548,154.06262
18.419308,153.14282
18.43598,153.14282
18.454182,153.52032
18.46871,153.52032
18.487782,152.09113
18.503683,152.09113
18.520039,152.09113
18.537542,154.32184
18.551361,154.32184
18.569769,153.06927
18.585907,153.06927
18.601547,153.06927
18.625023,152.27191
18.635418,152.27191
18.654125,150.02527
18.66781,150.02527
18.68546,151.84906
18.704151,151.84906
18.720644,151.84906
18.737991,151.30109
18.753332,151.30109
18.774643,151.72717
18.785883,151.72717
18.802217,151.72717
18.819714,150.3595
18.834797,150.3595
18.853605,147.58514
18.869383,147.58514
18.887217,146.45795
18.902895,146.45795
18.91853,146.45795
18.937777,147.98914
18.952717,147.98914
18.972486,146.42432
18.984795,146.42432
19.002045,146.42432
19.01911,145.00037
19.03504,145.00037
19.053148,146.89911
19.070192,146.89911
19.08755,146.23718
19.10138,146.23718
19.11948,146.23718
19.138214,143.99207
19.15235,143.99207
19.169294,141.95264
19.185703,141.95264
19.202158,141.95264
19.219454,142.23663
19.235508,142.23663
19.25382,140.10492
19.269156,140.10492
19.285353,140.26782
19.30383,140.26782
19.32043,140.26782
19.336786,137.75714
19.353674,137.75714
19.37052,138.11328
19.386202,138.11328
19.404821,138.21497
19.420568,138.21497
19.43605,138.21497
19.453024,137.11322
19.46796,137.11322
19.485456,134.57074
19.503855,134.57074
19.519386,134.57074
19.538027,134.9029
19.552282,134.9029
19.573334,135.00073
19.585041,135.00073
19.602617,135.00073
19.61994,133.18408
19.636024,133.18408
19.653473,134.03369
19.668879,134.03369
19.68591,133.41504
19.703718,133.41504
19.719887,133.41504
19.738703,132.85876
19.75194,132.85876
19.774387,132.31873
19.786032,132.31873
19.804008,128.28479
19.82049,128.28479
19.836939,128.28479
19.853085,128.75342
19.87016,128.75342
19.88614,129.33386
19.902641,129.33386
19.919817,129.33386
19.938051,128.67035
19.952538,128.67035
19.969831,129.45435
19.984972,129.45435
20.002193,129.45435
20.019756,128.54169
20.036123,128.54169
20.053154,130.7157
20.069248,130.7157
20.08584,129.34656
20.10339,129.34656
20.119112,129.34656
20.137472,129.14484
20.151812,129.14484
20.169567,125.274475
20.18639,125.274475
20.203606,125.09021
20.22011,125.09021
20.235329,125.09021
20.254578,122.89111
20.26942,122.89111
20.285435,120.93359
20.304174,120.93359
20.326658,121.247314
20.339119,121.247314
20.352299,121.247314
20.369085,120.8844
20.385733,120.8844
20.401611,120.8844
20.419445,120.846375
20.436047,120.846375
20.453756,121.56146
20.469784,121.56146
20.487484,119.09619
20.502056,119.09619
20.519367,119.09619
20.537407,119.86029
20.552446,119.86029
20.572744,117.99774
20.585737,117.99774
20.601608,117.99774
20.620665,119.140564
20.635754,119.140564
20.656551,116.865234
20.670073,116.865234
20.68658,118.595215
20.70402,118.595215
20.719845,118.595215
20.738337,116.49951
20.751333,116.49951
20.769308,114.48938
20.78557,114.48938
20.801413,114.48938
20.820068,113.640625
20.835466,113.640625
20.854177,114.391785
20.868809,114.391785
20.886442,114.80646
20.903324,114.80646
20.918951,114.80646
20.935888,115.08942
20.952374,115.08942
20.97803,113.34204
20.988619,113.34204
21.002373,113.34204
21.019379,114.492065
21.03511,114.492065
21.05465,112.218994
21.06959,112.218994
21.087559,113.543274
21.101942,113.543274
21.119482,113.543274
21.13591,113.32385
21.152012,113.32385
21.171095,109.23303
21.185263,109.23303
21.203432,108.88098
21.219307,108.88098
21.235632,108.88098
21.253958,110.22333
21.268936,110.22333
21.286615,109.39606
21.302954,109.39606
21.319572,109.39606
21.337357,108.53339
21.352303,108.53339
21.369583,109.6662
21.385862,109.6662
21.402779,109.6662
21.419453,111.262695
21.448215,110.25
21.459883,110.25
21.473038,110.25
21.492409,110.058716
21.506248,110.058716
21.522564,110.058716
21.541172,109.81708
21.55545,109.81708
21.57528,110.04254
21.589,110.04254
21.605206,108.463745
21.624805,108.463745
21.63878,108.463745
21.656614,109.01294
21.673016,109.01294
21.690691,110.32306
21.706142,110.32306
21.723858,106.5188
21.741468,106.5188
21.755915,106.5188
21.773848,108.047
21.788898,108.047
21.80622,106.92267
21.823608,106.92267
21.839066,106.92267
21.856937,107.894226
21.872242,107.894226
21.891129,109.644226
21.90541,109.644226
21.923552,107.706116
21.938799,107.706116
21.9559,107.706116
21.974297,109.21564
21.989746,109.21564
22.007586,109.85651
22.022758,109.85651
22.038897,109.85651
22.057898,111.17401
22.07217,111.17401
22.094982,110.42969
22.106937,110.42969
22.12375,110.42969
22.1414,112.44501
22.156193,112.44501
22.176483,107.99719
22.1884,107.99719
22.205824,107.64087
22.222162,107.64087
22.238855,107.64087
22.25782,108.772766
22.273003,108.772766
22.291582,106.60901
22.305721,106.60901
22.322435,106.60901
22.339037,107.24286
22.356642,107.24286
22.3739,109.7417
22.389393,109.7417
22.405989,109.02533
22.424105,109.02533
22.438644,109.02533
22.457554,108.52728
22.472284,108.52728
22.490358,108.862
22.505428,108.862
22.523096,108.862
22.540962,107.969055
22.55596,107.969055
22.574324,108.46338
22.589098,108.46338
22.60733,109.601685
22.624098,109.601685
22.6395,109.601685
22.658503,108.35193
22.67261,108.35193
22.69349,109.03888
22.70636,109.03888
22.722374,109.03888
22.740404,108.145386
22.75633,108.145386
22.774305,108.24988
22.790836,108.24988
22.806612,109.34668
22.822865,109.34668
22.839333,109.34668
22.856897,108.74347
22.87209,108.74347
22.890474,108.66382
22.90615,108.66382
22.922087,108.66382
22.941126,109.892456
22.954988,109.892456
22.973967,108.30463
22.988888,108.30463
23.011663,109.11926
23.022766,109.11926
23.039053,109.11926
23.056702,107.96893
23.072166,107.96893
23.091036,109.271545
23.106003,109.271545
23.123537,108.19025
23.140615,108.19025
23.156155,108.19025
23.1738,105.75726
23.188572,105.75726
23.207422,108.43182
23.222473,108.43182
23.238325,108.43182
23.257162,107.4837
23.272316,107.4837
23.290699,106.46179
23.306349,106.46179
23.322407,106.46179
23.339111,107.50653
23.356232,107.50653
23.374352,108.692566
23.389103,108.692566
23.405815,107.53058
23.422886,107.53058
23.43978,107.53058
23.456907,108.66333
23.47237,108.66333
23.48961,106.690186
23.506996,106.690186
23.523226,106.690186
23.5404,107.45764
23.55585,107.45764
23.572823,108.646484
23.589172,108.646484
23.605751,108.48401
23.624517,108.48401
23.638403,108.48401
23.656942,105.66345
23.672745,105.66345
23.691048,106.71149
23.705019,106.71149
23.722237,106.71149
23.73997,108.49982
23.75514,108.49982
23.777754,107.53253
23.79061,107.53253
23.806276,107.526184
23.822535,107.526184
23.839972,107.526184
23.857723,107.7005
23.872726,107.7005
23.890854,110.52118
23.90666,110.52118
23.92284,110.52118
23.93933,109.22693
23.955605,109.22693
23.974747,110.2959
23.988699,110.2959
24.00635,111.46814
24.024345,111.46814
24.039711,111.46814
24.057367,108.74304
24.073484,108.74304
24.090956,107.73236
24.105665,107.73236
24.122847,107.73236
24.140959,110.35309
24.155622,110.35309
24.173864,108.25647
24.189566,108.25647
24.206013,108.8551
24.22294,108.8551
24.239294,108.8551
24.257553,109.742676
24.272196,109.742676
24.295618,109.640625
24.306917,109.640625
24.322979,109.640625
24.34112,109.263794
24.356455,109.263794
24.374643,112.22662
24.390919,112.22662
24.409042,113.37494
24.423132,113.37494
24.439207,113.37494
24.46194,116.65015
24.473259,116.65015
24.49102,116.520996
24.505268,116.520996
24.522678,116.520996
24.542084,117.56384
24.55624,117.56384
24.574368,116.67114
24.589676,116.67114
24.60778,117.55542
24.621613,117.55542
24.640554,117.55542
24.65755,119.091
24.672745,119.091
24.690216,120.57556
24.705574,120.57556
24.724297,119.56958
24.739845,119.56958
24.756062,119.56958
24.773073,122.88391
24.789337,122.88391
24.806593,123.734314
24.822798,123.734314
24.838907,123.734314
24.857655,125.17041
24.872822,125.17041
24.891012,124.55109
24.904484,124.55109
24.922293,124.55109
24.940695,127.579834
24.955917,127.579834
24.973965,126.53613
24.989277,126.53613
25.006517,129.25787
25.024195,129.25787
25.039715,129.25787
25.057444,129.23346
25.072124,129.23346
25.090254,130.75446
25.105047,130.75446
25.123705,131.01239
25.140854,131.01239
25.156904,131.01239
25.174143,127.92999
25.189182,127.92999
25.210938,129.46674
25.222168,129.46674
25.239399,129.46674
25.256996,131.78009
25.2723,131.78009
25.290483,132.698
25.30539,132.698
25.322313,132.698
25.340963,134.42126
25.355124,134.42126
25.37414,135.17694
25.38938,135.17694
25.40583,137.89899
25.424065,137.89899
25.439829,137.89899
25.45794,136.90302
25.472727,136.90302
25.49115,137.80035
25.513046,137.80035
25.525986,139.22278
25.540663,139.22278
25.557392,139.22278
25.575947,140.37946
25.589266,140.37946
25.606504,143.21399
25.623447,143.21399
25.639046,143.21399
25.656801,144.68939
25.672009,144.68939
25.694054,146.60992
25.705807,146.60992
25.721796,146.60992
25.740786,149.46515
25.75658,149.46515
25.774824,150.17468
25.789747,150.17468
25.805906,151.469
25.822363,151.469
25.839678,151.469
25.857536,152.8324
25.873644,152.8324
25.890448,155.28137
25.905428,155.28137
25.923405,156.57037
25.939394,156.57037
25.955639,156.57037
25.97389,157.3902
25.989574,157.3902
26.006413,159.27307
26.023628,159.27307
26.038969,159.27307
26.057798,161.82733
26.071985,161.82733
26.090866,162.90417
26.104681,162.90417
26.123915,165.77844
26.139708,165.77844
26.155802,165.77844
26.174921,163.20197
26.189789,163.20197
26.207104,166.5462
26.22419,166.5462
26.239708,166.5462
26.25748,168.19019
26.272171,168.19019
26.294683,170.32477
26.306282,170.32477
26.322544,170.32477
26.339981,171.31586
26.3551,171.31586
26.373419,174.01923
26.390072,174.01923
26.406645,174.8797
26.42387,174.8797
26.439413,174.8797
26.457659,178.20007
26.472374,178.20007
26.489664,174.84827
26.505661,174.84827
26.523315,174.84827
26.541023,175.67511
26.555882,175.67511
26.572998,174.97089
26.590794,174.97089
26.60651,174.35663
26.623947,174.35663
26.63882,174.35663
26.65787,172.75476
26.672794,172.75476
26.690802,174.03339
26.705776,174.03339
26.72331,173.95648
26.73948,173.95648
26.755844,173.95648
26.773699,174.1623
26.790436,174.1623
26.806242,171.40741
26.82275,171.40741
26.839039,171.40741
26.857895,174.5907
26.873316,174.5907
26.890959,173.48822
26.906507,173.48822
26.923529,173.5578
26.939869,173.5578
26.95649,173.5578
26.974356,172.91943
26.989376,172.91943
27.005762,171.16956
27.02453,171.16956
27.03843,171.16956
27.057499,173.24915
27.072512,173.24915
27.090538,173.80292
27.106634,173.80292
27.123976,172.62842
27.14046,172.62842
27.156408,172.62842
27.176996,171.00018
27.190063,171.00018
27.2075,170.66992
27.222263,170.66992
27.238623,170.66992
27.257305,172.86792
27.272785,172.86792
27.300312,173.0727
27.310547,173.0727
27.324072,171.1582
27.342543,171.1582
27.358425,171.1582
27.375998,171.12848
27.391117,171.12848
27.408163,172.34717
27.423977,172.34717
27.440268,172.34717
27.458967,171.69446
27.474766,171.69446
27.495457,170.94745
27.507774,170.94745
27.525248,170.92761
27.54278,170.92761
27.557562,170.92761
27.576672,171.15814
27.590628,171.15814
27.60855,171.02551
27.623827,171.02551
27.641203,171.02551
27.65767,171.85345
27.673864,171.85345
27.691658,170.9237
27.707222,170.9237
27.724657,171.60883
27.742023,171.60883
27.757313,171.60883
27.776903,170.92596
27.792915,170.92596
27.812332,170.3526
27.824705,170.3526
27.841885,170.3526
27.85832,169.86761
27.874947,169.86761
27.891983,169.67432
27.90695,169.67432
27.92545,169.37482
27.941986,169.37482
27.957165,169.37482
27.97617,169.75836
27.99042,169.75836
28.009663,169.35645
28.024305,169.35645
28.040953,169.35645
28.058506,172.62592
28.073717,172.62592
28.092815,171.63806
28.107622,171.63806
28.12674,172.46143
28.142357,172.46143
28.158262,172.46143
28.176308,168.94391
28.189995,168.94391
28.208735,171.56909
28.226107,171.56909
28.24762,171.02081
28.261274,171.02081
28.273952,171.02081
28.292173,171.77606
28.307827,171.77606
28.324371,169.46802
28.341524,169.46802
28.357872,169.46802
28.375711,171.125
28.391113,171.125
28.407974,170.3247
28.423676,170.3247
28.441017,170.3247
28.46002,168.33191
28.47364,168.33191
28.491892,169.00287
28.507174,169.00287
28.525314,169.80957
28.542624,169.80957
28.55746,169.80957
28.575247,168.35504
28.590286,168.35504
28.608683,171.0968
28.624933,171.0968
28.641459,171.0968
28.659351,169.2013
28.67372,169.2013
28.691828,169.08795
28.706892,169.08795
28.73691,167.94147
28.75164,167.94147
28.762274,167.94147
28.779491,168.69446
28.795599,168.69446
28.815569,167.36523
28.828253,167.36523
28.84579,168.86725
28.862085,168.86725
28.877617,168.86725
28.89431,167.08875
28.910812,167.08875
28.930965,164.55042
28.94373,164.55042
28.96148,164.55042
28.979536,164.37341
28.994547,164.37341
29.012737,165.77228
29.027607,165.77228
29.045797,167.88727
29.062006,167.88727
29.078598,167.88727
29.09586,169.48651
29.111708,169.48651
29.13365,167.58331
29.144932,167.58331
29.162172,167.58331
29.178879,166.17719
29.193878,166.17719
29.213036,166.45618
29.227043,166.45618
29.245972,168.67847
29.261906,168.67847
29.278,168.67847
29.296413,167.38855
29.31102,167.38855
29.328516,167.23126
29.344852,167.23126
29.361254,167.23126
29.378593,164.96094
29.396357,164.96094
29.412233,163.21143
29.428526,163.21143
29.444523,162.6427
29.463467,162.6427
29.47884,162.6427
29.496288,162.85547
29.511442,162.85547
29.52906,163.35632
29.544722,163.35632
29.56054,163.35632
29.578377,164.30084
29.59554,164.30084
29.613104,163.85815
29.627186,163.85815
29.644373,163.5683
29.66137,163.5683
29.678215,163.5683
29.695877,162.89441
29.711134,162.89441
29.732,165.06598
29.74482,165.06598
29.760862,165.06598
29.779829,164.46393
29.794748,164.46393
29.81304,164.02545
29.826752,164.02545
29.845022,164.48584
29.862396,164.48584
29.877762,164.48584
29.895224,162.82379
29.910585,162.82379
29.932302,163.12128
29.945694,163.12128
29.960808,163.12128
29.978357,162.04114
29.995234,162.04114
30.016483,162.2857
30.028584,162.2857
30.044743,164.16772
30.062515,164.16772
30.07761,164.16772
30.09636,162.59766
30.111673,162.59766
30.128658,164.60437
30.1451,164.60437
30.161797,164.60437
30.178553,160.6961
30.195307,160.6961
30.215487,160.91864
30.228724,160.91864
30.244364,159.09692
30.261118,159.09692
30.27814,159.09692
30.296686,157.13489
30.311155,157.13489
30.331142,153.96997
30.345388,153.96997
30.360054,153.96997
30.380074,150.92828
30.39507,150.92828
30.413418,150.63684
30.428823,150.63684
30.444822,150.27234
30.462948,150.27234
30.477652,150.27234
30.495497,148.81744
30.510672,148.81744
30.529621,149.88019
30.544468,149.88019
30.56141,149.88019
30.579342,148.52759
30.59487,148.52759
30.615442,148.7649
30.628668,148.7649
30.644632,147.32349
30.661789,147.32349
30.67734,147.32349
30.69667,149.33478
30.71143,149.33478
30.73303,147.02405
30.743937,147.02405
30.76211,147.02405
30.782684,147.19055
30.795158,147.19055
30.812979,145.41705
30.826912,145.41705
30.845566,143.90717
30.86166,143.90717
30.876974,143.90717
30.896986,143.24866
30.911121,143.24866
30.930187,143.70831
30.94472,143.70831
30.962297,143.70831
30.979588,142.6394
30.993736,142.6394
31.013187,142.26587
31.026968,142.26587
31.044811,144.85254
31.062462,144.85254
31.078613,144.85254
31.09719,144.12238
31.112396,144.12238
31.130856,142.1878
31.145708,142.1878
31.161785,142.1878
31.179928,141.19702
31.194372,141.19702
31.213337,140.47687
31.228703,140.47687
31.245335,141.67352
31.26299,141.67352
31.278702,141.67352
31.296673,139.87964
31.310387,139.87964
31.32955,136.17517
31.344587,136.17517
31.360659,136.17517
31.380568,136.20734
31.394495,136.20734
31.416164,136.42719
31.428589,136.42719
31.445105,136.2799
31.462404,136.2799
31.478037,136.2799
31.496136,134.53125
31.511053,134.53125
31.530943,133.08112
31.545525,133.08112
31.570803,134.11157
31.587255,134.11157
31.595615,134.11157
31.613798,132.15906
31.629408,132.15906
31.645765,132.42133
31.664042,132.42133
31.678791,132.42133
31.69616,132.35864
31.712048,132.35864
31.72983,131.25226
31.746532,131.25226
31.762884,131.25226
31.78023,130.3764
31.796858,130.3764
31.817099,127.23035
31.82931,127.23035
31.847662,128.26178
31.863535,128.26178
31.879435,128.26178
31.897379,127.6308
31.912169,127.6308
31.931063,126.00653
31.945295,126.00653
31.963293,126.00653
31.980286,124.90112
31.995602,124.90112
32.01508,124.732544
32.028255,124.732544
32.045746,125.00525
32.06314,125.00525
32.08006,125.00525
32.09677,123.08197
32.113445,123.08197
32.131004,124.554504
32.145405,124.554504
32.16132,124.554504
32.180954,120.76343
32.19684,120.76343
32.21463,119.35663
32.22821,119.35663
32.24799,119.82434
32.26278,119.82434
32.27897,119.82434
32.297916,116.894775
32.312977,116.894775
32.330704,117.214294
32.34651,117.214294
32.362,117.214294
32.380352,118.7558
32.39583,118.7558
32.41617,117.678955
32.427944,117.678955
32.446297,117.73743
32.463833,117.73743
32.47967,117.73743
32.497375,116.845276
32.51289,116.845276
32.530968,116.792725
32.546482,116.792725
32.562115,116.792725
32.579063,114.898315
32.59515,114.898315
32.614426,116.1275
32.629356,116.1275
32.64624,115.37836
32.664207,115.37836
32.6783,115.37836
32.69873,114.05768
32.71362,114.05768
32.730907,113.96008
32.746124,113.96008
32.76205,113.96008
32.77947,112.56439
32.795307,112.56439
32.813526,111.279236
32.82904,111.279236
32.84717,112.92413
32.863644,112.92413
32.89314,112.46747
32.905666,112.46747
32.91837,112.46747
32.9363,112.850586
32.951828,112.850586
32.969955,111.88391
32.98398,111.88391
32.99989,111.88391
33.01967,113.46069
33.03518,113.46069
33.05154,110.21796
33.068005,110.21796
33.084774,110.78198
33.101147,110.78198
33.117214,110.78198
33.135647,110.71893
33.15004,110.71893
33.17002,108.78479
33.183678,108.78479
33.201416,108.78479
33.2185,109.00751
33.234436,109.00751
33.252945,108.760925
33.267902,108.760925
33.284622,107.59717
33.30166,107.59717
33.318047,107.59717
33.335438,108.80017
33.351192,108.80017
33.37182,109.903015
33.384315,109.903015
33.401768,109.903015
33.419125,110.24756
33.433247,110.24756
33.45368,110.65576
33.468468,110.65576
33.488277,109.49481
33.501675,109.49481
33.517204,109.49481
33.53627,110.098145
33.55155,110.098145
33.56858,109.6712
33.584118,109.6712
33.600906,109.6712
33.61972,107.88031
33.63454,107.88031
33.65292,109.22681
33.66687,109.22681
33.684723,110.18103
33.70315,110.18103
33.718216,110.18103
33.735214,107.08356
33.751404,107.08356
33.76797,108.202515
33.785336,108.202515
33.801056,108.202515
33.819607,109.27362
33.83496,109.27362
33.85289,110.477234
33.867947,110.477234
33.88433,110.90094
33.901306,110.90094
33.917805,110.90094
33.935806,112.62201
33.950752,112.62201
33.969524,110.50122
33.985916,110.50122
34.001568,110.50122
34.019726,110.155396
34.034973,110.155396
34.052544,108.8385
34.068203,108.8385
34.083927,108.78259
34.101215,108.78259
34.118774,108.78259
34.13588,108.80969
34.15148,108.80969
34.171047,107.52283
34.18486,107.52283
34.20043,107.52283
34.21853,106.92627
34.23518,106.92627
34.252293,107.84772
34.268726,107.84772
34.28819,107.24542
34.301876,107.24542
34.317734,107.24542
34.33819,106.97992
34.351933,106.97992
34.371777,107.76776
34.38601,107.76776
34.402237,107.76776
34.418842,108.087524
34.434948,108.087524
34.4553,107.950134
34.468353,107.950134
34.485126,106.72687
34.502876,106.72687
34.516685,106.72687
34.536568,108.52692
34.5508,108.52692
34.56947,109.08832
34.585186,109.08832
34.60116,109.08832
34.61991,107.84808
34.635788,107.84808
34.653297,107.79285
34.66901,107.79285
34.68555,106.58087
34.702885,106.58087
34.7173,106.58087
34.735077,107.32416
34.75092,107.32416
34.768143,106.95282
34.788086,106.95282
34.80153,106.95282
34.819614,106.03992
34.83583,106.03992
34.85142,107.72888
34.868454,107.72888
34.88544,107.22864
34.90354,107.22864
34.91827,107.22864
34.936157,109.516846
34.951584,109.516846
34.972816,107.1958
34.984768,107.1958
35.000294,107.1958
35.01865,108.2442
35.035915,108.2442
35.05209,107.2832
35.068386,107.2832
35.08362,108.05066
35.10144,108.05066
35.11702,108.05066
35.13617,107.53021
35.151176,107.53021
35.172817,105.47095
35.18469,105.47095
35.20089,105.47095
35.2192,106.5542
35.235203,106.5542
35.25356,106.6134
35.267147,106.6134
35.28459,106.48517
35.30299,106.48517
35.317856,106.48517
35.33664,108.582825
35.350967,108.582825
35.369354,107.04169
35.38479,107.04169
35.400723,107.04169
35.419186,107.674194
35.43444,107.674194
35.452698,107.63269
35.46854,107.63269
35.48607,107.529236
35.502636,107.529236
35.517387,107.529236
35.53906,108.46924
35.550854,108.46924
35.572277,107.74878
35.585094,107.74878
35.6018,107.74878
35.61929,107.600525
35.634457,107.600525
35.652428,107.16046
35.6679,107.16046
35.68491,108.59979
35.70305,108.59979
35.718513,108.59979
35.73581,108.430786
35.751404,108.430786
35.77211,107.718994
35.788727,107.718994
35.80031,107.718994
35.81934,108.52515
35.833866,108.52515
35.85243,110.04993
35.86764,110.04993
35.88414,110.49957
35.90102,110.49957
35.917877,110.49957
35.935223,109.69409
35.950016,109.69409
35.969204,110.0802
35.982903,110.0802
36.000767,110.0802
36.020405,109.27826
36.03425,109.27826
36.051907,109.09265
36.067196,109.09265
36.084675,109.192505
36.100426,109.192505
36.11769,109.192505
36.137135,109.18121
36.15121,109.18121
36.170853,108.02222
36.183514,108.02222
36.201324,108.02222
36.218025,107.99072
36.233765,107.99072
36.25133,109.796875
36.26777,109.796875
36.284115,110.3642
36.301785,110.3642
36.317265,110.3642
36.33526,111.66931
36.35204,111.66931
36.372646,113.81543
36.38411,113.81543
36.401672,113.81543
36.418903,116.30328
36.435192,116.30328
36.452286,115.62158
36.467903,115.62158
36.483967,116.481995
36.50148,116.481995
36.518585,116.481995
36.5363,118.56409
36.550713,118.56409
36.5684,119.255615
36.58454,119.255615
36.60088,119.255615
36.619408,120.00946
36.633472,120.00946
36.652935,120.12195
36.66739,120.12195
36.684345,124.482056
36.702164,124.482056
36.716923,124.482056
36.73631,123.22418
36.751507,123.22418
36.768047,126.48071
36.784924,126.48071
36.799828,126.48071
36.81929,124.6239
36.83476,124.6239
36.8558,128.15997
36.867294,128.15997
36.88357,127.26764
36.90124,127.26764
36.918034,127.26764
36.93633,128.87305
36.950047,128.87305
36.97205,128.36108
36.984043,128.36108
36.999947,128.36108
37.019035,131.10083
37.034805,131.10083
37.051132,132.982
37.067932,132.982
37.084656,134.82953
37.102215,134.82953
37.12396,134.82953
37.137325,134.24023
37.151608,134.24023
37.168686,133.04175
37.184277,133.04175
37.20111,133.04175
37.217907,135.14203
37.23324,135.14203
37.25193,138.18579
37.268394,138.18579
37.2854,137.85437
37.301533,137.85437
37.317554,137.85437
37.336346,139.69891
37.351303,139.69891
37.36858,140.04443
37.384277,140.04443
37.401802,140.04443
37.418358,142.56427
37.433437,142.56427
37.453056,142.09467
37.468124,142.09467
37.484425,141.34589
37.502296,141.34589
37.516953,141.34589
37.535778,143.13159
37.551147,143.13159
37.56926,143.82495
37.585274,143.82495
37.601833,143.82495
37.618477,144.31836
37.63432,144.31836
37.655075,145.38159
37.6671,145.38159
37.684525,146.4101
37.702774,146.4101
37.71785,146.4101
37.736866,147.50024
37.75122,147.50024
37.768982,147.11505
37.785313,147.11505
37.801792,147.11505
37.818535,148.06085
37.83401,148.06085
37.851242,148.86151
37.86735,148.86151
37.884426,151.53552
37.903225,151.53552
37.91866,151.53552
37.938152,152.39813
37.951942,152.39813
37.969692,152.96893
37.984222,152.96893
38.002083,152.96893
38.018215,153.60455
38.03489,153.60455
38.054283,155.42145
38.06778,155.42145
38.084908,157.52136
38.10128,157.52136
38.119797,157.52136
38.13561,157.89154
38.150738,157.89154
38.16808,153.23999
38.184315,153.23999
38.20088,153.23999
38.219036,156.43054
38.236046,156.43054
38.252457,156.85968
38.268135,156.85968
38.2851,156.55792
38.30198,156.55792
38.318592,156.55792
38.337105,157.74207
38.349937,157.74207
38.372894,160.94287
38.38492,160.94287
38.40252,160.94287
38.419174,160.42957
38.43441,160.42957
38.45512,161.6488
38.46824,161.6488
38.485893,160.60223
38.502598,160.60223
38.517567,160.60223
38.536312,160.57422
38.552,160.57422
38.57256,161.16302
38.584637,161.16302
38.601337,161.16302
38.623623,160.84851
38.634377,160.84851
38.654305,160.75525
38.668926,160.75525
38.68424,162.11139
38.702503,162.11139
38.717754,162.11139
38.736923,162.8775
38.751587,162.8775
38.76984,162.89984
38.789413,162.89984
38.801975,162.89984
38.81933,161.92609
38.83503,161.92609
38.854084,163.71948
38.868404,163.71948
38.884804,163.34845
38.903088,163.34845
38.91867,163.34845
38.93608,164.86487
38.95182,164.86487
38.96866,163.80652
38.98536,163.80652
39.00063,163.80652
39.019524,162.4873
39.03498,162.4873
39.05206,166.26172
39.068142,166.26172
39.08478,166.06537
39.1019,166.06537
39.118134,166.06537
39.135693,166.31293
39.152412,166.31293
39.168827,164.94415
39.1843,164.94415
39.2012,164.94415
39.220352,165.54193
39.23438,165.54193
39.25209,167.09467
39.268066,167.09467
39.28488,165.9502
39.30197,165.9502
39.318077,165.9502
39.337746,165.0055
39.352463,165.0055
39.37012,164.2207
39.3857,164.2207
39.402554,164.2207
39.419296,166.06146
39.444107,166.06146
39.456135,165.65497
39.469154,165.65497
39.48641,162.1576
39.50345,162.1576
39.51878,162.1576
39.538483,162.94409
39.55289,162.94409
39.570934,163.84625
39.58596,163.84625
39.601746,163.84625
39.62045,163.12592
39.63451,163.12592
39.65387,162.2428
39.67083,162.2428
39.69449,162.41443
39.7093,162.41443
39.71955,162.41443
39.737766,164.73138
39.752556,164.73138
39.769356,164.3963
39.786465,164.3963
39.802914,164.3963
39.82152,164.4654
39.837257,164.4654
39.85431,164.55908
39.868916,164.55908
39.885365,164.42279
39.904556,164.42279
39.919353,164.42279
39.93749,163.78705
39.95349,163.78705
39.974644,160.97168
39.986668,160.97168
40.002434,160.97168
40.019855,161.15668
40.035885,161.15668
40.054504,163.0144
40.06911,163.0144
40.086586,163.0285
40.103325,163.0285
40.119213,163.0285
40.137566,163.62897
40.15323,163.62897
40.173412,161.86652
40.184864,161.86652
40.202503,161.86652
40.220165,163.63531
40.23653,163.63531
40.25299,162.78247
40.268036,162.78247
40.288296,163.17554
40.303207,163.17554
40.318897,163.17554
40.337208,161.3877
40.352184,161.3877
40.369675,162.7555
40.385113,162.7555
40.4039,163.69647
40.420597,163.69647
40.43549,163.69647
40.457024,159.90546
40.46941,159.90546
40.489937,160.12805
40.503807,160.12805
40.519657,160.12805
40.538403,161.98059
40.553078,161.98059
40.57527,161.6372
40.585552,161.6372
40.602104,161.6372
40.61962,163.09344
40.634613,163.09344
40.65432,162.37793
40.66851,162.37793
40.685745,163.46954
40.70372,163.46954
40.72056,163.46954
40.73987,162.44409
40.756313,162.44409
40.773697,162.93372
40.786564,162.93372
40.803677,162.20563
40.8202,162.20563
40.836082,162.20563
40.854183,162.625
40.868256,162.625
40.888626,162.13428
40.9021,162.13428
40.91992,162.13428
40.937763,159.95508
40.953594,159.95508
40.971848,159.85638
40.98574,159.85638
41.00267,159.85638
41.02115,160.48877
41.036304,160.48877
41.053356,162.42114
41.069164,162.42114
41.085907,162.40149
41.103558,162.40149
41.120407,162.40149
41.138294,161.46008
41.152588,161.46008
41.170227,160.00159
41.185543,160.00159
41.205795,159.90204
41.219917,159.90204
41.235718,159.90204
41.25483,160.75562
41.269123,160.75562
41.28555,159.88312
41.304016,159.88312
41.319176,159.88312
41.337425,159.01465
41.352978,159.01465
41.374916,158.69067
41.385998,158.69067
41.406532,159.64856
41.421165,159.64856
41.435764,159.64856
41.453922,159.69489
41.46933,159.69489
41.486946,158.69507
41.503345,158.69507
41.519897,158.69507
41.538715,158.90521
41.55962,158.90521
41.57738,160.034
41.5865,160.034
41.603508,159.72662
41.620354,159.72662
41.63585,159.72662
41.655006,159.76123
41.66971,159.76123
41.68584,160.5498
41.704647,160.5498
41.719707,160.5498
41.739914,160.06989
41.75336,160.06989
41.769306,159.98627
41.786106,159.98627
41.80254,159.98627
41.821503,158.99689
41.835835,158.99689
41.853306,159.16998
41.868618,159.16998
41.88641,157.09778
41.90499,157.09778
41.91918,157.09778
41.93677,157.22827
41.952522,157.22827
41.970562,157.93274
41.986332,157.93274
42.00401,158.25757
42.02126,158.25757
42.03732,158.25757
42.05424,159.3891
42.069035,159.3891
42.0858,158.54315
42.103546,158.54315
42.121117,158.54315
42.13777,158.60443
42.153545,158.60443
42.169533,154.76099
42.186554,154.76099
42.20258,154.76099
42.220444,155.41522
42.235615,155.41522
42.25488,152.31592
42.270023,152.31592
42.286045,150.98767
42.30414,150.98767
42.319313,150.98767
42.33834,148.9773
42.352882,148.9773
42.37076,148.2464
42.38647,148.2464
42.420895,147.13507
42.433388,147.13507
42.44561,147.26147
42.463474,147.26147
42.47822,147.26147
42.498524,145.99872
42.51315,145.99872
42.53363,147.10895
42.545425,147.10895
42.562263,147.10895
42.579773,145.13605
42.59568,145.13605
42.61306,146.6648
42.628887,146.6648
42.64922,145.53455
42.66267,145.53455
42.67808,145.53455
42.6956,146.08289
42.711693,146.08289
42.73344,145.29437
42.745693,145.29437
42.762894,145.29437
42.78075,144.72437
42.796513,144.72437
42.813354,144.35931
42.829853,144.35931
42.845856,142.49353
42.862385,142.49353
42.879654,142.49353
42.89603,141.63293
42.912384,141.63293
42.932716,141.85718
42.945065,141.85718
42.962746,141.85718
42.979694,139.58765
42.99434,139.58765
43.01355,139.61688
43.02909,139.61688
43.046593,140.01807
43.063625,140.01807
43.079414,140.01807
43.0978,139.85693
43.11305,139.85693
43.13172,139.9237
43.144966,139.9237
43.161404,139.9237
43.17922,137.43463
43.19481,137.43463
43.2139,136.69391
43.2281,136.69391
43.246265,136.36053
43.26282,136.36053
43.277836,136.36053
43.297348,135.53998
43.31248,135.53998
43.33208,133.7691
43.344868,133.7691
43.36137,133.7691
43.37943,134.20764
43.3946,134.20764
43.414436,134.28778
43.428673,134.28778
43.44442,133.54468
43.463684,133.54468
43.478325,133.54468
43.496902,132.73291
43.511635,132.73291
43.52915,132.47803
43.544476,132.47803
43.562344,132.47803
43.579716,132.45312
43.595387,132.45312
43.612072,131.28625
43.62826,131.28625
43.64448,130.53906
43.663113,130.53906
43.679295,130.53906
43.696114,130.5545
43.71186,130.5545
43.73113,130.22424
43.744297,130.22424
43.76169,130.22424
43.78046,128.02393
43.79536,128.02393
43.813107,126.38391
43.829414,126.38391
43.846943,127.36163
43.86243,127.36163
43.879463,127.36163
43.89565,126.52832
43.910862,126.52832
43.92931,125.310486
43.94472,125.310486
43.962536,125.310486
43.97935,124.89703
43.9959,124.89703
44.01353,125.624084
44.027493,125.624084
44.047234,126.14441
44.062637,126.14441
44.078556,126.14441
44.09641,124.67462
44.112442,124.67462
44.12957,124.73291
44.145203,124.73291
44.1628,124.73291
44.17931,121.50482
44.19513,121.50482
44.212185,122.57434
44.235607,122.57434
44.248363,120.746765
44.264046,120.746765
44.278008,120.746765
44.297394,118.94855
44.312378,118.94855
44.33233,119.85547
44.34664,119.85547
44.361603,119.85547
44.38096,120.03754
44.395416,120.03754
44.415646,120.05597
44.429115,120.05597
44.44569,118.207275
44.463352,118.207275
44.48521,118.207275
44.501907,117.44763
44.512997,117.44763
44.530388,117.6864
44.546062,117.6864
44.561398,117.6864
44.58017,117.00006
44.594963,117.00006
44.61172,117.02045
44.629074,117.02045
44.644993,117.098145
44.662025,117.098145
44.678036,117.098145
44.697056,115.56592
44.712048,115.56592
44.733513,114.56372
44.74583,114.56372
44.76164,114.56372
44.77862,112.5719
44.7949,112.5719
44.81259,112.38159
44.827656,112.38159
44.84732,113.13818
44.862324,113.13818
44.878902,113.13818
44.89653,113.91077
44.91198,113.91077
44.931355,113.477295
44.944466,113.477295
44.961903,113.477295
44.979305,112.202576
44.99658,112.202576
45.016594,113.81421
45.028976,113.81421
45.046307,113.41394
45.062763,113.41394
45.079697,113.41394
45.098057,112.45953
45.11109,112.45953
45.130337,112.16864
45.145298,112.16864
45.16216,112.16864
45.18165,111.826965
45.195004,111.826965
45.214897,111.5448
45.22993,111.5448
45.245567,110.7218
45.262527,110.7218
45.277695,110.7218
45.29807,110.5047
45.31157,110.5047
45.333366,109.43335
45.34576,109.43335
45.3628,109.43335
45.37971,110.34265
45.394367,110.34265
45.41365,110.32782
45.42874,110.32782
45.44681,110.44586
45.463547,110.44586
45.47817,110.44586
45.497116,109.98096
45.512318,109.98096
45.531734,110.751526
45.54632,110.751526
45.56653,110.24725
45.58174,110.24725
45.59733,110.24725
45.61412,112.18408
45.629925,112.18408
45.645943,111.84277
45.66371,111.84277
45.678856,111.84277
45.697067,112.58728
45.711834,112.58728
45.73309,110.82727
45.74673,110.82727
45.764328,110.736145
45.780464,110.736145
45.79669,110.736145
45.81545,111.92584
45.82986,111.92584
45.849236,112.16101
45.86332,112.16101
45.879894,112.16101
45.896072,114.07507
45.913525,114.07507
45.931053,111.34338
45.9463,111.34338
45.96252,111.34338
45.979607,112.11487
45.99532,112.11487
46.015614,112.48285
46.02911,112.48285
46.047718,112.048706
46.063705,112.048706
46.079376,112.048706
46.101353,111.19763
46.112682,111.19763
46.134644,111.284485
46.1454,111.284485
46.163548,111.284485
46.181297,109.83844
46.19627,109.83844
46.21676,108.73096
46.229107,108.73096
46.247437,108.93518
46.264423,108.93518
46.27784,108.93518
46.297203,109.659485
46.31149,109.659485
46.329803,108.84003
46.34592,108.84003
46.364906,111.29907
46.38099,111.29907
46.39521,111.29907
46.413406,110.62341
46.429585,110.62341
46.445816,111.0603
46.46213,111.0603
46.478085,111.0603
46.497322,109.93005
46.511417,109.93005
46.53017,110.483215
46.546154,110.483215
46.562214,110.483215
46.57862,110.59088
46.596024,110.59088
46.6127,110.16376
46.628983,110.16376
46.646244,109.732544
46.66398,109.732544
46.678978,109.732544
46.696945,109.78308
46.71181,109.78308
46.72862,110.02783
46.744713,110.02783
46.762245,110.02783
46.781143,110.211426
46.79641,110.211426
46.812828,110.096924
46.829334,110.096924
46.848267,111.86542
46.861813,111.86542
46.87827,111.86542
46.896503,111.36127
46.910954,111.36127
46.933224,111.4939
46.94501,111.4939
46.96225,111.4939
46.97975,111.09943
46.995995,111.09943
47.013237,111.27496
47.028393,111.27496
47.045513,110.46954
47.062218,110.46954
47.078434,110.46954
47.097958,110.93329
47.112286,110.93329
47.132904,110.84332
47.14622,110.84332
47.1614,110.84332
47.180527,106.85779
47.19527,106.85779
47.213696,108.11084
47.229374,108.11084
47.24767,108.01184
47.263588,108.01184
47.278545,108.01184
47.296837,108.53119
47.31146,108.53119
47.331387,107.82477
47.34587,107.82477
47.36713,109.01691
47.380955,109.01691
47.3953,109.01691
47.415195,109.72229
47.428932,109.72229
47.446583,109.90271
47.463715,109.90271
47.478573,109.90271
47.496597,109.52911
47.511787,109.52911
47.53269,110.32678
47.54504,110.32678
47.562542,110.32678
47.580727,110.85138
47.594627,110.85138
47.6125,110.39618
47.62833,110.39618
47.645855,110.05182
47.66374,110.05182
47.67824,110.05182
47.69764,110.13367
47.71188,110.13367
47.72937,110.72705
47.745594,110.72705
47.762394,110.72705
47.780857,111.14697
47.796463,111.14697
47.812763,111.15326
47.82836,111.15326
47.84934,111.941284
47.86263,111.941284
47.87924,111.941284
47.896606,111.57037
47.912113,111.57037
47.93229,111.56079
47.94527,111.56079
47.963017,111.56079
47.97923,110.34552
47.994625,110.34552
48.01432,111.42035
48.02827,111.42035
48.048595,109.993835
48.062923,109.993835
48.078644,109.993835
48.097153,110.66693
48.111534,110.66693
48.132786,109.899414
48.14537,109.899414
48.16213,109.899414
48.18047,108.833374
48.194828,108.833374
48.216747,109.48865
48.22797,109.48865
48.246586,111.301636
48.264553,111.301636
48.279034,111.301636
48.29647,112.17279
48.312042,112.17279
48.330498,112.49237
48.345085,112.49237
48.362816,112.49237
48.380035,114.48749
48.39579,114.48749
48.414124,114.58234
48.44034,114.58234
48.452095,116.054016
48.46591,116.054016
48.482845,116.054016
48.500313,116.358826
48.515583,116.358826
48.531574,117.699585
48.54798,117.699585
48.564983,117.50433
48.582172,117.50433
48.59805,117.50433
48.61535,118.165344
48.63145,118.165344
48.6541,119.19397
48.66617,119.19397
48.682926,119.19397
48.699306,120.86157
48.714478,120.86157
48.733154,122.56677
48.748478,122.56677
48.76556,124.355896
48.781902,124.355896
48.79993,124.355896
48.81654,124.232605
48.83266,124.232605
48.85014,126.53754
48.86425,126.53754
48.884525,126.21838
48.897648,126.21838
48.915718,126.21838
48.933174,127.967285
48.947105,127.967285
48.968086,127.141235
48.982475,127.141235
48.998444,127.141235
49.016525,129.79199
49.031017,129.79199
49.053387,129.2815
49.064068,129.2815
49.081554,129.2815
49.09986,131.32538
49.113773,131.32538
49.137062,132.01617
49.147526,132.01617
49.1652,130.91376
49.18293,130.91376
49.19766,130.91376
49.21738,132.34595
49.230713,132.34595
49.25361,134.00824
49.264935,134.00824
49.281784,134.00824
49.300194,133.54083
49.313953,133.54083
49.33347,134.79279
49.348515,134.79279
49.364937,136.26422
49.383396,136.26422
49.40016,136.26422
49.417313,139.29138
49.432575,139.29138
49.449673,138.80896
49.46622,138.80896
49.482697,138.80896
49.50132,138.75586
49.515545,138.75586
49.533253,139.71912
49.548862,139.71912
49.564404,139.37085
49.58354,139.37085
49.59851,139.37085
49.617218,139.76373
49.631668,139.76373
49.651615,141.38855
49.664772,141.38855
49.682396,141.38855
49.701508,141.74835
49.716423,141.74835
49.733902,144.79181
49.74937,144.79181
49.765102,143.935
49.782467,143.935
49.79942,143.935
49.816845,145.12067
49.83158,145.12067
49.85291,145.12183
49.864037,145.12183
49.881454,145.12183
49.89862,146.32874
49.91684,146.32874
49.933437,146.581
49.949554,146.581
49.96866,148.56342
49.982666,148.56342
49.997784,148.56342
50.015537,148.05566
50.031994,148.05566
50.052982,149.35992
50.06513,149.35992
50.08129,149.35992
50.10002,150.98999
50.114532,150.98999
50.13365,153.34644
50.148613,153.34644
50.167046,150.16064
50.183315,150.16064
50.19741,150.16064
50.21723,154.57391
50.231075,154.57391
50.25049,154.50232
50.26508,154.50232
50.28164,154.50232
50.29884,156.24194
50.31531,156.24194
50.333973,155.4978
50.34876,155.4978
50.366295,158.70728
50.38188,158.70728
50.399323,158.70728
50.41761,158.93018
50.431587,158.93018
50.450405,159.02008
50.46653,159.02008
50.4813,159.02008
50.5004,158.53052
50.51562,158.53052
50.53287,160.18915
50.54849,160.18915
50.566074,161.61975
50.584408,161.61975
50.598663,161.61975
50.617836,162.72937
50.63158,162.72937
50.64988,163.5282
50.66416,163.5282
50.68612,163.5282
50.699944,164.77515
50.71625,164.77515
50.733765,164.73749
50.74886,164.73749
50.769226,165.93158
50.781906,165.93158
50.79985,165.93158
50.81663,166.14435
50.832268,166.14435
50.84994,168.45776
50.8657,168.45776
50.88343,167.91199
50.89865,167.91199
50.916046,167.91199
50.9345,168.86713
50.948574,168.86713
50.96454,167.21332
50.9822,167.21332
50.997314,167.21332
51.01587,167.25476
51.03172,167.25476
51.049747,169.11273
51.064625,169.11273
51.082905,169.11273
51.09933,169.3208
51.123676,169.3208
51.133533,168.19061
51.14888,168.19061
51.165905,165.73798
51.18306,165.73798
51.197617,165.73798
51.217407,166.29547
51.23236,166.29547
51.25299,167.72375
51.26492,167.72375
51.281334,167.72375
51.30199,167.29187
51.313873,167.29187
51.3334,165.79651
51.3487,165.79651
51.368553,165.5813
51.38226,165.5813
51.409767,166.86792
51.421375,166.86792
51.434128,166.86792
51.45299,166.2735
51.468597,166.2735
51.484196,164.14233
51.502106,164.14233
51.518585,164.14233
51.53761,163.79565
51.55026,163.79565
51.568626,165.44775
51.58415,165.44775
51.60166,165.44775
51.61862,164.75134
51.635002,164.75134
51.654922,165.1659
51.667103,165.1659
51.6839,164.73749
51.702602,164.73749
51.71805,164.73749
51.735565,165.81305
51.750725,165.81305
51.767715,165.64075
51.783543,165.64075
51.800873,165.64075
51.818615,164.37958
51.8339,164.37958
51.85207,164.14178
51.866856,164.14178
51.88471,164.03937
51.90155,164.03937
51.917286,164.03937
51.93486,163.27167
51.950428,163.27167
51.97264,160.36731
51.983883,160.36731
52.001476,160.36731
52.018417,160.56012
52.03322,160.56012
52.052246,164.33783
52.06729,164.33783
52.084164,163.79785
52.10151,163.79785
52.11689,163.79785
52.135666,164.43005
52.15078,164.43005
52.169273,161.9176
52.18469,161.9176
52.20121,161.9176
52.21828,162.48291
52.233437,162.48291
52.252705,162.89886
52.26722,162.89886
52.28477,162.33014
52.302273,162.33014
52.317448,162.33014
52.335114,162.36835
52.35106,162.36835
52.368195,164.26184
52.38405,164.26184
52.4001,164.26184
52.418655,162.44507
52.43442,162.44507
52.45535,162.44592
52.467766,162.44592
52.485275,161.4679
52.502407,161.4679
52.51683,161.4679
52.53637,163.35352
52.551796,163.35352
52.57184,162.53809
52.58485,162.53809
52.601276,162.53809
52.619633,164.18439
52.634174,164.18439
52.65184,163.6308
52.666576,163.6308
52.684887,165.70123
52.701504,165.70123
52.71641,165.70123
52.735962,164.92694
52.751526,164.92694
52.768604,165.71124
52.783703,165.71124
52.8004,165.71124
52.81943,164.44287
52.834076,164.44287
52.851692,165.19635
52.867203,165.19635
52.88416,164.79468
52.901943,164.79468
52.91764,164.79468
52.93578,163.55658
52.94989,163.55658
52.968037,162.48547
52.983456,162.48547
53.00158,162.48547
53.019268,163.69208
53.03441,163.69208
53.051914,165.07709
53.06621,165.07709
53.084328,165.38275
53.102142,165.38275
53.11794,165.38275
53.136295,164.58838
53.151012,164.58838
53.167458,162.79779
53.1845,162.79779
53.20181,162.79779
53.21896,162.71283
53.232914,162.71283
53.25185,164.38477
53.26785,164.38477
53.284756,162.95782
53.30098,162.95782
53.31727,162.95782
53.335022,164.04944
53.35107,164.04944
53.368862,163.51135
53.384212,163.51135
53.400974,163.51135
53.41976,163.3808
53.434002,163.3808
53.45631,163.46143
53.467384,163.46143
53.485775,162.76166
53.501774,162.76166
53.517967,162.76166
53.536034,163.29358
53.55087,163.29358
53.57176,162.85535
53.584316,162.85535
53.60094,162.85535
53.619694,162.97534
53.633583,162.97534
53.65207,163.20288
53.668167,163.20288
53.684807,163.45874
53.702477,163.45874
53.717983,163.45874
53.736206,163.81714
53.752026,163.81714
53.76942,163.59814
53.78433,163.59814
53.801365,163.59814
53.819065,163.39111
53.83412,163.39111
53.852497,162.58813
53.867268,162.58813
53.884956,161.6604
53.901897,161.6604
53.918526,161.6604
53.93725,162.18408
53.950825,162.18408
53.973133,162.43817
53.98342,162.43817
54.002033,162.43817
54.018925,162.20667
54.03483,162.20667
54.052193,163.37158
54.06706,163.37158
54.084087,163.5252
54.101517,163.5252
54.116764,163.5252
54.136494,163.89136
54.151527,163.89136
54.171585,159.83185
54.185135,159.83185
54.200478,159.83185
54.21744,161.08453
54.233387,161.08453
54.251663,158.57477
54.26667,158.57477
54.284786,155.65454
54.30143,155.65454
54.316944,155.65454
54.33856,152.47522
54.35118,152.47522
54.369953,149.7168
54.38441,149.7168
54.400455,149.7168
54.417625,149.54742
54.43393,149.54742
54.45179,149.24902
54.46676,149.24902
54.484203,147.74506
54.50137,147.74506
54.517033,147.74506
54.53611,147.36731
54.55043,147.36731
54.568615,147.07446
54.58441,147.07446
54.601116,147.07446
54.618595,145.67523
54.634037,145.67523
54.65277,144.67395
54.666946,144.67395
54.68481,145.60217
54.701607,145.60217
54.716595,145.60217
54.735626,145.12494
54.749443,145.12494
54.76757,145.25146
54.783337,145.25146
54.801575,145.25146
54.81825,143.53864
54.833225,143.53864
54.852383,142.7815
54.86641,142.7815
54.884293,142.3656
54.901787,142.3656
54.918037,142.3656
54.935642,142.1081
54.950897,142.1081
54.967777,140.82092
54.984165,140.82092
55.00047,140.82092
55.01944,140.39166
55.034245,140.39166
55.05218,140.51416
55.067192,140.51416
55.083527,140.78033
55.10197,140.78033
55.117126,140.78033
55.13669,140.23877
55.15124,140.23877
55.168755,136.70984
55.184383,136.70984
55.200752,136.70984
55.2187,137.05347
55.23468,137.05347
55.251663,137.29926
55.266705,137.29926
55.284306,135.7265
55.302647,135.7265
55.316986,135.7265
55.335827,132.92755
55.350964,132.92755
55.36759,133.28265
55.3841,133.28265
55.399906,133.28265
55.418655,134.98517
55.43428,134.98517
55.45166,133.38214
55.46808,133.38214
55.484142,131.95111
55.501705,131.95111
55.517067,131.95111
55.534184,130.81946
55.55052,130.81946
55.567524,130.66418
55.58404,130.66418
55.60026,130.66418
55.618774,129.22638
55.633286,129.22638
55.6517,128.76025
55.668015,128.76025
55.68452,128.81152
55.701775,128.81152
55.717075,128.81152
55.73511,128.01361
55.751137,128.01361
55.769253,127.306274
55.784092,127.306274
55.80097,127.306274
55.817974,123.63605
55.832893,123.63605
55.851124,122.90375
55.867813,122.90375
55.883606,123.00305
55.902584,123.00305
55.91686,123.00305
55.93659,121.815796
55.949844,121.815796
55.968716,121.80975
55.985237,121.80975
56.001163,121.80975
56.017773,121.49591
56.034706,121.49591
56.052113,120.72034
56.06749,120.72034
56.083675,117.80591
56.101498,117.80591
56.11801,117.80591
56.135803,116.86621
56.15054,116.86621
56.1684,113.33441
56.184376,113.33441
56.20175,113.33441
56.219162,112.51581
56.2351,112.51581
56.25085,110.94165
56.26696,110.94165
56.28501,109.88568
56.301437,109.88568
56.317135,109.88568
56.334305,109.03485
56.350624,109.03485
56.367382,108.99274
56.383682,108.99274
56.400097,108.99274
56.418392,107.92163
56.433548,107.92163
56.454506,107.0094
56.467663,107.0094
56.484207,106.138794
56.501266,106.138794
56.517563,106.138794
56.536057,106.60669
56.549625,106.60669
56.56797,104.95154
56.58342,104.95154
56.600544,104.95154
56.618717,105.28259
56.63561,105.28259
56.65236,103.74567
56.666836,103.74567
56.685005,104.06604
56.70236,104.06604
56.71745,104.06604
56.735416,101.4613
56.750237,101.4613
56.76819,100.403625
56.783375,100.403625
56.80148,100.403625
56.818844,101.227844
56.83494,101.227844
56.853813,99.51788
56.86809,99.51788
56.88419,98.901
56.901505,98.901
56.916855,98.901
56.93657,100.13733
56.951717,100.13733
56.968727,98.9444
56.98375,98.9444
57.000717,98.9444
57.01861,97.67163
57.03463,97.67163
57.05307,97.724915
57.066563,97.724915
57.084755,98.30585
57.102528,98.30585
57.117012,98.30585
57.13921,96.918884
57.150078,96.918884
57.16872,96.15454
57.183617,96.15454
57.201855,96.15454
57.218178,96.20984
57.23371,96.20984
57.251637,95.06201
57.26662,95.06201
57.284008,94.91992
57.30159,94.91992
57.316914,94.91992
57.335747,93.772705
57.34972,93.772705
57.367855,93.5979
57.38413,93.5979
57.39985,93.5979
57.417686,92.40784
57.435276,92.40784
57.455814,93.02991
57.46764,93.02991
57.488575,90.69592
57.500813,90.69592
57.51655,90.69592
57.535526,90.99365
57.550484,90.99365
57.56906,92.01404
57.583836,92.01404
57.601063,92.01404
57.617634,90.08661
57.634747,90.08661
57.652363,90.02173
57.666862,90.02173
57.68425,90.22229
57.701546,90.22229
57.716988,90.22229
57.735863,89.97821
57.750305,89.97821
57.767807,92.015076
57.784996,92.015076
57.799744,92.015076
57.81893,90.447266
57.834843,90.447266
57.854057,91.39929
57.867855,91.39929
57.884834,91.11609
57.901203,91.11609
57.91804,91.11609
57.935028,93.680664
57.94953,93.680664
57.972908,89.37897
57.98416,89.37897
58.001328,89.37897
58.01789,88.60394
58.0341,88.60394
58.051636,90.52289
58.06708,90.52289
58.083385,88.83209
58.10132,88.83209
58.117226,88.83209
58.136253,84.84338
58.150375,84.84338
58.167934,83.161865
58.18404,83.161865
58.200382,83.161865
58.21886,77.92572
58.234463,77.92572
58.251945,80.15289
58.267975,80.15289
58.28459,80.81152
58.300793,80.81152
58.316902,80.81152
58.3375,78.717224
58.350647,78.717224
58.367283,75.70923
58.38317,75.70923
58.40038,75.70923
58.418953,76.57184
58.433685,76.57184
58.45599,77.02533
58.4671,77.02533
58.485065,74.50958
58.501812,74.50958
58.517,74.50958
58.53702,73.12988
58.550865,73.12988
58.568123,72.16681
58.5829,72.16681
58.600113,72.16681
58.618145,76.69
58.63385,76.69
58.651997,74.125916
58.668232,74.125916
58.683434,70.77344
58.7018,70.77344
58.7169,70.77344
58.73649,73.46918
58.750652,73.46918
58.76845,76.62775
58.783817,76.62775
58.799587,76.62775
58.818165,73.5224
58.83405,73.5224
58.85241,77.67926
58.867928,77.67926
58.88406,79.500916
58.901924,79.500916
58.916805,79.500916
58.93592,81.87799
58.951813,81.87799
58.96873,79.27948
58.98381,79.27948
58.999676,79.27948
59.01756,82.45526
59.03388,82.45526
59.05305,80.903564
59.066532,80.903564
59.083645,79.36005
59.101288,79.36005
59.117474,79.36005
59.13669,80.35449
59.15044,80.35449
59.168297,73.34296
59.183933,73.34296
59.20028,73.34296
59.218235,75.84436
59.23445,75.84436
59.25171,73.78778
59.266575,73.78778
59.28406,72.28296
59.300472,72.28296
59.316402,72.28296
59.33594,74.06537
59.350136,74.06537
59.374996,75.24927
59.383686,75.24927
59.39983,75.24927
59.417313,72.46289
59.433754,72.46289
59.45106,69.8714
59.467926,69.8714
59.48414,72.10016
59.501785,72.10016
59.51753,72.10016
59.535664,77.838684
59.550076,77.838684
59.568077,73.28967
59.584106,73.28967
59.60079,73.28967
59.6187,75.719055
59.63396,75.719055
59.65104,68.17047
59.666954,68.17047
59.684017,77.163025
59.700573,77.163025
59.716892,77.163025
59.73616,71.24011
59.7502,71.24011
59.76914,72.77191
59.783165,72.77191
59.800167,72.77191
59.819084,70.71063
59.844757,70.71063
59.855877,71.3985
59.8696,71.3985
59.887882,76.45972
59.901844,76.45972
59.91853,76.45972
59.93684,73.35016
59.951626,73.35016
59.969204,77.385864
59.986313,77.385864
60.0,77.385864
60.0,77.385864
