0.28,0.6833367941779503,0.0,0.10588051575256162
0.36,0.7676018649346438,0.1653198538531597,0.07807254470552975
0.44,0.8530605119990127,0.32968558123188574,0.054615030112836256
0.52,0.9396754739701674,0.49308373278185386,0.03543413471836365
0.6,1.027409489447203,0.655500859148752,0.020456021265975986
0.76,1.1162252970292195,0.8169235109782559,0.009606852499537303
0.84,1.2060856353153122,0.9773382389160412,0.00281279116293011
0.91982615,1.2969532429045911,1.136731593607796,0.0
0.95639807,1.3887908583961464,1.2950901256991958,0.0010946417546479348
0.99112016,1.4815612203890833,1.4524003858359165,0.0060228791707195055
1.0314473,1.5752270674825017,1.608648924663646,0.01471087499209722
1.1116829,1.6697511382755021,1.763822292828054,0.02708479196266358
1.1551454,1.7650961713671793,1.9179070409748342,0.04307079282624572
1.1913671,1.8612249053566334,2.0708897197496507,0.06259504032676307
1.2312826,1.9581000788429699,2.222756879798197,0.08558369720804275
1.2711782,2.0556844304252886,2.373495071766143,0.11196292621398574
1.3112488,2.1539406987026797,2.5230908462991763,0.14165889008845606
1.3910106,2.252831622274253,2.671530754042973,0.1745977515753178
1.4323943,2.3523199397391097,2.818801345643215,0.21070567341845342
1.4729052,2.4523683896963386,2.9648891717455776,0.24990881836170853
1.5121453,2.552939710745051,3.109780782995737,0.29213334914896566
1.5551482,2.653996641484336,3.2534627300393866,0.3373054285241073
1.5911663,2.7555019205133044,3.395921563522197,0.38535121923097904
1.6717559,2.8574182864310465,3.537143834089855,0.43619688401346335
1.7112542,2.9597084778366716,3.677116092388031,0.4897685856154428
1.7510815,3.06233523332927,3.8158248890624065,0.545992486780763
1.7908907,3.165261291507948,3.9532567747586698,0.6047947502533247
1.831542,3.2684493909717993,4.08939830012249,0.6661015387769553
1.8712585,3.371862270319935,4.224236015799556,0.7298390150955741
1.955615,3.4754626681514442,4.3577564724355415,0.7959333419530082
1.9910195,3.5792133230654284,4.489946220676124,0.8643106820931588
2.0307245,3.6830769736609916,4.620791811166997,0.9348971982598712
2.0718892,3.787016358537229,4.750279794553825,1.007619053197028
2.111552,3.8909942162932465,4.878396721482295,1.0824024096485116
2.1522493,3.994973285528139,5.005129142598088,1.1591734303581678
2.231732,4.098916304841006,5.13046360854688,1.2378582780698606
2.2716525,4.202786012830953,5.254386669974349,1.3183831155275094
2.310829,4.3065451480970705,5.376884877526186,1.4006741054749228
2.3508763,4.4101564492384675,5.497944781848057,1.4846574106560202
2.3906944,4.513582654854241,5.617552933585648,1.5702591938146475
2.4312067,4.6167865035434845,5.735695883384642,1.6574056176946683
2.5111337,4.719730733905309,5.852360181890714,1.7460228450399653
2.5518432,4.822378084538804,5.967532379749547,1.8360370385944027
2.591182,4.9246912940430745,6.081199027606814,1.927374361101863
2.6308048,5.0266331010172225,6.193346676108207,2.0199609753061916
2.6757126,5.1281662440603455,6.303961875899392,2.113723043951289
2.7115767,5.22925346177154,6.413031177626066,2.208586729781002
2.79401,5.329857492749912,6.52054113193389,2.304478195539212
2.8350785,5.429941075594554,6.626478289468553,2.4013236039697836
2.8743901,5.529466948904574,6.730829200875736,2.4990491178165994
2.9146798,5.6283978512790656,6.833580416801123,2.597580899823505
2.9519563,5.726696521317129,6.9347184878903825,2.696845112734382
2.9903872,5.824325697617869,7.034229964789195,2.7967679192930954
3.073673,5.921248118780377,7.132101398143256,2.8972754822435456
3.1106403,6.0174265234037625,7.2283193385982285,2.9982939643295605
3.150985,6.112823650087125,7.322870336799794,3.0997495282950402
3.190706,6.207402237429555,7.415740943393648,3.201568336883831
3.2343974,6.301125024030158,7.506917709025446,3.3036765528398337
3.2710555,6.393954748488035,7.596387184340889,3.4060003389068747
3.3542302,6.485854149402284,7.684135919985647,3.5084658578288743
3.3909492,6.576785965372001,7.770150466605402,3.6109992723496593
3.4309118,6.666712934996297,7.854417374845835,3.7135267452131124
3.474815,6.755597796874261,7.936923195352622,3.815974439163134
3.5110507,6.843403289604998,8.017654478771444,3.9182685169435523
3.5508301,6.930092151787605,8.096597775747986,4.020335141298249
3.631674,7.0156271220211845,8.17373963692792,4.122100474971106
3.6714733,7.099970938904834,8.249066612956929,4.223490680705988
3.7110882,7.183086341037657,8.322565254480695,4.32443192124676
3.7509937,7.26493606701875,8.394222112144893,4.424850359337304
3.7911649,7.345482855447211,8.464023736595214,4.524672157721464
3.8311408,7.424689444922148,8.531956678477323,4.623823479143143
3.9113822,7.502518574042648,8.598007488436913,4.722230486346186
3.951482,7.578932981407824,8.66216271711965,4.819819342074474
3.9981852,7.65389540561677,8.724408915171221,4.916516209071874
4.03252,7.727368585268585,8.784732633237311,5.012247250082266
4.0713067,7.7993152589818235,8.843120421986384,5.106938627920133
4.111392,7.885638871761565,8.897386018684417,5.195306738193282
4.1906304,7.9675608470429875,8.949438181957875,5.274377601111514
4.231484,8.049040805610613,8.99927010634623,5.349559329677802
4.271103,8.127930849359432,9.046943832250527,5.41896348586445
4.31117,8.200592570582337,9.092442078607066,5.487229085413263
4.3512635,8.265803535050171,9.135747584008017,5.552181540742504
4.395214,8.32813886742876,9.176833938586146,5.612166490911252
4.471538,8.384891275430205,9.21568678724249,5.671544051509692
4.514584,8.438869712813563,9.252272013442942,5.728365341630619
4.5513973,8.486285012301567,9.28657816687314,5.782120212419908
4.5918837,8.53415266378924,9.3186150836345,5.834609130172514
4.630883,8.575654134185433,9.348381426680497,5.884891615707773
4.6710663,8.622917341782017,9.375865452085185,5.932441087724459
4.751293,8.659765807145826,9.401065593632294,5.978136669920902
4.7915645,8.678701024098253,9.42398986753843,6.021913689493431
4.831063,8.701410854358567,9.44464537420754,6.06383306339095
4.871109,8.731027599021864,9.463037716612071,6.104073144390283
4.911054,8.752271801740916,9.47917182052614,6.142553788114462
4.9510694,8.767105922853183,9.493066020935931,6.178953162388459
5.030669,8.785363673869966,9.504666428747422,6.213596462429105
5.071292,8.802866982585325,9.513961548646714,6.24666947880603
5.1137443,8.814471751508515,9.520911587331264,6.278218880941022
5.15822,8.814290304673797,9.525550993203835,6.308289180888803
5.1974697,8.823652617281983,9.527859906507029,6.336922781722001
5.2305393,8.83993708869534,9.527965065418833,6.3640318848268045
5.310805,8.841962835157993,9.525819010124453,6.389663364423206
5.3512797,8.838617531126722,9.521406701220082,6.413990044967156
5.3908496,8.836157543100189,9.514706607839745,6.437045922603425
5.431171,8.824861811223252,9.505740864338337,6.458743192947325
5.474272,8.81336381912518,9.494440164543363,6.479488136440937
5.5910535,8.80328200137796,9.480948417364504,6.498523657523125
5.63091,8.787756817252747,9.465193029828765,6.516271257001677
5.6731114,8.773414026828553,9.447186307436994,6.532894203194124
5.710761,8.746650018704191,9.426930816864907,6.548417164178655
5.7516513,8.725146826472711,9.40444063046129,6.5632557861228005
5.7917547,8.700146658929917,9.379630196927353,6.577533399420949
5.87086,8.686186302370146,9.352626105980598,6.583419190064855
5.911152,8.666658322597517,9.32342161670867,6.588383693135814
5.9542136,8.634566041114056,9.292011161575575,6.592463417996835
5.9910803,8.606767274665708,9.258401689585877,6.595444907636509
6.031405,8.571248853967036,9.222591459931584,6.597497365457237
6.070978,8.54496907540689,9.1845423394726,6.605607382881223
6.1505294,8.50766159531708,9.144304117900834,6.6060140392534255
6.190649,8.470315315784132,9.101883068348684,6.604827610469851
6.2305107,8.430107596861667,9.057297858321112,6.602005010992953
6.270687,8.388082545239373,9.010588098064337,6.597628993531508
6.310692,8.339952149774879,8.961781935034088,6.591780022682777
6.3513637,8.28472668389452,8.910867794573749,6.590532674615749
6.4308066,8.224586080259236,8.857899022770518,6.582158712074321
6.471465,8.167376954644629,8.802876568269463,6.57178066077401
6.5110316,8.108237033219536,8.74582465493078,6.5595206095499385
6.5511484,8.042757304043818,8.686789399814728,6.545497668272206
6.591515,7.9780800568373245,8.625836107807432,6.529827974271836
6.6304045,7.913859631044032,8.56297589980681,6.517413595539436
6.7104797,7.85505717621836,8.498223005567926,6.504961948840442
6.7560735,7.790961480745607,8.431635066101851,6.490556350170707
6.7906294,7.730068732569695,8.363248158112622,6.474326789984452
6.830931,7.653717905968229,8.2930902272766,6.456399702480106
6.870903,7.578636000577496,8.221201564843653,6.436897969502722
6.910906,7.507657669802239,8.147632746410846,6.420489965712605
6.9903436,7.432168421331406,8.072434797584046,6.402110717641577
7.0325437,7.355039235678628,7.995629472325507,6.381902634317252
7.074241,7.273713796337037,7.9172410269105065,6.360004001175467
7.102663,7.199322356569203,7.8373167156345085,6.336548981003933
7.1391573,7.114722338729613,7.755904882670466,6.311667613545183
7.186892,7.033757050406987,7.673118564071148,6.283318902214896
7.2610707,6.953908851506933,7.588935321358732,6.25419553242856
7.301156,6.866943924188835,7.503388802013538,6.22427401327253
7.3413277,6.77338378176585,7.4165898618908255,6.193655105306505
7.381205,6.681319248330047,7.328534847076794,6.162435672034938
7.420857,6.593366378212574,7.2392646515991546,6.130708669784495
7.4609323,6.506316339709657,7.148897162489009,6.097450938487146
7.5407157,6.4158711453229635,7.057446138592934,6.063942163711486
7.58059,6.324951037035761,6.9649795598600095,6.030893516503892
7.620653,6.233044383665168,6.871620266312489,5.9976969023025
7.66339,6.140325858220031,6.777355641008862,5.964871709559559
7.700589,6.055426538698381,6.682427358900894,5.931643793888976
7.740998,5.965214890789728,6.587084231156596,5.896610630670383
7.821087,5.875452627184272,6.491257499713723,5.860928830487312
7.860798,5.796279182848578,6.39499202096055,5.83134704518421
7.9016027,5.713486482302559,6.29856485642415,5.802147025260473
7.941776,5.625887382735866,6.201885513225219,5.773549445157902
7.9811172,5.534110765529555,6.104963917212185,5.74641824506637
8.020604,5.442610853868351,6.0080007602858325,5.706199696890626
8.101168,5.357360450061516,5.911022623243499,5.666732259652109
8.141397,5.271173605892579,5.814081204068393,5.626330186492254
8.180736,5.1807517185928065,5.7173548773402,5.572618908688041
8.220906,5.090967775113216,5.6208686125358645,5.519664158790252
8.260765,5.000277754167208,5.524628067933838,5.467807358360103
8.309993,4.911502429887402,5.428740865974532,5.405458466118927
8.390361,4.814106852993472,5.3331547829606265,5.344252948970709
8.430745,4.7272641711027,5.23789209434152,5.28403061788951
8.470579,4.638422431537426,5.143101602459586,5.212699509876844
8.510479,4.553770843462649,5.048777214994636,5.14216303948164
8.551046,4.461080902228413,4.954917561808773,5.072769169357784
8.590536,4.376493866102861,4.861725285983426,4.993839941779227
8.670927,4.290802133235905,4.769192829824599,4.916178440451224
8.710676,4.2032464016664255,4.677369444652035,4.839665350632854
8.750859,4.109220274377713,4.586468544201921,4.753634838758777
8.7942,4.016936319806445,4.49651869707291,4.6683541410040466
8.834051,3.9270724006204176,4.407645061291012,4.59092490231089
8.871674,3.8291806268339603,4.3199646315409455,4.517690626722508
8.950525,3.7342058274863636,4.233508373356428,4.4521266793111085
8.990348,3.635637234716053,4.148352560591156,4.394417986101168
9.031103,3.548932575129524,4.064610144588731,4.341082943837323
9.071275,3.4613146997628204,3.9822766116660113,4.287591185584435
9.110986,3.3685210728728388,3.9013799267869675,4.240493530598297
9.150796,3.2749020683999714,3.8219891301259747,4.194043095528771
9.230841,3.1905144448542653,3.744170604421115,4.152667786690837
9.270684,3.1083263462778845,3.6679372335275833,4.1182682648178055
9.312471,3.0359530114854265,3.5933742918275073,4.084458077631489
9.350787,2.9577688645723446,3.5205758214623932,4.050077824110746
9.391147,2.8876408295266693,3.449572515120568,4.02084014041744
9.431234,2.8114553906711865,3.3804476822828002,3.990804746222201
9.510492,2.7408802771124967,3.313273632998232,3.9577861313952925
9.55072,2.66965056187692,3.2480607744273398,3.9287207651737606
9.590887,2.5992419386521637,3.1848735025334625,3.8985088658563405
9.630121,2.529426338813248,3.1237311356379798,3.867138939970781
9.670385,2.4647283209651225,3.064735060044659,3.8322926431970368
9.710598,2.397381595920555,3.0078692364502575,3.796642737972219
9.79172,2.3437530578408308,2.9531910687336462,3.7597695662669044
9.831476,2.2901668367610823,2.900904819449527,3.7269429172777704
9.870848,2.237697288403571,2.8510446767027693,3.6929034923000454
9.910645,2.1881595846686963,2.8036769081560378,3.657718999121915
9.950611,2.1314875715901502,2.7588870664050056,3.619269321670918
9.99411,2.076252672465326,2.7166596132076424,3.580305638340938
10.071087,2.024584766236848,2.6771040570530396,3.5408638285565837
10.112852,1.97022847029356,2.640394157302278,3.4977498223081165
10.154796,1.9274210838303942,2.6063691235567683,3.4544193667242977
10.19144,1.8850539622123235,2.5751317415956856,3.4105867425300964
10.230851,1.8507196443138498,2.5468830526262334,3.365064914425913
10.2705555,1.817651376685447,2.521427506658218,3.319784718708402
10.351199,1.7853725113285008,2.49882494576813,3.273966022911286
10.3909855,1.7536454508641963,2.479191481242474,3.226801333545456
10.4310465,1.7172066074494816,2.4623488574073056,3.1792851580179686
10.474774,1.6889018606239814,2.4484026922965954,3.1310679927562
10.551175,1.664996849132965,2.4374399541546348,3.0677109101330333
10.634591,1.6414882825992694,2.4293069700122767,3.005147954286052
10.675812,1.6339003571083035,2.4240816977429316,2.942629670454788
10.715868,1.6274076030226117,2.421825074302002,2.8649965696663053
10.751179,1.6152959627042625,2.4223803301692426,2.787787982457885
10.790846,1.60662850958675,2.4257419104091675,2.7102171684961816
10.83046,1.5938170144742776,2.43193970938527,2.6200233848148695
10.911384,1.5864130311129023,2.440891024940791,2.53716738345163
10.951063,1.5827910206890203,2.4525363640034623,2.4551129133972283
10.990734,1.585604013219799,2.466985061314932,2.361968876950598
11.034636,1.5906826002392014,2.4841294131201153,2.277504939833106
11.073983,1.596300106930153,2.503919001124272,2.1948422145187707
11.112378,1.597776927864518,2.526493515165027,2.103216217152823
11.1951475,1.60872270759598,2.5518900180191824,2.0194154809098737
11.234849,1.619444105469516,2.5800950456162792,1.9379836142788078
11.273756,1.6300399212078833,2.6111788203616264,1.8488735076844711
11.311502,1.651627775566759,2.6451199948182844,1.7684628654128665
11.351049,1.6694883380268941,2.6818154104011764,1.6924761662268484
11.3907,1.6869116953233207,2.721170648643324,1.6248803988291558
11.470444,1.7111064412119024,2.763148535140744,1.5591305850460078
11.511779,1.7421726487925007,2.8076419721236014,1.504716185927055
11.55084,1.771180835847306,2.854722744117781,1.4576794386496748
11.591192,1.8024540717599937,2.9043503423909605,1.4118483146146457
11.630478,1.8393774517811212,2.956516237053299,1.375954745171622
11.67139,1.8807367807707607,3.0112099730201494,1.3436254622581647
11.750621,1.9215891902556446,3.068364116928903,1.3127397603972084
11.790094,1.963071078182163,3.1279094474994618,1.2911959083621798
11.830521,1.9994089218480018,3.189827337093695,1.2720096412542272
11.870563,2.043340882750789,3.2540339193192374,1.2539687507536075
11.910729,2.0992221336905272,3.320465067031744,1.2433813962687983
11.951345,2.1539994313769038,3.3890227654221383,1.2340990115689738
12.030626,2.205647154556801,3.459609118889041,1.2260038347535012
12.070727,2.2609501160398744,3.5321263880437215,1.2245173554001976
12.115619,2.3209734645035645,3.606544778534638,1.224569356647566
12.150786,2.3813036930415645,3.6828415479769308,1.2261793539022876
12.190651,2.4454971579364932,3.7609544969055664,1.2339992537297018
12.230629,2.5173558633560114,3.840875383074676,1.242564137644022
12.310263,2.5922249662473993,3.922458989515666,1.2520105018843368
12.350413,2.6601423056825317,4.005656536540222,1.2673798473566975
12.390212,2.7278035684107924,4.0902131246749995,1.28286033362224
12.430559,2.80465474932897,4.176073622720376,1.2987857848457691
12.470255,2.8818472953474576,4.263186332416199,1.319758310283994
12.5106,2.96633991508026,4.351529939140011,1.3411140965529529
12.59042,3.0415559688495555,4.440986205439866,1.3627450311960225
12.630951,3.114800018198739,4.531617102563818,1.3887261088893448
12.67457,3.1913404106302936,4.623130192531582,1.414960472355131
12.710409,3.2798359931189878,4.7154993793236875,1.4413941292527097
12.750468,3.3699387317315685,4.808620119619268,1.46588464181693
12.790933,3.457909832497744,4.90243974099143,1.4907629317779643
12.874659,3.5472405830023646,4.996871308638808,1.5159813790347398
12.915159,3.6350566243677727,5.092018460757306,1.5387869454832377
12.951071,3.7232413491244722,5.187581496075893,1.5703977267824445
12.99021,3.8136198170188207,5.283464167673232,1.6039323971788144
13.030467,3.9054779940732476,5.379595674878239,1.6378913748321984
13.070593,3.9877842532509167,5.475847169469592,1.6744821659639482
13.150825,4.078032981007553,5.572168775261304,1.7136053309077182
13.190782,4.162157275617031,5.668606439742768,1.7383648717736753
13.23135,4.252554268377241,5.765036010075188,1.7721506671104006
13.271477,4.3390328169812635,5.861407972198829,1.8093693887572795
13.311085,4.425556487602352,5.95766276912829,1.850067998794537
13.350514,4.514678361747278,6.0536884947946,1.8944171745265896
13.431135,4.602566682573965,6.1494158270139,1.9424383770193323
13.470508,4.6992553336676695,6.244829467650365,1.9812069649632682
13.510955,4.794373812026633,6.339809824845204,2.0289236644743487
13.55123,4.8840826455556865,6.43432399389764,2.0810965502125005
13.590885,4.9735977817712245,6.528309891411396,2.1377626690545313
13.630789,5.062576348246696,6.621684844937937,2.198827941701623
13.710346,5.1497834870431864,6.714253735749195,2.2646831059508012
13.750657,5.234582166927296,6.80601597233289,2.3246883292775453
13.790093,5.314405325168166,6.896949344484165,2.3869426690923152
13.830649,5.4025121579766635,6.986938008749413,2.4534996545098906
13.870618,5.486402282667535,7.075911147142767,2.5243461114505017
13.910432,5.580400442808246,7.163851526010204,2.599458011195816
13.990282,5.675201043594542,7.250659753247351,2.678920488995768
14.03316,5.765626028880584,7.3362816332065055,2.7526939593663573
14.070703,5.850225726211225,7.420661716546968,2.830625220314356
14.113991,5.936312605201719,7.503747577116802,2.9126756010516477
14.150916,6.029399472200037,7.585503869407433,2.998796019470834
14.190782,6.117081930553903,7.665878395796725,3.088807139722998
14.271452,6.205902441054631,7.744762434415567,3.183135230910517
14.311106,6.293493910664628,7.822099513835876,3.285784988321587
14.353929,6.377615307489564,7.897937713333136,3.3920438189846918
14.391078,6.46242981322313,7.9722784703054534,3.5019218642820937
14.430553,6.547661873334801,8.045066781299182,3.6152994219297194
14.4704685,6.636779133162081,8.116362303408275,3.732046964977907
14.550711,6.728076851844811,8.186116025380526,3.8525049444655792
14.590558,6.812564204219679,8.254328726275977,3.977808976304165
14.631337,6.902448203497047,8.321038320462643,4.105922440649044
14.670734,6.987939215529202,8.386212573244464,4.236012498830454
14.710852,7.072005810522584,8.44978452877649,4.36816001449852
14.750481,7.154340756504951,8.511826342775601,4.501704180508444
14.830584,7.232700368834876,8.572267936227037,4.64430145857272
14.870503,7.305148221402551,8.631042628438522,4.788782521558277
14.9105015,7.374980220946553,8.688208557835411,4.934251869261975
14.950802,7.438758025601005,8.74372392735916,5.07937828227152
14.990194,7.508187850364311,8.797489510348214,5.2241048288656735
15.032014,7.574965478427581,8.849587454600094,5.368742306599012
15.113267,7.642660956587761,8.900098767711444,5.518734389304955
15.157289,7.705015422298193,8.948902479467806,5.673730873945546
15.1918,7.761776749690557,8.995993838146248,5.828117054336094
15.230827,7.813807323461466,9.041467313034817,5.980537471418923
15.270424,7.870513540003703,9.08517278243867,6.138438715504055
15.311163,7.926166804691999,9.127131185480447,6.29505608425973
15.390606,7.9720467458616495,9.167441101341728,6.45485678618707
15.43059,8.018577008306009,9.206009941775836,6.618202193806873
15.470398,8.068882388391655,9.24288214445263,6.779535623594196
15.551236,8.11100421357112,9.278208203178686,6.9385685147690115
15.591281,8.15546386986131,9.311860044614045,7.101695237888908
15.670651,8.194347596750571,9.343889285552935,7.263267356866748
15.710454,8.236530996585302,9.374445272172416,7.427293697095441
15.75056,8.270093399238457,9.403390402906027,7.59429325401827
15.790068,8.302181645183904,9.4307131120957,7.759379679240938
15.830439,8.334348486367794,9.456582983196569,7.9216874603197285
15.870514,8.370902472635354,9.480828816774798,8.087359979035067
15.9516,8.404199733861361,9.50348027434324,8.251522592688051
15.990553,8.429577242811849,9.524534634300402,8.39718814709884
16.030607,8.465638790622648,9.543986362653955,8.539155982590357
16.07063,8.498473496444264,9.56183969729176,8.679380225693672
16.110516,8.538944900657878,9.578183479467617,8.802905554378569
16.150438,8.566062248112793,9.593008590899801,8.922210243686111
16.2307,8.592207445243117,9.606349253165474,9.039391694992398
16.270752,8.619769258697282,9.618244862241891,9.138504945947641
16.31055,8.646791060663235,9.628673604671501,9.234845470492584
16.350847,8.66307047769587,9.637626056998796,9.328936020014263
16.394981,8.681729388948353,9.645139127157814,9.406085468391025
16.43161,8.688910415243635,9.651188572362353,9.480166149623155
16.51065,8.700234145439511,9.655790840860192,9.551716422492142
16.55076,8.707905126537078,9.65898328526134,9.610041272975419
16.590311,8.721666900809188,9.660781762862966,9.665618059749924
16.631119,8.727222237644646,9.66120047446386,9.71852950106218
16.67078,8.735943484959925,9.66032832679849,9.758207623818146
16.710653,8.737495419202219,9.658180403169808,9.7949837977118
16.790283,8.729164721785194,9.654782743917307,9.828675364567857
16.830484,8.722489188631588,9.6501185473286,9.863980272117306
16.870575,8.721608560838607,9.644256735197711,9.896232860959898
16.911533,8.716632346832602,9.637224669647619,9.926262672630783
16.95129,8.710131601964417,9.628958602898035,9.943221355990797
16.99136,8.705536271125457,9.619485830109168,9.957039119375736
17.070557,8.693115248441602,9.60880286370931,9.967644857334683
17.110123,8.689927182246702,9.596913475916052,9.979198413810193
17.15065,8.674856292957529,9.583838496435229,9.9873853868993
17.191263,8.66762502096805,9.569525232843098,9.99208832110589
17.230719,8.656407248831027,9.55391659169637,9.997951312768958
17.270653,8.639801066126383,9.537080983203985,10.0
17.350582,8.6184766407149,9.518986040398872,9.998346575338468
17.394285,8.590828358727807,9.499562201092175,9.993524624049494
17.430391,8.563918859340841,9.478897677811457,9.98466063368198
17.471155,8.53471381948019,9.457013662335836,9.97173045785256
17.510983,8.502539372271478,9.433895571640319,9.955251249052491
17.550913,8.473956906498675,9.409600514436798,9.93433303877614
17.630407,8.447537308040648,9.38407483169825,9.909038703391237
17.670582,8.417581849986465,9.357344956472105,9.886734590965396
17.710567,8.390838408675478,9.329453787893483,9.860220230746672
17.750753,8.354858482069558,9.30033482810108,9.82958748129455
17.790596,8.321641534602309,9.27004691074354,9.80260874553057
17.830915,8.294315280292546,9.238634264208073,9.77209794998551
17.910744,8.259714369000253,9.206180139674315,9.744519045632154
17.95105,8.230811842695708,9.172672477980383,9.718683860201596
17.990519,8.20509327124094,9.138179680607502,9.689304799237153
18.030268,8.171733673027772,9.102784344852,9.656315825448152
18.074404,8.138699307080476,9.0664376037823,9.625688885864168
18.110579,8.1034714060503,9.029222430510647,9.591647462032611
18.191034,8.064819743542209,8.991266112064986,9.561276108047796
18.230726,8.028401258561349,8.952446062990182,9.533441433470623
18.271675,7.982140210278189,8.912736294034929,9.502257704978549
18.310925,7.939509359489007,8.872193072514085,9.47473218652775
18.3505,7.898823023348523,8.830710041562096,9.44862905659715
18.390316,7.852239824699208,8.788301138176529,9.419149752210696
18.470348,7.808876265137968,8.745104858682549,9.390899098870317
18.510231,7.764832959273587,8.70106050406458,9.35642326711898
18.551134,7.720120198921735,8.656163155070804,9.317888280814135
18.59084,7.666811555499352,8.610547252184746,9.2661542548977
18.6304,7.620268357460201,8.564059410475625,9.207481386324876
18.670622,7.574947730416667,8.516682659082988,9.143944169456402
18.750523,7.525473299850483,8.468420481416398,9.0661363511086
18.790955,7.470966646857738,8.419220427513253,8.982595809475859
18.830563,7.41442265710545,8.369111419098841,8.894001518463673
18.870409,7.363427550208322,8.318099289848806,8.791093612622145
18.910942,7.31059984926129,8.266106036958082,8.683325784861987
18.9513,7.2608443193873615,8.213170670742725,8.571675518159497
19.03076,7.206312736168361,8.159268356860457,8.448236370646738
19.074043,7.144620169295734,8.10440808975169,8.319621503903168
19.109993,7.0839690421689125,8.048603009835016,8.186259377079615
19.150509,7.022670287952566,7.991890178589987,8.042346422788366
19.19139,6.958636164611211,7.934187742036535,7.893366056626731
19.230904,6.890824976273334,7.875495757922111,7.739487302800824
19.310982,6.8245573033622975,7.815814270021553,7.568716198873116
19.350462,6.7525948838116365,7.75513053535628,7.394205009036635
19.390425,6.676196426842794,7.693475438762076,7.216261092398592
19.430595,6.6026929014045015,7.63086126955072,7.029351576317294
19.470573,6.523069961189842,7.567325584336635,6.840014865680348
19.510334,6.441623516904299,7.502881808640589,6.648925896318128
19.591059,6.35948305345073,7.43753491381307,6.444064268318411
19.630503,6.275526490063695,7.371255901393592,6.237391488210267
19.670769,6.200402470701682,7.3040693754293144,6.029561967065841
19.71053,6.1324112893840095,7.235913469673617,5.8092353915724955
19.75042,6.065096301600746,7.1668758297313415,5.589274759199775
19.790144,5.991087333937235,7.0969970837671745,5.3692859885938
19.870478,5.909452743319826,7.026320433031132,5.15342234951036
19.910719,5.831038786820408,6.954806768606325,4.938875032693669
19.951422,5.756162502301343,6.882471851067365,4.725555240866053
19.990986,5.6845853756478135,6.809242036164303,4.518523528482845
20.030663,5.610800051585995,6.735236922327491,4.312737029378863
20.070686,5.536862088948867,6.660462439601628,4.1086260849788445
20.153378,5.45495404564376,6.585032870770099,3.9099063403163106
20.191956,5.377468891710616,6.509091589374223,3.7131997693329826
20.230782,5.295352700147832,6.43268646979535,3.518568662347856
20.270603,5.215636172655757,6.355776747920256,3.338122965114708
20.310368,5.14210804102305,6.278406686750673,3.1611554967212583
20.350447,5.065717677557341,6.200532857138166,2.9877317943725537
20.430618,4.990439488739311,6.122250328351053,2.818043886190853
20.470455,4.912930761725444,6.0436103360310325,2.651896715048461
20.550835,4.842067379600115,5.9645863522374425,2.489460555908062
20.59092,4.766625573238423,5.885267780110396,2.3377406197276582
20.630404,4.689619001175303,5.805720001347837,2.190808616464588
20.710457,4.614997690301971,5.725919213398269,2.0487050789968166
20.750517,4.542699715602384,5.645970040749198,1.9112041272181775
20.790182,4.465249894850863,5.565911842414842,1.7785992883699508
20.83049,4.4004145832551895,5.4858882997702585,1.650747134058245
20.871416,4.335895291528204,5.405960757040942,1.5331092464335643
20.91061,4.266302565800399,5.326153685076265,1.4210664912709947
20.993908,4.198173878583768,5.2464884990860465,1.3147527589770431
21.03059,4.128166892880084,5.167127685568971,1.2137793753455455
21.070621,4.061842412393192,5.0880808298115205,1.1181576107130373
21.110369,3.9915461004711386,5.009416583998642,1.0281112750053443
21.150469,3.9220046578751697,4.931238521127921,0.9486818262426747
21.19135,3.860799818551323,4.853594881292613,0.8752051249792425
21.271063,3.8041468183504725,4.7765393250402015,0.8147593046449417
21.310833,3.7426698039920443,4.7002523243517205,0.7593041075501847
21.350792,3.684903947603031,4.624824850852454,0.7091217878229281
21.394794,3.6257077414592906,4.5504562589689534,0.6701565581564622
21.430191,3.5647968465021243,4.47714588342596,0.6329576187198261
21.470194,3.5091402117127433,4.404956072816807,0.5995863460677074
21.550642,3.44995151611389,4.33392870878417,0.5755688907647251
21.5905,3.3866998761949967,4.264085071564155,0.5546393456228595
21.630087,3.321112471751519,4.195435729037672,0.5368158851759406
21.670324,3.255090905974222,4.128140282769299,0.527553628325495
21.71141,3.1967874399826557,4.062124081621644,0.5198346051053532
21.751696,3.135791164724479,3.997417685860999,0.5145306233334188
21.830523,3.07903069147726,3.9340650118723572,0.5164394515805664
21.870546,3.0189702580018927,3.872121850593188,0.520393022320604
21.910473,2.9648928627212783,3.811631805710932,0.5264642985366836
21.950714,2.906878966151386,3.7527025851378712,0.5243386786621513
21.990486,2.8490631637970187,3.6953150390394898,0.5230414650647024
22.030258,2.7904242200843785,3.6395437843194927,0.5227236524295877
22.111288,2.7272994535055877,3.5854526130058906,0.528624530837916
22.150955,2.665334243856346,3.533095913001057,0.5355037607369771
22.190577,2.6142817248377495,3.482527135693753,0.5431551892182299
22.230545,2.5583816438642986,3.4338255116882497,0.5354791089348825
22.270437,2.5052750129502406,3.387026530849343,0.5293687249056951
22.311357,2.4558575875326265,3.342222386705067,0.5243386848255781
22.391348,2.407054576737551,3.2994262593046337,0.5187373311217968
22.430656,2.36034851818533,3.2587559209629595,0.5149087144349568
22.470224,2.30676474674976,3.220268278334535,0.5128556022563279
22.510292,2.260362723684864,3.183993268786147,0.4999014104815081
22.551418,2.2174932505052225,3.1499803146441043,0.4890086092259921
22.590666,2.181931752738726,3.1182390187273286,0.48027473025480655
22.670492,2.144764053917145,3.088709585626035,0.47354469517475967
22.710318,2.110575617425345,3.061447959343709,0.4687867876850409
22.750774,2.077273514594848,3.036460465081584,0.4659387514457648
22.790396,2.046882394931117,3.013715176497157,0.4547081156239948
22.831293,2.0175848718702514,2.9932845799864154,0.4453193249256614
22.870504,1.9919656766291227,2.9752028580897454,0.437698686651365
22.950472,1.9671110077519405,2.959413633251747,0.43216968153288166
22.990547,1.9452600094194996,2.945997431900446,0.4282740597645496
23.030579,1.9199067714721216,2.934925631994155,0.42613964611004895
23.070698,1.902994122405667,2.9262627876692258,0.4376663250436676
23.112837,1.8850885339868215,2.920025304617015,0.45143847704419154
23.1504,1.8726060907038855,2.9162281457197436,0.467340269229962
23.23082,1.853415474500766,2.914839540629852,0.49318410234431276
23.270157,1.8407576170901656,2.915844505260626,0.5219188596488618
23.311058,1.8326634078048483,2.91921921812977,0.553437310365857
23.350245,1.826726074982838,2.9250327393589606,0.5993704113559425
23.390308,1.8209558725894315,2.9333070811392252,0.6487856851780691
23.430616,1.8138710702476573,2.9440752752644954,0.7015723991268731
23.510704,1.8128211631963695,2.9573686616554853,0.7654128283117023
23.551554,1.8126640301652497,2.973206941191431,0.8333834848045659
23.590488,1.8199518514197088,2.9914877552194796,0.905746333668166
23.630247,1.8222357248522194,3.012297767329149,0.9878547176693694
23.670454,1.8312734594055262,3.0356102729901653,1.074707622292877
23.71013,1.846455156418311,3.0614083829946015,1.1659545378754999
23.793903,1.852504412381527,3.0896511423616952,1.2671051587494664
23.830942,1.8658616500304332,3.120315883991209,1.3731617258627418
23.87106,1.8903373265315677,3.153320231717328,1.4846512627506878
23.911058,1.916027202525969,3.1887496743612656,1.5984841123299358
23.950598,1.9448015076006002,3.2265663823775728,1.7169583521390155
23.99078,1.9708873551316082,3.266720932246135,1.8391441741987273
24.07077,1.9999121395368804,3.309184792239486,1.9706036975573396
24.110296,2.0312321807317817,3.3539290838427145,2.1065443575534317
24.150496,2.066840392162087,3.400876258349897,2.2539180653650455
24.190662,2.092864766377427,3.450032807856569,2.402370048767263
24.230803,2.131851296546189,3.501336652335309,2.5537109834648994
24.270721,2.162611768338284,3.554822603338294,2.7076869235221444
24.35042,2.2034808108232387,3.61044127083037,2.861844812018292
24.390516,2.247939390625507,3.668183509627038,3.0182128682772786
24.430687,2.294654742663299,3.7280506745626654,3.1832142544494673
24.470343,2.3494664303998296,3.790002202446486,3.3484437938794955
24.510687,2.4079537715210937,3.8540065286265377,3.5140904945598175
24.55064,2.4653918883919217,3.920062266360626,3.6802966660315684
24.630497,2.5298251849835145,3.9880709277718434,3.846543515863808
24.670671,2.5989938602684353,4.057996777183991,4.0128465571212155
24.710497,2.662911467320751,4.129889373912247,4.183716829947094
24.750349,2.731169022768562,4.203616252006596,4.353926789257456
24.79103,2.7994186968986745,4.279147326856654,4.523851050597601
24.830421,2.866493456257831,4.356588924432078,4.691818405697993
24.910845,2.9385203169984755,4.435759545217965,4.858489152450375
24.951189,3.0104272964292202,4.516633992060089,5.023725207390995
24.993023,3.079585890951851,4.599203307977388,5.177702145179428
25.030804,3.1472021812746136,4.6832609234158245,5.3293395824884
25.071053,3.2161566288229477,4.768712416352432,5.47839600233727
25.112305,3.2952119291310136,4.8555530498164945,5.624464216966897
25.19069,3.373478027418817,4.943607509193642,5.768256337748743
25.230766,3.443381070909595,5.032787552890588,5.909346483625019
25.270138,3.5206332637648554,5.122987595584262,6.037160721304512
25.310432,3.599443941997531,5.214121404815134,6.1606014508471905
25.3506,3.6869925483813986,5.306105397094144,6.280039830932415
25.390429,3.7750072519398152,5.398882871547514,6.380489830794624
25.470497,3.862332294639675,5.492364551509408,6.476719814071371
25.55123,3.9480448741517593,5.586421755645996,6.568620876281122
25.590425,4.027798828340523,5.680909247623369,6.642791183210428
25.630777,4.109955714195402,5.775755736518809,6.7126337286718085
25.671003,4.194847106713129,5.870894854625177,6.778038502307082
25.750443,4.280927416530311,5.966201696840671,6.834266248080132
25.790142,4.364390801096478,6.061625613787638,6.88698345938487
25.830452,4.442710635547141,6.157130961624212,6.936227044179515
25.870667,4.520725070928497,6.25260679736222,6.977264385924887
25.910482,4.603224615736225,6.347985747464887,7.015657565993308
25.950626,4.68797611715435,6.443117014170628,7.051609409827545
26.034132,4.7702108478545915,6.53791371066544,7.081584626729681
26.070843,4.856115521185889,6.632344496885302,7.109358947734582
26.110226,4.939173681847823,6.726295134699172,7.1345990283324925
26.15099,5.020190666583312,6.819674707568752,7.154067285020908
26.190233,5.1015395235715655,6.912397276265016,7.172532531330549
26.230425,5.186091265200826,7.004431334340197,7.190021049224442
26.311357,5.265546310240895,7.095681003176637,7.202050382957933
26.350971,5.346082523231401,7.186085025189534,7.213905578378139
26.390396,5.426628520668453,7.275703495764772,7.225770792472697
26.43117,5.510021218493345,7.364332279343065,7.247538385422005
26.471071,5.591674311158249,7.45191297622704,7.270008268339738
26.510353,5.679204692217991,7.538416954540171,7.293367742126667
26.590643,5.763788440298941,7.6237620565756155,7.313160380741041
26.630219,5.8475008656123695,7.707910199736669,7.334031029588707
26.670328,5.934371110884104,7.790816442805496,7.355112538719779
26.710587,6.0218953798124115,7.872457341311961,7.386766121111231
26.75109,6.107367090412913,7.952777361930924,7.419781128922816
26.79102,6.193270430215063,8.0317044947845,7.454865232536357
26.870638,6.2731780222247595,8.109232314863759,7.501613112278077
26.910603,6.34877933545463,8.185301280123033,7.549892603801799
26.9505,6.426505356022927,8.259824150521125,7.6010271133757294
26.990614,6.511066222400817,8.332799079999306,7.653868575577166
27.030624,6.6012395122470116,8.404224837379754,7.708279503593577
27.071035,6.688222777063512,8.474042888274358,7.7642481618052015
27.15468,6.768071929972978,8.54224069781794,7.819567131436291
27.19023,6.849527441989817,8.608806592782472,7.877025898088889
27.230745,6.926921930903181,8.673766327738884,7.9365658752379895
27.27055,7.007012700533112,8.737020185082411,7.995318113322388
27.310173,7.081969525525581,8.798484363936998,8.054797579098533
27.351524,7.162110723614864,8.85806536581674,8.115075594242827
27.43054,7.2426955151101495,8.915808325567749,8.174149080314175
27.470333,7.322824263019911,8.971714672362781,8.233218581595757
27.510605,7.402880781956519,9.025865034452021,8.292690398701755
27.550785,7.481086698311472,9.078201438599672,8.352061391623339
27.592525,7.5601023375632765,9.12873548560524,8.411370576527863
27.631018,7.632752132680961,9.177515874711034,8.470635287058666
27.71071,7.700530849661351,9.22447562843731,8.529475755223494
27.750832,7.774825131700472,9.269607677093353,8.58778055115894
27.790646,7.8511080788665675,9.313003040337007,8.652012364138413
27.830729,7.922500173104854,9.35459335515701,8.7146835843654
27.870726,7.997864093922352,9.394382932509885,8.775592060437779
27.916836,8.062790205205706,9.432377925554261,8.840733869055617
27.993448,8.131746516016047,9.468519657013314,8.903181589110211
28.03048,8.202422252095793,9.502822074104365,8.962763501614976
28.070656,8.262978824173592,9.535387351340527,9.025624147985953
28.110218,8.32295830970776,9.566094613020992,9.084725492261542
28.150568,8.37763747113957,9.594959248551115,9.140057123394064
28.190783,8.437496332710927,9.622042340149093,9.197428772355794
28.270657,8.49604029285752,9.647258109756141,9.250100008467122
28.310421,8.54821414688335,9.670597452603332,9.298084031855664
28.350538,8.59322424826382,9.69212925063647,9.331422111775648
28.390423,8.639142967788727,9.711698840515384,9.359417335497456
28.430353,8.680841320120356,9.729297074345341,9.381993769979022
28.470335,8.70961232644718,9.744838197217392,9.390145983616105
28.552546,8.73739183146681,9.758382998045716,9.392472409353028
28.591814,8.76228171337149,9.769957937592615,9.389081782279646
28.630625,8.788108935288719,9.779597739113676,9.373441398204784
28.670624,8.814586766324808,9.787317061942687,9.351487244927046
28.710651,8.847707898198669,9.7931444612904,9.323499722025165
28.750572,8.871815368374346,9.797033301333903,9.281237839145346
28.830536,8.888893142361697,9.79904407066133,9.23264242185722
28.870565,8.904020041036452,9.799200280137038,9.17776085048352
28.910393,8.913530998124667,9.79756920818636,9.111055646803484
28.951063,8.927645162829041,9.794144468867326,9.037914920525317
28.991112,8.937601340594847,9.788952063724828,8.958547732963956
29.0315,8.945448216605161,9.781995243295544,8.87512628501987
29.11026,8.949355571469887,9.773330815388858,8.78627412538933
29.153017,8.951726970918488,9.762953277559092,8.692272436724409
29.195734,8.957840366709759,9.75087835314887,8.581357719836896
29.230652,8.963324380041943,9.73713307581772,8.46612461982744
29.27453,8.953598397577442,9.721723243140167,8.346697638953225
29.311363,8.951956411968235,9.704609345041892,8.233431681230375
29.390293,8.94921983974769,9.68583654859613,8.117959684022505
29.431084,8.941277229996327,9.665418751970378,8.00025587106851
29.47109,8.935390155675003,9.643355604471504,7.883114960201525
29.510698,8.921977623414937,9.619704671392599,7.764573915435986
29.551214,8.911011380547972,9.59447552344881,7.644826202776517
29.592022,8.89959027684082,9.567632584076174,7.532124015326629
29.670763,8.889732716051238,9.539203927227918,7.419583989029208
29.710287,8.874377520674416,9.509209194875387,7.307123861429917
29.750364,8.861467294416459,9.477669611724595,7.194822432654299
29.79033,8.847063965327147,9.444649114768144,7.083140544144932
29.830673,8.8275417838887,9.41018947918979,6.972358038554541
29.870918,8.801434365104024,9.374289248420597,6.867879188610137
29.95066,8.774303237777296,9.336978743453178,6.7653686222345195
29.99584,8.749375826364105,9.298287644447544,6.66497159267123
30.03132,8.715054730195643,9.258223846642785,6.566825215025913
30.071669,8.682348892190745,9.216807351497906,6.47105844910219
30.11234,8.652346208894054,9.174155035987058,6.377279522458103
30.15559,8.620144303701961,9.130172353219479,6.283787399019945
30.23057,8.584973938830618,9.084881487181297,6.192713071865795
30.270477,8.543342065658946,9.038264439628268,6.104380130237938
30.31229,8.510627354665388,8.990377568947705,6.0185915287347616
30.350565,8.470726695289917,8.94127398944147,5.9354154857707355
30.391413,8.425780719161885,8.89102905354265,5.855151486410097
30.433554,8.379723442109817,8.839579073906746,5.775250738667592
30.551943,8.3306451256816,8.786932117284909,5.6977824087901965
30.591482,8.28689400156554,8.733046384208961,5.622887867401097
30.63026,8.235234371501678,8.677982870728497,5.5504434423850935
30.67086,8.189077553563193,8.621744243938515,5.480453350115642
30.710604,8.132217677563128,8.564455627404927,5.412263839989764
30.79048,8.080920742279966,8.506020816744062,5.346838509626631
30.832169,8.021133783741554,8.446467569326732,5.283714709782992
30.873154,7.961306513669114,8.385745479251199,5.2235678282187745
30.912777,7.910951444547981,8.323913937274085,5.166024271348776
30.951967,7.858493409416729,8.261009239655944,5.110378323815935
30.991442,7.806929575963146,8.197126346752507,5.055933201246371
31.071016,7.748934670538189,8.132200887638815,5.003386470541914
31.110298,7.680404855879083,8.066259590108459,4.9527613141737845
31.150688,7.611438748536418,7.999283032774981,4.90453586429933
31.190277,7.548316099741666,7.931390734070554,4.858293278748732
31.231026,7.4828644234557045,7.862623467644977,4.813883772353225
31.271719,7.415061422421431,7.793080087756325,4.75638998335733
31.350742,7.350986982233874,7.722754507784343,4.700400180638785
31.392532,7.286644154103836,7.651702649003265,4.645785761081616
31.433098,7.229271858170396,7.579899513676208,4.599367258493608
31.471472,7.159629636151677,7.507466550408025,4.552764594246227
31.510551,7.086319686824292,7.434404413671801,4.506299151338484
31.55127,7.016535435052146,7.360705888841013,4.4523410278497835
31.63096,6.939744119294157,7.286458779753501,4.398679940301462
31.674921,6.854348758037231,7.211714395372904,4.345128076125503
31.71075,6.773905531018422,7.1364592041239945,4.2974332888867615
31.751558,6.687297045678266,7.060756040978567,4.248669345851719
31.79069,6.605040752110963,6.984647883089045,4.198795628122215
31.83089,6.518644387726598,6.9081421144203015,4.14347272263514
31.910671,6.433497181770915,6.831278121181355,4.085943759013791
31.950548,6.3508802646391915,6.754066498591646,4.0251633294092155
31.990238,6.2708140350342045,6.676439520465239,3.968324867784528
32.030746,6.189130346809641,6.598498329104287,3.9086590556037057
32.072586,6.1043160345629595,6.5202300892375655,3.846158934512246
32.111954,6.027440657378643,6.441628085856326,3.7832725674194085
32.191017,5.948213496757087,6.362919001201587,3.717869662108269
32.230633,5.867420557607243,6.284144227116227,3.6500032023115274
32.2703,5.782987306936255,6.20527865517662,3.5841501832244695
32.310364,5.69362951514393,6.126446877709536,3.5142770239288996
32.350372,5.6107959561186105,6.047694197731139,3.4411985570557286
32.39097,5.5287396909089015,5.969033415827072,3.368560049623858
32.47043,5.444967712027202,5.890532419108823,3.293374346850341
32.510414,5.362198516668122,5.812230795749578,3.2157418530691078
32.550816,5.278972687878765,5.734144125630059,3.1483647059254984
32.59023,5.199566423739677,5.656330332985086,3.0790913408107743
32.630238,5.114919538316217,5.578862814382716,3.008169223354152
32.671394,5.038222152007793,5.501773965015338,2.9509053005220114
32.751305,4.959708233823447,5.42514144470641,2.8924936265308885
32.790974,4.87508365385809,5.349003358626569,2.833067879764299
32.83133,4.7985060854413275,5.273406344576216,2.7774150768337593
32.87032,4.722125414132591,5.1984281361014,2.721856517876371
32.910236,4.646296215913539,5.124082782413099,2.666247271127316
32.95048,4.571956297136197,5.050436551919341,2.618358756425156
33.031075,4.499193802688873,4.977525865155688,2.571983242462339
33.073624,4.428417855210229,4.905423784149354,2.5268182018223255
33.11214,4.34759986729299,4.83418635375117,2.4881234960924883
33.151073,4.261897044237616,4.763869563712355,2.4519260584126408
33.1909,4.178552871339538,4.6945406081606444,2.418539858742825
33.23378,4.09886265129722,4.626300536575648,2.3921495179329026
33.312466,4.017890291773678,4.559271494242929,2.369124741229746
33.353283,3.9321410070371585,4.493457994539461,2.3496423557423163
33.397427,3.858870249440384,4.428949003379613,2.3392049793472323
33.432926,3.788029136877726,4.36581322387544,2.3330594419183504
33.473385,3.7199935413644005,4.303874555638636,2.331100540542826
33.51288,3.65189466822696,4.243403912091279,2.3311404328262104
33.595585,3.5876246852066265,4.184441730133127,2.3352118184390505
33.63132,3.5225616810106595,4.126995816383692,2.343038593270212
33.670925,3.450734299526558,4.071137603239335,2.3601837384872617
33.710796,3.383232162694589,4.016927215242257,2.3819542800288587
33.750732,3.316354789867181,3.9643849866031102,2.4086125039982482
33.790096,3.251400665557804,3.913562053152388,2.437705778947944
33.872147,3.186824423305659,3.864526401090724,2.4716359971041935
33.911915,3.126085839709689,3.8173884034043195,2.509592143755012
33.95215,3.06532349388246,3.772140995583989,2.5494150353880114
33.990944,3.0127907680805595,3.728850582745034,2.5938323314744984
34.031284,2.9572611250286114,3.6875875963038744,2.6418452394732155
34.07058,2.9098049191527404,3.6483896151488056,2.6926297449514904
34.150307,2.8625752167835476,3.6113095908856776,2.747055639995888
34.190628,2.810500996989938,3.5764427331485455,2.805141350848869
34.234234,2.7636190839500743,3.5438203931025973,2.8667578814935832
34.27113,2.718011007721608,3.513462411750437,2.9313544302367887
34.310085,2.677202562980611,3.485430530496388,2.9983344696668413
34.352802,2.6364962927632574,3.4598053734978746,3.0684077442101834
34.430088,2.609449314734112,3.436654107143828,3.141418855592114
34.470497,2.5808405291458474,3.41610696710021,3.2168258730954356
34.510582,2.5547980026623036,3.398112582305483,3.294453229836926
34.55055,2.5285128180879473,3.382691122781943,3.3746280996650166
34.591103,2.501166090927675,3.3698293946423763,3.4632221235589795
34.63015,2.4739879530476214,3.359532910780142,3.5529053316131214
34.71012,2.4497452167019595,3.3517937249522585,3.6433889630456076
34.75068,2.4256899003089276,3.346683929263732,3.733996825740983
34.79143,2.406832408862722,3.3441376770029896,3.8251879473727306
34.832924,2.385601171471161,3.3441662497116615,3.91664104622454
34.871544,2.3671019419045756,3.346764802963781,4.0001651827124105
34.911495,2.347632458688732,3.3519150241277407,4.082849229498455
34.99079,2.334242578438551,3.35963053710534,4.164419005964828
35.03136,2.3208219818791873,3.3699711020956826,4.230664655124689
35.074856,2.3097091410294923,3.3828685352490027,4.295714671134609
35.112236,2.3028445475158876,3.398300857621318,4.359421021649053
35.156822,2.2988339036486654,3.4162612407676267,4.412463519016748
35.193226,2.2989413000867813,3.436750722507328,4.46324164155417
35.27133,2.299704096180206,3.4597614410761226,4.511644638044727
35.310345,2.3007769249328427,3.4853007415806943,4.543745308158407
35.354748,2.3048128835782933,3.513364045810177,4.573320912895793
35.391903,2.310024195597872,3.543981585948335,4.600264406733329
35.430965,2.325204778325124,3.57716608474111,4.626431337075612
35.55117,2.3363767791735697,3.612949283698989,4.650008708234619
35.5927,2.3447263641937277,3.6513128055776023,4.670976790023675
35.630962,2.365173631938404,3.6923099227469884,4.686087681986041
35.67078,2.385207027322787,3.73584349966381,4.699676114028718
35.710598,2.4078474617158285,3.781815993228818,4.711745197669396
35.750687,2.4401424239514156,3.8301804886698174,4.715526183503649
35.83048,2.474475097996923,3.880898249218729,4.719139433159421
35.87057,2.5042496730044013,3.933920244678919,4.72235103770818
35.911186,2.535475644618118,3.9892280857426448,4.722059120898155
35.951065,2.577189069625574,4.046760425511983,4.722367708752882
35.9913,2.619159017364667,4.10648789750295,4.723460071640891
36.030712,2.664370708605379,4.16833533527568,4.718953836565405
36.110973,2.7062749536683275,4.232258006208658,4.71620940069935
36.150913,2.7522113943556334,4.298190630004794,4.714830500036813
36.19376,2.804242069577489,4.366067155402618,4.710456161734459
36.237,2.86088154158146,4.435820700796452,4.70836934553167
36.272938,2.922816960147761,4.5074047865437965,4.709483677798609
36.31075,2.9854433490709456,4.580772213340196,4.722381580435614
36.391087,3.051049248956893,4.655873687805599,4.739368507635396
36.43118,3.1234207385177846,4.732638015600853,4.760065004923542
36.47116,3.188460987952321,4.811015942162271,4.786658475025854
36.510822,3.252112774140257,4.890957541235433,4.817297007010049
36.55126,3.3242443120251144,4.972379732814005,4.8521480627432
36.593758,3.394692555898042,5.05520879995254,4.892905185002695
36.670746,3.468169689850593,5.13926458373144,4.937052421687996
36.71077,3.554471010158065,5.22446150320351,4.985271717360226
36.753475,3.6385768898412727,5.310735174584422,5.0395825533125675
36.79294,3.7223853312776556,5.397971646742265,5.097145442458117
36.83385,3.806284420150264,5.486072288770099,5.158232939762784
36.873096,3.8910871504279014,5.575041527897574,5.224219332484449
36.953392,3.9744042730717597,5.664760898942099,5.293647390125991
36.995182,4.062783822206146,5.755041445222292,5.366965081201504
37.036823,4.152460115634942,5.845855616987279,5.4444745909212084
37.07501,4.240742939297032,5.937109771354623,5.524979290129265
37.112446,4.327928213849028,6.028649916635297,5.608553842320811
37.152493,4.4273171327660465,6.1204597474589155,5.695006832202746
37.232246,4.518770421280746,6.212476965249141,5.784273815297539
37.274975,4.608297662834406,6.304542367762404,5.876674248630937
37.310436,4.698417770627868,6.396667045240033,5.971749668062053
37.350403,4.788454425581598,6.488748345475337,6.069408718789005
37.390297,4.881446439183048,6.580721218929306,6.169517628170892
37.43019,4.968866082557885,6.672490309154704,6.2719353639199955
37.510696,5.061641077262121,6.763935916755717,6.376426615685554
37.55093,5.153395154646759,6.8549593758543255,6.482850003350741
37.5903,5.246810015989893,6.945515552743583,6.5911762649027095
37.63045,5.34639206380227,7.035539641125363,6.701265119694269
37.670803,5.4403108533667215,7.125003864159691,6.813070681563676
37.711018,5.539529625855775,7.213764792956562,6.92616316801511
37.79108,5.636576791334506,7.301751755469431,7.04051435355912
37.83397,5.738144390555192,7.388864901646607,7.156584413320647
37.870853,5.833878657096581,7.475051208281857,7.272520484168687
37.91143,5.933449600698535,7.560251083831408,7.388908833242239
37.950916,6.032439057996958,7.644535819752858,7.511233385837506
37.990917,6.129548187628591,7.72780917409665,7.631915982665517
38.07457,6.223432486021309,7.809967213398576,7.751961829333143
38.11246,6.314420638214069,7.890984256474148,7.878075588387063
38.153988,6.404290611945088,7.970815011916108,8.002342855466402
38.193134,6.501389878676995,8.04942745920135,8.123603383531247
38.232796,6.602433742086502,8.126918991698112,8.247799351870745
38.27346,6.692994246700513,8.20315158052928,8.367673032384097
38.354042,6.788445653848932,8.278129709305363,8.482993841232345
38.392723,6.875063259760677,8.351883094483332,8.607924783605206
38.43334,6.9627676300881784,8.424274037173339,8.728322022572943
38.473137,7.04752264573821,8.495208003931909,8.844265478551815
38.511604,7.126995692327648,8.56468559629913,8.94586520460663
38.552254,7.221104108751094,8.632592874785985,9.043144352192945
38.63232,7.3110826077257425,8.698930614822531,9.135089320270932
38.718376,7.397078024972262,8.763774768481326,9.220160831496964
38.76,7.482481825735064,8.82704020212532,9.299521807901229
38.803917,7.571687097196295,8.888691615973283,9.373074214012597
38.878082,7.660410154244877,8.948756488119674,9.431959964458825
38.92,7.749346833083311,9.007230368130852,9.484786213996388
39.03954,7.8321644171378155,9.064096750043811,9.531514866316414
39.08,7.917223111734679,9.119337004957876,9.56894407753048
39.12058,8.000671620235808,9.172954397630976,9.600703327996644
39.156536,8.084182935170382,9.224964306889868,9.627499121487075
39.194023,8.170051485638567,9.27540289764489,9.6418917315614
39.23259,8.253654878186094,9.324212630632482,9.650533201263675
39.344284,8.338183810642409,9.371403439270477,9.653735468065515
39.38716,8.413898970246645,9.416955120228174,9.651070530908992
39.429523,8.49981164982219,9.460770482237756,9.643307986313975
39.4706,8.583420423652552,9.502846178836307,9.63069965058025
39.514767,8.6650665830908,9.543169368830018,9.601607991123476
39.553875,8.746860674923967,9.58174742770699,9.569047837226455
39.632015,8.833150894540838,9.61858542821621,9.532918006627115
39.67279,8.913497656682392,9.653727346765708,9.485594000230058
39.711456,8.993382027537178,9.687182702829853,9.435996110179358
39.75249,9.072115132934135,9.71895070028075,9.384501154882726
39.798145,9.144568442293293,9.748999098958377,9.32062590691666
39.832047,9.211674788975868,9.777349104812428,9.255311020312107
39.915436,9.278927150330308,9.804010384309917,9.188671942842191
39.96,9.341331988992092,9.82899106420672,9.106830622118812
40.024113,9.405305180561184,9.852299213684542,9.02410922084414
40.079056,9.473181136200909,9.873942872841543,8.940715296603265
40.12277,9.533573963343356,9.893877766681463,8.861083523994752
40.18592,9.585004442846069,9.912102081777313,8.781307403383504
40.268745,9.632385290104398,9.928604157829835,8.701708296286434
40.30308,9.67622495652912,9.943373795301163,8.624525087720748
40.34358,9.714544756586083,9.956433353716806,8.547598206282444
40.38342,9.753067075445754,9.967816545357174,8.471298813371506
40.420864,9.79031605674721,9.977526002831596,8.397543034861283
40.465374,9.827039293024393,9.98552466825339,8.324147946646223
40.54513,9.865567757619047,9.991810582726595,8.2513300241903
40.582027,9.898398577177105,9.996331892767875,8.181466610833938
40.636307,9.92948080558952,9.999047423883457,8.1125798830343
40.68,9.95363974105441,10.0,8.044595316477245
40.76332,9.972171894192263,9.999199047018905,7.9774286753116
40.833572,9.987505282034197,9.996701295303279,7.911122674338347
40.87596,10.0,9.992580029124252,7.84559124160523
40.91228,9.9961580840538,9.98683370084547,7.780996611730938
40.955856,9.998592363717096,9.979442416128794,7.7173552182636715
40.99518,9.991943308101842,9.970383140897479,7.6551701577346005
41.04158,9.99054640521171,9.959699013293674,7.593910235929079
41.140366,9.988151970835869,9.94739765024374,7.533564817076818
41.184338,9.982746033398474,9.933541482505428,7.474729754339419
41.221992,9.970184095338,9.918099121047806,7.416710444397732
41.267952,9.959389982296603,9.901070045666687,7.35946963588472
41.31101,9.936253297784129,9.882371512498063,7.303576443944291
41.35293,9.919148782194613,9.862101418005986,7.248189475191855
41.455,9.902976314279389,9.840269785658988,7.193243709929536
41.52,9.882208172788602,9.816899010223528,7.139143235237215
41.557144,9.849662656219396,9.791959926248184,7.085531084840193
41.5951,9.822976861548103,9.76546391966308,7.0324502140762055
41.638084,9.789528752003916,9.737389519723953,6.986375647937383
41.68508,9.752271098472301,9.707816729966417,6.939433746376702
41.787807,9.719261910593975,9.676768862092059,6.8915441198384615
41.833652,9.68343557968278,9.644287341046493,6.849349566107251
41.876877,9.64227810777203,9.61035371912909,6.805025406346355
41.91575,9.595357969076616,9.575004647274914,6.758642615843134
41.954796,9.537773790581083,9.538193715071893,6.717112733400417
41.99725,9.483518557936378,9.499986684593363,6.672620318528609
42.076355,9.422803374074137,9.460373653176589,6.624987772383897
42.125282,9.368165405575228,9.419356591252027,6.566407312243511
42.18989,9.307929118342114,9.376898161156932,6.503599111886447
42.24,9.254968752987729,9.333015413979817,6.4369450102068155
42.27883,9.200683003391177,9.287627360911783,6.371850249608571
42.317833,9.146837973593898,9.240843340664782,6.301927443261697
42.39859,9.092106317204795,9.192657748682667,6.227414807938235
42.443806,9.024515608170624,9.143042094562412,6.147641222043971
42.483715,8.962239561973096,9.092021347888435,6.0632621500140464
42.545048,8.895175954219477,9.039559558632442,5.974589519337953
42.5824,8.832392920048138,8.985565566716119,5.894505323691114
42.62772,8.765147571098803,8.930109229443831,5.810151876554386
42.7113,8.694272504860661,8.87316266877965,5.721636304736476
42.758785,8.62388093233992,8.814719024520599,5.631367697550748
42.79993,8.55079422883825,8.754820750805344,5.53743432065194
42.845963,8.472304738164347,8.693458064876161,5.44000576050522
42.91634,8.395173370961363,8.630597327906925,5.351700852820119
42.9642,8.319542135689142,8.566257256412031,5.260662191210014
43.061836,8.242487863400846,8.500395718997662,5.167073934234912
43.10353,8.16434701856295,8.432966217843411,5.070923359842749
43.142715,8.078973214120163,8.363931839042817,4.972998220300276
43.194786,7.994896724279796,8.29327079668503,4.873530571726782
43.238777,7.917530551964332,8.220928271194813,4.776466949038315
43.28,7.841682799585899,8.146935052449486,4.679083117377917
43.385517,7.756759714763177,8.071387872774565,4.581590984641712
43.42721,7.666262707349393,7.994277167008414,4.492394586173594
43.46549,7.578717999141662,7.915615796655146,4.404245998764082
43.50701,7.496356123246332,7.835448865035982,4.317583220731312
43.550865,7.416821438588025,7.753767382497452,4.236389661468761
43.59788,7.33339323994566,7.670595808624572,4.158339191873852
43.702053,7.240357573818579,7.58593960117668,4.082933044393401
43.744892,7.153488809392566,7.499804924385501,4.019425350525812
43.785103,7.065490723302862,7.412221118958736,3.9602449093081193
43.834324,6.973110389674995,7.323219317792686,3.906639321580864
43.88145,6.881841811388653,7.23283230444927,3.8640402323699616
43.913208,6.788584331904453,7.141084452228512,3.8281391192752507
43.991608,6.690968577091976,7.047991610573955,3.7974829452612977
44.031307,6.5923992339147,6.95357093883509,3.771785197901722
44.071976,6.492451607529691,6.857819577592687,3.7510298731127927
44.11131,6.386037340579585,6.760799358555359,3.7368257543496872
44.151157,6.285713422817531,6.662530623959204,3.72687085574333
44.191517,6.1903059345458145,6.563034487076005,3.721700641191614
44.272392,6.088603715175944,6.462284508818595,3.722092881814002
44.311478,5.992404684124693,6.360383344105774,3.725343362313122
44.351315,5.8968269982642,6.257424287424825,3.734902613101975
44.395523,5.794198522364625,6.153433426809476,3.749556207993032
44.431366,5.705119555652087,6.04846153885123,3.766778953077062
44.471325,5.611158335898914,5.942646080059702,3.7895518380865383
44.552273,5.519248739676111,5.83605523943317,3.8176439396051456
44.59292,5.41523823691434,5.728642473150886,3.8488803640825537
44.630875,5.311914687450382,5.620467263877355,3.8850556003657175
44.67184,5.197961018439143,5.511763065056693,3.9247542414986314
44.71432,5.084611368558383,5.402501649054869,3.968686883709439
44.75369,4.979090601191147,5.292773452948319,4.017294622454042
44.832508,4.868053611650004,5.1826870292799105,4.07063013974057
44.87357,4.755685411903012,5.072299629783709,4.128222824979263
44.91202,4.651617545781958,4.961664018870187,4.189881034692889
44.952072,4.552848081727105,4.850909078074193,4.255264292828715
44.990868,4.45490253720614,4.740058694063852,4.32427674335943
45.03293,4.350724698113725,4.629222639948708,4.396570599974384
45.11707,4.249187516398153,4.518504383911102,4.471769852233788
45.155922,4.149154929568843,4.407988050668173,4.549865406093121
45.193665,4.039971388527862,4.297769751352554,4.630853979135823
45.243244,3.9343390738368536,4.1879988069081815,4.71371111406324
45.30171,3.8313481481584373,4.078688201314287,4.798683240364145
45.342007,3.7307566378620627,3.969929586731489,4.885474766162758
45.42153,3.6382581019226348,3.8618663665891027,4.9801008781590985
45.46202,3.5460911592686677,3.7545492939673504,5.075251928314844
45.501984,3.4525346890479125,3.6480879513035123,5.170263125796103
45.54511,3.3590874095540864,3.5426846418888385,5.264079669823949
45.58072,3.2649976623082524,3.4384148506284564,5.3578401953667045
45.62279,3.1726117254723536,3.335370114247568,5.450876632274446
45.701946,3.082906970538506,3.2336283859247694,5.535163704645389
45.741993,2.981289055614256,3.133276421853895,5.617733356422837
45.782032,2.891651048095125,3.0345200153692122,5.697946355550276
45.82323,2.792937202482249,2.937507039923272,5.760780538735076
45.862022,2.7073366689702985,2.842279036234692,5.820334120074719
45.901485,2.6276484594323715,2.748935325687801,5.877126650869464
45.980873,2.542740610993279,2.6575071532428782,5.921888740563359
46.02105,2.4666043266756876,2.5680677910153853,5.962693350768465
46.06173,2.386868411877211,2.4805998693571563,5.999871582271167
46.141556,2.314976052467765,2.395153950385818,6.018638408212993
46.18151,2.239510812945084,2.31191618789524,6.033075409421693
46.261497,2.1712570032457106,2.2311289791433664,6.042746992680722
46.301674,2.099114934178679,2.1529760506384537,6.049436693097106
46.34153,2.0214185675185776,2.0775339034392903,6.051088271438687
46.382835,1.9586573841713282,2.0048708832633113,6.048070033218626
46.42108,1.8972438526277153,1.9350486673704081,6.036410087321296
46.462845,1.8368994103980016,1.8681050915568689,6.020881892420108
46.543262,1.7854875028918407,1.804102354493361,6.001550942977088
46.58229,1.7305100572721188,1.7430692276201456,5.973472699205352
46.62134,1.6829021638240085,1.6850533158368326,5.942611631802268
46.660988,1.6383394040538104,1.6300899286823332,5.909178580960906
46.702225,1.6000973032576797,1.5782332126719685,5.869781328695727
46.742207,1.561690373848674,1.5295349167919925,5.828491405502321
46.82123,1.5301622596542546,1.4840232057591327,5.785306120355799
46.861816,1.497922914103829,1.4416914029304113,5.73447711582239
46.901962,1.4650779239159442,1.4026478296561635,5.682836967116593
46.941994,1.4374595674848083,1.3669460321880489,5.6301470466707695
46.981304,1.4137143472094498,1.334646907646642,5.572428259477467
47.020996,1.3891602475689002,1.305829895398076,5.514698145721677
47.1026,1.3735590407099545,1.2805405706662492,5.457007683105844
47.14116,1.355981362763893,1.2588217052977826,5.408033788137405
47.18193,1.3445316642276715,1.2406807401113664,5.35991964874968
47.222107,1.323014563223343,1.2261011863495055,5.312961756244006
47.261806,1.3071333001281067,1.2150215637068162,5.277282717440994
47.301643,1.2989229920860816,1.207420341295944,5.24339902753647
47.38176,1.288761429259651,1.2033159819254018,5.211094115017842
47.421265,1.2810161562680045,1.202714656784407,5.18715832844949
47.461376,1.2808380066160492,1.205620174808892,5.1658223512432935
47.502136,1.2777281775694715,1.2119802770337966,5.147012312029507
47.542053,1.2826287751496683,1.2217729331310871,5.14034478472778
47.581467,1.2854555219965904,1.2349837632835121,5.137215493528017
47.661503,1.2911934069247495,1.2515352422229054,5.1377753416795935
47.70237,1.2998167288935185,1.2715072535666356,5.139603117202034
47.743702,1.3079643813245816,1.2948685798066035,5.144521955329814
47.78168,1.3233756365070497,1.3216382217062899,5.152805595843114
47.821556,1.337921650822703,1.3518005942688567,5.162257020897605
47.861538,1.3538571758067388,1.3853267435124998,5.174512246924172
47.941372,1.372667888621306,1.422103510087113,5.1891615049958375
47.98122,1.4002590172416447,1.4621638785667104,5.205718827636219
48.02115,1.4328497595367489,1.5055356310717405,5.225226372026349
48.06204,1.4580066612567744,1.5521633773432155,5.247007432084437
48.10238,1.4826164742424306,1.6021487535753602,5.27017286697262
48.141293,1.513592296969092,1.6554717996677002,5.29524174467927
48.22154,1.5474538018526196,1.7120289627099394,5.322654578923243
48.26179,1.5812800793511144,1.771788534320363,5.3523153467853275
48.302155,1.6222935622437173,1.8346169006269326,5.384138575708092
48.342125,1.663622469653227,1.9004271671077746,5.418169280027914
48.381676,1.7212303543771954,1.969131235263057,5.454190571739453
48.42121,1.7708217662201422,2.0406780264730306,5.491619387339696
48.502117,1.8290907103995144,2.1150644677756945,5.5306008403801385
48.542126,1.8885674451749077,2.1922320932076653,5.57076125820506
48.581863,1.946992361999115,2.272105425384206,5.612043403281722
48.62212,2.003901925093818,2.354627255966469,5.654074519996227
48.661526,2.0673723220257365,2.439748528855285,5.697468232564252
48.702465,2.136294861424665,2.52740878967463,5.741600373128225
48.78107,2.214259898106047,2.6176139953714426,5.785599270995661
48.821213,2.2884978003022587,2.7102412220860854,5.830260595288959
48.86116,2.3581061468945235,2.8052043313852635,5.875361774975717
48.901512,2.434772677646719,2.902448182064814,5.920141566624446
48.942467,2.517091339594856,3.001917163741529,5.965233241103161
48.980946,2.591196328484732,3.103532806211392,6.01023505146193
49.062466,2.6780732267538814,3.207186846111259,6.047356667683115
49.10227,2.768459251213406,3.3126576453045153,6.083338308387977
49.141575,2.8535218144809864,3.419850669011231,6.117986783323623
49.18234,2.9380616111317606,3.528586162079909,6.143857162519212
49.222336,3.035434613929223,3.638747393902493,6.167761641050174
49.262005,3.1301800287619024,3.750121406846012,6.189544885274336
49.341244,3.2345937348033336,3.8625706496908485,6.201525265130849
49.38224,3.331930678336872,3.97594556640257,6.21017299723236
49.42168,3.432313333785157,4.090155695208034,6.215655330176228
49.461506,3.530708960134221,4.205148516523908,6.218417003844424
49.502003,3.637623234784329,4.320838591726431,6.218443645353689
49.542362,3.734278054862014,4.437079598391452,6.215468293828783
49.621933,3.830997858938074,4.553790477999507,6.205164773503226
49.661503,3.928832157486367,4.670804179261009,6.191318642998319
49.701946,4.022302009933781,4.787995083558543,6.173837586999488
49.74147,4.122864740453895,4.905229590441379,6.155449995889717
49.78135,4.223938658563208,5.022417097572616,6.134058357191955
49.82168,4.325170948213666,5.139487640566383,6.109770909933682
49.902092,4.425042705689122,5.256372333443939,6.077077116438952
49.941887,4.5253309913387065,5.372970988439213,6.041529596637638
49.98144,4.621599672565807,5.489268149857674,6.003535135837826
50.021145,4.717192059149352,5.605101151994352,5.963101692129901
50.062756,4.813525483426341,5.720329945899417,5.920786036466975
50.10306,4.915421460216981,5.8348785195834845,5.876917093943268
50.18362,5.017387618141156,5.948619213861665,5.8264769786625035
50.22209,5.114491564344124,6.061468958157436,5.774209725338582
50.261868,5.217588395010671,6.173358216185445,5.720345535739232
50.302322,5.311282116330031,6.284157512198255,5.6664064260127445
50.341797,5.4075733549963765,6.393857127662225,5.611621414823191
50.381523,5.505377138049623,6.502427278243802,5.5563745444698736
50.461014,5.597909072725489,6.609836734649417,5.50349172166454
50.50158,5.690669887488502,6.716031903913699,5.451294820110153
50.54159,5.789543496154021,6.820832489304013,5.400123057562322
50.581333,5.88634876654811,6.924176408699045,5.3500544338321605
50.62093,5.987844826718037,7.025972900736649,5.301904496092863
50.66144,6.078337264022013,7.126112465757469,5.2556805287103705
50.742256,6.167648483598201,7.224519255345743,5.215358784959117
50.781464,6.256977907656578,7.321180915104701,5.176572800775226
50.821575,6.353679136072467,7.41601154063722,5.140464716320816
50.861103,6.4453110655201975,7.508980463189333,5.1062304403657
50.902084,6.533728777385191,7.600026072335347,5.074055465054626
50.942184,6.621646636756953,7.689098258000922,5.043306456582604
51.021233,6.706621186421906,7.776157070592928,5.014330548469953
51.06171,6.791960660139221,7.861152962833099,4.986812933233083
51.141808,6.878227982585033,7.944049450277318,4.961623915693659
51.18486,6.967702196049359,8.024801991132819,4.938698745528037
51.220894,7.051593873219143,8.103370725284744,4.9191035049614324
51.302135,7.1424924483085865,8.179687917900809,4.901360236205199
51.341644,7.2324959722795725,8.253720145710943,4.885484115803503
51.381454,7.32329173230841,8.325407386967735,4.873051406647043
51.421375,7.414948971325798,8.39484382652581,4.862704591940165
51.460876,7.500790328802272,8.461903085280674,4.855761445263587
51.50172,7.584475987325949,8.52657634393863,4.850794178770976
51.581146,7.665804568657483,8.58891879244928,4.848039752955555
51.62214,7.7358313525252544,8.648932365536343,4.847777276937067
51.665718,7.805539063164953,8.706564283483186,4.849473628031646
51.702045,7.8724313230745615,8.76186514854764,4.853064545634751
51.741665,7.940470652346379,8.814836064857579,4.860048260171566
51.784306,8.008155721747245,8.865493986608032,4.869091315911964
51.86109,8.086513396546765,8.91375739973944,4.880661994309047
51.90216,8.16651415716027,8.959692226927483,4.893937233913243
51.94188,8.240707140439255,9.003282777221369,4.90880229141329
51.981766,8.314866706173422,9.044608455016444,4.9243629004280365
52.021168,8.38323319918397,9.08358056569773,4.941254373931183
52.061245,8.447529194300216,9.120209759781327,4.959332501826544
52.141026,8.50757183665642,9.154486020869566,4.978322460199675
52.18198,8.55990948332047,9.186422435114512,4.998195361072813
52.22205,8.616977924683683,9.216034047693888,5.019031005312961
52.262283,8.668547166605741,9.243326310824402,5.0401471110319145
52.30271,8.718422061928651,9.268286180864028,5.061623050860441
52.341393,8.768974638832134,9.290924689402324,5.083118481391497
52.421997,8.826416706524517,9.31117954922998,5.105068546758783
52.46135,8.88178971969262,9.329129965047846,5.1267530086625515
52.501892,8.922805839502542,9.344777416191453,5.147937096776231
52.54236,8.956817912615774,9.358062443452859,5.160877144174686
52.581665,8.989209995957788,9.369107655770199,5.171829139663911
52.621155,9.020812473588247,9.377971892490002,5.180985904776012
52.701897,9.051865186000247,9.384610756485227,5.188442643139632
52.74159,9.084542608773994,9.389082869575077,5.19339459228329
52.785137,9.111056447840522,9.391419739916591,5.195760675433066
52.820927,9.128664814105923,9.391591769608434,5.196368543329122
52.86171,9.151341471770701,9.389676382685897,5.194046030893509
52.902176,9.16369882016635,9.385641709380433,5.188529662681739
52.981293,9.181316177120262,9.379438340892888,5.1877408773299285
53.021122,9.187445706206795,9.37113477005522,5.1847551864865
53.071957,9.186042209070179,9.360771720085904,5.179336529009055
53.108322,9.184823685116923,9.348347943915993,5.174976837061115
53.150616,9.174587119030445,9.333970047876424,5.168290676213162
53.19211,9.164348827614434,9.317738222206776,5.158594218038287
53.271343,9.155455115410673,9.299639016622432,5.1540219104087885
53.311134,9.14955054247691,9.279689553285149,5.147725894605084
53.351337,9.131999744897543,9.257827013842672,5.139700600363723
53.391766,9.116364519164849,9.23397883878734,5.130363676713469
53.43175,9.102210223132124,9.208156884226094,5.119263250658721
53.470814,9.078223289329435,9.180387949767761,5.106575803412668
53.555325,9.053669487776917,9.150654377271348,5.098628402723071
53.599995,9.026940028136986,9.119024037439427,5.089959389754837
53.641228,8.992687622972788,9.085535838032314,5.080613893767399
53.701763,8.96421927501028,9.050249316157823,5.085394480413867
53.74318,8.923403473715624,9.013202230285254,5.0896284204904525
53.784176,8.892151762329558,8.97442328138623,5.093246519055776
53.863697,8.85507468938933,8.933942005193881,5.102313025593216
53.904846,8.817652664959455,8.891787339396831,5.111752311528232
53.942955,8.774018920661632,8.847979125800132,5.121636354277104
53.98323,8.728334504425712,8.802581871334134,5.139565541792598
54.02328,8.68484750422097,8.75559584108885,5.159029277544865
54.06533,8.637282215745312,8.70704035125866,5.180214918367691
54.14373,8.58985748689912,8.656942343783339,5.208504909414946
54.185074,8.537211250121347,8.60530377885024,5.2391513008888
54.22219,8.477933658528155,8.552155269743304,5.272212383590339
54.26216,8.412018574143245,8.497513612437706,5.307734558003833
54.303894,8.345188399906235,8.441434183949282,5.345626437232478
54.34169,8.29083699646381,8.38396023718937,5.385525867028745
54.42201,8.233555275875679,8.325168377741424,5.425111415676793
54.46222,8.170302121391504,8.26511503629066,5.466663347050476
54.504383,8.106937507522854,8.203823891144614,5.510415400528728
54.54806,8.045667119478535,8.141338273364227,5.555652596734462
54.582882,7.974371078378305,8.07767880721381,5.6026754762701
54.623314,7.908162753057692,8.012928375647482,5.651569730927208
54.70156,7.834762180764073,7.947127643584338,5.699965970555527
54.743145,7.760967689459339,7.880296372366065,5.749446804051345
54.783916,7.686547189531374,7.812552117258062,5.7996680209074905
54.824196,7.606552251422045,7.743831596121068,5.851046937940392
54.865887,7.531660484377777,7.674165139299872,5.903735920358189
54.9027,7.448656812956431,7.603541039924056,5.9571091356851325
54.992878,7.371410360674162,7.53197907693909,6.011164652967173
55.033886,7.2899643076244915,7.459509292827451,6.065891597245693
55.082382,7.1979255629490355,7.386249614540639,6.121424252554284
55.15035,7.102831187538243,7.312159636547739,6.177239137697948
55.206657,7.021315423348751,7.237276816194246,6.233163016461371
55.261692,6.939717146634805,7.161727751188663,6.289303896700942
55.34408,6.858272272765831,7.0853999599305135,6.345385017810795
55.38347,6.776568833240328,7.0082839063280025,6.401872688769448
55.422283,6.686909713425547,6.9304882315848575,6.457804988015905
55.462986,6.603401456423274,6.851993527793876,6.513581118679162
55.505028,6.515032109270843,6.772874593166845,6.568808173510309
55.54385,6.422512522929152,6.693292220501076,6.62262449904197
55.62427,6.328450614909244,6.613186418587808,6.675083442853271
55.670853,6.237680734748809,6.532605838636642,6.7274609332595965
55.713024,6.150508810003578,6.451580004832298,6.777572190012135
55.756233,6.064263092079406,6.370094774677899,6.826953689370248
55.795593,5.9737724185861305,6.288167387672716,6.874945300922971
55.842644,5.8893265278412485,6.205864855735919,6.920295751006899
55.942745,5.795305172237358,6.12314674752548,6.963251684176201
55.981915,5.698038550596855,6.040039114153436,7.004498323368844
56.02163,5.6037917305539775,5.9565663784889065,7.050917717368202
56.064003,5.506949717026483,5.872750934452848,7.094021011469054
56.103077,5.411557528714345,5.788624626906749,7.133370479171032
56.146946,5.322032261758807,5.70427683676186,7.168329387697474
56.224667,5.228413966081599,5.619646172703433,7.1990037486512
56.302498,5.142826071460517,5.534728202468531,7.225165204139291
56.345585,5.052440331976378,5.44962479162964,7.246488078528107
56.38364,4.965672355553021,5.364451812843597,7.262701843861052
56.422565,4.880781761871983,5.279274057925077,7.273814709180409
56.50309,4.79629591959153,5.19424790421908,7.272268294315631
56.541046,4.704992592895845,5.109352347383224,7.2657861609722
56.581387,4.614822141879099,5.024681915702138,7.2541567420888855
56.62157,4.524959389282252,4.9403366647499904,7.235872042918216
56.662422,4.435683539925994,4.856326079790862,7.212688116090625
56.701004,4.3469805736812495,4.772664004550615,7.184244219416524
56.781246,4.255158902419656,4.689391323412386,7.1433660698793995
56.825264,4.165787627709976,4.606514951510713,7.097905548858216
56.86118,4.075200043079635,4.524120974868852,7.047933229491075
56.901234,3.9857022894066514,4.4422743149091195,6.98998023546742
56.94209,3.8942766595580243,4.36102004097533,6.927425025150058
56.981323,3.8077030358484616,4.280438551809355,6.860687791288482
57.061363,3.721810861799092,4.200642746165042,6.780995938488999
57.10115,3.6361516159632687,4.12164077675309,6.697810907917604
57.14194,3.5471957750392145,4.043463364536045,6.6112027518406435
57.182392,3.456297464896634,3.966151105261882,6.514061187254594
57.221695,3.3693779120623444,3.8897445126542505,6.414798431879788
57.262203,3.2888452671384485,3.814250010519501,6.31323379455567
57.341854,3.210808454226577,3.739778344697269,6.204181733614316
57.381447,3.131038331965202,3.6663706198883923,6.093763755244016
57.421448,3.0481324718649554,3.594060734643989,5.9820932673720835
57.462505,2.9745715385719222,3.522926385755511,5.862205272486947
57.50154,2.8991947848076016,3.453025374059577,5.742416586233316
57.54199,2.822235828482116,3.3844351424364003,5.623015232628689
57.621277,2.753093919414739,3.3172541268749884,5.4985829923537315
57.661613,2.6867290612939625,3.2514956659005803,5.37538232783864
57.701298,2.6193281612065835,3.187160082769055,5.253598489956252
57.741753,2.5571955000893274,3.1242149001846515,5.135318827170989
57.78168,2.496291918744547,3.0626599731082162,5.018387355474356
57.82261,2.433682811921285,3.0025841658948567,4.903197507381742
57.901833,2.376923612242932,2.9440269673595725,4.7922837816643264
57.94249,2.3188230120635933,2.8870804293415353,4.682774188924216
57.982414,2.253596245003874,2.8318156436245534,4.574875120843985
58.021606,2.1978914215383174,2.7782841906185594,4.466867288450909
58.061142,2.13857178524553,2.726453154611686,4.361017473438742
58.101086,2.0813639702365028,2.676396035507064,4.257135903804143
58.182144,2.022586036066075,2.628123088050433,4.1544424775825135
58.222023,1.973128126678289,2.5816859815038757,4.053839035698648
58.26128,1.9184913469822853,2.537054666225952,3.95563827074804
58.301407,1.8666645034838303,2.494294114980091,3.8595148346612174
58.341743,1.8175040474736848,2.453454167415238,3.765667196196159
58.381443,1.7723565601519897,2.4145030207309044,3.6741677842515847
58.461166,1.7298465720780984,2.377546368196417,3.584654586764593
58.50163,1.6931052263208488,2.3426436271485986,3.496978749649751
58.542522,1.6534294726889172,2.3098049496898936,3.4117858768096796
58.581993,1.614689019143311,2.2791452601892286,3.328979404448043
58.621113,1.5732195475885846,2.250774015521091,3.2480455814660796
58.661316,1.5354069851823,2.224629523303601,3.1697457692732938
58.741924,1.5043588424734122,2.2008293957215543,3.0932964038797874
58.782387,1.4748029135666285,2.1793950169207643,3.0189326270542787
58.8223,1.445098824027002,2.160202130511421,2.947652956370697
58.8615,1.4177193818976737,2.1433258027680515,2.87865654104881
58.901688,1.390187122584893,2.1287817578116583,2.8119402057712555
58.942085,1.365425606308491,2.1164993824816234,2.747854268042832
59.02159,1.348743259937406,2.1065435554166694,2.685427445755464
59.061756,1.327683107639,2.0989126468986368,2.6251000080822138
59.102894,1.303310095232173,2.093534340320535,2.5673051666570346
59.141933,1.2803830901070417,2.0904621018476632,2.5114617720192367
59.182323,1.2574511618823099,2.0896901029966033,2.457529145835777
59.221527,1.2358141994713288,2.0911262574419,2.4059906317572697
59.301918,1.2218757002880851,2.094877671752964,2.356299260302043
59.34156,1.2104934140545431,2.100944071069153,2.3083980936119732
59.38223,1.1964549565917342,2.1093028695846168,2.2693156671452255
59.42166,1.1909035709412439,2.1199727756399303,2.230965603710188
59.461,1.1865820627910928,2.132907806390322,2.193177418921501
59.501705,1.185417920364202,2.14812430786032,2.1632592875942986
59.581657,1.1824090192817833,2.165646865221255,2.133029839663844
59.621372,1.1900094654240112,2.185487310716896,2.1024806807222145
59.665115,1.1906567335264624,2.2076576853737397,2.078293920878265
59.701374,1.1901181429314018,2.2321687900312632,2.052804279424076
59.741844,1.1950431610195917,2.2590499339740058,2.026021317573502
59.78205,1.2045170868287118,2.288371390880284,1.9978573910404116
59.861835,1.2141696643235902,2.320032176723739,1.96853625652949
59.901463,1.2259489487864108,2.3539609761627456,1.9380305858025997
59.94189,1.2364482539798434,2.3900752624016626,1.9118360519951552
59.981495,1.2431668565090812,2.428366174742591,1.8843080769440124
60.021748,1.2548246027458752,2.468802398633285,1.8553025449165748
60.061924,1.2702389997373522,2.5114163111869963,1.8222473666589303
60.14426,1.2907201139304432,2.5561129542922005,1.7882584850251082
60.182243,1.312444265059921,2.6028609765441812,1.7530503012549703
60.221474,1.3347594824725497,2.651629050775283,1.7222682326994945
60.26173,1.3632555381525255,2.7024070336404304,1.6905013017377022
60.301224,1.3985418544516053,2.7551309611588612,1.6578212864190915
60.341675,1.4354981820500898,2.809810185691173,1.6208610275502076
60.42542,1.4810444916906107,2.86630665938957,1.5834573621756527
60.46122,1.526381674368237,2.9245682543823848,1.5456484553730943
60.501617,1.5692018351262598,2.9845849488745846,1.5053516962932774
60.541718,1.6094278862395894,3.046325205032772,1.4659355514784116
60.581547,1.6565164024952685,3.109767110213434,1.4278654826152002
60.62134,1.7074941606482763,3.1749082486164877,1.3841507180727082
60.703575,1.7576068030373522,3.241767003779304,1.3427208098414107
60.74143,1.8116445838464492,3.310318859129508,1.3036093014627577
60.78235,1.869190656205001,3.3805076795342157,1.2674534010635674
60.821537,1.9284113326736099,3.4522894603480583,1.2344695888861952
60.86174,1.9918496094887324,3.5256195719439956,1.2046245328498584
60.901398,2.0538674137956012,3.6004202611282983,1.165808378853639
60.98175,2.1271197709071874,3.6766443015772263,1.1300300122342146
61.02257,2.190895360662996,3.754265099575578,1.0976627319567849
61.061874,2.2553636468135054,3.8332144336473353,1.0689305651116066
61.102,2.3225174586973227,3.9134559562582516,1.0440452475547295
61.141647,2.3902423059434437,3.994964001913236,1.0232062908896349
61.181473,2.457236788059438,4.077691092407643,1.0088865418232429
61.30092,2.5253913794351024,4.161589124012918,0.9986613523968535
61.34244,2.594800304210345,4.246600799305761,0.9926680614672367
61.382248,2.670007504243173,4.332648280817504,0.9907755265367876
61.421593,2.7440252442547406,4.419685539903538,0.9933537077220977
61.46129,2.817648335892774,4.507614930607149,1.0005042256396979
61.54218,2.898877607446102,4.596401785340883,1.0113407653261766
61.58277,2.982302710019861,4.685914833603582,1.0268756504071606
61.621506,3.0596599068549444,4.776097550849549,1.0471658823877648
61.66227,3.139076121171165,4.866821225855195,1.0722737593110394
61.702217,3.219388636425278,4.958032076412635,1.1021136251153043
61.743027,3.2977136129686233,5.04958439118683,1.1365716528497258
61.822853,3.375318234143467,5.141471089504809,1.1756425996894553
61.861595,3.457202995351318,5.233607619571321,1.219326361966617
61.90107,3.541472008257843,5.325898677243789,1.2677474145950218
61.94163,3.62723124811095,5.418279449132626,1.3207619242350568
61.981236,3.7121741712522076,5.510695991549809,1.3786076417886683
62.021824,3.7953470722742235,5.603041551606942,1.4416317387512019
62.10259,3.880829140668096,5.695285156289698,1.5091459570326615
62.141697,3.9672514720389875,5.7873870557526805,1.58108373477244
62.181324,4.054656489047305,5.879318867443517,1.6576235133293507
62.221478,4.141526563002547,5.971042565115879,1.7385567773539017
62.26208,4.231844787333518,6.062499368911372,1.823784049591403
62.301197,4.326080839965628,6.153579932365624,1.9134348963683094
62.381527,4.422158031874306,6.244222976139815,2.006996098545732
62.421562,4.503115074573843,6.334307878838146,2.1044736421852623
62.461403,4.585850111753381,6.423721403948494,2.205982287833619
62.501503,4.673686927407039,6.512465345639492,2.3111130508475144
62.541668,4.7596958881931295,6.600553583426957,2.4195483318687665
62.5819,4.858005948301146,6.6878324184055655,2.5381720222173945
62.661026,4.949220381965541,6.774348114045528,2.6578797319934626
62.70132,5.039474617558487,6.860005241878036,2.7787822148965104
62.741753,5.134195692411764,6.944684508042063,2.902006923022626
62.781643,5.226063934590433,7.0283842193149715,3.026876207669954
62.826256,5.315412861910611,7.11109449247784,3.151641934601899
62.86109,5.400184991287042,7.192812564188103,3.2846132540615702
62.94235,5.481541154135161,7.273483116121571,3.416298032089988
62.982143,5.567059814450267,7.353145735876409,3.547373166984385
63.022022,5.649063829432358,7.431676532636553,3.67853665510709
63.061207,5.740630119367014,7.509102063185048,3.808202157703624
63.101795,5.831823306442105,7.585378876508829,3.935629023546693
63.14157,5.919564207655723,7.660493865898441,4.0507185615260495
63.22151,6.011679462512266,7.734370776753573,4.162495045952275
63.2628,6.102173542124257,7.8069680679036,4.270737020287763
63.300667,6.188452697324827,7.878156107656172,4.376388962200811
63.341972,6.274473592033604,7.947936086111985,4.477937531542686
63.381466,6.354066663205475,8.01629703207989,4.575122259579906
63.421383,6.436458079162996,8.083204408350355,4.66590429523635
63.502144,6.51478370082087,8.148598406694832,4.752018958233705
63.54203,6.593317395342216,8.212417843816361,4.833287802716785
63.582806,6.67325973360546,8.274551988181209,4.917837026555646
63.62087,6.755076923513504,8.335066649389065,4.998297154820657
63.661366,6.832284703444312,8.393954055310347,5.074500468428662
63.70207,6.909410942208547,8.45118111846858,5.146961925409058
63.782284,6.987292481089224,8.506757273396802,5.2150769272115
63.82251,7.06073248405464,8.56067516020691,5.278873030368058
63.86185,7.140820799654552,8.61286608324861,5.348002729117941
63.90119,7.213785048070437,8.663343305570997,5.415260246328946
63.9422,7.284162876178715,8.712069702606842,5.480389533695497
63.982014,7.352118353047083,8.75899593959798,5.545542031355323
64.06181,7.420020862114244,8.80411552374692,5.609174113613563
64.10161,7.48618044845597,8.847391251256571,5.670805930674241
64.14256,7.548501704098003,8.888762215294836,5.738516753152328
64.181755,7.610275815474503,8.9282313522402,5.804896096258104
64.22336,7.670653814870291,8.965783431712747,5.869758203339234
64.26134,7.731202865591747,9.001393593555976,5.94097931575302
64.34217,7.785009602849602,9.035048547204333,6.010922669332638
64.381546,7.836452614144444,9.066725348517636,6.079539978231927
64.422264,7.886040854564746,9.096378624237149,6.152684495175848
64.46096,7.933957774275479,9.124016850097808,6.2249407479821155
64.50152,7.9830578787667905,9.149630251307077,6.29616818639698
64.542076,8.021912243697894,9.173198605143073,6.3740163097416875
64.62141,8.057760012280498,9.194701060490575,6.451272493528562
64.66483,8.091509309964513,9.214094838991368,6.527809752123451
64.70087,8.115161190687628,9.23134625507554,6.609113100358452
64.74157,8.137621233325875,9.246442638784231,6.690177006274222
64.78165,8.15851537370469,9.259383822797613,6.770912850294403
64.82166,8.170505034212223,9.270194937407481,6.84903257848444
64.9014,8.179282749985543,9.27889472045557,6.926472512300211
64.94159,8.187412231734406,9.285482876232273,7.002873467036277
65.0,8.190467714718586,9.289960596745697,7.075659610648703
65.04,8.187637803723682,9.292297318427966,7.146991906514726
65.07662,8.193881764830648,9.292482979554089,7.216752521929399
65.11264,8.188435192351605,9.290518759980353,7.2846866118971985
65.19278,8.18158545420179,9.286440405115593,7.350658434022104
65.23132,8.171655079962155,9.280243318525335,7.414403331124733
65.27122,8.16078260303029,9.271945497279248,7.475912535114028
65.31079,8.14234358832896,9.261545106850344,7.535057229112373
65.351685,8.128082306490015,9.249115888849843,7.5915891587874205
65.39123,8.109338133827189,9.234628268248882,7.645645370329176
65.471794,8.087195606520732,9.218085879157185,7.697106887795173
65.51179,8.061045843435972,9.199567979774278,7.7458550406281725
65.557144,8.029654805508514,9.179027910306573,7.7916345949076256
65.59183,7.993931582030124,9.15647124650931,7.8344467570563525
65.64383,7.960154147290462,9.131955677556782,7.874045084156394
65.7014,7.924501759366944,9.10542189462968,7.9104402053292775
65.78159,7.887118816947701,9.076839876971011,7.94351509940862
65.82338,7.8451116609714635,9.046261743198574,7.973033900772561
65.86122,7.796717861700769,9.013655439703372,7.999018480176989
65.90104,7.74813952144439,8.979032733425885,8.021491861374024
65.94179,7.700050708671792,8.942514275155988,8.03958093627784
65.98127,7.647015874742062,8.904053880778779,8.053816258186863
66.061356,7.5925233075157825,8.863669801150767,8.064088348629193
66.10133,7.5346910746008495,8.821422776411953,8.06991276589768
66.142456,7.4736193814375484,8.7773007231355,8.071576182230285
66.18235,7.41399586010569,8.731326273838341,8.068845216497236
66.2215,7.354020785224864,8.683608432429258,8.061231269305413
66.342094,7.2942940944755055,8.634109210527551,8.049144796182018
66.38135,7.233287296865581,8.582867106762547,8.032484421401872
66.421486,7.171158147360503,8.529952577318934,8.011030129180616
66.461555,7.103312324923255,8.475341398248244,7.984819810626659
66.50176,7.032127354582077,8.419064606059164,7.953755732423993
66.54167,6.964344343908984,8.361164719956255,7.910308772623657
66.62225,6.891041184962543,8.30166389202639,7.861834288400977
66.66261,6.817306835075851,8.240618350191607,7.808256213219188
66.70162,6.740791945990067,8.178049012424239,7.74208458096872
66.74252,6.663056982180963,8.113964577295155,7.67071497075919
66.7819,6.581336054072001,8.048387682098927,7.5940950564938525
66.82219,6.498488466503211,7.981350729358357,7.504877906566723
66.90148,6.416142600042076,7.912863963652363,7.410344862760436
66.94179,6.336313452166862,7.842935867916311,7.310465599477216
66.98154,6.2538260937825765,7.771548940155043,7.205847298768688
67.02182,6.17031133719416,7.698770497137341,7.096873975214598
67.06152,6.084432109933008,7.624651613521473,6.983582697206631
67.101074,5.999995549594481,7.549267564794109,6.860373533838722
67.18241,5.913753576306793,7.4726422208768755,6.732801867058877
67.22241,5.827257454492579,7.394820862774911,6.601041993749946
67.262955,5.740389990567449,7.3158142185225925,6.467964637402781
67.30437,5.653516274467445,7.235696575365769,6.331855318412444
67.344475,5.564680552133532,7.154513140314134,6.193343977084021
67.38344,5.476345402693408,7.07230904592781,6.046781918815185
67.463165,5.376022380800493,6.989006375768278,5.904747963764081
67.50558,5.274997036989214,6.904930854240012,5.762786373759496
67.54411,5.1733287617013,6.82011776293892,5.621096941192099
67.58195,5.071076945396898,6.734602383482921,5.479879458523621
67.62396,4.968300978536142,6.64841999748993,5.339333718215811
67.66784,4.865060251579173,6.5616058865778495,5.199659512730363
67.74415,4.76141415498612,6.4741953323646,5.061056634528989
67.78212,4.657422079217136,6.386223616468089,4.923724876073476
67.82681,4.553143414732354,6.297726020506231,4.787864029825499
67.86168,4.448637551991911,6.208737826096935,4.653673888246807
67.90165,4.343963881455945,6.119294314858116,4.521354243799131
67.94325,4.239181793584599,6.029430768407679,4.391104888944183
68.02441,4.134350678838007,5.939182468363549,4.263125616143694
68.062584,4.029529927676309,5.848584696343624,4.137616217859414
68.1039,3.9247789305596505,5.757672733965828,4.014776486553035
68.14443,3.8201570779481586,5.666481862848068,3.894806214686308
68.184265,3.7157237603019753,5.575047364608251,3.7779051947209443
68.22304,3.6115383680812445,5.483404520864292,3.6642732191186753
68.30554,3.5076602917461086,5.391588613234107,3.55411008034125
68.34807,3.404148921756695,5.299634923335602,3.4476155708503806
68.38282,3.3010636485731477,5.207578732786699,3.3449894831077613
68.42148,3.198463862655598,5.115455323205293,3.246431609575178
68.462,3.0964089544642,5.023299976209311,3.1521417427143246
68.50293,2.994958314459081,4.931147973416662,3.0623196749869317
68.5832,2.894171333100389,4.839034596445248,2.9771651988547303
68.62337,2.7941074008482465,4.746995126912995,2.896878106779433
68.661575,2.6948259081628065,4.655064846437811,2.821658191222788
68.703125,2.596386245504202,4.563279036637598,2.751705244646509
68.74099,2.498847803332576,4.471672979130279,2.687219059512344
68.78199,2.402269972108066,4.380281955533759,2.628399428281988
68.86431,2.3067121422908046,4.2891412474659605,2.575446143417189
68.90219,2.21223370434094,4.198286136544779,2.5285589973796605
68.94671,2.1188940487186003,4.107751904388141,2.487937782631151
68.98263,2.0267525658839327,4.017573832613954,2.4537822916333734
69.02273,1.9358686462970753,3.927787202840128,2.4262923168480577
69.0615,1.8463016804181611,3.8384272966845767,2.4056676507369166
69.14151,1.758111058707333,3.7495293957652076,2.392108085761718
69.18221,1.6713561716247283,3.661128781699936,2.385813414384137
69.2217,1.5860964096304853,3.5732607361066817,2.3869834290659417
69.26245,1.5023911631847469,3.485960540603341,2.3958179222688254
69.303345,1.4202998227476453,3.399263476807835,2.4125166864545378
69.34282,1.3398817787793242,3.3132048263380773,2.4372795140848096
69.42194,1.2611964217399259,3.2278198708119765,2.470306197621371
69.46152,1.1843031420895833,3.1431438918474472,2.511796529525917
69.50136,1.1092613302884293,3.059212171062391,2.561950302260214
69.541695,1.0361303767966117,2.976059990074735,2.6209673082859566
69.584274,0.9649696720742633,2.8937226305023867,2.689047340064876
69.62091,0.8958386065815371,2.8122353739632495,2.766390190058739
69.70258,0.8287965707785557,2.7316335020752427,2.853195650729221
69.74215,0.7639029551254571,2.6519522964562756,2.9496635145380723
69.781624,0.701217150082389,2.5732270387242617,3.055993573947041
69.82233,0.6407985461094895,2.495493010497116,3.1723856214178032
69.86136,0.5827065336668962,2.4187854933927464,3.2990394494121262
69.90186,0.5270005032147419,2.3431397690290616,3.4361548503917407
69.98171,0.4737398452131696,2.2685911190239874,3.583931616818341
70.02167,0.422983950122322,2.195174824995415,3.742569541153695
70.06133,0.374792208402332,2.1229261685612695,3.9122684158594954
70.102356,0.32922401051334244,2.0518804313394665,4.093228033397474
70.14387,0.28633874691549116,1.9820728949479014,4.28564818622938
70.18335,0.24619580806891594,1.9135388410045073,4.489728666816926
70.26157,0.20885458443375465,1.84631355112718,4.705669267621823
70.30105,0.1743744664701401,1.780432306933834,4.93366978110582
70.34274,0.1428148446382201,1.7159303900423895,5.173929999730632
70.3828,0.11423510939813765,1.6528430820707491,5.426649715958006
70.421524,0.08869465121002039,1.591205664636827,5.692028722249673
70.46096,0.06625286053401123,1.5310534193585499,5.97026681106731
70.5418,0.04696912783025303,1.4724216278538074,6.261563774872701
70.582756,0.03090284355887354,1.4153455717405143,6.56611940612754
70.6217,0.018113398180025705,1.3598605326366031,6.8841334972935595
70.661644,0.00866018215383223,1.3060017921599638,7.215805840832508
70.701294,0.002602585940441024,1.2538046319285108,7.561336229206079
70.74193,0.0,1.2033043335601645,7.92092445487604
70.82222,0.0009118147926318548,1.1545361786728392,8.294770310304067
70.86149,0.005397420778489545,1.1075354488844373,8.683073587951927
70.88,0.013516208417690724,1.0623374258128733,9.086034080281333
