0.39983046,0.008819097520837827,0.4556020307677974,8.352252413273167
0.46433452,0.0021974953771584857,0.4087904734860352,8.005743829485748
0.4979672,0.0,0.3671743024564395,7.671354316353271
0.53223854,0.0021451955157695862,0.33067042583968864,7.3489216826387675
0.5986148,0.00855166605087446,0.29919575179646213,7.038283737105294
0.63255864,0.019137995731707283,0.272667188487441,6.739278288515904
0.6660915,0.03382276868466071,0.2510016440733049,6.451743145633653
0.7355659,0.052524569036141965,0.23411602671473347,6.175516117221593
0.76541615,0.07516198091257281,0.22192724457240498,5.910435012042761
0.7988708,0.1016535884403168,0.21435220580700173,5.65633763886023
0.8675541,0.13191797574581027,0.21130781857920208,5.413061806437035
0.9009382,0.16587372695543132,0.21271099104968558,5.18044532353623
0.933031,0.20343942619558714,0.21847863137913326,4.95832599892087
1.0316248,0.24453365759267043,0.22852764772822337,4.746541641354
1.0657641,0.2890750052731029,0.24277494825763832,4.544930059598682
1.1322314,0.3369820533632773,0.261137441128055,4.353329062417963
1.16504,0.38817338598958623,0.2835320345001543,4.1715764585748865
1.1980274,0.4425675872784369,0.309875636534616,3.999510056832516
1.2663879,0.5000832413562366,0.3400851553921196,3.8369676659538974
1.300991,0.5606389323493634,0.3740774992333462,3.6837870947020748
1.3344457,0.6241532443842535,0.41176957621897403,3.5398061518401116
1.3989422,0.6905447615872706,0.45307829450968407,3.4048626461310536
1.4308765,0.7597320680848364,0.4979205622661546,3.278794386337945
1.4657359,0.8316337480033582,0.546213287649068,3.1614391812238494
1.5324504,0.9061683854692286,0.5978733788191011,3.0526348395518212
1.5668089,0.9832545646088402,0.652817743936935,2.9522191700848963
1.5984967,1.062810869548615,0.7109632911632506,2.8600299815861283
1.6987281,1.1447558844149308,0.7722269286587262,2.7759050828185807
1.732343,1.229008193334195,0.8365255645840429,2.6996822825452993
1.7990648,1.3154863804328145,0.9037761070998789,2.631199389529328
1.8311753,1.4041090298371972,0.973895464366915,2.5702942125337307
1.8653617,1.4947947256737206,1.046800544545831,2.5168045603215523
1.9328122,1.5874620520688065,1.1224082557973067,2.470568241655838
1.9658431,1.6820295931488625,1.2006355062820215,2.431423065299651
1.997448,1.7784159330402665,1.281399204160655,2.399206840016027
2.0665383,1.8765396558694256,1.3646162575938885,2.3737573745680387
2.0980756,1.9763193457627473,1.4502035747423985,2.354912477718722
2.1329575,2.0776735868466383,1.538078063766869,2.3425099582311306
2.1982734,2.1805209632474774,1.6281566328279782,2.33638762486831
2.231013,2.2847800590917005,1.7203561900864042,2.336383286393333
2.264393,2.390369458505671,1.8145936437028296,2.3423347515692257
2.3656995,2.497207745615811,1.9107859018379312,2.3540798291590512
2.3979807,2.6052135045485127,2.0088498726523913,2.3714563279258645
2.4645452,2.7143053194301987,2.1087024643068886,2.394302056632719
2.499679,2.8244017743872463,2.210260584962103,2.422454824042651
2.5339768,2.9354214535460486,2.3134411427787143,2.455752438918724
2.5985365,3.0472829410330418,2.4181610459174023,2.4940327100239825
2.6306305,3.159904820974604,2.524337202538847,2.537133446121481
2.664221,3.273205677497128,2.631886520803727,2.584892455974264
2.736958,3.3871040947270354,2.7407259088727254,2.637147548345405
2.7700896,3.5015186567907044,2.850772274906518,2.69373653199793
2.7994149,3.616367947814571,2.961942527065786,2.754497215694902
2.8663168,3.731570551924999,3.0741535735112118,2.8192674081993765
2.899154,3.8470450532484106,3.1873223224034706,2.887884918274397
2.934918,3.9627100359111975,3.3013656819032464,2.960187554683009
3.0313613,4.078484084039768,3.4162005601712155,3.0360131261882763
3.064329,4.194285781760514,3.5317438653680626,3.115199441553244
3.1321955,4.310033713199843,3.64791250565446,3.1975843095409746
3.1650019,4.4256464624841625,3.764623389191095,3.2830055389145043
3.1978,4.541042613739864,3.8817934241386416,3.3713009384368875
3.264553,4.656140751093341,3.999339518657784,3.462308316871178
3.2999828,4.7708594586710165,4.117178580909199,3.5558654829804306
3.332539,4.885117320599281,4.235227519053568,3.6518102455276895
3.3981633,4.998832921004528,4.353403241251571,3.7499804132760093
3.4314086,5.11192484401315,4.4716226556638885,3.8502137949884445
3.464902,5.2243116737515845,4.589802670451197,3.9523481994280396
3.5327058,5.335911994346193,4.70786019377418,4.056221435357858
3.565496,5.446644389923414,4.825712133793514,4.161671311540935
3.5987017,5.556427444609609,4.943275398669882,4.268535636740336
3.7010992,5.665179742531216,5.06046689656396,4.376652219719104
3.7341828,5.772819867814598,5.17720353563643,4.485858869240294
3.7993617,5.879266404586191,5.2934022240479734,4.595993394066951
3.8324447,5.9844379369723875,5.408979869959269,4.706893602962137
3.865237,6.088253049099566,5.523853381530996,4.818397304688899
3.933539,6.190630325094163,5.637939666923832,4.930342308010281
3.9658089,6.29148834911768,5.751155634303676,5.042566421719776
3.9982023,6.375510911421823,5.859546066429885,5.15038528478881
4.066318,6.456983781716152,5.966137556557143,5.256332765261345
4.1003513,6.53663288037359,6.0708488462407395,5.360532181901769
4.1321836,6.614453569013173,6.173594538532888,5.46259156413641
4.197913,6.693305114367287,6.274309720705257,5.562382714230092
4.2308316,6.769700292988001,6.372907672307067,5.659842480759008
4.265976,6.842124883197039,6.469290400795362,5.757089292534395
4.3647375,6.914364305566403,6.563399660763411,5.851454699080076
4.398295,6.982446102545386,6.655178513790425,5.942709001594429
4.465036,7.047406347263835,6.744539209429441,6.030627060412904
4.500265,7.1113752764150995,6.831404988895049,6.115057663761598
4.5326924,7.173896644866886,6.915767487515668,6.1935193305259455
4.5990825,7.23448578870623,6.997529790005656,6.269681272522924
4.6317663,7.2905433774429165,7.0766309767680715,6.342030605599457
4.665333,7.343116036046785,7.153064026617421,6.408244116617965
4.732036,7.3952876638387615,7.226727528479642,6.470545312779843
4.7657027,7.443512284721453,7.29756262893816,6.528888093767761
4.800505,7.487823183950645,7.365542200334427,6.5819989881702865
4.864271,7.531811643927663,7.430598580151942,6.630514594380954
4.899232,7.572975149459244,7.492710499155381,6.675011770687114
4.9334464,7.611421087833577,7.5519216674606,6.716370331965718
5.031682,7.646920100026439,7.608130066169817,6.75366095283721
5.065944,7.679747246108243,7.661307833828352,6.7869363606878
5.131472,7.7065739905517505,7.711398597261298,6.8162412808067305
5.165142,7.729263830196398,7.75841519389128,6.841435118624033
5.1973004,7.747314363242984,7.802328905494842,6.862394882304812
5.2636185,7.760736137603781,7.843122979613038,6.879443742923216
5.3023243,7.771407570790261,7.880791724134509,6.892451222737804
5.332816,7.777456620178442,7.915317607873592,6.901430012103927
5.398775,7.780141307045606,7.946690678837313,6.907975681223537
5.4321365,7.780035010665249,7.974889458515488,6.910257546738836
5.4646254,7.775670748957678,7.9999665706591205,6.9058551861688935
5.5330896,7.768917452275289,8.021895555488882,6.898562889639902
5.565423,7.758427172158439,8.040671798402082,6.8869919610807475
5.598721,7.74286561946749,8.056312216509733,6.871273353797064
5.6999173,7.725147140502576,8.068816731003453,6.850440603296412
5.7359686,7.703115131658624,8.078202014259872,6.825608985671245
5.798484,7.679329212964798,8.084514555703386,6.795616890118955
5.832288,7.651569377886074,8.087746255195656,6.761900222810575
5.8647003,7.620040146106074,8.087902488413937,6.724410976765033
5.9341464,7.584046818915946,8.085024048194631,6.683563117520576
5.9651055,7.550061359280582,8.079134896356202,6.639448867260114
5.999087,7.511899421472262,8.070275243891684,6.592098091981686
6.065635,7.469182766474776,8.058482722351968,6.541794406814547
6.10007,7.422950691136771,8.043778318230219,6.4884997016495936
6.1337175,7.3732528450201515,8.026184828148923,6.432251896053327
6.197984,7.32051746507528,8.00575612346767,6.373281723003923
6.231023,7.2660937725634875,7.98253855801125,6.311688277086382
6.2656436,7.208208190816843,7.956556284910207,6.2474433708324355
6.3662643,7.146851472178904,7.927792615420373,6.18296639399856
6.3983674,7.083125385016032,7.896379692465472,6.115822391338155
6.4650393,7.015064011541676,7.862375068333404,6.0459476001365555
6.4999495,6.947368443573499,7.825776992495736,5.973604513699526
6.532492,6.87544164059586,7.786623746964596,5.899052981252686
6.5984907,6.802327064175506,7.745008253626145,5.819959691175705
6.631902,6.728734106791976,7.7009150059409635,5.739960693909211
6.6643853,6.652000324811172,7.654406363875577,5.658219528579169
6.7360005,6.575136753805714,7.605598332150816,5.573136607858966
6.765249,6.497665138143004,7.5544927260309995,5.4866803197166085
6.798664,6.416791526497914,7.501189675430394,5.39861376622696
6.865247,6.335536928803359,7.445703691741233,5.307922670661161
6.899816,6.253887064485989,7.388100513900238,5.216256088120466
6.93307,6.170032509400645,7.328450904099964,5.123467596223754
7.0318866,6.085731226432933,7.266829123106431,5.031286888230023
7.0655427,5.998436987700502,7.203330891031823,4.938693950992638
7.1334643,5.908538179211044,7.138047795820567,4.845710443714098
7.1636815,5.820344731963347,7.071055648574618,4.752738535354375
7.1986227,5.730574669304273,7.002457226338791,4.659482931670798
7.26713,5.638452049608826,6.932295781097641,4.566065961557541
7.299691,5.548678000625955,6.860657632339789,4.472672252388218
7.332108,5.458418663881528,6.787618398698183,4.379544481543127
7.3978386,5.368471910886586,6.713308350773243,4.286788803426803
7.4312487,5.28013580385596,6.637757055803293,4.194642967648138
7.464486,5.190861480025384,6.561005724437639,4.103341878882772
7.533212,5.1039782014965525,6.48313547078042,4.0140071324703
7.5653405,5.018256418417069,6.404175250543924,3.925623657862651
7.5987377,4.931610937361596,6.323968703822638,3.83760136885039
7.700333,4.848409159166499,6.242576134364342,3.7468541413835825
7.733357,4.767254257134581,6.1600227573629,3.656442340516957
7.7975216,4.686053325263837,6.07639039707232,3.566907130731193
7.831775,4.607495201748592,5.991827618895087,3.4755003852410775
7.865558,4.53101415035819,5.90633688550994,3.385758145220114
7.9338193,4.455459642300775,5.81997829142629,3.2975124021820013
7.9651794,4.387208243181575,5.732745486203643,3.2114599987778756
7.9989085,4.319298854754654,5.644776424039716,3.1272593089523983
8.066112,4.252815141015155,5.556147084341665,3.0451742145025826
8.100118,4.186145109225559,5.466986252359955,2.9657293525125668
8.133113,4.1212324877966235,5.377321493396818,2.8888878618332954
8.197897,4.05687240065744,5.28718362795699,2.8146205778191504
8.232212,3.991691625793545,5.196627725197811,2.7428620908988486
8.264035,3.926522090742606,5.105725498705726,2.673743993884697
8.365046,3.8588830017408338,5.014495960346943,2.607266009477417
8.401213,3.7912946080884193,4.922951752657424,2.5434253738891046
8.464971,3.725248655805695,4.831196236067266,2.4776162242769337
8.499785,3.660067570680111,4.739137911846266,2.414514631776884
8.5346575,3.594076603707482,4.646786514472686,2.354428081096116
8.59913,3.5292671702649514,4.554073254164989,2.301324455871075
8.630903,3.4656804264762897,4.461117915123188,2.2513851645413165
8.6638,3.4018816801005634,4.367901004785093,2.20438455718626
8.737212,3.339603347047666,4.274483507831071,2.1644730285492884
8.765229,3.277208503738083,4.180973497716102,2.12738331130389
8.798765,3.2168153061439164,4.087427337760139,2.0895475834204467
8.864437,3.1555000451925346,3.993883417138856,2.0547673772537824
8.898759,3.095124081668576,3.900376087136314,2.022561793885962
8.933366,3.0354253614601037,3.807016430429043,1.9929317767279304
9.031191,2.9775818709542463,3.713828388110869,1.967722067032852
9.065108,2.9202036876063104,3.620892433690456,1.9448158082676192
9.133361,2.8626736099961247,3.5282391525684424,1.9245192551963488
9.165013,2.804219218881012,3.435829448264254,1.9057601033642597
9.19833,2.7455243549646133,3.343825130793818,1.8896690971878465
9.264866,2.6881849424653015,3.252115002485259,1.876414338015535
9.300009,2.62909213431955,3.1607863011292174,1.865315538656105
9.336788,2.5699983931680976,3.06978683521889,1.8564708027071668
9.397778,2.5120726293652536,2.979145834111611,1.8502971374601531
9.43184,2.454861404609933,2.8889234930606764,1.848749375943749
9.464468,2.3981598247879123,2.799002672053858,1.8496328988334925
9.534142,2.3407759206494854,2.709517994253494,1.854759075858649
9.565528,2.283768805449153,2.6205702099560524,1.8622563474593474
9.59906,2.2273312095042845,2.5321999623923532,1.8716990468291705
9.700372,2.1718036276420825,2.444499845817803,1.8860672117647754
9.733124,2.1160240164845443,2.3575169093073787,1.9026942830734124
9.799175,2.06045899224042,2.2712744784604064,1.9215937913600467
9.831717,2.0062627833370805,2.1858486299437874,1.9451450524252012
9.864343,1.952931304973506,2.1013966501009693,1.9706010354085015
9.933182,1.9002564792818066,2.018029531785095,1.9978458926347347
9.965427,1.8489956603061353,1.9357423691029216,2.0282270187455325
9.999384,1.7981443026890744,1.8544384473797988,2.0599788075634677
10.066025,1.746603632502782,1.7743330883836839,2.092796778278111
10.099142,1.69505504374272,1.6954358969221737,2.1277844951923073
10.133006,1.6437093408856356,1.6178586848330052,2.1605678439454894
10.198976,1.5924717314856485,1.5416572964287825,2.194172710379309
10.231768,1.5424167539561204,1.4668361152844356,2.2270254775322873
10.264924,1.4933210219820767,1.3935609105159414,2.2606257926454623
10.365567,1.4417496635524185,1.3218264636090462,2.2945722561388826
10.398599,1.3908370715927192,1.251548208347546,2.3286239382621763
10.466115,1.3413619814180682,1.1828557406308546,2.3641213757995834
10.499757,1.2933119539893747,1.1157647590022937,2.3994364455225337
10.533291,1.245488678865696,1.0503457767313347,2.434479742076415
10.602931,1.1986099252941873,0.9865790342364114,2.4692962145470885
10.631334,1.1515489914969337,0.9245270917824877,2.5039261335899745
10.666649,1.1071830508362193,0.8641984535134901,2.5351647453812434
10.73392,1.0648798301589488,0.8056181705829958,2.5663660357953435
10.765308,1.0217778990072708,0.7488547344417745,2.597554993283083
10.798147,0.9781227989325639,0.693955263118684,2.6247474805719473
10.864766,0.9372840439066517,0.6409034209945066,2.6514879737137025
10.899298,0.8983301420296714,0.589635285802159,2.6801203006174465
10.933096,0.8603695309077571,0.5402908474745632,2.70509105721107
11.031913,0.8218367353856183,0.4928701985647036,2.72920683405263
11.065144,0.7871387449363348,0.44736420121851084,2.754466712386976
11.137594,0.7535613017233347,0.40385840141298796,2.7794928927333316
11.166165,0.7213829364488354,0.36240457343450283,2.803856344835799
11.198487,0.6913194408923813,0.32293316572470493,2.8249822350120577
11.268422,0.6622974093680611,0.2856204015550689,2.8455638683980222
11.304456,0.6334775159478273,0.2504680261066851,2.8653623557446015
11.335285,0.6078001198474203,0.2175083632440688,2.8845243997463665
11.39845,0.5821134710046545,0.18674515687927407,2.9030199127554863
11.431638,0.553308340964726,0.15822935509720268,2.9208072184686777
11.467751,0.5295473127147874,0.13201771458124195,2.9329123258999394
11.532695,0.5072443015829649,0.10810214653099245,2.94416969485444
11.5665045,0.48606006645143546,0.08650272031345238,2.954680080508084
11.599729,0.4685839100324925,0.06726381096270596,2.9646197929642346
11.700123,0.4518578267902524,0.05042742816652346,2.973981592008202
11.733795,0.436673332215954,0.035912240013623364,2.9855115259340828
11.797814,0.4222214036173022,0.02382293243262944,2.994036755782154
11.8317375,0.4093019238810522,0.014192378280002499,3.002284169482132
11.864431,0.40160093239294004,0.0069396327667965345,3.0128020953333854
11.944807,0.3944646954756438,0.002185137361839612,3.0232208328410195
11.978755,0.38999488294265583,0.0,3.033571580830082
12.011343,0.3889443592371714,0.00035445564058449197,3.047326322900929
12.07648,0.387786922118231,0.003338174704093969,3.061883075453813
12.109999,0.3856633093622091,0.008952717788633352,3.076461462949377
12.143852,0.38558620261574833,0.017054888014520535,3.0914078025042264
12.212058,0.38550535301382005,0.027787825798739525,3.1061609969583275
12.244843,0.3904085318186161,0.04118351814684306,3.120756062210603
12.278307,0.40107159284266547,0.057328885012540715,3.133935783186619
12.379562,0.41311738132101844,0.07617536014480371,3.1472345657975005
12.411276,0.42916728363567164,0.09775862016634247,3.1608177315843897
12.477212,0.4493569621388418,0.12207570427233494,3.173897658384201
12.510421,0.471671694928732,0.14911433676553956,3.1871048991953175
12.546719,0.4992535955538992,0.1788815607249411,3.2005241713800228
12.612683,0.5298455559076105,0.21140244197285032,3.2106764500160363
12.64349,0.5643192212215354,0.24671887074923715,3.22116548456726
12.677475,0.6034348648763069,0.28475456721237385,3.2347165700175693
12.745388,0.6454917498789736,0.3255454919676142,3.2462145083176424
12.777662,0.6923876152251816,0.36910803540119336,3.258505050837991
12.812763,0.7420454794614441,0.41535170285752854,3.2716316338059954
12.876949,0.7964499926666512,0.4643254143090799,3.2876527534704016
12.91363,0.8546312322631937,0.5160080220223647,3.3046169012959865
12.946777,0.9151342243917434,0.570302507548719,3.3242684422462734
13.045131,0.9819033351590173,0.6273040022719522,3.344669895416996
13.077802,1.050529676716577,0.6870260464133469,3.3661182039756024
13.145371,1.1228854829799315,0.7493648787985676,3.3897679469804505
13.177946,1.197085854736938,0.814345081985029,3.4141531892068966
13.2114525,1.2746485447540188,0.8819157507064858,3.439398688260441
13.276995,1.3556241638218087,0.9520478509951745,3.466147462421891
13.311282,1.4390339090803395,1.0247296522340803,3.4936146517859124
13.345378,1.5262873042950063,1.0999533646045985,3.5216876062771165
13.411998,1.6151505351743825,1.177675043846468,3.5492950388430446
13.443711,1.705032567325432,1.2578386685882716,3.577625161915624
13.476743,1.7982603649553164,1.340426332913996,3.6069520389866665
13.546405,1.8946442903415344,1.425547279119077,3.6324862442489216
13.580171,1.9931027403424408,1.5129837255233864,3.6591069538637373
13.612441,2.093309596346328,1.6027098950916685,3.687157403612358
13.710211,2.1943146757406122,1.6947411435464967,3.716587784864651
13.74706,2.2993500864221645,1.7890423372990636,3.7472062398997226
13.81245,2.406611934374292,1.8855093641723266,3.7818919535902693
13.8448925,2.5148478563895424,1.9841861849569349,3.816000195306954
13.876816,2.624795893197156,2.085017901932068,3.85142319990134
13.945614,2.736947968333869,2.1878871141882956,3.8901629689612025
13.97943,2.8502886631665882,2.2927991398338867,3.930455672906272
14.01181,2.965399333044309,2.39961347414228,3.9728453908635704
14.076834,3.0816394969159955,2.508347142717478,4.018625312645119
14.111109,3.1992116118355094,2.6189135588974004,4.066534759655809
14.14467,3.317657868272933,2.731249813562372,4.117282866083241
14.211998,3.437026284590381,2.8452543582679044,4.168896908271922
14.244707,3.557825992318832,2.960797344117625,4.22250993152704
14.277311,3.6800002360613666,3.077752699157369,4.279326714433535
14.379578,3.8016726512889045,3.196039761071027,4.337823515626125
14.415516,3.925102054028832,3.315499219567006,4.398998983520135
14.477074,4.049993741349979,3.436090087593267,4.462875900404662
14.51104,4.1757778717264635,3.5576886989106704,4.529539355296894
14.546549,4.304065973194479,3.680126275020933,4.60105431563083
14.610953,4.431648602749992,3.8032870691341545,4.674951796523702
14.643987,4.559143734874865,3.9270977104216307,4.751251214021197
14.676841,4.686497793229335,4.05148837945385,4.8288553142367165
14.744441,4.813412483324134,4.176355220506586,4.90666734232823
14.778803,4.941426052640088,4.301638049103789,4.98702233444407
14.813107,5.0715472720118955,4.427222414232524,5.06997457719107
14.876566,5.200556845994551,4.553042230906584,5.1568549001085575
14.911685,5.329932663269396,4.6790594785809585,5.247672306119243
14.945122,5.459107867929309,4.805211435821793,5.340706560935479
15.045301,5.5874650838093265,4.931312607563921,5.4377221127048045
15.077599,5.715001923789716,5.057309383310642,5.536630544062463
15.144393,5.844223572564695,5.183097362822787,5.63759030495175
15.179808,5.9723564228052926,5.308578120554058,5.742247052245842
15.21227,6.100317853034125,5.433685980942925,5.848543291420932
15.276743,6.226913356176688,5.558216308383464,5.958787649409207
15.310306,6.3530322817887726,5.682012995383459,6.069559047394315
15.345436,6.477445507503561,5.804973059536518,6.181823034877148
15.416427,6.601271150963015,5.9270098425096505,6.295033469723634
15.443895,6.724578519885759,6.048002138063419,6.4091596026663815
15.477898,6.8464660090996015,6.167861069175309,6.523915911327133
15.545028,6.969100658997252,6.286521933292597,6.640365118287419
15.578784,7.0901648698655935,6.403939209806689,6.757163229900691
15.612442,7.209968907112779,6.520013282937291,6.876583165920762
15.711546,7.3277644539853055,6.634766106605906,6.996357940822234
15.745293,7.442619508612204,6.748135648707081,7.115874814656748
15.815966,7.555984094622068,6.860121766976495,7.235550975359452
15.844953,7.667709275804425,6.970682333052248,7.3544370454257155
15.877291,7.778601988088252,7.079813726214381,7.472438221384446
15.944223,7.887487303481667,7.1874784918779575,7.5847871932004765
15.978481,7.992948522485572,7.293574788995784,7.69619664341568
16.011196,8.095597761734307,7.398031256716828,7.808638707418949
16.077415,8.195264662822877,7.500821684197956,7.917461820919139
16.109844,8.29308209051005,7.6019026515035515,8.025245422204893
16.143997,8.388760660203424,7.7011842408137925,8.131182812480166
16.212425,8.483813209987423,7.798647135271887,8.232698663048001
16.249123,8.577069005224494,7.894255397190921,8.333068306285043
16.27872,8.667224767644731,7.987912017451421,8.431803429184976
16.381495,8.756490980866875,8.079648172359212,8.530872795608792
16.413855,8.842658189848912,8.16917682153892,8.630153360876102
16.476341,8.927818464879763,8.2567243381686,8.727251775176708
16.509201,9.008327352142716,8.342321089076526,8.822027289036333
16.544914,9.087399194930612,8.425980852672318,8.91602072918098
16.617388,9.163852896529804,8.507721796680789,9.006933968466171
16.6459,9.238749317365366,8.587548046773913,9.09378366680032
16.677824,9.309485251751335,8.665498730746018,9.177772301294308
16.744766,9.377915992545969,8.741499745199505,9.258360436180293
16.778465,9.444272062196553,8.815481403901162,9.336366954050806
16.812681,9.50727246010022,8.88743547239219,9.411684272568998
16.877111,9.566078564570752,8.95735209853838,9.481996790503786
16.910347,9.621209881552037,9.025110199492463,9.550519858417005
16.946394,9.672171612376106,9.0907355228792,9.615288803080727
17.044388,9.720347022239475,9.15426405821988,9.67108158311581
17.085072,9.763289408477169,9.215575153018401,9.722868450262743
17.145334,9.803299849150866,9.274588738197485,9.770560215381755
17.179714,9.838274119161573,9.331379218026115,9.810910606567665
17.215326,9.870249546773529,9.385967926599948,9.846803356387987
17.278097,9.89806029136233,9.438278724097936,9.878716654569772
17.311468,9.920947768783442,9.488325207282509,9.904367804432175
17.345688,9.941631517050322,9.536073026870152,9.927215716247511
17.413105,9.959536133656632,9.581491312102235,9.945801662725486
17.444204,9.9748654991861,9.6245455006743,9.964601939776534
17.47741,9.984461885621691,9.665216400362215,9.979270344435868
17.545055,9.993189037495261,9.703540955822984,9.989373161545652
17.579388,9.998532222481494,9.73950520521084,9.997199192498247
17.615368,10.0,9.773134129280571,10.0
17.71084,9.996509658890911,9.804459280709231,9.998317870063042
17.745508,9.988546439103018,9.833451253284174,9.991135007168173
17.814695,9.977487325615888,9.860140041134292,9.979880209977264
17.844334,9.964680330937565,9.884626693938971,9.96402547761504
17.87791,9.947030429419055,9.906724847723053,9.946844447081892
17.94482,9.924915134854423,9.92648143900405,9.925379151597737
17.978695,9.901804883877759,9.94387863940803,9.899316613466597
18.011482,9.876487318605982,9.958887350244357,9.871140866685826
18.077574,9.849336453316761,9.971541669838272,9.838805714660456
18.111563,9.815781032169708,9.981935098932007,9.796894419737535
18.144428,9.777031404975999,9.989964586254857,9.752863657779477
18.211618,9.739749248019498,9.995628516941169,9.705616401775192
18.244919,9.697867622842088,9.998971303174077,9.655035346962904
18.277346,9.653060921458012,10.0,9.600924048124327
18.37785,9.60576374627403,9.99871738402809,9.544722135640725
18.411987,9.556389817312327,9.99519843413636,9.487506764258173
18.4777,9.505389363710346,9.989394373907437,9.427306961084378
18.511576,9.452286244221536,9.981354213216013,9.363699111341413
18.544773,9.395079334495586,9.971073637042286,9.29686429090494
18.61236,9.335501303810519,9.958598741556251,9.227034345956834
18.6433,9.28031604355513,9.943933037553897,9.15416403849529
18.677727,9.221023912244407,9.92710364220816,9.081093408900976
18.74485,9.158395261228774,9.908109511101323,9.0071172936541
18.778852,9.09596820538961,9.88704170346424,8.930103951931729
18.811174,9.031571536282929,9.863957424987834,8.850372427170308
18.877995,8.965439008764946,9.838884607569355,8.76681151655752
18.911346,8.898607216408983,9.811970947687804,8.680209817346702
18.944117,8.831954866060746,9.78321777150909,8.592411255696323
19.045578,8.766799535540496,9.752643204832394,8.502147692429725
19.077208,8.698482571585986,9.720377692097285,8.409234604558577
19.144444,8.627952196770615,9.686367211181475,8.314265723061155
19.178614,8.55856877874193,9.650599403830405,8.217254263022484
19.21202,8.48789247948902,9.613193400027846,8.113802012033526
19.277529,8.417014761572862,9.574087142067013,8.008187094957831
19.310173,8.34807783034498,9.533342414823712,7.900604193885776
19.345663,8.278968721540425,9.491077410115972,7.790239974746456
19.41228,8.212616512438982,9.447353625667162,7.677969247327688
19.445114,8.143623363259712,9.402192619388968,7.563692194868111
19.47769,8.072594351797393,9.355569006814402,7.449920458641852
19.545496,8.00547975987243,9.30752890175226,7.33441992915433
19.579067,7.937493891118581,9.25805872988641,7.2175771716353925
19.611713,7.868351167482365,9.207207492316837,7.100168293102372
19.711212,7.799045430773152,9.155024375075364,6.981489598626424
19.74697,7.729052534569401,9.10149558054218,6.8617209925805
19.813334,7.65894814339671,9.046674121566266,6.742776475842341
19.845081,7.5875109645382315,8.990542384653109,6.622950052823156
19.876968,7.514487870383757,8.933106312670155,6.503753643195478
19.944826,7.440296787106328,8.874416282448843,6.38511378250226
19.978428,7.3648565589061645,8.814467795378025,6.265777412803841
20.01338,7.290352559622013,8.753425496967044,6.147093813135918
20.077486,7.214415019790263,8.691262559357325,6.026894649404274
20.11253,7.137185610799719,8.62800454417221,5.906213083124092
20.145247,7.060417107131822,8.563780230550595,5.785486954092094
20.21335,6.980974996800379,8.498475065261989,5.664900194762371
20.243898,6.900897321087523,8.432101779257646,5.544456986917347
20.276913,6.819864639553586,8.36482577160596,5.420448604053637
20.378891,6.737243791663296,8.296589165165791,5.296878163456939
20.411472,6.653665416656236,8.227454527549895,5.173847348873208
20.477953,6.568708896350653,8.157455750329513,5.0495822445514404
20.510878,6.48375543480968,8.086590190619782,4.926077219186059
20.545113,6.400349212495931,8.014871939112492,4.803891753509267
20.6118,6.316128243578289,7.942334201006952,4.685149564585005
20.644352,6.230601821376304,7.869034198719104,4.567885776685517
20.678097,6.14561969963849,7.79496563294982,4.45213260904028
20.744995,6.060093751525489,7.720103544281023,4.340416786729156
20.778437,5.974243753492037,7.644570215022276,4.230476847951572
20.811035,5.889633641794162,7.568368273807499,4.122235254340138
20.878128,5.804045809662455,7.491516963373678,4.015803342833471
20.909832,5.716359284132477,7.414085149515135,3.9113601968571703
20.945576,5.628326580410046,7.336107682852866,3.8107580091555042
21.048067,5.54079713120085,7.257626594337375,3.7131379545294028
21.078133,5.453256408898678,7.178687925566286,3.617990763646121
21.144758,5.36549847136888,7.0993353322493915,3.5252473091140915
21.180298,5.276840685179378,7.019591547169287,3.4351635159471097
21.21235,5.187890786036784,6.939564156119691,3.34773182273106
21.27937,5.099215035629716,6.859261693536086,3.2642845559072784
21.312159,5.010181882185297,6.778760362362416,3.1834277584576993
21.34572,4.922109501738124,6.6980419862758565,3.104802729084896
21.415466,4.834538789813973,6.617181086745362,3.028954306756878
21.444063,4.746644379610007,6.536221917134812,2.9561028543763443
21.476898,4.658915479121252,6.455232006635491,2.8839308297153248
21.547508,4.57132166101442,6.374223321352493,2.8146885655485256
21.579216,4.484464042738486,6.293273265937215,2.7478191513389296
21.612906,4.396744588403707,6.2123853004430005,2.6835042778842286
21.710955,4.3092657191030375,6.1316253252872555,2.6215903025920455
21.744394,4.222457760182753,6.051161733796779,2.557385393088493
21.81563,4.136798489506463,5.970945769707771,2.4957428339366965
21.845419,4.052330624288194,5.891067097985044,2.4365101574649093
21.877527,3.970653132273991,5.8115984916092875,2.381863044984421
21.945805,3.890198928362447,5.732551085999555,2.3309314064034528
21.980215,3.8109009103955094,5.653994604736248,2.282451424734086
22.012217,3.730927081904517,5.57603510942958,2.236374554823631
22.07873,3.6512593187811673,5.4986340445861135,2.1951594276813293
22.111727,3.570970147975172,5.421857738177979,2.153348496005122
22.143682,3.49243695240741,5.345729072452666,2.113756320248078
22.213346,3.4114887398748968,5.270279600447916,2.078322134892427
22.244598,3.3320459587868547,5.195585125172234,2.0447701276473333
22.277534,3.2532533935895214,5.1217091428020485,2.0131389381734857
22.380186,3.1746679479593505,5.0487875235998825,1.9805231216566437
22.415602,3.0958049928714932,4.976769207334928,1.9496013593580412
22.47787,3.019460330156729,4.905755134918221,1.9189805741647814
22.51169,2.9425103568529694,4.835847617135093,1.8930130717668654
22.54481,2.866325197286121,4.7671084530967285,1.8681325704595622
22.611813,2.789160772801379,4.699597202894144,1.8444434077571301
22.64499,2.7120978681107655,4.633450778010568,1.8210809200043825
22.678703,2.637078421816896,4.568735652833978,1.7993088840366462
22.744917,2.5639499725193415,4.505490572299694,1.7766813917887652
22.782574,2.4895915784842617,4.443758442738157,1.7554223709316992
22.814219,2.415440781082344,4.3835773337206385,1.7356823868863245
22.877863,2.343957728283033,4.324993724893514,1.7173462215472517
22.911934,2.274385927998786,4.268081566003848,1.7005696687378955
22.945162,2.2078692370000734,4.2129249737825365,1.6814470568717772
23.045794,2.14211457630721,4.159468982705185,1.6639144523337872
23.077938,2.0764591049624723,4.107764756273233,1.6479344255953956
23.143614,2.0151284689949702,4.057820779762019,1.6358389836935538
23.179407,1.9562850305479247,4.0096524968774405,1.62772614488586
23.214272,1.900533319287389,3.9633727074803047,1.6205598061039004
23.278212,1.8486255840294987,3.919005053072748,1.6160976589926344
23.311361,1.7993798759937412,3.876573784955864,1.6152357866718923
23.345394,1.7529917487283073,3.8361743980224623,1.616856604092731
23.413559,1.7077712568877206,3.7978310532963975,1.621326761389333
23.445513,1.6612378302910074,3.7615228227053197,1.628260839015547
23.478199,1.6198533428731825,3.727344933319022,1.6362205639436382
23.546165,1.5801284316746995,3.6952917114118042,1.6441285792345917
23.578552,1.543009615268156,3.66564691469783,1.6498429274463522
23.611637,1.5063852118345542,3.638211248890629,1.6563499670978488
23.711872,1.4742694346510143,3.6129531220785007,1.664127963076527
23.74389,1.4437351538545564,3.5899173792805517,1.6690474120165415
23.813093,1.4154513999241345,3.5690748581203064,1.6756116956504363
23.84553,1.3873303203989336,3.550520535657108,1.6837088226795078
23.877335,1.3638504201682224,3.534162115073605,1.6927656572159127
23.944443,1.3435685497464596,3.520008257351517,1.703452556208368
23.979507,1.322513055594758,3.508161395842217,1.7148013651813514
24.012268,1.3048916792100802,3.4986182523339497,1.7267404095053578
24.07732,1.2924611335769387,3.4913634098651376,1.7397651332883124
24.110674,1.281713653737712,3.486494653422689,1.7502856869332544
24.145409,1.2761198035125505,3.4839657052445934,1.7616375029762503
24.212738,1.2705669688416945,3.483734907797576,1.776560406969475
24.245857,1.269518308883559,3.4858494094123613,1.7927964750867311
24.277813,1.272557389503477,3.4903707515586473,1.8103226430627066
24.37944,1.2793269652537047,3.4971629208054518,1.8313560495173267
24.412807,1.2878047012784146,3.5062354876932598,1.8559455693758853
24.477684,1.3004884619091026,3.517648733143747,1.8822739991496342
24.51098,1.3181428281720784,3.5313157623195077,1.910893758756591
24.545849,1.3376808065873302,3.5471884988607036,1.941214794005703
24.613813,1.360727617404001,3.5653213766494667,1.9731660573177416
24.645275,1.3840317087792906,3.585784762612071,2.0012760865413424
24.68559,1.4121859684510587,3.608545920100765,2.0319755871482608
24.745333,1.444906524462194,3.6334659048609548,2.0642455889418727
24.778292,1.4829465700852358,3.66067332528082,2.093104611184572
24.812462,1.5240153174497435,3.6899937110339143,2.123967211030737
24.877407,1.5720374108298054,3.721356531819973,2.156759930125097
24.910896,1.6246189235606512,3.7547710720179786,2.1932207789091267
24.943565,1.680558162513791,3.7901742257133075,2.231247345862287
25.047615,1.7378326909121982,3.8273299615111616,2.2713719119681084
25.08132,1.7979778638245596,3.866445872892772,2.312773026331373
25.147799,1.8609079278776,3.90747711777941,2.355880069004337
25.182062,1.927129496446669,3.950392518837464,2.4012050681825885
25.216516,1.9972144918199801,3.9951337742744464,2.4486502795647187
25.282232,2.0679026818517086,4.041689989195884,2.498372627368125
25.314833,2.1418314875592617,4.089964011460468,2.5544717547082847
25.348934,2.2201175504090225,4.139914364970381,2.613164142942923
25.415808,2.2991553832391065,4.191578783667086,2.6739447059986867
25.44947,2.3806149543242876,4.244878159110247,2.7363369935448323
25.482065,2.465294724207614,4.299803175221207,2.802058977645655
25.54783,2.5526837902281714,4.356291412645984,2.867245571195663
25.582088,2.641993036529798,4.414319700637912,2.9334199494570745
25.616201,2.7340408050348723,4.473817569775213,3.0009894832565083
25.714325,2.829842736555738,4.534734726484329,3.0707515394536595
25.74964,2.9288481420704464,4.597046612624611,3.142831601182758
25.819363,3.030607543485528,4.660741568961359,3.2165707918630853
25.849653,3.1334945389939177,4.72578079930597,3.2918501820005797
25.882605,3.238723063231862,4.792133501690867,3.3697604061033655
25.948114,3.346058900338566,4.859875569491527,3.445604358055017
25.984234,3.454966467949815,4.928832925239083,3.5234093085658538
26.017197,3.565590649638726,4.998915967168952,3.602595823443603
26.08214,3.6789739093592897,5.0700586193175425,3.6857544060422565
26.11593,3.794405738804978,5.142111992539903,3.7711842612163506
26.157604,3.909936083991307,5.214991508551371,3.8584162391433776
26.215729,4.025392015525543,5.288654888680347,3.9475649633957177
26.250786,4.143246226800955,5.363003618114351,4.038809437432482
26.283396,4.262144324099493,5.438014747571833,4.131735729494554
26.384325,4.3799137786506925,5.513616822975994,4.226617917228539
26.416576,4.499476259238681,5.589662020375246,4.325259418000102
26.483133,4.618100764061458,5.6661516310307185,4.425778710113598
26.51649,4.738075652012108,5.7429610047458794,4.529489909223234
26.550665,4.858171599211216,5.820040878546206,4.6323709426515824
26.617077,4.977647236588313,5.897162856608556,4.737165155874997
26.650093,5.096964016590292,5.974204390035089,4.843917584569645
26.68251,5.217680283111765,6.051093644896361,4.9515004864556404
26.749031,5.336283726427873,6.127702578822491,5.062669107867923
26.78526,5.455440866725988,6.204062229918277,5.174606535045915
26.81749,5.575826245112939,6.280059125570084,5.287265034509029
26.882608,5.6966484006790425,6.355606054874592,5.40085378117177
26.916288,5.816259897724332,6.430758597874724,5.514896157674059
26.949686,5.934892239853934,6.505317704425181,5.629806383206494
27.052761,6.051673690554424,6.579279451826616,5.74540964122663
27.08247,6.1685602962914095,6.652709840133707,5.858373537938684
27.149172,6.284813354652015,6.72546530072313,5.972110781542441
27.183197,6.400808992819467,6.797507370244848,6.0864611940464215
27.218388,6.5165832365216545,6.868716690788555,6.198609440906363
27.283085,6.631030636910314,6.939041204392027,6.310868059213105
27.315649,6.745011593557291,7.008452244232849,6.423215490159105
27.349497,6.856950348702773,7.076863652712307,6.537466948076152
27.417282,6.966044218925242,7.144320212769488,6.650894666312827
27.45167,7.0753477320603775,7.210790271944178,6.7635381763837294
27.483238,7.18314196338837,7.27617741263618,6.8786474749546365
27.552347,7.291809889528208,7.340508857733489,6.992733079950257
27.586142,7.398763994758191,7.4036805884393155,7.107538865925418
27.618958,7.503704105732037,7.46571393198861,7.221961083550262
27.71654,7.606633732729651,7.526633932414965,7.335092760182544
27.750397,7.704836619287233,7.586444475669813,7.446592275874878
27.819733,7.80048021244243,7.645126991621519,7.555693194250036
27.85407,7.894992047089455,7.702663347345424,7.663045420892426
27.885283,7.986003449218435,7.75912676279097,7.768284498195942
27.949696,8.07543047018384,7.814475996864441,7.871573987001706
27.984835,8.16272953431511,7.86872603918379,7.973250761638198
28.01945,8.247023012659055,7.921868521560637,8.073132753151876
28.082497,8.329387308238982,7.973897195682115,8.171237565084242
28.11696,8.411651828137943,8.02475834854648,8.267323876180633
28.149864,8.490816011615529,8.0744966212938,8.356956142584686
28.217052,8.568638273793578,8.123005289365551,8.444956790515379
28.248648,8.643835075612948,8.170283037047405,8.530847771929956
28.282467,8.71628370921706,8.216297894448873,8.61435885664648
28.382153,8.788938653349659,8.26103763688996,8.696761986227429
28.417482,8.857995310595877,8.30442332805033,8.776346277911122
28.484531,8.925467721667873,8.346419032561263,8.850467434018162
28.51605,8.991408570985099,8.386987289428292,8.921674863738989
28.54879,9.052801890265293,8.426144976207585,8.990051314451806
28.61777,9.110199454763812,8.463863791702414,9.055531283099052
28.651527,9.167517411560924,8.50018099470861,9.11770313110557
28.682503,9.221422720317141,8.535067571784447,9.177913668248266
28.74989,9.273045125905265,8.568503955991929,9.236884680097686
28.784075,9.321658850464535,8.600551935536682,9.29274875568261
28.81817,9.369398733182695,8.631223609460497,9.34500689385586
28.881998,9.414541871407383,8.660522315020751,9.393695153638838
28.91714,9.455290124617663,8.688394859838963,9.44141210378095
28.949291,9.491566293824718,8.714911728679423,9.485881266748537
29.05114,9.524464607719302,8.739990236842628,9.527070959999456
29.083681,9.552475843874031,8.763605373455237,9.563778592098078
29.149431,9.576705500953993,8.785817101665067,9.596813454989324
29.184513,9.595298488254,8.806581776883085,9.626341098346401
29.219017,9.60975137846977,8.825899369841789,9.652447757547854
29.283009,9.619170828228867,8.843855499015163,9.66996844656206
29.315647,9.62752508921701,8.860363965926728,9.685263259834635
29.350195,9.629814410398962,8.875399180570096,9.698366056338243
29.417576,9.630351867063041,8.889089105022194,9.703001762449778
29.450115,9.629139561199606,8.901377092176128,9.70384025383286
29.483225,9.622743693193339,8.912235964231755,9.701183152580755
29.5502,9.613203104916119,8.921645703880529,9.694236274505688
29.583733,9.599319071670733,8.929629576588292,9.683910406091533
29.617542,9.580488445755694,8.936206417182184,9.670273136370387
29.717043,9.56053001288329,8.941393318427096,9.64950579210047
29.749933,9.537896050411057,8.945173744280073,9.625560328903926
29.819162,9.512190341583358,8.94757640256451,9.598242536427655
29.850405,9.484817718154996,8.948614137152253,9.569450494850411
29.883255,9.453944759097384,8.948236103634454,9.536985125108375
29.94876,9.419109072423424,8.946453681295804,9.502341598846542
29.985415,9.383806994938931,8.943261425803994,9.464838049458628
30.018042,9.346798150497278,8.938715968126235,9.423795297722451
30.08499,9.306329189507375,8.932832849963827,9.379459852584356
30.116203,9.264039142955289,8.925606964184805,9.332841579970403
30.154196,9.217181923393758,8.916987040225695,9.284781852721325
30.216936,9.169006145793723,8.907089457257193,9.233099200850914
30.250832,9.120731601989515,8.895863289201456,9.177951708684208
30.282827,9.06861564754083,8.88331714792882,9.119435570014238
30.38448,9.015223832932277,8.869493602844564,9.054111970131332
30.41668,8.958961857439133,8.854400279550626,8.985630565347257
30.482306,8.902044468545748,8.838030961758044,8.913724229026522
30.51654,8.842782800414776,8.820461147186412,8.833964685827
30.549726,8.780681261690026,8.801621903202717,8.75063231994339
30.625437,8.715829626857223,8.781488321457156,8.664041538993438
30.659573,8.652715509056137,8.760114639743712,8.571822231485257
30.689041,8.585694588251382,8.73749809354995,8.476869067464909
30.753822,8.517778974748008,8.713605581044046,8.380385049818933
30.789558,8.448258468231662,8.68844933750645,8.280560715025324
30.823515,8.37905284211081,8.662120684070368,8.177968452689093
30.893782,8.30860787535936,8.63466158557872,8.072571312004461
30.9226,8.236717065156466,8.606068079859805,7.968303180163523
30.954168,8.164288628898696,8.57636477586949,7.86162029592387
31.065855,8.093243869764972,8.545402525872223,7.7523277862084905
31.09599,8.022315203675872,8.513397369625881,7.640973578951434
31.160467,7.948186089534816,8.480359213657776,7.526414501414152
31.19536,7.874453803936882,8.446264268987026,7.410167953415989
31.227514,7.799066052645934,8.41109624165175,7.292779669386205
31.298937,7.720157854453354,8.374877420818834,7.174092596947898
31.330929,7.645061127392548,8.337667374291591,7.055956719136763
31.362587,7.5680979237440384,8.299448817384079,6.938315118901391
31.429821,7.492090216553509,8.260213678095143,6.820025520780913
31.466442,7.414983249803905,8.220016857551686,6.70112179961594
31.495533,7.336338837274297,8.178819826175898,6.581705256157052
31.56211,7.258138286901427,8.13673088152663,6.461537653855776
31.59516,7.180535421404903,8.093765677933852,6.339708569369017
31.627163,7.101905347137787,8.049865062976817,6.217001260859779
31.731895,7.021703655952427,8.005109306124124,6.094035033496265
31.762175,6.941869572851088,7.959527885550812,5.970855373269827
31.829899,6.862739402223625,7.9130313548748905,5.8475661022335474
31.866356,6.785271208429119,7.865578815654476,5.726564582873444
31.897007,6.70685782993047,7.817105258857003,5.603305424012724
31.962008,6.627674944335005,7.767718315295294,5.480743657714491
31.99581,6.547941740063219,7.717282954429198,5.364351560133565
32.028778,6.46777420171961,7.665921875797237,5.248952179342032
32.09781,6.384794997258027,7.613674366075928,5.134357877406739
32.129486,6.300560498993817,7.56049070584753,5.02127978489115
32.16225,6.215813068006924,7.506413561393638,4.909016941908063
32.228462,6.1300762729893705,7.45155954181801,4.797402389247437
32.262558,6.044478852006124,7.39582071033196,4.6884591003351215
32.296577,5.958597421518979,7.339248526988005,4.580905725141766
32.396164,5.8718884332468,7.281832049434352,4.474567203969673
32.428303,5.78526556063917,7.223643034020344,4.368588148771145
32.49807,5.698495869196562,7.164625687553332,4.264417598778856
32.531418,5.612714453920919,7.104807427468569,4.161232221666754
32.562252,5.5272480027245905,7.044307131041697,4.059371600908296
32.63105,5.441202269156503,6.983050996022283,3.9596812879143215
32.663914,5.356118899887322,6.921102975881153,3.8625705477180943
32.6945,5.272196175122062,6.858417695375214,3.7653307776967258
32.762524,5.18684812282428,6.7950600919699555,3.6718130998911205
32.795612,5.102419184777726,6.730992573804217,3.581040784151648
32.828648,5.0181750702010515,6.666285019111031,3.492944478039013
32.89609,4.932832997992646,6.6009739158474,3.4071478497478775
32.927948,4.847119275256132,6.535073504088704,3.323426377497466
32.962322,4.760226393575075,6.46855507644081,3.2422178032984026
33.062546,4.6735017266197625,6.4014316256972,3.1636697973265187
33.096592,4.5870960211111,6.3336431222248475,3.086606176665852
33.160664,4.501356379003563,6.265163942860332,3.013733426121549
33.193584,4.417491244912979,6.196057479395248,2.9432964780169097
33.22798,4.33375362027235,6.1263455781201115,2.8767776931693385
33.297016,4.249506971827774,6.056062105384308,2.811433893549679
33.328854,4.1644700327981585,5.9852808906926205,2.747828954832902
33.361275,4.080401149861632,5.913994676053432,2.687550622924297
33.429268,3.9992351901482692,5.84223689775134,2.629258813339273
33.462986,3.915313753384703,5.770007249153037,2.572724307221049
33.49758,3.8321259411817943,5.697330808990013,2.517623239428703
33.56116,3.7488570392259803,5.624257935345942,2.46401265523615
33.596016,3.6664742636906995,5.550847600366889,2.412937330535509
33.629032,3.5858584134518052,5.477136129724835,2.3637472079990767
33.72815,3.5048860141760967,5.403189919805385,2.3137786665669013
33.762283,3.4253942898714813,5.329034027669792,2.268024643467861
33.829235,3.3478994255528374,5.254743305584877,2.223775195716022
33.86271,3.271054601195224,5.180431140678536,2.181370864591853
33.89707,3.1962549447853874,5.106112616993852,2.1408505494640253
33.961864,3.1224235673139655,5.0320253384742655,2.0979647897594624
33.99417,3.047530559890737,4.958103405697681,2.056760911474082
34.028564,2.9741735016677118,4.884472918139925,2.017266213476442
34.098408,2.9017449786027996,4.811219574199758,1.979232890113049
34.13146,2.831585984899309,4.738335772166442,1.9428988390237465
34.160774,2.76452545448338,4.665984677574178,1.909294364123126
34.229458,2.699517675056738,4.594206589750924,1.8769036697863288
34.26364,2.6328056680463323,4.522975108345712,1.847486722585836
34.298477,2.567692812789292,4.4523638136481685,1.819226399882813
34.394806,2.500842260018181,4.3825359780142765,1.7922652743082674
34.428745,2.4348384160921674,4.313615998962061,1.7678822144009818
34.497543,2.371074492310445,4.245672783130591,1.7440023093966903
34.53066,2.305997441334088,4.178801202485312,1.7218319077371043
34.56166,2.242186325156293,4.113090160779983,1.6943378081780034
34.628735,2.179755088816263,4.048567076184224,1.668774974604913
34.66181,2.1173483540616993,3.9853169648707834,1.6449234155079118
34.695396,2.05529323776113,3.923405464256115,1.621916116093206
34.76172,1.994340051909893,3.862897303092675,1.600833900154006
34.795284,1.9340719728788096,3.803985403966114,1.5776389988341402
34.828568,1.8777164474863848,3.746647477339907,1.5561691060080698
34.896904,1.8215828797339022,3.690935691764664,1.5365556272125833
34.93248,1.7664695416435372,3.6369000958409,1.5189083845468565
34.96236,1.7131677514163455,3.5845590567564276,1.5041934889898243
35.062084,1.6643747832933884,3.5340290278910462,1.4908515406278624
35.10355,1.6175641914101215,3.4853315571253445,1.479328962710997
35.167408,1.5728851077776391,3.4384592784152295,1.4710583006814772
35.19879,1.5280433155460065,3.3934802197722025,1.4633275252437838
35.23332,1.48526250931318,3.350442330163645,1.456597138983748
35.301712,1.4464800133147917,3.3093919036098516,1.450725426817539
35.33287,1.4091812846579075,3.2703792952844406,1.4461375147926085
35.366814,1.3753128744185148,3.2334258493742096,1.4450388213819083
35.433468,1.3422832800825226,3.1986231878463753,1.4446349139815056
35.465897,1.3104989663797377,3.1659517331104365,1.4448409474476651
35.500076,1.2817869604160457,3.1354042839847827,1.4484803390646537
35.576935,1.2526058813030425,3.1070503149920445,1.4499426291297635
35.60801,1.228661939542184,3.08094378248711,1.4525926663303628
35.641693,1.2073891774738328,3.0570996927007985,1.4588179710235667
35.741486,1.1877549471738007,3.035584593821746,1.4659628467487285
35.77602,1.1711366244540928,3.016478368849478,1.4739658321355031
35.841022,1.1594760342126977,2.999809809969972,1.4827433740338376
35.87468,1.145901994670597,2.9855577898849797,1.4920354301115568
35.9075,1.1359684278814375,2.9737396745897935,1.501855819522534
35.977787,1.1274370072599307,2.9645080410221096,1.5088078119547235
36.008625,1.121235500351183,2.957769886085482,1.5161160881613516
36.042374,1.1157923718676839,2.9535216673747353,1.52442431761205
36.108364,1.1129296025858866,2.951754478486912,1.533661507398391
36.14182,1.1124639645130547,2.952494205054559,1.543812002367548
36.17609,1.1155574663512782,2.9556748797130696,1.5545953935326708
36.24122,1.1171110524806205,2.9613985562659235,1.5661849200118303
36.27577,1.122326934498361,2.969607901705192,1.578671211895624
36.30854,1.1305216064520054,2.980342161727663,1.592080060580515
36.407913,1.1422034026684644,2.9936385306089193,1.6062425875708672
36.44152,1.1578070114231749,3.0093781778055204,1.6207862040760406
36.50706,1.1784638643220706,3.02760982609239,1.6386247972969925
36.54192,1.199678811763537,3.0483598106864314,1.6574135495809428
36.576584,1.225312466200756,3.0716988941671506,1.6741263172997594
36.641914,1.2548229732327223,3.097497091512501,1.6942113948129847
36.673428,1.2855865186886355,3.125750923118918,1.71667728355371
36.707504,1.3196595250983916,3.156486751097534,1.7394730055691345
36.777893,1.3561614090054557,3.189684498016433,1.764675424237013
36.811176,1.3973414274167832,3.2253228201454616,1.790597871746575
36.841034,1.4422618607169948,3.2633949910071003,1.8174137576685718
36.908318,1.4903923316136631,3.303824883887937,1.8466098853460928
36.942024,1.5400600634640247,3.3466312627339825,1.8762985893058317
36.97589,1.594238220481235,3.391778706034163,1.9070325719167116
37.075,1.6512078796963447,3.439138182943144,1.9367018603025836
37.108658,1.7090596162541252,3.488789644160973,1.9674795931428237
37.175686,1.7681721251283926,3.5407067428733927,1.9988677490756541
37.208923,1.8316845929400754,3.59489046597216,2.030038053679762
37.24022,1.8971013067532447,3.6512263695942395,2.0621084762689317
37.30979,1.9645665986157792,3.7096290206716183,2.0957223136550733
37.342957,2.0345264451954916,3.7700834449463487,2.127372916490692
37.375885,2.1070933027805774,3.832553525955854,2.1592412385891886
37.442295,2.180473053712261,3.8969711838729872,2.1907957401042744
37.473522,2.255376122277248,3.963333754974633,2.222926946461314
37.50809,2.3313031460708524,4.031633373654779,2.255612551151295
37.57577,2.40796709402254,4.101895182751519,2.288346661855563
37.61356,2.4856091534959055,4.173956216008098,2.321669676579998
37.645344,2.5629507173960655,4.2477666318728895,2.3568632104923344
37.741467,2.6417842217502225,4.323232456994764,2.3950384980116515
37.77575,2.722538859269924,4.400357549140673,2.4340406393012457
37.841763,2.803555377297349,4.479100970610019,2.473767155653574
37.874382,2.8869048006795808,4.559408270577999,2.5152741455510097
37.90886,2.9719310904001683,4.641187305873706,2.5593477991251072
37.97919,3.056298389756566,4.724554037963714,2.6011763411327404
38.013805,3.142519453525139,4.809293964771167,2.6453263592036635
38.041584,3.228120019977429,4.89532023190496,2.690466573373567
38.10847,3.31462048416758,4.9824992740764165,2.736738330184836
38.142353,3.401222454885665,5.070777664155767,2.7830093652808365
38.174976,3.4886370898361703,5.160081610785367,2.8299007356511128
38.240917,3.5762384154194966,5.250313849663796,2.8776847869857196
38.275017,3.6615204993958543,5.341326426620651,2.927405552281515
38.30734,3.746975578026109,5.433007878477359,2.9800216828940282
38.40938,3.831599366542802,5.525271015300527,3.0332612116726816
38.440273,3.9182296019688225,5.618107748005871,3.0868486994618936
38.50709,4.005469031913331,5.711399390585181,3.1412683195804343
38.544125,4.090139554251843,5.804951021449301,3.1984858146738957
38.57587,4.173922950797068,5.8987856367382845,3.25327273010334
38.64211,4.258312152839636,5.992830375370217,3.307958248094304
38.674038,4.342286448901257,6.086858101488023,3.3625332085788515
38.706955,4.426046205238406,6.180778025100666,3.417054868499258
38.77829,4.507238704221332,6.274473038062773,3.471820638080604
38.81018,4.587501145432609,6.367879385063366,3.52398018399866
38.841835,4.668238860091194,6.460854830860885,3.576471963434191
38.908466,4.74938914420448,6.553241999962709,3.630172303691905
38.943935,4.830012534222471,6.644973046215036,3.6836312755127842
38.976826,4.909695349208806,6.736000915725082,3.7369730345741496
39.07512,4.987912414968722,6.826207760139332,3.790311302657619
39.108635,5.065305356635342,6.915608860017297,3.8448242107577
39.17593,5.142631338182088,7.0040418563903435,3.9009091004892165
39.211082,5.2168758780558,7.091592668128719,3.9511947761060964
39.24298,5.2892735256252195,7.178083580057734,4.000641579187038
39.30785,5.360047948694965,7.263420473244073,4.049296970312985
39.34157,5.430642177721258,7.347592862224364,4.09430201470559
39.37685,5.4974172322293,7.430538284791857,4.138763572077301
39.442024,5.563462780821748,7.512162051311609,4.182614637333428
39.474216,5.629388499398017,7.592429614048566,4.223056144486157
39.507076,5.693911543425206,7.671203681595898,4.262467926767193
39.576096,5.7578908275882075,7.7484103875912655,4.300963961690932
39.60923,5.819832517362554,7.82403672379429,4.3402755435934015
39.640778,5.879929886681619,7.898058672696486,4.377909314212335
39.747417,5.937947288012376,7.970428539176586,4.413838274079834
39.783127,5.993851522947445,8.041003602957048,4.449640606596524
39.84866,6.048256259801364,8.109826280146926,4.483378348601037
39.88022,6.100044859551528,8.17683654068467,4.514933298839377
39.913612,6.14867265470111,8.242000750310222,4.545624899173507
39.981544,6.195937471230069,8.305241609668576,4.5741188588724215
40.016716,6.24135583746984,8.36656665888954,4.599966282356955
40.05322,6.285402791443464,8.42595039842321,4.62362796377639
40.114067,6.327629707610747,8.483313894327333,4.645062928959133
40.148148,6.368584332610523,8.538706711680803,4.663016870831369
40.184547,6.408255679621908,8.592083240757335,4.678829449433013
40.248882,6.447288240232435,8.643479288061599,4.692515307944253
40.2813,6.484053455580033,8.692932613059435,4.702361087307563
40.313667,6.519450998580069,8.740362481995675,4.710174340100943
40.42013,6.551986838294859,8.785802822934762,4.71592349499058
40.45315,6.583661191002652,8.829258431802,4.716852479974679
40.519043,6.612510470813641,8.870770077621692,4.715721344105895
40.552917,6.637767590110463,8.910262987051176,4.7125746082018525
40.586193,6.6618590451947055,8.947791246302923,4.704741085429346
40.653835,6.680749592598622,8.983281150609583,4.695933628458002
40.685574,6.700012603355473,9.01684021175837,4.684990345583833
40.71958,6.716571773336294,9.048468262816481,4.672663179637952
40.786133,6.731541681317355,9.078184282495394,4.658041017411385
40.822285,6.74499112586413,9.10597984620212,4.640393413492061
40.852905,6.755149533675941,9.131870657208669,4.6202008057473005
40.918114,6.764004912386065,9.155866588340574,4.598818417418559
40.95249,6.771310057537724,9.177964641629883,4.574740215899784
40.98675,6.776195745125921,9.198249622145122,4.547817896423991
41.085323,6.7779539781597835,9.21671589984284,4.518564728817021
41.1201,6.774470389551258,9.23350874929732,4.486635397519913
41.18617,6.768961979897964,9.248459990526236,4.454785454187496
41.22077,6.760821714232602,9.261628507687346,4.421302632533159
41.254578,6.74854297004243,9.273009326880972,4.385602758812344
41.319263,6.7325030467366425,9.282596736189491,4.348268905022478
41.35302,6.7122302491206955,9.290374626606175,4.30935479383904
41.386105,6.688206240642325,9.296448890780402,4.265548389712013
41.453236,6.661756629032483,9.30079009797098,4.220100772224626
41.484882,6.6371552345447355,9.303369042968772,4.175498597578799
41.519817,6.6092314772318,9.304396787460746,4.128981342785918
41.58504,6.581211108037955,9.303785379941274,4.080497807202118
41.618896,6.549634167240376,9.301499527879347,4.030133108911322
41.65402,6.514048356569734,9.297571230723818,3.980175805490897
41.752132,6.477399635885982,9.291981813313097,3.9284700699403543
41.78608,6.438327995220741,9.28474906422861,3.879178741692098
41.853626,6.397066247268014,9.275937421095401,3.8283754069976004
41.903618,6.353978324753887,9.26552684268711,3.775305423063253
41.930714,6.311609056445382,9.253537049778068,3.7209660164537537
41.995724,6.265958269617248,9.240009780866984,3.665365284189008
42.02974,6.218292638690033,9.22484566915646,3.610718778648143
42.063747,6.1677030379496,9.208096229480567,3.5555507661589116
42.13408,6.1166499685056515,9.189795648304516,3.4994863434247243
42.16413,6.066863128910895,9.16994929576439,3.442408637936327
42.196705,6.015702406579931,9.148735541651199,3.3812941569418156
42.264565,5.960508090183888,9.125987988207482,3.319492637556123
42.299458,5.90410062238861,9.101706079517019,3.256833056361673
42.33417,5.84831900899058,9.075982944491242,3.1917732092235296
42.430035,5.7941625170102755,9.04879769299772,3.126500837736876
42.46463,5.73965417160141,9.02016457711565,3.0608087396882855
42.53033,5.6827908681987696,8.99008846141433,2.994487698096309
42.58684,5.627905867649346,8.95857110102043,2.927326865002771
42.614853,5.571759513358079,8.92556841675295,2.8598664229187034
42.68159,5.514037585039774,8.891162451139744,2.791960929884473
42.713367,5.458058026918775,8.855391359284065,2.7242689383576497
42.747547,5.402046884446331,8.818386283970927,2.651583557119236
42.81439,5.34751858250263,8.780110245137147,2.5804727982863205
42.848034,5.29148935985404,8.7405887325137,2.5091845599486833
42.879196,5.233756305074799,8.699950562881527,2.435346084481351
42.946327,5.175364468811907,8.658172009537497,2.361725557833706
42.98123,5.118183003351479,8.615225298917897,2.288302719725301
43.014668,5.058856061213326,8.571158911168444,2.2148729800555773
43.112873,5.000280676458023,8.526063362578494,2.142217041229461
43.146828,4.940998052307931,8.479956679344406,2.070145088431985
43.214718,4.882458062246939,8.432729562133703,1.9999643609303734
43.245895,4.825370647664345,8.384374556468462,1.932304575719978
43.281326,4.7684680527053205,8.334988067678792,1.8650661426503694
43.346333,4.710813716136383,8.284600574188204,1.7986918464441801
43.38088,4.653458453075869,8.233197817906564,1.733023674855876
43.415592,4.598469557386901,8.180861711668934,1.6683674684078253
43.481087,4.548071522217193,8.127531583249807,1.6069430751339584
43.512886,4.497051205680799,8.073368317108303,1.5458425633994832
43.546867,4.445998131957626,8.018285097112093,1.4853073999620237
43.615143,4.3969336301101025,7.962268602009637,1.4254371065335918
43.64647,4.346823958885313,7.90540525993792,1.3664659877117429
43.679432,4.296262596429643,7.8476565860283065,1.3083650988157898
43.782093,4.246222400971964,7.7890273198256414,1.2509632324933357
43.81785,4.196388404607784,7.729486403671456,1.1960079138755577
43.880848,4.147337197057485,7.669059890085663,1.142131541700164
43.913395,4.09734731084234,7.6077679075979034,1.0868246813020626
43.94659,4.0485095147948265,7.545592306094941,1.0332899260535486
44.01469,3.9999444635471795,7.482495778748937,0.9810172954082421
44.046932,3.950061885274721,7.418514112722049,0.9300917456333857
44.081024,3.8994647197869816,7.3536357323199795,0.8807253129621242
44.14829,3.847855476741591,7.2878889095387605,0.8327728573321167
44.18117,3.7972301209961463,7.221251906840354,0.7865628592205891
44.21488,3.745778005356046,7.15370943753012,0.7421373043107936
44.280888,3.694652100658064,7.085336044570285,0.7012065095345488
44.31474,3.6446999622461074,7.0160956546449365,0.6618503146654416
44.348385,3.5942217429775867,6.945956036222378,0.624335704174007
44.449776,3.542957632779007,6.8749554293881605,0.5889649595215517
44.48102,3.4906772185847705,6.8031680660679505,0.5550638245161841
44.547417,3.4385952696082493,6.730616743880353,0.5215910222406313
44.582256,3.3857320212104485,6.65731669944266,0.49077696455511
44.61447,3.333116879812587,6.583299254854548,0.46213252061333976
44.680687,3.2818672978378802,6.508513010408023,0.43878954274354753
44.715584,3.230264553035512,6.433026193745691,0.4170621811844115
44.74707,3.1784728384998657,6.356798055199696,0.3969417880679789
44.81723,3.1280659054475475,6.279797264133652,0.38122597179472584
44.84688,3.07995167847411,6.202093421847713,0.3671454614311267
44.88105,3.0319644688508354,6.123764639235062,0.3523068224896362
44.94733,2.9823028004389984,6.044812136459523,0.3379500795181756
44.98212,2.931210728480419,5.965214210703613,0.32460170771890445
45.01513,2.882523530085942,5.885029236762462,0.3127160505078903
45.114124,2.8328708490987893,5.80426178904747,0.3026773159968107
45.14773,2.782916578109025,5.722988598424804,0.2897578560051955
45.21566,2.73310150257385,5.641031640860283,0.27965633244607935
45.24781,2.682706571384953,5.558459157990947,0.2707738083525598
45.280582,2.631093669489363,5.475325319887294,0.26334831020500304
45.34662,2.579382275779134,5.391696397065282,0.2569078242779483
45.382328,2.5287633903817492,5.307560297935577,0.25117096084589124
45.41494,2.4797915671809014,5.222939860583484,0.24651469942047838
45.480152,2.4286216181859595,5.137969630057568,0.24512068476299
45.512814,2.3780793062840284,5.052700796509584,0.2420903691410361
45.547672,2.3290737104130588,4.967225397288592,0.23801428770632455
45.615692,2.282789405121276,4.881575063256285,0.23451746862747472
45.64957,2.2360807935456957,4.795719642678503,0.23096171222227374
45.68139,2.1903628226364704,4.709712235641846,0.22759758875691433
45.783165,2.144632063461152,4.623718349050113,0.21861587413512906
45.818623,2.099388658815964,4.537664320603558,0.21111134474290794
45.88093,2.0538989513901913,4.451614322083147,0.20401073266602918
45.913498,2.009206336412739,4.365741041420663,0.1971993747622138
45.947075,1.9659463708983187,4.280085049627459,0.19062760383344696
46.01622,1.9221372753555361,4.194631952333755,0.18377455455528932
46.046925,1.8798266338761027,4.109486239671357,0.17917286334066673
46.081326,1.8371233398988374,4.024671830721897,0.17443320912176247
46.150238,1.7950145588310134,3.940351705505364,0.16760099578336957
46.182804,1.7521993265005646,3.856618008133089,0.16088389489372545
46.215878,1.7098666565792588,3.7735412536826285,0.154228193202899
46.282677,1.6668819292664938,3.69124287446177,0.1488254807437388
46.31422,1.6229363376179138,3.609767786693297,0.1432721462279564
46.347347,1.5776732345584674,3.5292937729882605,0.13323979522035106
46.45257,1.5334320252861284,3.449766436456948,0.12657500639089278
46.482655,1.48948076411001,3.3712997125974833,0.11958291378849548
46.547855,1.4469594912904393,3.294017354538076,0.11232847987910917
46.581886,1.4014603549214626,3.217956757969539,0.1054878569106438
46.61348,1.3592037088026312,3.14317902352761,0.09830714979043584
46.679314,1.3178130128184342,3.0698122001635815,0.09110450108346882
46.71454,1.2760919876809764,2.9978996876969264,0.08506261449917905
46.74558,1.2341096940654694,2.927597027041001,0.07922834088860588
46.81594,1.1944959008366414,2.859039317770701,0.07359243281147318
46.846382,1.152692648086015,2.792195236003924,0.06692258355528094
46.879368,1.1131885722487822,2.7271886912032146,0.060543720049230934
46.945614,1.0707392294308733,2.6640504029617222,0.054670516510190274
46.98092,1.0308870880916954,2.603001806584853,0.0461441780031213
47.01476,0.9922621681160918,2.543989647846198,0.0379191207837808
47.113285,0.9545292180509263,2.4870408091419622,0.031604629831028956
47.14586,0.9192194344338618,2.432301878759351,0.025309735504818756
47.21951,0.8864738845154132,2.3798882505117676,0.019273201951885557
47.247974,0.8538672476446519,2.32990761242475,0.014583929546639268
47.28045,0.8222464239904996,2.282347111750742,0.010119856095652222
47.347775,0.7940329755826806,2.237347747101203,0.005859324113570006
47.38113,0.7632137916893491,2.1949075243947047,0.003473212256079119
47.416588,0.7364537809463357,2.155108021546663,0.0015112354194939254
47.4809,0.709391649837518,2.1178940770685992,0.0
47.51434,0.6818108341269526,2.0833782061395962,0.0006198009109418262
47.54776,0.6567766351393844,2.051660240233576,0.002008309414515753
47.615273,0.6303075723552493,2.022725424196646,0.004068679100274512
47.648872,0.6039603731773044,1.996604955326304,0.00835750797426489
47.68017,0.5819366784071772,1.9732378459368978,0.013449008999277123
47.782486,0.5631021811560962,1.9527300952236002,0.021827059588649972
47.815308,0.5456444514723439,1.9351323368356284,0.032305108408926746
47.879143,0.5316315395920741,1.9205869197436514,0.04088237204963784
47.913136,0.5201321079724415,1.9089535136224693,0.04985473126057183
47.947304,0.5125852602649258,1.900267058845388,0.05939827189527124
48.016327,0.5074054319459627,1.894526413131163,0.06994585769946934
48.051567,0.5003907722444526,1.8917809049514256,0.08069622574221352
48.08082,0.4965566657673796,1.8920156547617364,0.09278180580406083
48.147213,0.4927305800754823,1.8952598578189075,0.10639013614604399
48.182037,0.4868352640334538,1.9015173665335,0.12163932120236412
48.21452,0.4826503267748963,1.9107564854096204,0.14020275293240386
48.281384,0.4786034231824648,1.9229398105416011,0.16068567928603578
48.314255,0.47901191515325847,1.9380005974288006,0.18306715863386444
48.34665,0.48282485521640833,1.9560338150619874,0.2066257649816677
48.447044,0.4888251749807522,1.9770089050330402,0.2319645564309568
48.479893,0.49759222170998013,2.000946215309652,0.2590536691606142
48.54735,0.5117897894490879,2.027870646470802,0.2876271372968956
48.583546,0.5288495569440042,2.0577937695171107,0.31892450473708617
48.615032,0.5490247012356759,2.090595252023715,0.35327052840065953
48.67955,0.5720068713115753,2.126335555767803,0.38927095242717324
48.7132,0.5967253441392023,2.1651138687386458,0.4228024682626438
48.747604,0.6254579441253141,2.206704924738067,0.4579268987458343
48.815094,0.6581044750449571,2.2510728420879733,0.49463953116345916
48.847027,0.6966336861269945,2.298177060552358,0.5325843943897319
48.881065,0.7381678733233852,2.3480106251879076,0.5710611641962122
48.948006,0.7838202277057091,2.4005650145904034,0.6106940527136467
48.98193,0.8332995845456544,2.45577398472813,0.6518754468422526
49.018955,0.8857958981120986,2.513574073210149,0.6946811168674687
49.115128,0.9438778065054204,2.5739223619186697,0.7413699909889939
49.146427,1.003547725710861,2.6368372205731196,0.7897798431468788
49.2158,1.066475978939987,2.70221762585256,0.8398363744917154
49.25054,1.1329572460996622,2.770079372255597,0.893957508321227
49.280502,1.2017217764313468,2.84044216664915,0.9491105563683314
49.347454,1.2741933870446043,2.9132302602464994,1.005494784266491
49.381004,1.3479146364846564,2.9884284273704753,1.0633196563774792
49.415943,1.4257166032816193,3.0658240404592862,1.1243304345242067
49.4802,1.5077751270368935,3.1455368977569527,1.1872078911031274
49.513023,1.5924952265769983,3.2275454387029257,1.251815815937964
49.5471,1.6790129316842188,3.3118312598856754,1.3161299120642291
49.614605,1.7673970018192078,3.3982968536219245,1.382388042956608
49.646584,1.858665048136103,3.4868886242786696,1.4505513213384105
49.68062,1.951993087441569,3.5775792152133308,1.5209809137905712
49.780403,2.044412846648933,3.670339481686598,1.5936597585247947
49.818268,2.1373240695357394,3.7651645803466893,1.6681667469431458
49.881508,2.2327348216534046,3.8618644507202653,1.7469344926659434
49.91343,2.3295811518912086,3.96043255190817,1.8273935658578073
49.947887,2.4274439175310047,4.06075808012017,1.9123730262023007
50.014458,2.5262869000604096,4.162756478135028,1.9995099720612275
50.04981,2.6277637480673754,4.266373918298407,2.0886985384820327
50.081955,2.7302657172502824,4.371369521670228,2.1817242446330245
50.14604,2.834262857482877,4.477683443911244,2.277108646656436
50.181004,2.9406103156053254,4.58524928652375,2.374979280818987
50.21503,3.0476500635591504,4.69387269236798,2.475414547688032
50.280796,3.1565178444378477,4.803350571947776,2.5780982447002527
50.31351,3.2659125790882917,4.913590189967661,2.683392659750971
50.34636,3.3753004660154042,5.024542886018253,2.79180155762341
50.446484,3.4859099108331217,5.136240577101176,2.899549600366313
50.480274,3.597471822687671,5.248483952213993,3.0101113217021096
50.54762,3.7092862433964022,5.361152783035081,3.1225601520744264
50.582752,3.822070555959137,5.474101635975458,3.237451512993972
50.616802,3.9334136829262882,5.58721601984157,3.3545389641342678
50.68003,4.04438969324973,5.7004564053900255,3.468839767426719
50.71349,4.1561438151244,5.8135984334778,3.586538033959292
50.74665,4.268149237368953,5.926542538017314,3.7062904881380034
50.814007,4.380762087974086,6.03922518119854,3.8279185827550335
50.84749,4.492952831452322,6.15153002041993,3.9513684827861337
50.8806,4.605129416613649,6.263336420381385,4.076451108662747
50.961536,4.7171754771799295,6.374508092221588,4.204696985965037
50.99,4.828197825839764,6.484977302810963,4.334390461704555
51.023804,4.938371743059242,6.594687804639023,4.465464821898127
51.122032,5.048886299180545,6.703526879165203,4.599164717684989
51.155712,5.158131411961811,6.811385925835767,4.733618534747954
51.22367,5.266502061924409,6.918132995582849,4.871259140845713
51.25868,5.37535019321709,7.023757928981079,5.009849563678895
51.291756,5.48372366362769,7.128157855072496,5.148674000898275
51.355835,5.59094654813085,7.231271640856272,5.2878519149257865
51.389072,5.697520433020688,7.333063357678336,5.427300059304898
51.422897,5.804048784268898,7.433499281380876,5.566214202761135
51.49106,5.908623038751401,7.532504029057294,5.704046692363348
51.522064,6.013225066663378,7.630021305686382,5.8411613411340335
51.558887,6.117440812016334,7.726063054039011,5.976175799251053
51.6234,6.219851561896603,7.820503829904083,6.110299093324823
51.65751,6.321276826317328,7.913251557429668,6.243621350816787
51.690735,6.420462049267954,8.004328343164897,6.374686167243868
51.789345,6.518092401293382,8.093623985231984,6.5047705001478535
51.824875,6.613611409390929,8.181006192494776,6.634326503398176
51.88996,6.707286347289246,8.26655358372153,6.757449207438204
51.92383,6.799648617426333,8.350090692926516,6.878386429098254
51.956562,6.891266160631744,8.431605117264125,6.996893532555241
52.024193,6.9805773606233945,8.51104901756886,7.1105023550346305
52.057644,7.065980702006642,8.588400354912107,7.221602164587301
52.090374,7.149295935652832,8.66360687845844,7.3309914298555166
52.155872,7.232615302736931,8.736675354240301,7.439676584331135
52.18977,7.318484185318742,8.80760477838377,7.5457453055675225
52.223076,7.400841273680249,8.876341862206777,7.648779792373766
52.290886,7.4828503999764395,8.942835170223402,7.748275141591266
52.322987,7.5628806877615125,9.007066960210333,7.84686131497203
52.35553,7.640947472740421,9.069125793666947,7.942379855258518
52.461594,7.7186500235924544,9.12900606622045,8.035759709173774
52.494503,7.796736598400071,9.186666736710219,8.12533830057397
52.556934,7.872316239156852,9.242105816044889,8.21123810323481
52.590237,7.944573044422224,9.295338054611564,8.293409903834739
52.623177,8.011814775703863,9.346394968350065,8.371676639511044
52.690365,8.078786330391369,9.39526540210401,8.442761704710604
52.723106,8.145444463538771,9.441936024196679,8.510739455672098
52.75592,8.208737476033548,9.486389564355198,8.57526160785877
52.825848,8.267606106278489,9.528622477565108,8.636143505417484
52.857468,8.323671748356215,9.56866397049455,8.693817645831501
52.891144,8.37721830478456,9.606531757629645,8.747678941110076
52.95906,8.426236928627327,9.642165126980272,8.801365747185384
52.99085,8.470902114808407,9.675624776109926,8.851638830721361
53.02406,8.511807991884467,9.706904365520145,8.898339815709269
53.122395,8.549870353879726,9.735977023363063,8.941444486202094
53.156075,8.582603565450665,9.762874187090508,8.980863874871918
53.223087,8.61455906331815,9.787678874412636,9.016656621885437
53.258415,8.6419145431345,9.810342290629453,9.048622844237846
53.290974,8.664036234389094,9.830978932397626,9.076883818961338
53.35643,8.680648823564187,9.849556020588572,9.102298782197572
53.39137,8.695440294998356,9.866051392664714,9.12390153309946
53.42452,8.704438440342438,9.880487620435469,9.14155539942806
53.49111,8.710165288398816,9.892872428838096,9.153710637750457
53.52224,8.713145397193996,9.903218637505402,9.16173728447468
53.556656,8.713305614876358,9.91149883432233,9.167987622075895
53.62388,8.708800596473488,9.917757634110215,9.16925777331252
53.65843,8.700666738685543,9.922033978502698,9.166825736029322
53.69083,8.687856301856321,9.924318151185638,9.160674296734506
53.78995,8.675842102789737,9.924647798937025,9.151683060891193
53.824047,8.658732815430911,9.923047667634536,9.139117749984303
53.891674,8.637419043952212,9.919513307936281,9.122777575654629
53.922585,8.611705040832474,9.914088027953348,9.10278426265041
53.95545,8.584106786170354,9.906762508852276,9.079002102648838
54.02299,8.55026031138725,9.89754147901017,9.05135817481918
54.05752,8.518421429569692,9.886488045944386,9.020115008290611
54.091366,8.482485587493036,9.873591568618503,8.985148096453885
54.15645,8.44723445809339,9.858921100858282,8.946261674822189
54.189297,8.408383055799181,9.84239500859444,8.905245588804283
54.223457,8.366428981827113,9.82410469690926,8.860720444762313
54.29208,8.320784368291294,9.804117888580306,8.811023454209662
54.324738,8.271740739357092,9.782406395857974,8.757936656359494
54.356728,8.21942105262831,9.758967970282418,8.701423949032762
54.457542,8.164923165807155,9.733782835875354,8.640491950964408
54.49381,8.107635765756708,9.706922117069952,8.576163966166746
54.556858,8.046253677204247,9.67836563405297,8.508545254972178
54.588795,7.985597239278228,9.6481339249018,8.437348022294325
54.624527,7.920503338489589,9.616247698013657,8.362797311037202
54.691113,7.854230649544805,9.582787682423252,8.284866676794701
54.725163,7.789559837176886,9.547714741034454,8.20359684997507
54.756428,7.721905930359409,9.511033736684904,8.11902640835048
54.82484,7.655828617732165,9.472788305149358,8.031265210143582
54.858303,7.589909380680246,9.433004169681308,7.940360313943774
54.89018,7.521531487491768,9.391753178071598,7.846430118496562
54.95661,7.451194165842152,9.34903520071491,7.74706548464638
54.98959,7.379011533475271,9.304842009943494,7.644721708914362
55.03596,7.306921911862811,9.259138662612045,7.541049817310855
55.13391,7.233120796271661,9.212029950006924,7.4351932654510735
55.16609,7.156369656827196,9.163534070453455,7.326789821723365
55.23209,7.078580251939438,9.113678872920051,7.216111287085935
55.26458,7.001431915418494,9.062476648536874,7.104334581370981
55.301594,6.92376589848572,9.009958437135865,6.990373542502214
55.366344,6.846127042676003,8.9561316522731,6.8741861086507985
55.398453,6.772725610106981,8.901031634856567,6.75585794186755
55.431774,6.698616771356708,8.844689442940206,6.634558091812321
55.50036,6.628092296353515,8.78717002431067,6.510942405344499
55.5351,6.556536938058569,8.728487512900562,6.38528547416054
55.566387,6.4829314434450165,8.668636476120358,6.258015380901377
55.632572,6.411731985511816,8.60767589396304,6.128714639326427
55.66578,6.340385593694427,8.545597855871891,5.997854775124518
55.700302,6.268291586013506,8.482403340701673,5.865518763733215
55.80027,6.197897697244595,8.418128238932328,5.730432464059418
55.834244,6.126909904973682,8.352813592505713,5.594184532786952
55.900764,6.056271477534419,8.286448941069963,5.456738286196785
55.93734,5.985513214176171,8.219002810089167,5.319792087374013
55.967697,5.916209685736913,8.150561912992423,5.182198710998177
56.034412,5.844959005026954,8.081185021414683,5.044132914658613
56.067215,5.771108739925164,8.010922854028236,4.90622381854639
56.101128,5.697392172495668,7.939786198261434,4.768061616444995
56.166645,5.623127107366845,7.867792249382409,4.6300932241971084
56.20034,5.548268937765579,7.794986122800071,4.4923764937275905
56.232586,5.47319384442884,7.721399430184589,4.355021037507383
56.30216,5.395573361128742,7.647091643479837,4.216832296931643
56.33675,5.317374827511172,7.5720347532541075,4.079078355782004
56.36634,5.2308854516137115,7.498171802230403,3.944386235009251
56.46692,5.144085895495634,7.42343313673137,3.8105577459134623
56.50176,5.057016693253211,7.347829100119407,3.6776971838075996
56.567738,4.969718379017388,7.271370035762931,3.5459088440346065
56.599434,4.882231486919138,7.194066287030359,3.4152970219374246
56.633465,4.794596551089419,7.115928197290109,3.2859660128589976
56.70145,4.706854105659162,7.036966109910597,3.158020112142287
56.73465,4.6190446847593405,6.957190368260239,3.0315636151302168
56.766968,4.531208822520885,6.876611315707452,2.906700817165758
56.833145,4.443387053074768,6.795239295620653,2.7835360135918443
56.86734,4.355619910551949,6.713084651368259,2.6621734997514275
56.90073,4.267947929083359,6.630157726318688,2.5427175709874414
56.96919,4.180411642799971,6.546468863840355,2.4252725226428478
56.999844,4.093051585832728,6.462028407301674,2.30994265006058
57.031857,4.005908292312592,6.376846700071068,2.19683224858359
57.13708,3.9190222963704904,6.29093408551695,2.0860456135548304
57.166363,3.8324341321374122,6.204300907007736,1.9776870403172437
57.234024,3.746184333744303,6.116957507911845,1.8718608242137733
57.266342,3.660313435322091,6.028914231597692,1.7686712605873618
57.30118,3.574861971001751,5.940181421433697,1.6682226447809707
57.368874,3.489870474914242,5.850769420788272,1.5706192721375243
57.39932,3.405379481190493,5.760688573029836,1.475965437999984
57.433353,3.3214295239614793,5.669949221526807,1.3843654377113024
57.500793,3.2380611373581587,5.578561709647598,1.2959235666144127
57.5353,3.155314855511462,5.486536380760632,1.210744120052258
57.56611,3.0732312125523618,5.39388357823432,1.1289313933677996
57.633602,2.991850742611789,5.300613645437081,1.0505896819039806
57.667267,2.911213979820731,5.2067369257373315,0.9758232810037345
57.701313,2.831361458310104,5.112263762503489,0.9047364860100229
57.801834,2.7523337122108957,5.01720449910397,0.8374335922657793
57.835056,2.6741712756540217,4.921569478907189,0.7740188951139558
57.901787,2.5969146827704703,4.825369045281566,0.7145966898975048
57.93587,2.520604467691186,4.728613541595516,0.6592712719593692
57.96622,2.445281164547113,4.631313311217458,0.6081469366424918
58.033478,2.37098530746921,4.533478697515806,0.5613279792898248
58.067043,2.2977574305884376,4.4351200438589755,0.5189186952443018
58.1008,2.2256380680357393,4.336247693615387,0.48102337984888427
58.16603,2.1546677539420593,4.236871990153456,0.44774632844650586
58.20141,2.0848870224383718,4.1370032768415985,0.41919183638012814
58.23361,2.016336407655621,4.036651897048231,0.3954641989926846
58.30249,1.9490564437247522,3.935828194141772,0.3766677116271275
58.335247,1.8830876647767383,3.8345425114906373,0.3629066696263997
58.36776,1.8184706049425237,3.732805192463244,0.3542853683334534
58.467186,1.7552457983530534,3.6306265804280073,0.35090810309123155
58.50102,1.693453779139286,3.5280170187533457,0.35287916924266766
58.56636,1.6331350814321812,3.424986850807675,0.360302862130742
58.600132,1.5743302393626832,3.321546419959411,0.37328347709836
58.632767,1.517079787061751,3.2177060695769732,0.391925309488502
58.701447,1.461424258660329,3.1134761430287767,0.4163326546440922
58.73454,1.4074041882893913,3.008866983683239,0.4466098079080921
58.768818,1.355060110079882,2.9038889349087764,0.4828610646234353
58.833847,1.3044325581627314,2.798552340073803,0.525190720133074
58.868706,1.2555620666689273,2.69286754254674,0.5737030697799511
58.901196,1.2084891697294,2.5868448856960033,0.6285024089070189
58.968697,1.1632544014751232,2.4804947128900072,0.6896930328572295
59.001106,1.1198982960370265,2.37382736749717,0.7573792369735071
59.033813,1.0784613875460838,2.26685319288591,0.8316653165988226
59.134304,1.0389842101332396,2.1595825324246407,0.9126555670761096
59.168835,1.0015072979294384,2.052025729481781,1.0004542837483203
59.23362,0.9660711850656537,1.9441931274257467,1.0951657619583886
59.267838,0.9327164056728157,1.836095069624955,1.1968942970492753
59.301147,0.901483493881898,1.7277418994478233,1.305744184363924
59.3675,0.8724129838238449,1.6191439602627662,1.4218197192452677
59.401188,0.8455454096296158,1.5103115954382031,1.5452251970362778
59.433212,0.820921305430155,1.4012551483425502,1.6760649130798781
59.502365,0.7985812053564216,1.2919849623442201,1.8144431627190303
59.535927,0.7785656435393749,1.182511380811637,1.9604642412966586
59.572483,0.7609151541099591,1.072844747113212,2.1142324441557436
59.63451,0.745670271199119,0.9629954046173643,2.2758520666391995
59.667267,0.732871528937828,0.8529736966925104,2.4454274040899975
59.70173,0.7225594614570309,0.7427899667070662,2.6230627518510623
59.799984,0.7147746028876719,0.6324545580294502,2.8088624052653546
59.835144,0.709557487360725,0.5219778140280766,3.0029306596758176
59.901665,0.7069486490071344,0.411370078071364,3.2053718104253854
59.92,0.7069886219578448,0.3006416935277267,3.4162901528570284
