0.4,10.0,1.0641286928977394,0.0
0.4,9.754130471795747,1.2365005980818486,0.09717937590938482
0.44,9.511995618246864,1.4072415220274288,0.19346826813734738
0.48,9.273583574639355,1.5763460868026475,0.28886318407415484
0.52,9.038882476259218,1.7438089144756443,0.3833606311101131
0.6,8.807880458392452,1.909624627114587,0.4769571166354764
0.64,8.580565656325058,2.073787846787605,0.5696491480405119
0.68,8.356926205343042,2.2362931955628675,0.6614332327155256
0.72,8.136950240732395,2.3971352955085314,0.7523058780507585
0.76,7.920625897779121,2.5563087686927366,0.8422635914365041
0.76,7.707941311769219,2.7138082371836414,0.931302880263042
0.84,7.4988846179886925,2.869628323049395,1.0194202519206395
0.88,7.293443951723539,3.0237636483581554,1.106612213799564
0.92,7.091607448259757,3.1762088351780715,1.192875273290108
0.96,6.8933632428833524,3.326958505577301,1.2782059377825392
1.0,6.698699470880319,3.476007281623994,1.3626007146671373
1.04,6.50760426753666,3.623349785386299,1.4460561113341694
1.12,6.320065768138376,3.7689806389323737,1.5285686351739158
1.2,6.136072107971465,3.912894464330367,1.6101347935766566
1.2,5.955611422321929,4.055085883648429,1.6907510939326589
1.24,5.778671846475767,4.195549518954726,1.7704140436322027
1.28,5.60524151571898,4.334279992317398,1.849120150065568
1.3199999,5.435308565337567,4.471271925804594,1.926865920623022
1.4,5.26886113061753,4.606519941484482,2.003647862694832
1.44,5.105887346844868,4.74001866142521,2.079462483671291
1.48,4.946375349305581,4.871762707694918,2.154306290942679
1.52,4.790313273285669,5.001746702361774,2.22817579189925
1.56,4.637689254071132,5.129965267493916,2.301067493931297
1.6,4.488491426947971,5.256413025159514,2.372977904429075
1.72,4.342707927202186,5.381084597426706,2.443903530782889
1.72,4.200326890119776,5.503974606363651,2.5138408803829932
1.76,4.061336450986744,5.625077674038507,2.5827864606196687
1.8,3.9257247450890853,5.744388422519413,2.6507367788831813
1.8399999,3.7934799077128045,5.861901473874528,2.717688342563825
1.88,3.6645900741438995,5.9776114501720095,2.783637659051867
1.96,3.539043379668371,6.091512973480007,2.8485812357375866
2.0,3.416827959572221,6.203600665866679,2.9125155800112514
2.04,3.297931949141444,6.313869149400165,2.9754371992631286
2.08,3.1823434836620463,6.422313046148622,3.037342600883524
2.12,3.0700506984200255,6.528926978180209,3.098228292262679
2.16,2.961041728701381,6.6337055675630765,3.1580907807908862
2.24,2.8553047097921143,6.73664343636538,3.2169265738584265
2.28,2.752827776978225,6.837735206655252,3.274732178855566
2.32,2.6535990655457127,6.9369755005008775,3.331504103172586
2.3600001,2.5576067107805787,7.034358939970387,3.3872388541997527
2.4,2.4648388479688235,7.129880147131931,3.441932939327359
2.44,2.375283612396445,7.2235337440536735,3.49558286594566
2.52,2.2889291393494444,7.315314352803776,3.548185141444935
2.56,2.2057635641138233,7.4052165954503675,3.5997362732154774
2.6,2.1257750219755795,7.493235094061606,3.650232768647541
2.6399999,2.0489516482207133,7.57936447070566,3.6996711351314064
2.68,1.9752815781352282,7.663599347450668,3.7480478800573533
2.72,1.9047529470051194,7.745934346364789,3.795359510815662
2.8,1.8373538901163917,7.826364089516172,3.8416025347966127
2.84,1.7730725427550404,7.904883198972975,3.8867734593904593
2.88,1.7118970402070706,7.981486296803346,3.9308687919874816
2.92,1.6538155177584795,8.056168005075435,3.9738850399779735
2.96,1.5988161106952672,8.128922945857392,4.015818710752201
3.0,1.5468869543034351,8.199745741217383,4.0566663117004325
3.08,1.498016183868982,8.268631013223555,4.096424350212947
3.12,1.4521919346779082,8.33557338394406,4.135089333680026
3.16,1.4094023420162158,8.400567475447048,4.1726577694919476
3.2,1.3696355411699037,8.463607909800665,4.209126165038967
3.24,1.3328796674249708,8.524689309073079,4.244491027711378
3.28,1.2991228560674182,8.583806295332439,4.278748864899459
3.3600001,1.2683532423832449,8.640953490646895,4.311896183993478
3.4,1.2405589616584545,8.696125517084596,4.343929492383703
3.44,1.2157281491790435,8.74931699671369,4.374845297460413
3.48,1.193848940231013,8.800522551602343,4.404640106613901
3.52,1.1749094701003644,8.849736803818708,4.433310427234422
3.56,1.1588978740730977,8.89695437543093,4.4608527667122555
3.6399999,1.1458022874352116,8.94216988850716,4.487263632437681
3.68,1.1356108454727065,8.985377965115546,4.5125395318009796
3.72,1.1283116834715843,9.026573227324265,4.536676972192418
3.76,1.123892936717843,9.06575029720144,4.559672461002264
3.8,1.1223427404974846,9.102903796846487,4.581522505654734
3.84,1.1202637338509431,9.135017737860858,4.602512080434154
3.92,1.1443480297025403,9.164844385743459,4.622185009907259
3.96,1.2066311437892427,9.192399590694466,4.639858392198825
4.0,1.254604321063868,9.217683617533545,4.656286982448947
4.04,1.2907863950013865,9.240712387261635,4.671502794281106
4.08,1.350874371244972,9.261469138082282,4.686581425042008
4.12,1.4153913089809291,9.279970100938568,4.700222170431984
4.2,1.4841926618524361,9.296200993231786,4.712466487360284
4.24,1.5534000717494594,9.310180485571744,4.722593351282718
4.28,1.6352630599560112,9.32191075646266,4.731367207619722
4.32,1.7151742495172702,9.331394738806548,4.738784604829863
4.36,1.8045185060927937,9.338604910535249,4.746062489738817
4.4,1.8766089526305834,9.343563963665588,4.751813648139341
4.48,1.9490123599732005,9.346279158979698,4.756043915949216
4.52,2.0056762934992065,9.346758468055334,4.758128512946328
4.56,2.07116281836561,9.345009552999093,4.758790276908596
4.6,2.1341697377841484,9.341039849115868,4.758074219680259
4.64,2.191532861252107,9.334842585131721,4.757110969861851
4.68,2.246956282417161,9.326460244995337,4.754565003654809
4.76,2.297425904121359,9.31590281873819,4.750448874461193
4.8,2.3744907114832206,9.303181172220855,4.7441024260043445
4.84,2.465705853144712,9.28829196100788,4.736302907091965
4.88,2.5230227691512384,9.271249867393342,4.7270596263664295
4.96,2.583652234465555,9.252039154389996,4.717602245512976
4.96,2.6616671203736226,9.230694330703434,4.706556217739239
5.08,2.708725944462616,9.207234501319771,4.693939996813016
5.08,2.7827561625616375,9.181663377226391,4.680863182102783
5.12,2.8439294475054457,9.154001583488316,4.666100677347206
5.16,2.9303315820781575,9.124285634341494,4.649679274041575
5.2,2.994781517436526,9.092504489520552,4.632845867881291
5.28,3.05296359806173,9.058697448712419,4.614242897616787
5.32,3.184393115001912,9.022888499035256,4.593947620170947
5.36,3.290449817677073,8.985102449842756,4.573080440093253
5.4,3.3681351884260367,8.945380033410384,4.550385021607852
5.44,3.407905587426515,8.903729553260206,4.525904683182449
5.48,3.4612927352488057,8.860176418772292,4.500902590619521
5.52,3.5006357388093843,8.814763147834078,4.474037196356208
5.64,3.544492650806418,8.767548292914258,4.44540151502671
5.68,3.5821855006111862,8.718558042991413,4.416131453360975
5.7200003,3.6146904292394555,8.66781958359039,4.384985922678294
5.76,3.6488856566492203,8.615406379378559,4.351981168196739
5.8,3.6906407122186797,8.561415924814282,4.318442844235518
5.84,3.7203485593714385,8.505905642610646,4.283043619390695
5.92,3.7451798915628167,8.448898539086034,4.245848410601012
5.96,3.7714155009044523,8.390432836684901,4.208099541255689
6.0,3.7988936744926134,8.330529815502954,4.168524062810598
6.04,3.8210897278368616,8.269194984149744,4.127151065023619
6.08,3.840135493529282,8.20643431472862,4.085529133953599
6.12,3.8748296289295183,8.142286603846488,4.042272812032073
6.2,3.892713362095503,8.076775105516433,3.997437741535558
6.24,3.9198042025706785,8.009923717184154,3.9522577787191335
6.28,3.9347069718793235,7.9417731636182785,3.9054522953932866
6.32,3.9556425757286062,7.872364879811525,3.8570855349626965
6.36,3.9728371061284586,7.801693668971682,3.8084389600491595
6.4,3.981443370218795,7.729788408007041,3.758189748075356
6.48,3.9881801888971573,7.6566787359259125,3.7064108603090675
6.52,3.993811333982611,7.582380006332086,3.654395169108176
6.56,4.00056729054371,7.506910466886598,3.6008308791070913
6.6,3.999253851171715,7.430306300614916,3.545798719099737
6.64,3.9985108127332274,7.352558120581151,3.4906412133079514
6.68,3.997376788560754,7.273692674818652,3.4341744843720017
6.76,3.994032271026358,7.193770654502209,3.3764640166091144
6.8,3.988444076340006,7.112807017387454,3.3185827039503177
6.84,3.981310068662832,7.030852649710908,3.25928047241576
6.88,3.974589522550202,6.9479931649396836,3.1988226844932512
6.92,3.9646039212531767,6.8643164653953015,3.1385450942773074
6.96,3.9527499431329987,6.779912560147411,3.076921200843605
7.04,3.9390952910975625,6.694872349211966,3.0142668486877233
7.08,3.923770269062958,6.609286477523635,2.951878237047131
7.12,3.9067099761655615,6.523229163175641,2.888405371625936
7.12,3.888222196430742,6.436773289065216,2.82393904987038
7.16,3.86767815423936,6.349976406918776,2.760053941466902
7.2,3.84523186736532,6.262976437987194,2.6955399719705446
7.28,3.8210162893493007,6.1758291791671045,2.6303122449178518
7.36,3.7950836031178334,6.088623369772674,2.565727151774022
7.36,3.7672315092421256,6.001431148240729,2.5004489900198075
7.4,3.7376054402106935,5.914615376371433,2.434736861157975
7.44,3.706362826237791,5.828190538531933,2.3699028265907964
7.48,3.671449868507088,5.742297521799337,2.3047007199151004
7.56,3.6362217824140313,5.657024907314557,2.2391912216296146
7.64,3.6003176827443393,5.5724108973991235,2.1746469263524317
7.68,3.564448017766339,5.488522697236815,2.109829650815237
7.7200003,3.5248102692511787,5.405424087721032,2.04484955670605
7.76,3.48310944854571,5.323145134667191,1.981196497494004
7.8,3.4403262226288476,5.241714287323808,1.9177534037220194
7.92,3.39496897051099,5.161108802591816,1.8541752308890396
7.96,3.3478270619086,5.081321365003177,1.7919577326799203
8.0,3.298913125687219,5.002359943933128,1.7297196012906837
8.04,3.248224731442428,4.924198191382872,1.6675651857971252
8.08,3.1957334268405693,4.846807670365315,1.6068997468008135
8.12,3.142170110560676,4.770254667153644,1.546748673179491
8.2,3.0863192878653414,4.6944892795658815,1.4872144557470124
8.24,3.055696247963281,4.619523875119923,1.4296574704366405
8.28,3.013384694283015,4.545404955307795,1.372745443648991
8.32,2.9543081430299925,4.472165851536374,1.3165344702009452
8.36,2.8520269535664657,4.399781535714863,1.2623322188223165
8.4,2.7469951142214732,4.328312800243218,1.2088794731189743
8.48,2.6297354126894286,4.257671907177598,1.1562632331913838
8.52,2.487786367746258,4.1879196164368935,1.105785754935208
8.56,2.333918011972986,4.1193470022230745,1.0560978718744298
8.6,2.21806531025177,4.051952631485549,1.0074780649727042
8.64,2.111871367266891,3.985799840463075,0.9610545178021769
8.68,1.9984325551423245,3.9209049507240565,0.9157543070651882
8.76,1.8885601481154022,3.8573169456421317,0.8715510915213945
8.8,1.7843481340523921,3.795020616956429,0.8298982812845547
8.84,1.6765534779808724,3.734063469719696,0.7895086185574496
8.88,1.5578881319593838,3.674456804659173,0.7504412589033097
8.92,1.4396579725417917,3.6162123944549767,0.7141753343264255
8.96,1.3291289165002804,3.559439399345429,0.6803486620470313
9.04,1.2301061699051528,3.504131422999203,0.6479772996339305
9.08,1.1410457948480668,3.4502955875901264,0.6183655279328101
9.12,1.050348203464548,3.3979696315046595,0.5901664544016116
9.16,0.96118153647403,3.3471917133026334,0.5635110841633514
9.2,0.8831129080610863,3.297907843362309,0.5399863881411693
9.24,0.8143340570067805,3.250227912385262,0.5192061755426651
9.36,0.7600145577438627,3.204145897422092,0.499952076500596
9.36,0.7120658655528779,3.159718368476709,0.48351531767257006
9.4,0.6570480265292823,3.1170020072907376,0.4685777441302255
9.44,0.6412314880141357,3.0760020181840453,0.4554548944016874
9.48,0.6875440329115308,3.036706616648772,0.4452221262511767
9.52,0.6908851271737902,2.999201169531173,0.4366036305289141
9.6,0.7102762599582576,2.9634704084741545,0.42981932178563825
9.64,0.7060415190621127,2.929527595508631,0.426262670161843
9.68,0.7470642757429726,2.897401549616026,0.4245866139047816
9.72,0.7512181697777998,2.867074214382929,0.424838620278616
9.76,0.793380883816322,2.83851291716584,0.4284078918056649
9.8,0.8216890061865625,2.8117822817798386,0.43520151044448185
9.88,0.8825956708125832,2.7869131447970976,0.44404277886420873
9.96,0.9263018909683817,2.763891831764824,0.45617544459974096
10.0,0.9935523198791473,2.74274177655346,0.4702825887582754
10.04,1.070645857547758,2.723519253284607,0.4864415907010552
10.08,1.109267703045509,2.706171390538405,0.5063658769497659
10.12,1.187374586938399,2.6907750098088337,0.5296099526445537
10.2,1.252759266210783,2.677323749662514,0.5548962812006214
10.24,1.3173990036566345,2.6658272183428506,0.5835951305352847
10.28,1.40931776013063,2.656293824445782,0.6155463856639733
10.32,1.5499515275787217,2.648778121317613,0.6496435615539747
10.36,1.686350460212752,2.6432236669297238,0.6874945421882815
10.4,1.807031239305793,2.639654591293794,0.7286860653684977
10.48,1.9419991554033247,2.6380896731693553,0.7718828833919946
10.52,2.1040408956068295,2.6385465696351136,0.8184394987994799
10.56,2.2678110714442923,2.6410416998702955,0.8682698113864007
10.6,2.397009824257759,2.64555380985096,0.9200713332101071
10.64,2.5104526129456626,2.652075778445657,0.975525762450084
10.68,2.644601030839728,2.6606318451230644,1.0302902791769326
10.76,2.780098373291698,2.671165657270472,1.0869727841470218
10.8,2.8946225496323894,2.6836563229633694,1.1467837060376194
10.84,3.0421700786598107,2.698114038565016,1.2097208344015562
10.88,3.1402415181343404,2.7144983751867153,1.2744756022508192
10.92,3.224238685425424,2.7327870850904326,1.3426336647258985
10.96,3.3289791330765404,2.7530858064547243,1.4099841369081065
11.04,3.4273667710494524,2.7753656594046197,1.4790870893839267
11.08,3.5407456777165613,2.7995988040952264,1.5512370264504896
11.12,3.618071703579961,2.8257734443780835,1.6263837685024292
11.16,3.7064789183242093,2.8538895618998232,1.703170818361576
11.2,3.800549702421112,2.8838512939115764,1.7831779342259368
11.24,3.8727919178037817,2.9157079752364923,1.8621883066573068
11.32,3.9432913236959632,2.9494240520291224,1.9427560590238997
11.36,4.009700417307654,2.9849650857386902,2.0264163639506196
11.4,4.07963584696798,3.0223579754361047,2.1128630591610307
11.44,4.141958672539643,3.0615447973688195,2.200687702830431
11.48,4.206353409234342,3.102425705518918,2.291724040394911
11.52,4.26402520836308,3.1450653035459237,2.38133200393677
11.6,4.330570245883312,3.1893676119701926,2.4721521517965206
11.64,4.388063946604725,3.235213388402211,2.5658537816235603
11.68,4.446835913793103,3.2826168299866816,2.6619468691411927
11.72,4.496944530814618,3.3315426413679687,2.7591089794290573
11.76,4.544868345343357,3.3819275308147017,2.8590800409562243
11.8,4.594035411520989,3.433837224474218,2.9573541796547107
11.88,4.638827644973948,3.487203951813918,3.056568481385956
11.92,4.695507478326792,3.54193170557661,3.15800447678157
11.96,4.734416055696337,3.598070369034496,3.2616407996214916
12.0,4.77217837617703,3.655632860008267,3.3660594895210236
12.04,4.810625999844621,3.7145390466580177,3.4729165042092958
12.08,4.842852965062703,3.7748867516375464,3.577584992935474
12.16,4.872720681538111,3.8366398224593854,3.6827176718266563
12.2,4.900985171262892,3.899716232719205,3.7901632305485062
12.24,4.927314349605559,3.9641794864757265,3.8955233237354725
12.28,4.950102417186495,4.030008526556427,4.0011873151525705
12.32,4.971886737234443,4.09705891419722,4.109052275460163
12.36,4.9908958520721045,4.165430649671569,4.214492481414434
12.44,5.006622446214361,4.235074447250396,4.320161911802141
12.48,5.019994837454584,4.305896991519032,4.427820763427754
12.52,5.030959160352297,4.377965222691556,4.533072465307199
12.56,5.039490964476074,4.451226778270613,4.638482555759401
12.6,5.044510201126907,4.525602512324408,4.745854897120926
12.64,5.047989669439017,4.601158631636871,4.850566737802994
12.72,5.049770301538533,4.67781198102391,4.95527516215421
12.76,5.04944402439425,4.755435261155389,5.0617436079703895
12.8,5.046191473566554,4.83409146445347,5.165578882210594
12.8,5.0406447275507364,4.913756470686605,5.269307973907468
12.88,5.032857331499344,4.994232982524786,5.374960175742751
12.92,5.0223848787757035,5.075434837454668,5.477730636289426
13.0,5.00951785505674,5.157252185792525,5.5802804178029595
13.04,4.994275167113616,5.239547529073824,5.684466967763416
13.08,4.980012446655322,5.322267622260377,5.785763198984166
13.12,4.961766785544772,5.405372660901176,5.8867420521885006
13.16,4.9399193617087604,5.488733039613527,5.989436845315221
13.2,4.91582318646843,5.572430740276284,6.088597431800922
13.28,4.889625457040129,5.656426286099804,6.186980258154022
13.36,4.86074579768018,5.740662352494862,6.286449354315886
13.4,4.829117777703428,5.825113442096681,6.382485307072384
13.44,4.795321248259847,5.909734500331321,6.477669823391892
13.48,4.759121972028622,5.994355464372858,6.573787925135024
13.52,4.7204301914959075,6.0790965918303135,6.666120877686328
13.6,4.679242777480989,6.163910530106706,6.757416340305794
13.64,4.6358426876273,6.248675030990033,6.849654851406734
13.68,4.589693801917877,6.333477128188672,6.938163101046895
13.72,4.541358786098173,6.418301476353321,7.025644097082425
13.76,4.494025179649825,6.502995948820627,7.114081681765961
13.8,4.442286771653316,6.587732205077351,7.198716084962058
13.88,4.387812068275824,6.672498282676147,7.282026499931836
13.92,4.33039966687015,6.757143872307692,7.365953888995459
13.96,4.272344178193235,6.841778366147995,7.446242178847542
14.0,4.211051632038925,6.926362170224023,7.525562482206103
14.04,4.146540253688311,7.010702149924958,7.605549494623566
14.08,4.073461433676778,7.0948903182301235,7.681455065230444
14.16,3.9880599956099534,7.178858510973204,7.7564482741459155
14.2,3.87997378439887,7.262442789968141,7.832038421399815
14.24,3.76066101612045,7.345652303341903,7.90362191873443
14.28,3.6392770274291664,7.428406971935194,7.974015048808169
14.32,3.5340111282702766,7.510505179466239,8.043501786861738
14.36,3.4500410688806857,7.592034761810524,8.10902440306913
14.44,3.354645145125721,7.672813753194684,8.17331144699435
14.48,3.2457718596585026,7.752710933596419,8.238420710607521
14.52,3.1430724244536594,7.831721070921856,8.2996369247066
14.56,3.0505067960483676,7.909749935998026,8.35975401675929
14.6,2.9522135142298644,7.98658182851512,8.42079957684932
14.64,2.8463159347518383,8.062324725435252,8.477926523127971
14.72,2.745262035316625,8.136803640737353,8.533983064114185
14.76,2.6472503369260227,8.209861882663063,8.590919149340301
14.8,2.5493442043448673,8.281533088658346,8.644079615196494
14.84,2.440495656361313,8.351714300798404,8.696276389453333
14.88,2.338300410744817,8.420195989739705,8.747782306955058
14.92,2.238638282141618,8.487057864502143,8.795492124750309
15.0,2.1422059998982563,8.552210720057587,8.842284961319736
15.04,2.0379892391093106,8.615510436026307,8.890369436914538
15.08,1.9240551910020014,8.677057054790232,8.934863505483232
15.12,1.8227041963481883,8.736799100892169,8.978664554464112
15.16,1.7165743881421358,8.794613170038751,9.022047296682645
15.2,1.6066582843907145,8.850603104226051,9.062136325450274
15.28,1.506796854257581,8.904657098706144,9.10167482122863
15.32,1.3790394921351823,8.956626223541933,9.14249564453088
15.36,1.2747457717189636,9.006591072322175,9.179916095883122
15.4,1.1596994580501168,9.054513303006317,9.216719994168534
15.44,1.0428525147154273,9.100250570401736,9.253115347860046
15.52,0.984634016510467,9.144016853756568,9.286296896812921
15.6,0.9176360498680913,9.185730602968363,9.318999260401526
15.68,0.8793909148273177,9.22529019803017,9.352222950068528
15.72,0.843913522713098,9.262870984947828,9.38238085075694
15.76,0.851958063191565,9.298247696046838,9.412248014243422
15.8,0.8582285569115861,9.331295585457797,9.442023870921005
15.88,0.8507864046680855,9.362069897563128,9.468894764810077
15.92,0.8633454936475174,9.390571621912228,9.495719052881991
16.0,0.8804792821178788,9.416633371724688,9.524498808676878
16.0,0.8815058529454727,9.440427133221977,9.550361137075406
16.04,0.8801859474946365,9.461859875082292,9.576121935457987
16.08,0.9179784669114653,9.480769355080698,9.601931688979882
16.12,0.949683669052969,9.497287746227931,9.624616265347676
16.2,1.0011298761460943,9.511299606740833,9.646817352817262
16.24,1.0514780458958275,9.522682773053628,9.670858536727188
16.28,1.0878898993303021,9.531542803419873,9.692043226574974
16.32,1.1300915722408582,9.5378646388767,9.713141503740905
16.36,1.1968808513417213,9.541527583117619,9.734215815687048
16.4,1.2501391849013253,9.542737624282887,9.751866155667315
16.48,1.3129118579166776,9.541435808660523,9.768952310321348
16.52,1.3607775160005007,9.537504673556535,9.786248875010422
16.56,1.4094260048525857,9.531021978718782,9.800928393092633
16.6,1.4605803351790658,9.521961716966763,9.8157932923027
16.68,1.4795871812840091,9.510176798382155,9.830980538179098
16.72,1.5011214714931729,9.495844474410411,9.843703856540994
16.8,1.5338801174304444,9.47886196946628,9.856758911778426
16.84,1.6046179752373344,9.459119751701827,9.870318046077957
16.88,1.6729696237124343,9.4366886761172,9.881492592734244
16.92,1.7146362941964506,9.411585613781831,9.893113719841315
16.96,1.7869581148982583,9.383708693476974,9.905305194649024
17.0,1.8366396266750147,9.353250238107055,9.915219640542158
17.08,1.9078940609270498,9.320154697386355,9.925009209301614
17.12,1.9370079037733743,9.284295061427395,9.935328222441258
17.16,1.9958834082835268,9.245915998993015,9.943409136210315
17.24,2.0248857574244226,9.20504430744358,9.952024549173936
17.28,2.052544397810988,9.161583503983241,9.961323798245953
17.28,2.127940359947028,9.11577638213678,9.967676122220894
17.4,2.1874615918444285,9.067538054163025,9.973890444338963
17.44,2.261218416138916,9.016793719440054,9.980738400657835
17.48,2.3358914855193733,8.96368091630354,9.98529961576274
17.52,2.3917219654898707,8.908233476707409,9.98970118242001
17.56,2.420899450883495,8.850344945715786,9.994614134886442
17.6,2.4518922564631307,8.7902483331797,9.996472226098426
17.68,2.4836216028991154,8.727883654724334,9.998016857761751
17.72,2.5130440550145834,8.663182027165591,10.0
17.76,2.54092937788251,8.596313123463691,9.99948143430556
17.8,2.5672221902847,8.527291628255519,9.998520200434855
17.84,2.590902878361699,8.45602477719024,9.997856919086896
17.88,2.612505778845527,8.382663305360444,9.993820778192378
17.96,2.6300541799760877,8.307190701287876,9.991287372054174
18.0,2.642035595836449,8.229659872756434,9.989010987147637
18.04,2.6612514333410453,8.150266281769591,9.984228426463357
18.08,2.6796532051486426,8.069019015673478,9.978948017259382
18.12,2.7006552425216515,7.985915260446525,9.973901723924891
18.16,2.7174586439966166,7.901144780745029,9.965668413338225
18.24,2.7444306254116406,7.814614575676922,9.958960640711899
18.28,2.759976909475778,7.726237239288671,9.952592665916146
18.32,2.7751334958227236,7.636217100704616,9.9436764201928
18.36,2.788605819129083,7.544527473807149,9.934234178815574
18.4,2.800269632714563,7.451039623238872,9.925012806340439
18.44,2.8138499089549205,7.356000285770897,9.912306849767042
18.56,2.823725611664079,7.259345412816208,9.900916342593469
18.6,2.8325707333259897,7.1610035719851854,9.889647044980466
18.64,2.8403757504336036,7.061194894096646,9.874889266164837
18.68,2.8472934361920434,6.959796380082865,9.859293790407374
18.72,2.8509777506285032,6.856854099517976,9.843522302916899
18.76,2.8546763516926554,6.752610967190589,9.823645784443437
18.84,2.8590834946602794,6.647018048470625,9.804864500578372
18.88,2.861402453245987,6.540132230249714,9.786198925435091
18.92,2.8629359975347817,6.432335185567619,9.76387684810481
18.96,2.862822577447511,6.3236316426696115,9.740615071656386
19.0,2.861713451863227,6.214064512434889,9.717052268202478
19.04,2.8599524995491428,6.103871799497347,9.689195369366967
19.16,2.857182668330236,5.993073489916708,9.662229343796655
19.2,2.8537713955955284,5.881660835567341,9.634853895780974
19.24,2.8483204805130424,5.7699964125899825,9.604156699397429
19.28,2.842195273238513,5.658030887556268,9.57208791638699
19.32,2.8346544962978615,5.545765609447491,9.539328103182878
19.36,2.8261189262934416,5.433474031365611,9.502195120695907
19.44,2.8163177576720284,5.321084024022286,9.465913721220103
19.48,2.8054606560518933,5.208530492576208,9.429311886497757
19.52,2.79355066453857,5.09615099066656,9.388255619647829
19.56,2.776898209207573,4.983900378509133,9.347835190261272
19.6,2.7628874691321594,4.871798475887258,9.307019165605167
19.64,2.747652899103064,4.760185990660854,9.261681452677577
19.72,2.7313981894793,4.648977722062153,9.217009988565769
19.76,2.7139616221100447,4.538142123369049,9.171843429446792
19.8,2.6955360082542823,4.42803233327153,9.122148009707503
19.88,2.675945278184358,4.318493076512485,9.073024161793757
19.92,2.6552995222335913,4.209475833140438,9.023264895779997
20.0,2.634566405675459,4.101348476605581,8.968880598890664
20.04,2.6114583325918166,3.993967881210509,8.915063664010338
20.08,2.587492634098508,3.8873898220277057,8.86069900131471
20.12,2.5624000722515827,3.7819095133123106,8.801709011918437
20.16,2.536163445096799,3.6774095966575238,8.74319803848721
20.24,2.507810008259076,3.5737946720010227,8.68413674091136
20.28,2.4645742740661944,3.471423501154079,8.620125406960566
20.36,2.4004138482641095,3.370203268824517,8.556623886776823
20.4,2.32606832154422,3.2700891644279153,8.492430504931978
20.44,2.274914301026254,3.171426650902829,8.42347057294101
20.48,2.1710738820067386,3.074232816600611,8.35485074656697
20.52,2.0493431197063514,2.9784372438985485,8.2854652243397
20.56,1.9516223212384622,2.8844219062401293,8.211058930502173
20.64,1.8703865075581336,2.7920292287974773,8.137332084703536
20.68,1.7914279111168319,2.7011581834159895,8.063066103984976
20.72,1.712949211861329,2.6119988770108677,7.984212276866976
20.76,1.6263836544128099,2.524557232993112,7.905946137885597
20.8,1.5505623675390956,2.4387345677607515,7.827141801815357
20.84,1.4560363141084662,2.354917008231422,7.74398059154924
20.92,1.3687193701010099,2.2729018245350123,7.661915521564138
20.96,1.291935990794945,2.192622623718078,7.579779793378298
21.0,1.2051877892481786,2.114431219847657,7.493347519529761
21.04,1.1313569356286548,2.0381532239014337,7.408023970330289
21.08,1.0819210481214137,1.9637315519459384,7.322642244570381
21.12,1.0385267383634487,1.8915124583820828,7.233023992736408
21.2,0.9953787252288202,1.8212384693029098,7.144663983639085
21.24,0.9564248510825832,1.7528187117876,7.056449350546218
21.28,0.9202114661893233,1.6865826392819634,6.964268818694664
21.32,0.8903064198380423,1.6223827393428094,6.873361201918488
21.4,0.8793847464772496,1.5601258891385963,6.782603293890859
21.4,0.878456390019088,1.5002204828161079,6.6879625407680665
21.48,0.9020159605897898,1.442373389184156,6.594960198157215
21.52,0.9024233074112382,1.386491541662462,6.502258603651669
21.56,0.9516929422974871,1.332884121506205,6.405917126319658
21.6,0.9773266141473502,1.281384762404248,6.311284991835621
21.64,1.0366374658468045,1.231945621328985,6.217182171490123
21.68,1.0623990343049055,1.1849235360598727,6.123187696560773
21.76,1.119415538693444,1.1401032031232738,6.031089803807471
21.8,1.185070536455852,1.0974224060384346,5.939611441011434
21.84,1.282534050976621,1.0571915036319157,5.844687223887117
21.88,1.3122451436066973,1.0192437037017894,5.751709848015651
21.92,1.3457179288621814,0.9835161932306298,5.659542601546162
21.96,1.434799303279831,0.9504136832768052,5.563984264351589
22.04,1.5120550819692886,0.919702307540185,5.470603643824383
22.08,1.6037594197626508,0.8913488374788344,5.37821860763053
22.12,1.682175043605655,0.8656283051806487,5.282720470051255
22.16,1.7698120997378233,0.8423559784097413,5.189500303497437
22.2,1.8801448385324395,0.8214813620070136,5.097419576895202
22.24,1.9770297836478532,0.8033269624539906,5.00587650048165
22.32,2.064503223196482,0.7876759509468738,4.916934113096616
22.36,2.1227336317556604,0.774460817580219,4.829272556242921
22.4,2.2031090574777212,0.7640172086639672,4.738729675022861
22.44,2.3036763019503623,0.7560919445046186,4.650781232368352
22.48,2.3835850827848817,0.750613366006798,4.564199767840665
22.52,2.4801568818915896,0.7478633594756188,4.478558731783329
22.6,2.5628774488188264,0.7475995062685458,4.39568263476187
22.64,2.6560968141481682,0.7497480616839352,4.314282741085328
22.68,2.766794239560339,0.7547029436275329,4.230239982565816
22.72,2.852655234421291,0.7622649423916135,4.1489832509068885
22.76,2.941977697165627,0.772319550963942,4.0693220089553215
22.84,3.0575043876487027,0.7852026185171889,3.990872330126277
22.88,3.1447907307662817,0.8006072178532121,3.9154110840600844
22.92,3.2464946088391717,0.818439960082626,3.841739561721989
22.96,3.3265591598964876,0.8390123225836026,3.7677161787999576
23.0,3.446534376480798,0.8620121433440889,3.696690722013676
23.04,3.539723915051265,0.8873902700327447,3.627418973504887
23.08,3.5934480231853168,0.9154380464131157,3.5595531138147374
23.16,3.6618415465618313,0.9459245531908678,3.4948160112473157
23.2,3.738647639073778,0.978720725865518,3.4319068403149884
23.24,3.8057787927209823,1.014147857321504,3.366598264327773
23.32,3.8831643251694743,1.0518888228453025,3.3044326712089367
23.32,3.9796155361180374,1.0918575075723924,3.2441111272663914
23.36,4.056618580338909,1.1343902490151894,3.185321294112626
23.44,4.14920259916742,1.1792194716214106,3.1300138020941897
23.48,4.220263470288922,1.2262935768917969,3.076708585181179
23.52,4.289447704776905,1.2759016594361394,3.021263461399812
23.56,4.366654146372642,1.3278085592917843,2.9690841708832902
23.6,4.44616041941461,1.3818186904952592,2.918914929897084
23.64,4.506079962436737,1.4381932394400225,2.8705342764688653
23.72,4.572084330696095,1.4966536542628928,2.825905806656139
23.76,4.623482757882795,1.5570700794095012,2.783472808685034
23.8,4.677004283558092,1.6196870635474976,2.7427739997313685
23.84,4.713748830354368,1.6842777751753428,2.705514900527017
23.88,4.7579555051322915,1.750688272092009,2.6704252402809243
23.92,4.817575079193771,1.8192203167057837,2.6371733746613835
24.0,4.8667659148521905,1.8895878086813709,2.6073664406573944
24.04,4.921950251604632,1.961706545574168,2.5797677671009995
24.12,4.9601618233796785,2.035853296501474,2.5538996291182605
24.16,4.997988533108501,2.111833036090531,2.5314511536601443
24.2,5.0462335304272,2.189566492178586,2.5111357297174353
24.24,5.079803430049187,2.2693288411109402,2.492647497300837
24.32,5.112898959702835,2.350841406454526,2.4775296259304267
24.36,5.143159102853979,2.4340699853225956,2.464319236502018
24.4,5.177919462043433,2.5192893975266353,2.45280956939634
24.44,5.200066756904057,2.6061710602735886,2.4446308879591836
24.48,5.227659561360454,2.6946264519919745,2.4382695660386386
24.56,5.2587754938993925,2.7848263690763675,2.4333417039976837
24.6,5.274422788321805,2.876484294748735,2.4319174888756914
24.64,5.288565567816485,2.9695729239436623,2.432414069999263
24.72,5.298884057921795,3.0643413325772406,2.43438535587033
24.76,5.3067718093071345,3.160458440212613,2.4394615434037066
24.8,5.311593466016224,3.2577357367900266,2.4463023278713947
24.84,5.311741856325623,3.356408901587,2.454505322543577
24.92,5.312047589132247,3.456190940238735,2.4660326264449033
24.96,5.308867150815256,3.5570122938511397,2.479331552368632
25.0,5.302507101601941,3.659067985811516,2.4939443308929867
25.04,5.295112732964878,3.7620645146775344,2.5115315835820606
25.08,5.2848211930991695,3.86594962001536,2.530735726725755
25.12,5.2715688956016935,3.9708975914454037,2.5511374193106984
25.24,5.256566705732823,4.076694142929138,2.574772027573949
25.28,5.242455404701976,4.183242247939653,2.599848486145173
25.32,5.229988071995726,4.290699965106815,2.626042434153787
25.36,5.207608105664107,4.398792157774089,2.654841686904675
25.4,5.184388560769578,4.507480298843345,2.6848951155256944
25.44,5.158754493918505,4.616851139026148,2.7157891384316932
25.52,5.128291793093885,4.7266608901640925,2.749325078193478
25.56,5.095533813434379,4.836873658005281,2.7836585297189345
25.6,5.060061978721213,4.947696388404203,2.8184186026176254
25.64,5.0173364557429565,5.058800211809107,2.8552156351704148
25.68,4.970020440006792,5.1701491098204535,2.8926845319747567
25.72,4.922039362962499,5.281969852816078,2.9303092819736696
25.8,4.873190955530957,5.393970883316431,2.970251429761723
25.84,4.824836608018604,5.506121482698854,3.010667168752211
25.88,4.772423190100657,5.618636948220964,3.0511746434119713
25.92,4.709868836962464,5.731227781099938,3.093848058537971
25.96,4.626585366739245,5.843962877537506,3.1369783213934936
26.0,4.549145544335284,5.956929960635288,3.180312184338698
26.08,4.426347392390939,6.069934486602204,3.225794589631434
26.12,4.324689354668974,6.182990238557003,3.2715459622897716
26.16,4.196453934210105,6.296254733994409,3.3167720238255693
26.2,4.096497461013023,6.4093727295532705,3.363585476444408
26.24,3.973947992083694,6.52232178657627,3.410275196601486
26.28,3.883595708345971,6.635160574133658,3.4564975529397586
26.4,3.7733847239714757,6.74763724298531,3.5044206240871194
26.44,3.634691202936558,6.859598327148178,3.552071849930089
26.48,3.5249695917891226,6.971184693597626,3.5991110901110788
26.52,3.4455199886376677,7.0819987872446735,3.6471402044984185
26.56,3.345317082142268,7.191997683856534,3.6947882643165455
26.6,3.279535738069964,7.301254447998672,3.741715859445384
26.68,3.1736393281535102,7.409480571375191,3.789903747316982
26.72,3.091813510615597,7.516645784604948,3.8373176820924417
26.8,3.016238346620031,7.62296522783588,3.883507155567643
26.88,2.912658785766433,7.728034419492624,3.9307611560910147
26.92,2.8376326964581913,7.831771918770598,3.9771855731806656
26.96,2.720642982818734,7.934197979948274,4.0223739984677165
27.04,2.628643821644423,8.03498707462175,4.068479429509352
27.08,2.5154655759395648,8.13410264914978,4.113609727451452
27.16,2.41870828060977,8.231689498809393,4.157318830781775
27.16,2.359273883064194,8.32730543937049,4.2018105381490045
27.2,2.2780590715729576,8.421025170793273,4.2451959343238626
27.28,2.2196758760176394,8.513025014773556,4.2870804543799075
27.36,2.1507218873823537,8.60282972695589,4.329671897751135
27.44,2.0874286939527336,8.690465923900645,4.3710378542968416
27.48,2.0064186093834526,8.775995169761973,4.410650621389487
27.52,1.9098365419528465,8.859051169344577,4.450812876580568
27.52,1.843524965516108,8.939638134409414,4.489645190263757
27.56,1.7558122675393806,9.017911412782372,4.526577239636083
27.64,1.6538909965639765,9.093505922163459,4.564097650228885
27.68,1.5985835869678586,9.166431205605004,4.6001119866351425
27.76,1.5772639364499783,9.236884311478033,4.6342850651359075
27.8,1.4994833188374797,9.304507426150314,4.668842668086036
27.84,1.4901740841592157,9.369291677246933,4.702008754612675
27.88,1.488139631297021,9.43137694574643,4.7333644800353145
27.96,1.4777354703498051,9.49036729523263,4.765148026624717
28.0,1.4627254092207267,9.546273303042224,4.795326489817023
28.04,1.4739453531339854,9.599309826837962,4.823578703585221
28.08,1.4758040472579885,9.649147175715715,4.8521449788985915
28.12,1.5062750802452007,9.695782676764814,4.879132356729387
28.2,1.533804583916806,9.739396491282951,4.904275422851821
28.28,1.5859486839067294,9.779662869713428,4.929636295615212
28.28,1.6556386622807786,9.816597937091593,4.9533056293110285
28.32,1.7213070536334893,9.85039396423158,4.9748153607625145
28.36,1.8058360731830774,9.880674792194219,4.9964922224496355
28.4,1.885871266751766,9.907533195114256,5.016391455051271
28.44,1.9397430819220722,9.93110293900224,5.034189482803331
28.56,1.9962500386474327,9.951093931701584,5.0521717440802085
28.6,2.067116928618529,9.967622731670396,5.068304632735542
28.64,2.135899813750408,9.98091358669669,5.082272278859478
28.72,2.1991793485104596,9.990670091728937,5.0963742896515205
28.76,2.254998440007987,9.996950951841471,5.108681235443544
28.8,2.3116729849215467,10.0,5.118795366639863
28.88,2.364864663439059,9.999443142209275,5.129066291580831
28.92,2.395089774900125,9.995488744823295,5.1374828198907325
28.96,2.4674867680450125,9.98834028212786,5.1436557660158035
29.0,2.518856779518801,9.977699234537956,5.14998560294527
29.04,2.6137129937377757,9.963688239740643,5.154559945067708
29.12,2.685732848412259,9.946470420997553,5.15713611461784
29.2,2.779521673573594,9.925799621031548,5.157974334272292
29.24,2.822706231381463,9.90178427679127,5.15692664698368
29.28,2.873995811116648,9.874672341371774,5.15365860052986
29.36,2.9062347757626696,9.844160481980882,5.150493650744205
29.4,3.0051709556739152,9.81038185010795,5.145574602967915
29.44,3.094879217733791,9.773542634442475,5.138576186819836
29.52,3.1370953927065086,9.733325872907445,5.131741028428482
29.6,3.198253282102239,9.689881113367365,5.12326357305837
29.64,3.2427428661663993,9.643400536960593,5.112733059180339
29.68,3.296002356458305,9.593623921673903,5.102486830796765
29.72,3.3348614738326594,9.540697152370836,5.0906398152502685
29.8,3.3633795277096232,9.484791464152517,5.076929171186477
29.88,3.395689606786175,9.42571814747529,5.061781163619963
29.92,3.4325927011002433,9.36362567483925,5.044860375372852
29.96,3.494270618310026,9.29873521947821,5.025951186812824
30.0,3.5407274434364733,9.230794085707968,5.007358436719485
30.04,3.5754963362769105,9.160031119682357,4.987254916778175
30.16,3.616491869287105,9.086664215791567,4.965436009458581
30.2,3.642300060629837,9.010500206054967,4.942158636934771
30.24,3.6830314312180414,8.931776510602162,4.917230100084233
30.28,3.6978314975442883,8.850780803320749,4.890403826772448
30.32,3.718583207821115,8.767162499637198,4.86413395967458
30.36,3.734051776987195,8.681021504964322,4.836514903348245
30.44,3.7582417954899294,8.592626471798871,4.807353699964111
30.52,3.774790176611167,8.501704736912732,4.776960952283916
30.52,3.7881925949340793,8.408417195790474,4.745149647315759
30.56,3.8009603477149017,8.313014212659846,4.711678921060444
30.6,3.819400096200351,8.215209328246585,4.677862025996244
30.64,3.8250364330130275,8.11518621086208,4.64297640689374
30.72,3.8383565641876354,8.013123283514657,4.606853715581927
30.76,3.8630992906107826,7.908776202076616,4.5696982378361835
30.8,3.888244126871552,7.802306132854005,4.531355409878298
30.84,3.8913293791982198,7.693933345501963,4.491575659666726
30.88,3.895113506411424,7.5834056012885265,4.452769166834129
30.92,3.902702568851119,7.470893190575416,4.4130296371877415
31.04,3.901408599679511,7.356642593354473,4.372164785232279
31.08,3.8964995232660007,7.240425523083764,4.330487232580983
31.12,3.890448458395223,7.122461968905357,4.287723217716408
31.16,3.8825306594976854,7.002992186103649,4.243642118544079
31.2,3.8714162985828033,6.881781697470389,4.200715163663561
31.24,3.8595959812674834,6.758984011812426,4.15709701908953
31.32,3.8439210875650445,6.634970752495236,4.112866477184423
31.36,3.8285350691012217,6.509591286848096,4.068146105679231
31.4,3.812030353840086,6.383033157798609,4.022880571228558
31.44,3.7941888797299397,6.255572441158131,3.9764041213422288
31.48,3.772170393673247,6.1270916023236515,3.9295030865203255
31.52,3.7610666733696565,5.997778553162091,3.882083935192385
31.6,3.7492101267510978,5.867988794715401,3.8339110527366307
31.64,3.725893528116441,5.737522163742352,3.785296251878462
31.68,3.699945022520784,5.6065823537039305,3.7361453693783053
31.72,3.6740989723737676,5.475477797596439,3.6858014965533403
31.8,3.6445757891423463,5.34405761105768,3.635059455608238
31.84,3.6125852562401906,5.212522515066575,3.583833852567562
31.92,3.5805817197790573,5.08106119935546,3.531896854288512
31.96,3.546827656122395,4.949561837310541,3.479477804586796
32.04,3.511227949964335,4.8182163751806835,3.426579732354798
32.08,3.474160898558218,4.687206303727136,3.373002127894798
32.12,3.4350981389993755,4.5563970033527825,3.319095742257465
32.2,3.381677105513682,4.4259915578414075,3.264738139921466
32.28,3.331776517688927,4.296151965811719,3.2102454214461043
32.32,3.2385318480094316,4.166824759752078,3.155807973868457
32.36,3.15063552924561,4.038196935580655,3.1013464519599783
32.4,3.0724082410993296,3.910411838923809,3.0462111367031426
32.44,2.966083529119968,3.7832999116506016,2.9911124746134887
32.48,2.865689641706825,3.657206617365154,2.936016975843917
32.56,2.734979941946474,3.532484175994927,2.8808368493390697
32.6,2.6465551514912997,3.4089940414278397,2.825849677206843
32.64,2.5310690978721455,3.286950053851802,2.7709731341314003
32.68,2.405622696588903,3.166634176091826,2.7156022615658664
32.72,2.299956445453528,3.047948492109739,2.6604438434402895
32.76,2.167508256962941,2.9311163233623003,2.605370238320126
32.84,2.0605916100520063,2.8162067395494303,2.5502890355589525
32.88,1.9349609299965642,2.703171247319989,2.4954728372318264
32.92,1.8507626072284116,2.5921686047224366,2.4407859535787586
32.96,1.770451809588151,2.4834097984598684,2.385545033397477
33.0,1.65148898426661,2.3767125101873385,2.3308267529007947
33.04,1.5616468281862925,2.2721703518852134,2.276626164448005
33.12,1.4401219750134533,2.169789604756624,2.2228403113303026
33.16,1.3422339748842178,2.0695089426585533,2.1697299678115467
33.2,1.2091188416953533,1.9713974998652215,2.1169369926470973
33.24,1.1178261832889291,1.87550020449912,2.0641494260699074
33.28,1.074973662264559,1.781678777087455,2.0122759591788086
33.32,1.0294054047091836,1.6901173519092585,1.9611921554153748
33.4,1.0192079964547056,1.6009244972251677,1.910808379413764
33.44,0.9964577509347018,1.514004100298695,1.86140555962193
33.48,1.0068846576127939,1.4294832543690332,1.812766061621238
33.52,1.0191028068542844,1.347462663103757,1.7642983025126397
33.56,1.0162052453330401,1.2677928975925268,1.716906879001135
33.6,1.0289074650157863,1.1906122134335801,1.6704153347590422
33.68,1.0335133682736275,1.1159335696268533,1.624723907383117
33.72,1.068468782821421,1.043696527529704,1.5800012217702173
33.76,1.1343264648992775,0.973963165009182,1.5361926378772073
33.8,1.1920016906671873,0.9067158942623128,1.4925691247116035
33.84,1.3056414546327706,0.8417841549238018,1.4502635012974678
33.88,1.37629034440136,0.779237899657416,1.4091542601977254
33.96,1.4901095992018827,0.7190864646700472,1.3691077425658813
34.04,1.5567183777778646,0.6612357260728717,1.3303136474703434
34.04,1.6282380237664777,0.6057526366209193,1.2926015103870412
34.08,1.752753209818201,0.5526973339316985,1.2553015036250514
34.12,1.841373025314143,0.5019660377418907,1.2194146583671959
34.16,1.9248043564647794,0.4536803942153479,1.1848558339108568
34.24,2.002402649815858,0.40787342636123175,1.1514856432711202
34.32,2.0243731958682045,0.3644445361747536,1.1194880309773343
34.36,2.0465978935468576,0.32346939583660334,1.0886867543336642
34.4,2.1447389716180223,0.2849634360600885,1.0584960788775293
34.4,2.266914065073515,0.2487851303297705,1.0298691135497007
34.44,2.4157016628360077,0.21503185236564115,1.0026307959697234
34.56,2.5397924362458655,0.18376255444316508,0.9766836919784062
34.56,2.704373382927028,0.15490555843194775,0.9522477417373145
34.6,2.844553405637447,0.1285512854698459,0.9291827782223696
34.64,3.0064362247764604,0.10469855546809193,0.9083996853031264
34.68,3.152518434293959,0.08322664727000906,0.888977051259463
34.76,3.2581136597514013,0.06427382960898619,0.8707857657578945
34.84,3.379486190909246,0.04782225765353679,0.8537320795685371
34.88,3.4600780021807025,0.03371315718008073,0.8380453786827311
34.92,3.5600989964961274,0.02209636896210626,0.8235469275983912
34.96,3.6400493494697534,0.012985157917272356,0.8113613733380827
35.0,3.7126763568694217,0.006226175629294172,0.8004277794766693
35.04,3.823141801227666,0.0019123420327038813,0.7905795995141812
35.12,3.899557615611488,0.0,0.7817695931339399
35.16,3.9977070335213116,0.0004209722514970668,0.7741898126392217
35.2,4.121075181719819,0.003295430131525866,0.7676724295354309
35.24,4.218314780824546,0.008637195071781397,0.7633950928374358
35.28,4.292741949814598,0.016293454047712846,0.7602118700178507
35.32,4.4041045398673475,0.02633614566764202,0.7580029410091421
35.4,4.501661724373393,0.03871363058003864,0.7566354819854128
35.48,4.619207856027888,0.05336496250139501,0.7563833246752185
35.48,4.732025069264373,0.07038964386731747,0.7571596718343641
35.52,4.840063084743905,0.08984540041828344,0.7600547389158936
35.56,4.924326197726079,0.11157177919579847,0.76392489389839
35.6,5.022042444155922,0.13576226331199684,0.7686524634176128
35.68,5.103076692224169,0.16237471857510175,0.7742445370045374
35.72,5.18229113107491,0.1913574215034374,0.7808028171182133
35.76,5.26055755459846,0.22270484800877746,0.7882900158845076
35.8,5.3228078780995425,0.25651589766584665,0.7976597926651008
35.84,5.3836883209849535,0.2927033692494242,0.8079016701167766
35.88,5.441470744040468,0.33132718930809657,0.8188990495807456
35.96,5.496571688099479,0.3723600994915484,0.8306121510879465
36.0,5.559290312132293,0.4156899978793189,0.8431858995219805
36.04,5.616985579939942,0.46135414642675676,0.8564522888127073
36.08,5.660534765351537,0.5093325143527693,0.8715520111971479
36.12,5.707986831142972,0.5594853369506614,0.887433794995311
36.16,5.762029740071801,0.6118820506772437,0.9039822219832601
36.24,5.8221710892405225,0.666472089094426,0.9211165402466869
36.28,5.864733180294557,0.72313432912397,0.9390784600630483
36.32,5.901045125111969,0.7819885491159454,0.9577908112161531
36.36,5.940686029261166,0.84291963716214,0.978347179138683
36.4,5.971738444023335,0.9058529405709705,0.9996129739718176
36.44,5.998270995910678,0.9708593221020947,1.0214792968730169
36.52,6.020484702625757,1.0378732565606061,1.0437875416151008
36.56,6.039765532932551,1.106809062316288,1.0666644796054614
36.6,6.05984432310895,1.177694066895339,1.0900126610708636
36.64,6.079022434728852,1.2504965724113448,1.1149942391256746
36.68,6.089648719486671,1.3250978946334155,1.140530139549899
36.72,6.097833480857906,1.4015587842713988,1.1665238733629895
36.84,6.101227568858572,1.4798203616065408,1.192954420580276
36.84,6.102746375004909,1.5597859825782472,1.21998395225332
36.88,6.100089175516904,1.6415210546958734,1.247640406640125
36.92,6.0949306996779775,1.7249690115808318,1.2768516951050977
36.96,6.083652187279699,1.810082611390253,1.306622536902332
37.04,6.071784550737877,1.8969742910415437,1.3368504457808394
37.12,6.060465031161379,1.985584815122048,1.3675565333317863
37.16,6.042350875359045,2.075881306137704,1.3988974657281146
37.2,6.0215927420098705,2.1678914984965454,1.4305896911421843
37.24,5.997429297983152,2.261564080302331,1.464064469266047
37.28,5.969789601090293,2.3568227787765017,1.4979297071285942
37.32,5.93957204098519,2.453716983165216,1.532147130137563
37.4,5.905497139319961,2.5521207929874046,1.5667113297956967
37.44,5.869087317557117,2.6518990689374426,1.6017515606230637
37.48,5.8296223323043765,2.7530430901273086,1.6372620942318232
37.52,5.787118324958251,2.855337545521524,1.6744961427270577
37.56,5.7430253618224345,2.958619433251049,1.712243367014867
37.64,5.695675323842359,3.0629633881572986,1.7503656231472167
37.72,5.649150214018583,3.168307687955633,1.788889800605182
37.76,5.592475738547406,3.274486930973418,1.8279356747925932
37.8,5.534871261323281,3.3814946931645298,1.867482371662516
37.84,5.473683776641104,3.4892344279462657,1.9086362889590125
37.92,5.4105289348765675,3.597569390205447,1.9502683316399585
37.96,5.343308897500412,3.7065852059514968,1.992273789529551
38.04,5.274113716918903,3.816179230950954,2.034221751475962
38.08,5.2007090082206755,3.9262610025517213,2.0762670006762747
38.12,5.126293063597257,4.036885652801493,2.1183827680943716
38.16,5.036015834149375,4.147985192010325,2.1617604165807136
38.2,4.9395808117030855,4.259439707759968,2.2052188303965594
38.24,4.820300330367726,4.371247182245721,2.2486082843217985
38.32,4.7183095150887775,4.483368667396116,2.2919034832917227
38.36,4.57472065734776,4.595681100573239,2.335305563302395
38.4,4.4503321422118125,4.708222574241198,2.3786547118896326
38.44,4.33164849165464,4.820844102906126,2.423279672185782
38.48,4.177774277846212,4.933408041094836,2.468005343535334
38.52,4.045501437876414,5.0459710875400186,2.5126826567065974
38.6,3.881735136191635,5.1584704000329475,2.557239548862577
38.64,3.757236283538077,5.270693724491447,2.601423314952019
38.68,3.6048479589334743,5.3826364231457955,2.645251048719022
38.72,3.445500196185015,5.494234680334999,2.689869854064809
38.76,3.3183323060930503,5.605339827558029,2.734865274417064
38.8,3.169184119566459,5.715931284567248,2.779415842325887
38.88,3.0383763422140118,5.8259445011169495,2.8234554148459883
38.92,2.8698838909665607,5.935163385464649,2.867193872068612
38.96,2.735115344927329,6.043628938535364,2.9104817147372106
39.0,2.6152172624308596,6.151275755103781,2.9546057843077325
39.08,2.461666800609051,6.257951542214495,2.9991119629055447
39.12,2.334408753373736,6.363662224080355,3.0431874496170956
39.24,2.192356279275612,6.468290119851865,3.0867750719710245
39.28,2.077176277891451,6.571731853923911,3.1300939843661904
39.32,1.9483113643767689,6.673947859758198,3.173052289381037
39.36,1.8392728632286721,6.774854845075746,3.216904923195234
39.4,1.7014394857648574,6.874351673703402,3.260968118158299
39.44,1.5903933646777442,6.972403254707182,3.304648785980117
39.52,1.463275363640009,7.068963118711855,3.347989312905157
39.56,1.3575487783271316,7.163919599972768,3.3907986617310097
39.6,1.2714685360188387,7.257259227240067,3.4331437657684947
39.64,1.1890554503495523,7.3488751783379795,3.476215363865109
39.68,1.1240833547303737,7.438754513779214,3.519552550279692
39.72,1.067376940142444,7.526947976992425,3.5623831608801986
39.8,1.0339118510654737,7.613311687343731,3.6046901205913375
39.88,1.0076333765037917,7.6976875338452375,3.646546064387087
39.88,0.973108879143952,7.780057510886814,3.6878435951326805
39.92,0.9767067346063346,7.86031108286706,3.7298692074995534
39.96,1.0030861356187615,7.938311709389678,3.7721200074769454
40.0,0.9892328424956551,8.0140277148009,3.8138238007068725
40.08,1.0384990639246614,8.087347054707553,3.8550113919005895
40.12,1.0489743088194194,8.158236494200548,3.895803454638473
40.16,1.1084531133941862,8.22663177070221,3.9360509723156363
40.2,1.150787321379281,8.292422471879009,3.9770890613955148
40.24,1.1689066039711058,8.35549271859457,4.018865114351014
40.28,1.253940552659705,8.415854347070251,4.059971004194465
40.4,1.3050490509449648,8.473494211984523,4.100376366979336
40.44,1.4300450051754294,8.528419592938606,4.140181781077964
40.44,1.524395528312418,8.580593763495926,4.179217120797647
40.48,1.6678968979147049,8.629972592907661,4.219203739670208
40.52,1.8006744916158992,8.676627275141064,4.259665892155302
40.6,1.8700042989265717,8.720563850091244,4.299317734298597
40.64,1.9429282983093406,8.761742773275985,4.338172752243749
40.68,2.0118622404435036,8.800074612472255,4.376333321655711
40.72,2.065393596107294,8.83553400406383,4.413721018302055
40.76,2.115574009663579,8.86802172846869,4.451776791714963
40.8,2.1846165574310823,8.897551761568383,4.490193637533486
40.84,2.251324603195051,8.924135116420734,4.527686178161198
40.92,2.3276400378672104,8.947721862505405,4.564310418723972
40.96,2.4237784332723953,8.968280809593937,4.6000793580513
41.0,2.5027817499514806,8.985691882887954,4.634873122154737
41.08,2.602638739653399,8.999847178125027,4.670433323205188
41.08,2.6938853424943447,9.010866155479015,4.7063041277933255
41.12,2.7592218676561346,9.018800973781266,4.74111118535512
41.2,2.8422292192682574,9.023675314290193,4.774779416948129
41.24,2.907492625245263,9.025467245638431,4.807502593874304
41.28,2.9898078321530437,9.02420614694495,4.839203732783314
41.32,3.090004225794355,9.01984777205655,4.871246789007782
41.36,3.1728704035831634,9.01254086969778,4.903564856153551
41.4,3.270744915176209,9.002300072925866,4.934740571974407
41.48,3.346547109111007,8.989141471805144,4.964697912380148
41.52,3.4516813318100072,8.97311272231245,4.993587637544177
41.56,3.583379737345322,8.954230644808414,5.021379567565941
41.6,3.7650104547783134,8.932440273277551,5.04994122857489
41.64,3.8546945903557113,8.907849393437248,5.078583471188195
41.68,3.910380030082767,8.880403760602569,5.105932724605819
41.76,3.9626306603925343,8.85012171713354,5.132004514891607
41.8,4.014391901434901,8.817025296715942,5.156861062587515
41.84,4.061836180154582,8.78117030730183,5.180383578854898
41.88,4.106939709188469,8.742536554413693,5.20448290826129
41.92,4.149734727902446,8.701249523151786,5.225007269244208
41.96,4.190324786438531,8.657352365728013,5.244099142024178
42.04,4.228873209900945,8.61087474810209,5.261784225080219
42.08,4.267087070681205,8.561817713938378,5.278134827599794
42.12,4.317628003068226,8.510235403396138,5.293132054390114
42.16,4.352627087494721,8.456064796457884,5.308564663266277
42.2,4.394890030601721,8.399454732085772,5.319979225367969
42.24,4.45741603847629,8.340578838731018,5.329888739322539
42.32,4.494115182039617,8.27957548387313,5.338329756799043
42.36,4.510991996254223,8.216610486061997,5.3452954480163575
42.4,4.512091604658903,8.151700983821657,5.350873654447023
42.44,4.523229233787216,8.084771394295258,5.356911941797995
42.48,4.546623282101066,8.016064506014251,5.358919814251988
42.52,4.5738471090527595,7.945653236923404,5.35942111748648
42.6,4.596010959486294,7.873597805924527,5.358463136659376
42.64,4.617709861072177,7.7999479952240325,5.356181616114082
42.68,4.634619523097503,7.724754066926929,5.3524411628513695
42.72,4.649268572859505,7.648019365560266,5.349135886321106
42.76,4.6572815390726925,7.569842237812175,5.341827566830964
42.8,4.668358205005387,7.490315019230559,5.3330501072997185
42.88,4.675548352594966,7.409446658941326,5.323028955990492
42.92,4.684402370662764,7.3273089956094095,5.311838834798126
43.0,4.689978690415041,7.243877456601221,5.299463940177004
43.0,4.694184531631035,7.159183683724103,5.2876967634013745
43.08,4.694388276479769,7.073324043914293,5.272136237690736
43.12,4.692359110614777,6.986304688784058,5.255264439081109
43.2,4.688024896598707,6.898260948161237,5.23717166980347
43.24,4.682231635309336,6.809233542901764,5.217815545107349
43.28,4.672190672877151,6.71936010891764,5.19729089126513
43.32,4.658424797049326,6.628685517601409,5.17758465458987
43.36,4.647914582434309,6.537368138873336,5.1541302663757955
43.4,4.63234624472584,6.445496944287219,5.12942397063808
43.48,4.614880670372082,6.353145258296044,5.10352785725357
43.52,4.594775124491965,6.260452389266058,5.076592785650909
43.56,4.57263672625878,6.167507275611803,5.048756913190623
43.6,4.547695399842023,6.074317923343901,5.0218591933415135
43.64,4.520365524572645,5.981086385908658,4.991239357645934
43.68,4.490992636113566,5.887879467568408,4.959707678395493
43.8,4.458275238262766,5.794792158337865,4.927226803040805
43.84,4.42459403309261,5.7019516942011785,4.89420820851674
43.88,4.388394705232757,5.6094506760877625,4.860702182943389
43.92,4.349756806610659,5.517258421905311,4.828698333804613
43.96,4.308760242694799,5.425616709323994,4.793584077478753
43.96,4.265383228514645,5.334624675613042,4.757898776876884
44.08,4.219740048102436,5.244408737394049,4.721746934365725
44.12,4.171469867583659,5.155062138531138,4.685141186154694
44.16,4.104665358407267,5.066659843650483,4.648182160908852
44.2,4.000069718626292,4.979122385613914,4.612681597065935
44.28,3.8993401607482334,4.892723264201925,4.574214438427178
44.28,3.7660917510697125,4.807462868321515,4.5352853180157835
44.4,3.6518310038302597,4.723352389442591,4.495963524619279
44.4,3.5205519097183915,4.6405104111958435,4.456315812827491
44.44,3.4286846474708184,4.558949804094839,4.416316468795933
44.48,3.330659104090271,4.478540763657098,4.37836970744099
44.52,3.2084035430352436,4.399428021439352,4.337508404834476
44.6,3.0865624470826867,4.321568428722133,4.2966833033300915
44.72,2.995555498365572,4.244963418592786,4.255964668590926
44.76,2.8819081120327836,4.169631009338656,4.215418800198113
44.8,2.784558731490498,4.0955736342337365,4.1751500557637895
44.84,2.6841823668576428,4.022672540431954,4.135631650693241
44.88,2.562728388174519,3.951122485989674,4.093785877709549
44.96,2.468509152937776,3.8808729408984655,4.052279712242143
45.04,2.3580653340215485,3.81188895027879,4.011169018931841
45.08,2.2693608748545175,3.744185595547794,3.970547451218001
45.12,2.1644333615329536,3.677731097188119,3.930414528151211
45.16,2.055432004188842,3.6124078767856465,3.8926585578265342
45.2,1.960984297360996,3.548376256719894,3.8527429698374718
45.2,1.8453928537459454,3.485594996119076,3.813196492969078
45.32,1.7580043656483402,3.4239893269917427,3.7740682174883333
45.32,1.6483779838229304,3.3635822603910794,3.7356846570628064
45.36,1.5624048483699187,3.304333194583632,3.698020749404031
45.4,1.5070902294569155,3.246094548537695,3.661684670609299
45.48,1.4484303875906228,3.1889924377568035,3.6235962821790437
45.48,1.4246605613419503,3.1330158095145038,3.586336538636914
45.6,1.3991692923374033,3.078233679357413,3.5500554751520075
45.64,1.3800733416141167,3.0246808992623633,3.5147672826662153
45.68,1.383575780932563,2.972340851264421,3.480482368630505
45.68,1.3830082175721787,2.9210590674281267,3.447633878117341
45.72,1.399340758091961,2.871023032085964,3.4133257395378265
45.8,1.4293243374274787,2.8221902298080854,3.380124782224487
45.88,1.4494800616889036,2.774550906807608,3.3481189517426504
45.92,1.4354055728357993,2.7281431634531783,3.3173504177569852
45.96,1.3846201043120907,2.682990593048849,3.287965783520618
46.0,1.4080548831894248,2.6390117029554263,3.260198960026089
46.04,1.498602863813931,2.5963641987673975,3.2314048391005863
46.08,1.5454480634010481,2.555036481450269,3.203826093605511
46.16,1.6353816792983877,2.5150350037151186,3.177856178209742
46.2,1.7366605211970108,2.4763670761007077,3.1536391796929926
46.24,1.8566834529151668,2.439073164657979,3.1311366310816253
46.28,1.9467767859215337,2.4030244184665683,3.110613519789766
46.32,2.047356626353755,2.3683508357979886,3.0892340986530935
46.36,2.1777237843484487,2.3350456061907265,3.06932049051869
46.44,2.2905265502433956,2.3030857610362117,3.0512556873267918
46.48,2.415458108442644,2.272531218295882,3.03517329392488
46.52,2.5166265353330006,2.2433785946810536,3.0210243434489725
46.56,2.633088410768083,2.215535322967477,3.009021241006683
46.6,2.728202644394937,2.189198399915718,2.9963654576224474
46.64,2.852736835022831,2.1643469193028135,2.985368301504202
46.72,2.942938581885009,2.1410263379863217,2.976401942133182
46.76,3.062693757717399,2.1192193596999633,2.9695411314918707
46.84,3.158273938434732,2.0989749719705775,2.9648158789879506
46.84,3.27707399169995,2.0801736024836663,2.962337656316291
46.88,3.3826660002225784,2.0630197542545226,2.9593388745195397
46.92,3.4653501855774476,2.047435504757338,2.958119709061226
47.0,3.558567320410864,2.0334049813127795,2.9590411907961243
47.08,3.643307584209596,2.020944191589473,2.9621248626705947
47.12,3.7591606924554912,2.0100364465228386,2.9673893136919607
47.12,3.837110350166568,2.0005761378595337,2.975024408729398
47.16,3.926299428028268,1.9927644974232332,2.982209074278497
47.2,3.997729114429677,1.986535287475955,2.991232072045961
47.28,4.108865890937233,1.98190144703952,3.0024430253577696
47.32,4.184798603671601,1.9788755664123232,3.0158520770018065
47.4,4.2952226960338695,1.977437642882391,3.0313765320737414
47.4,4.381653639112101,1.9774637693013455,3.0492850023564335
47.44,4.447092252188009,1.9791541280389644,3.0666553874556564
47.48,4.547403594756518,1.982473712726632,3.0855673123763947
47.6,4.629378630458004,1.9874192898022944,3.1066102487046625
47.68,4.725344135894986,1.993987133486028,3.129781775515158
47.76,4.788255634848661,2.0021557855696757,3.1549866172357564
47.8,4.868054718116457,2.0118147516263623,3.1824807888226694
47.84,4.947266774588553,2.023207553826567,3.208970008632547
47.88,5.007906315347422,2.0361636971168973,3.236881790539789
47.96,5.090776272256201,2.0506734438780723,3.2667939118919804
48.0,5.183715636327899,2.066726527219039,3.298734309700135
48.04,5.255536753510904,2.0843293798267335,3.332548237356277
48.08,5.358752158900224,2.103337052562016,3.3684322210995563
48.12,5.434164407742905,2.1240555038722087,3.4031222841791386
48.16,5.483962623215207,2.14634444885871,3.439034157824786
48.24,5.550839861511704,2.1701770327732133,3.476775881128895
48.28,5.5994743826606195,2.1954998915139194,3.51618385812108
48.32,5.6567716394091265,2.222344870213667,3.5573195369409483
48.36,5.696699747359922,2.250662842967849,3.6003677710506548
48.4,5.729507100226981,2.2807837604854937,3.6415555643584248
48.44,5.759388966086636,2.312512975776726,3.6836415711949475
48.52,5.785731306127266,2.3458328640534236,3.7272649060951006
48.6,5.808849904884271,2.380741381344138,3.772430935977423
48.64,5.828865207851737,2.4172239548842342,3.818920503361813
48.68,5.845764611910319,2.4551649016127386,3.868674501093456
48.72,5.860380332273425,2.494850649051189,3.9167125469265414
48.76,5.872209774129779,2.5360875043575217,3.9650724042150047
48.84,5.880185865404941,2.5788429126560835,4.014349125754451
48.88,5.88334059512329,2.6231183993719123,4.064383263238732
48.92,5.885326840385052,2.6688202942394077,4.1151132959367445
48.96,5.884110542538823,2.7158647782209817,4.166725780844269
49.0,5.880110951035369,2.7645240314573027,4.215088546830317
49.04,5.872482862208211,2.8146430434592653,4.263367889975569
49.12,5.863584046814144,2.8663262371012306,4.312117846774991
49.16,5.853582813724988,2.919647032070956,4.36130520460215
49.2,5.837912245809578,2.9745982456273445,4.4108924974125925
49.24,5.818992172514355,3.0310831636280473,4.461348786641917
49.28,5.797160284712134,3.0893113147257285,4.508195795730206
49.32,5.772079185160774,3.149176826321688,4.55641485616029
49.4,5.7440139638355,3.210699777948766,4.604794043630088
49.44,5.712895201503247,3.2739143684906553,4.653486266378293
49.48,5.678699569719129,3.338916328184614,4.702280121907592
49.52,5.641502712117287,3.4056131695313696,4.753086313377305
49.56,5.599728320936076,3.4744556628831735,4.799861710347632
49.6,5.5572983439545975,3.5452502815952993,4.847762904931347
49.68,5.511235789892267,3.6178955219103015,4.8956034094341545
49.76,5.462930666920573,3.692268115224797,4.94336970129465
49.8,5.430626248210049,3.7681931641399466,4.991091464059858
49.84,5.407996092336952,3.8455044198001356,5.040728724651102
49.88,5.375200950414045,3.9245048023222657,5.086060086576089
49.92,5.328227199736914,4.004886774112615,5.132334048633334
50.0,5.271557870310716,4.086565613229417,5.178366398166268
50.04,5.210889730985371,4.169477181717782,5.224188215286635
50.08,5.146580105646161,4.2535497537122895,5.269688383140959
50.12,5.081370884401254,4.3385658858428435,5.316788427489476
50.16,5.011277633020825,4.424715197575988,5.359414609067399
50.2,4.9420498823242704,4.5118414517952825,5.4028194767981645
50.28,4.861273603956844,4.599899187759376,5.445865202083127
50.32,4.768661696042448,4.688872374277875,5.488138067772092
50.36,4.6604600548609065,4.778742465203508,5.529538714822784
50.4,4.52024747718678,4.869477820119733,5.571953347553739
50.44,4.383535908159314,4.961317953613481,5.609405732056638
50.48,4.248799416514182,5.054089650906533,5.6471570572485525
50.56,4.12315214212962,5.147749609845327,5.6840372929240175
50.6,3.995152848083674,5.242223291266799,5.719961236874776
50.68,3.8609396889611762,5.337499767684564,5.7550686712047305
50.68,3.7302174243252795,5.433425203215707,5.791125498340292
50.72,3.596860540479778,5.5301481751898445,5.822029510159791
50.76,3.450722402619627,5.627487049340182,5.853186038459396
50.84,3.3075850900078057,5.725371351585132,5.883437517211112
50.88,3.1750711552966937,5.823762319741779,5.9128013792238665
50.92,3.0278219291253916,5.922540970404825,5.941202382268325
50.96,2.8787970605054203,6.021544419373319,5.969855311181474
51.04,2.742100268709151,6.120914206329037,5.9931022207125615
51.08,2.6109322275384135,6.220385974501668,6.016679531867529
51.16,2.468352326121447,6.319859575649985,6.039035987144901
51.2,2.3187411238533966,6.419280748377989,6.060245968250238
51.24,2.180482520571224,6.518559339747347,6.080148166738026
51.28,2.030000305532475,6.6175562548197755,6.100050985467318
51.32,1.8748346298824485,6.71651577872961,6.114430826893344
51.36,1.719503626458007,6.815077947399477,6.128737835615622
51.44,1.600914073398528,6.913120278816438,6.141769839206381
51.48,1.454775754291249,7.01049972322788,6.153458161432474
51.52,1.3246057742548545,7.107134376311904,6.163911704160273
51.56,1.2335961602584031,7.202891479578145,6.1743191442552225
51.6,1.1665526936564856,7.298036860127376,6.179355192254449
51.64,1.129890836585599,7.3921200428356295,6.1844407487072255
51.72,1.0988946108278297,7.485058936106389,6.188386639063787
51.76,1.0792583178534692,7.576784955708467,6.19122724979049
51.8,1.0576978377417703,7.667096735503021,6.1929946931704905
51.84,0.9996805275405326,7.755793520630924,6.195028830103265
51.88,0.9752627616876869,7.843079496832753,6.191645765957812
51.92,0.9606677722383195,7.928625458025527,6.188446905488692
52.0,0.991511582284754,8.01234580946638,6.184153169940349
52.04,0.9878035074362879,8.094140520127542,6.178738484727835
52.08,1.0559314624146228,8.173972708865364,6.172221515048813
52.12,1.1056757643731001,8.25173970423046,6.165747658276156
52.16,1.1381528798705285,8.327630184445077,6.157045576660131
52.2,1.2231261512270706,8.401334345190104,6.148516226174947
52.24,1.289996806749861,8.47278873809662,6.138963810929791
52.28,1.3669809307414114,8.541950714664795,6.128409168401084
52.32,1.4444739544814635,8.608779182968199,6.116779973211112
52.36,1.523669088614587,8.673234592257181,6.105400556873904
52.4,1.6288142406266877,8.735539176484025,6.088810405935934
52.44,1.7287342460416275,8.79538501450763,6.072474106317275
52.56,1.8515093915889795,8.852756311853202,6.055245146855466
52.6,1.954769791215208,8.907641384234262,6.0371936475753385
52.64,2.0808786767626315,8.959985460604944,6.018206742938227
52.68,2.195036948936642,9.009785385336848,5.999658297293105
52.72,2.2809140335666376,9.057376172086386,5.979730797930858
52.76,2.3827059704266884,9.102599619376683,5.960345740184617
52.84,2.4565759946419856,9.145411367277072,5.94032391642859
52.88,2.550941944207952,9.185733516723882,5.919614341066002
52.92,2.627842949675493,9.223486807046294,5.898254207420654
52.96,2.7207220934833067,9.25862499806495,5.876236967744997
53.0,2.808083773832491,9.291249947525609,5.8531947911840305
53.04,2.8756825499588614,9.32119200805555,5.8308228448031265
53.16,2.9646519625555556,9.348445940364424,5.8079402332132615
53.16,3.050615816727556,9.372977401492438,5.784497269092697
53.2,3.210745931776898,9.394738079844302,5.760532550792396
53.24,3.385745453913365,9.413696928765953,5.736085989619733
53.32,3.5277614770297863,9.429920773576681,5.710971042889334
53.32,3.6179380927819085,9.443236432635583,5.686704115388363
53.44,3.7237751062038558,9.453634337765902,5.662060381092549
53.48,3.8146887051658656,9.461091113375124,5.637033149596464
53.48,3.876369509074334,9.465585735096122,5.611568973937678
53.56,3.960673633789916,9.46708232626908,5.585702566326854
53.6,4.043105754880136,9.465692542769775,5.559242015522938
53.64,4.101145731015744,9.461289286174086,5.533794232017929
53.72,4.161602817046595,9.453860812834293,5.5080900429081865
53.76,4.214041580399385,9.443415092632993,5.482120384860936
53.8,4.268969443656309,9.429930371480118,5.455829344972746
53.84,4.317132073293404,9.413403620174337,5.429249075238155
53.88,4.359901192076845,9.393948428408322,5.402229954795124
53.92,4.399917823248552,9.371405512676239,5.3763310771299215
54.0,4.434949216297163,9.345795781886379,5.350280300439285
54.04,4.473433180361834,9.317110644571757,5.324065493237386
54.08,4.50822944040897,9.285375474703029,5.297627573987159
54.12,4.538735148272065,9.25058499819607,5.270995424341278
54.16,4.567465055760166,9.212880685047411,5.244016050160675
54.2,4.602823144660798,9.172131013456955,5.218245067492225
54.28,4.634221528076073,9.128385585216872,5.192406751703651
54.32,4.677725694120416,9.081666554398952,5.166485281863049
54.36,4.70413646229536,9.031998822144502,5.140462725275544
54.4,4.728231532310427,8.979410040832253,5.114318992779124
54.44,4.76588173146788,8.92405964247031,5.087896955288267
54.48,4.781810720846328,8.865816958352077,5.062747982446753
54.56,4.808389012689661,8.804747555110291,5.037591990570026
54.6,4.821834604944217,8.740873432230622,5.012408685831836
54.64,4.843244475494835,8.674235507344175,4.987175547608576
54.68,4.851915728125447,8.6048774838169,4.961915806379098
54.72,4.8620659629716325,8.532990998958361,4.93642572454188
54.76,4.8749752647827265,8.458461436412762,4.912300039372297
54.84,4.8773315778085005,8.381353149442726,4.888212109568866
54.88,4.877099444055487,8.301718005399643,4.864137038982642
54.92,4.874610564828452,8.219610467256482,4.8400475931340345
55.0,4.870244619586447,8.135087579114284,4.8159621759893865
55.0,4.863765400741727,8.048337975920028,4.791672109654488
55.04,4.855106125628058,7.959225519287096,4.76895917139694
55.12,4.8435459804773915,7.86789176687951,4.746324400931069
55.16,4.830029445574088,7.774405404970306,4.723738749826252
55.2,4.815707162147292,7.678837701830985,4.701125788090956
55.24,4.795957385753718,7.581262486676204,4.67854463668235
55.28,4.775400214982208,7.481901281035714,4.65578228946233
55.32,4.753113110762258,7.380601268394152,4.634616095332532
55.4,4.728173901776413,7.277501178709974,4.613542564499569
55.48,4.700809658082015,7.17269784513121,4.5924830707313955
55.52,4.671089440089665,7.066338766452953,4.571494483569174
55.56,4.639005219855361,6.9584917759563485,4.550496328015269
55.6,4.604801164734449,6.849399717614663,4.529267778422349
55.64,4.568290810238659,6.738926923264171,4.509818298013098
55.72,4.529487005723504,6.627261498594945,4.490472214939452
55.76,4.4884059858067396,6.514501165612343,4.4711468964188965
55.8,4.44502420568565,6.400744775897873,4.4518021472862905
55.88,4.399052283968701,6.2861244777274115,4.432488183815427
55.92,4.351087668854668,6.170870053387929,4.411095162274355
55.96,4.300773328382124,6.054867504320488,4.39109174606438
56.08,4.247470222700899,5.9382936733214935,4.371137064537839
56.12,4.184324946552247,5.821282762863332,4.351191568723466
56.16,4.11822087160526,5.703937114903021,4.331392726807093
56.2,4.019647305312851,5.586424987792864,4.3116949292016695
56.24,3.9024214166442803,5.4689642321058844,4.291824489612263
56.28,3.7962927194005136,5.351476648617072,4.274019398880883
56.36,3.648633451177238,5.234141879461539,4.256382656876646
56.4,3.5175852237297462,5.117990025957319,4.241391930765314
56.44,3.386112600319468,5.002273563726378,4.226525867446498
56.48,3.2544103506313986,4.88707408931527,4.211778253810451
56.52,3.122673244351609,4.7724731993000455,4.197142876781205
56.56,2.9910960511661946,4.658552490256779,4.1826135232828205
56.64,2.8598735407612383,4.545393558761552,4.168183980239344
56.68,2.7292004828228187,4.433078001390418,4.153848034574821
56.72,2.5992716470370305,4.321687414719458,4.139599473213299
56.76,2.4702818030899385,4.2113033953247365,4.125432083078825
56.8,2.3424257206676464,4.102007539782316,4.111339651095444
56.84,2.215898169456217,3.993881444668288,4.097315964187216
56.92,2.090893919141747,3.8870067065586964,4.083354809278174
56.96,1.9676077394103273,3.781464922029633,4.069449973292392
57.0,1.8462343999480204,3.6773376876571504,4.055595243153889
57.04,1.7269686704409304,3.5747066000173318,4.041784405786725
57.08,1.6100053205751204,3.4736532556862305,4.028011248114946
57.12,1.4955391200366943,3.3742592512399376,4.014269557062599
57.24,1.383764838511715,3.276606183254498,4.000553119553744
57.28,1.2748772456862794,3.180775648306002,3.9868557225124
57.32,1.1690711112464782,3.086849242970513,3.9731711528626534
57.36,1.066541204878374,2.994908563824094,3.9594931975285244
57.4,0.9674822962680711,2.9050352074428187,3.9458156434340728
57.44,0.8720891551016322,2.817310770402758,3.932132277503345
57.52,0.7805565510651614,2.7318168492799852,3.9184368866603867
57.56,0.6930792538447286,2.6486350406505634,3.9047232578292457
57.6,0.6098520331264161,2.567846941090565,3.8909851779339673
57.64,0.5310696585963234,2.4895341471760526,3.8772164338986115
57.68,0.45692689994051094,2.413778255483109,3.8634108126472118
57.72,0.38761852684508463,2.3406608625877965,3.8495621011038272
57.8,0.32333930899611324,2.270263565066188,3.8356640861924918
57.84,0.26428401607967966,2.2026679594943466,3.821710554837265
57.88,0.21064741778187546,2.1379556424483446,3.8076952939622055
57.92,0.1626242837887759,2.0762082105042547,3.7936120904913344
57.96,0.1204093837864808,2.0175072602381494,3.779454731348724
58.0,0.08419748746105714,1.961934388226082,3.765217003458408
58.08,0.05418336449859706,1.9095711910441442,3.750892693744433
58.12,0.030561784585166903,1.8604992652683896,3.736475589130858
58.16,0.013527517406875423,1.8148002074749001,3.721959476541729
58.24,0.003275332649789271,1.7725556142397294,3.7073381429010808
58.28,0.0,1.7338470821389593,3.692605375132985
58.32,0.003896289143583151,1.698756207748653,3.677754960161462
58.4,0.01515896976663028,1.6673645876448924,3.662780684910585
58.44,0.033982811555225236,1.6397538184037217,3.6476763363043863
58.48,0.06056258419544236,1.6160054966012416,3.6324357012669135
58.52,0.09509305737337441,1.596201218813506,3.6170525667222253
58.56,0.13776900077509543,1.5804225816165869,3.6015207195943684
58.6,0.188785184086689,1.5687511815865387,3.5858339468073765
58.68,0.248336376994257,1.5612686152994615,3.5699860352853086
58.72,0.3166173491838641,1.5580564793313998,3.553970771952225
58.76,0.3938228703416032,1.5591963702584355,3.537781943732145
58.8,0.480147710153549,1.5647698846566225,3.521413337549142
58.84,0.5757866383057935,1.5748586191020517,3.504858740327236
58.92,0.6809344244844111,1.5895441701707864,3.488111938990513
59.0,0.795785838375495,1.6089081344388805,3.4711667204629926
59.04,0.9205356496651281,1.6330321084824342,3.4540168716687347
59.08,1.0553786280393744,1.6619976888774828,3.4366561795317727
59.12,1.2005095431843573,1.6958864722001175,3.4190784309761795
59.16,1.3561231647861103,1.7347800550264014,3.4012774129259884
59.24,1.5224142625307668,1.778760033932416,3.3832469123052453
59.28,1.6995776061043704,1.8279080054942065,3.3649807160379974
59.36,1.8878079651930142,1.8823055662878634,3.3464726110482905
59.4,2.087300109482812,1.94203431288945,3.3277163842601976
59.44,2.2982488086597965,2.0071758418750294,3.3087058225977386
59.48,2.5208488324101026,2.077811749820674,3.289434712984961
59.52,2.755294950419773,2.154023633302466,3.269896842345936
59.6,3.0017819323749104,2.235893088896459,3.250085997604698
59.64,3.2605045479615886,2.323501713178735,3.22999596568528
59.68,3.5316575668659023,2.4169311027253473,3.2096205335117545
59.76,3.8154357587739334,2.5162628541123873,3.188953488008168
59.8,4.112033893371756,2.6215785639159086,3.1679886160985538
59.84,4.421646740345476,2.732959828711984,3.146719704706972
59.92,4.744469069381141,2.850488245076677,3.1251405407574557
59.96,5.08069565016487,2.9742454095860777,3.103244911174064
60.0,5.430521252382713,3.1043129188162317,3.081026602880857
60.0,5.794140645720764,3.240772369343229,3.0584794028018543
