Time,Motion
0.12,670.24133
0.16,670.11035
0.2,669.9763
0.24,670.77026
0.28,669.1677
0.32,669.1677
0.36,668.84515
0.4,668.76953
0.44,668.64014
0.48,668.62585
0.52,668.62585
0.56,668.91077
0.6,668.91077
0.64,669.08154
0.68,669.08154
0.72,668.8503
0.76,668.8503
0.8,668.69763
0.84,668.5408
0.88,669.42395
0.92,669.42395
0.96,670.5805
1.0,670.5805
1.04,672.0743
1.08,672.0743
1.12,673.2393
1.16,674.4636
1.2,675.11444
1.24,676.23755
1.271252,676.23755
1.28,677.2096
1.3199999,677.8075
1.3530612,678.84033
1.3634033,678.84033
1.3926632,679.55505
1.4220995,680.6913
1.4329386,680.6913
1.464611,681.47644
1.4787886,681.47644
1.5057235,682.42896
1.5168335,682.42896
1.5427635,683.4678
1.556325,683.4678
1.5826297,684.531
1.5947467,684.531
1.6221895,685.57214
1.6336069,685.57214
1.6621764,686.5116
1.67571,686.5116
1.703291,687.29236
1.7145,687.29236
1.7423859,688.1947
1.7522767,688.1947
1.7829511,688.5945
1.7954043,688.5945
1.8229976,689.4605
1.8374429,689.4605
1.8621036,689.9805
1.8718517,689.9805
1.9018631,690.95746
1.9120011,690.95746
1.9424661,692.0841
1.953669,692.0841
1.9811823,692.4426
1.9918325,692.4426
2.0216713,692.94836
2.0336199,692.94836
2.0633254,693.7202
2.073564,693.7202
2.10205,694.30457
2.1175835,694.30457
2.1421304,695.3209
2.1524749,695.3209
2.1885726,696.5194
2.2009192,696.5194
2.2254963,697.6012
2.2358825,697.6012
2.2642183,697.82324
2.2750857,697.82324
2.301486,698.6539
2.3152544,698.6539
2.3425195,699.0176
2.3527513,699.0176
2.3826516,700.0144
2.3928049,700.0144
2.4214778,700.57874
2.4321332,700.57874
2.4623363,701.88995
2.4724832,701.88995
2.5026813,702.41833
2.513174,702.41833
2.542379,703.42566
2.5525832,703.42566
2.5861912,704.07275
2.596763,704.07275
2.6232777,705.14215
2.6376956,705.14215
2.663275,706.63525
2.673894,706.63525
2.7054286,706.4984
2.7159429,706.4984
2.7421165,706.14703
2.7542305,706.14703
2.7819467,706.27527
2.7945337,706.27527
2.8256063,706.42194
2.8399298,706.42194
2.8636293,706.83057
2.8772461,706.83057
2.9066982,706.9341
2.9223878,706.9341
2.9529822,706.9498
2.982223,706.7676
2.995441,706.7676
3.0242507,706.2172
3.0385926,706.2172
3.0654986,705.96027
3.0790453,705.96027
3.101679,705.5785
3.1124213,705.5785
3.1451435,705.76886
3.1552253,705.76886
3.1820552,705.63354
3.1938279,705.63354
3.2252045,706.0912
3.2354429,706.0912
3.2643485,705.7658
3.2746563,705.7658
3.3034415,705.28296
3.3165395,705.28296
3.3464587,705.49097
3.3565469,705.49097
3.3821726,704.791
3.393256,704.791
3.4232485,704.98364
3.4339802,704.98364
3.463294,704.745
3.474188,704.745
3.5016654,704.52185
3.5125005,704.52185
3.5431917,704.41064
3.5539176,704.41064
3.5818782,704.49084
3.5936067,704.49084
3.6221733,704.343
3.6331074,704.343
3.6645637,704.0716
3.676735,704.0716
3.701566,704.1827
3.7122386,704.1827
3.743128,704.2019
3.7565184,704.2019
3.7831075,703.7707
3.7956655,703.7707
3.8216777,703.3519
3.8321035,703.3519
3.8620348,703.28625
3.8719144,703.28625
3.9020972,703.22766
3.9130435,703.22766
3.9485254,702.8358
3.958928,702.8358
3.9824998,702.61707
3.9926302,702.61707
4.022439,702.4857
4.03285,702.4857
4.062372,702.4081
4.0759845,702.4081
4.101132,702.29944
4.1129875,702.29944
4.1439114,702.3066
4.153774,702.3066
4.181774,701.91327
4.1917233,701.91327
4.2232103,702.3845
4.2376547,702.3845
4.2623353,702.45276
4.2719727,702.45276
4.3041186,701.86426
4.3142257,701.86426
4.3437977,701.54724
4.3536015,701.54724
4.381713,702.0642
4.391952,702.0642
4.4230375,701.9978
4.432883,701.9978
4.4698915,702.1001
4.480954,702.1001
4.5112987,701.51654
4.541518,701.97266
4.5553675,701.97266
4.582767,702.1144
4.5928154,702.1144
4.6212926,702.33923
4.632387,702.33923
4.665303,701.9966
4.675983,701.9966
4.7014356,702.2134
4.7115717,702.2134
4.7425714,702.2909
4.7523017,702.2909
4.781973,702.2065
4.7925453,702.2065
4.8227134,701.5093
4.83355,701.5093
4.8621006,701.76953
4.872115,701.76953
4.902835,701.6926
4.9137144,701.6926
4.9442163,701.6282
4.954289,701.6282
4.9817233,701.45416
4.9915924,701.45416
5.0221586,701.6455
5.0321894,701.6455
5.063113,701.289
5.0731955,701.289
5.102449,701.4319
5.112542,701.4319
5.1437135,701.4829
5.1533675,701.4829
5.1814103,701.3679
5.1912537,701.3679
5.223969,701.48376
5.2383056,701.48376
5.2628393,701.4927
5.276106,701.4927
5.30354,701.43225
5.3186264,701.43225
5.3420815,701.5274
5.351728,701.5274
5.381546,701.4053
5.392856,701.4053
5.422019,701.18207
5.4354053,701.18207
5.461588,701.29364
5.471897,701.29364
5.5025177,701.44965
5.513197,701.44965
5.5423794,701.6201
5.5524497,701.6201
5.582013,701.81506
5.592057,701.81506
5.62162,701.6279
5.6318264,701.6279
5.6614857,701.61743
5.671353,701.61743
5.7020464,702.24927
5.7118735,702.24927
5.743037,702.14825
5.7525616,702.14825
5.7827697,702.63696
5.794813,702.63696
5.8228154,702.573
5.8347006,702.573
5.862859,701.9823
5.8730297,701.9823
5.9028387,702.0185
5.913587,702.0185
5.9461975,701.5993
5.9608994,701.5993
5.9898267,701.71204
6.0220895,700.5779
6.032728,700.5779
6.064914,700.5824
6.0749745,700.5824
6.1030064,700.75287
6.113156,700.75287
6.1446657,700.78754
6.1589937,700.78754
6.1826124,700.21594
6.192211,700.21594
6.223409,700.5537
6.2330985,700.5537
6.2622604,700.6025
6.2746444,700.6025
6.32,701.06665
6.3399796,701.06665
6.36,700.30426
6.391943,700.4758
6.4215136,700.50714
6.4313307,700.50714
6.4626956,700.7953
6.472576,700.7953
6.5127954,700.96765
6.5223937,700.96765
6.551298,701.5368
6.581642,701.4351
6.592621,701.4351
6.622664,701.4537
6.6332054,701.4537
6.6662626,700.6719
6.6772237,700.6719
6.7016754,700.43005
6.7115507,700.43005
6.7429075,698.98926
6.752447,698.98926
6.7872868,698.46234
6.7975397,698.46234
6.8239574,697.3435
6.834098,697.3435
6.8631167,696.7473
6.873026,696.7473
6.901406,696.00977
6.9122252,696.00977
6.9430394,695.1211
6.956138,695.1211
6.9828196,694.88495
6.9940643,694.88495
7.022618,694.38336
7.033222,694.38336
7.062807,693.8917
7.076236,693.8917
7.087483,693.8917
7.106255,693.8917
7.12,693.0426
7.143403,693.0426
7.16,692.4874
7.196415,691.3739
7.206188,691.3739
7.2389746,690.5336
7.263143,689.76263
7.272923,689.76263
7.302342,688.8629
7.312648,688.8629
7.343035,688.4908
7.356523,688.4908
7.3810444,687.40985
7.39114,687.40985
7.4215875,687.00903
7.4350624,687.00903
7.462858,685.89905
7.4773254,685.89905
7.501764,684.6277
7.514414,684.6277
7.541624,684.2323
7.555732,684.2323
7.582829,683.58093
7.5955777,683.58093
7.621982,682.65625
7.63249,682.65625
7.6624804,681.0414
7.6723228,681.0414
7.70196,681.27484
7.712695,681.27484
7.7427597,680.09906
7.7533407,680.09906
7.7818356,679.5338
7.7921677,679.5338
7.8225617,678.90295
7.832797,678.90295
7.862878,678.9674
7.8725567,678.9674
7.9014454,679.0626
7.9132524,679.0626
7.9416356,676.7698
7.9523783,676.7698
7.9827466,676.2947
7.992968,676.2947
8.022032,675.5375
8.032258,675.5375
8.062246,675.42725
8.076203,675.42725
8.102813,674.9845
8.115143,674.9845
8.1451845,674.6192
8.155192,674.6192
8.181283,673.7989
8.195461,673.7989
8.222757,673.122
8.233487,673.122
8.266822,673.1862
8.2768135,673.1862
8.301119,672.72534
8.312309,672.72534
8.342908,673.02295
8.352653,673.02295
8.381677,672.6448
8.391647,672.6448
8.422781,673.4009
8.432313,673.4009
8.462067,672.9137
8.472451,672.9137
8.502226,672.5051
8.512346,672.5051
8.542261,672.59314
8.55193,672.59314
8.582327,672.49817
8.592366,672.49817
8.622081,672.47644
8.632397,672.47644
8.662107,672.0199
8.671952,672.0199
8.705453,671.9093
8.715795,671.9093
8.741544,670.7641
8.755516,670.7641
8.781792,670.515
8.791609,670.515
8.821971,670.0432
8.832759,670.0432
8.861363,670.8469
8.871216,670.8469
8.901728,670.5084
8.913475,670.5084
8.942043,669.90533
8.953071,669.90533
8.981943,669.8737
8.99183,669.8737
9.029956,669.3812
9.039782,669.3812
9.062942,668.38684
9.073066,668.38684
9.101014,668.3782
9.111663,668.3782
9.143841,668.4635
9.153975,668.4635
9.181458,668.38574
9.191129,668.38574
9.221881,668.2511
9.231556,668.2511
9.264729,668.17413
9.27514,668.17413
9.301224,667.996
9.312742,667.996
9.3419075,668.0132
9.3516655,668.0132
9.381833,666.97375
9.393191,666.97375
9.421579,666.8776
9.4342165,666.8776
9.463357,666.5742
9.473247,666.5742
9.501184,666.5651
9.511913,666.5651
9.541264,666.83856
9.555375,666.83856
9.58178,666.5842
9.592357,666.5842
9.621743,666.1901
9.631902,666.1901
9.662103,666.3849
9.671723,666.3849
9.701975,667.09845
9.711839,667.09845
9.742426,666.89795
9.755925,666.89795
9.782082,666.41266
9.791952,666.41266
9.822895,666.2174
9.833706,666.2174
9.8629465,666.82336
9.876307,666.82336
9.902025,666.8976
9.911788,666.8976
9.94167,666.92926
9.952218,666.92926
9.982191,666.7213
9.992468,666.7213
10.02249,666.737
10.032511,666.737
10.062406,666.779
10.071912,666.779
10.103379,667.3488
10.114921,667.3488
10.143585,667.2904
10.153166,667.2904
10.182082,666.722
10.191654,666.722
10.237118,666.5924
10.248251,666.5924
10.280482,666.3026
10.311254,666.26794
10.342757,665.26685
10.352455,665.26685
10.382157,665.4586
10.393576,665.4586
10.421843,665.76086
10.432045,665.76086
10.463645,665.73193
10.474085,665.73193
10.504599,665.58435
10.515426,665.58435
10.543592,665.5457
10.553983,665.5457
10.586242,664.8642
10.599688,664.8642
10.622494,664.86975
10.633478,664.86975
10.662091,664.8563
10.672956,664.8563
10.702348,664.85693
10.712974,664.85693
10.743059,664.8617
10.756233,664.8617
10.782819,664.99524
10.792583,664.99524
10.8253975,665.47107
10.835597,665.47107
10.862616,665.92896
10.871988,665.92896
10.9026,666.2716
10.913187,666.2716
10.942347,666.08923
10.952478,666.08923
10.982624,665.76184
10.992258,665.76184
11.0226555,665.89
11.033475,665.89
11.063979,665.75195
11.074181,665.75195
11.101752,665.9719
11.114684,665.9719
11.142854,666.08264
11.15264,666.08264
11.186239,665.7091
11.196363,665.7091
11.224442,665.35846
11.238125,665.35846
11.263464,665.0803
11.276044,665.0803
11.303189,665.23364
11.313479,665.23364
11.343332,665.18854
11.353545,665.18854
11.3828,665.8288
11.395636,665.8288
11.423931,665.8524
11.433744,665.8524
11.462226,666.32916
11.471798,666.32916
11.506372,666.2949
11.516253,666.2949
11.542755,666.2278
11.553071,666.2278
11.581813,665.97864
11.591991,665.97864
11.621885,666.1094
11.631849,666.1094
11.66179,665.76276
11.671347,665.76276
11.701516,665.7323
11.711256,665.7323
11.741935,665.7783
11.751594,665.7783
11.781199,665.37537
11.795223,665.37537
11.822757,665.40173
11.833349,665.40173
11.866303,665.4665
11.877423,665.4665
11.901466,665.09033
11.911345,665.09033
11.942808,665.29724
11.952934,665.29724
11.983057,664.9353
11.994917,664.9353
12.024296,664.2941
12.036936,664.2941
12.061942,664.4236
12.0735655,664.4236
12.103162,664.7258
12.114726,664.7258
12.143561,664.42035
12.154241,664.42035
12.182392,664.1433
12.19182,664.1433
12.223782,664.6793
12.233361,664.6793
12.262095,664.32153
12.271681,664.32153
12.301696,664.10913
12.312384,664.10913
12.342919,664.41846
12.352361,664.41846
12.3817835,663.44836
12.392601,663.44836
12.421288,663.52246
12.431667,663.52246
12.462396,663.3507
12.472486,663.3507
12.501455,664.6069
12.511878,664.6069
12.542087,664.1451
12.551844,664.1451
12.582017,665.80743
12.593864,665.80743
12.622154,665.84607
12.632146,665.84607
12.666156,664.5414
12.676451,664.5414
12.701569,664.83716
12.713876,664.83716
12.744127,665.1979
12.756473,665.1979
12.781575,666.36084
12.791837,666.36084
12.821991,667.27026
12.8325815,667.27026
12.861946,668.1918
12.871386,668.1918
12.902504,669.4529
12.916688,669.4529
12.942118,670.4169
12.953072,670.4169
12.981811,671.41797
12.991468,671.41797
13.022277,671.79724
13.036831,671.79724
13.061921,673.10547
13.07171,673.10547
13.102757,674.4068
13.112649,674.4068
13.142959,674.92365
13.156016,674.92365
13.181841,675.72845
13.193035,675.72845
13.223527,678.8476
13.233331,678.8476
13.262062,678.92725
13.271567,678.92725
13.302188,680.0631
13.31244,680.0631
13.342018,681.87164
13.351721,681.87164
13.383093,682.35645
13.396813,682.35645
13.420974,683.0326
13.431981,683.0326
13.46498,685.04456
13.475282,685.04456
13.501715,686.12787
13.513667,686.12787
13.541826,687.4679
13.55164,687.4679
13.581824,688.27966
13.59169,688.27966
13.6226845,689.00415
13.632779,689.00415
13.661992,689.76984
13.671555,689.76984
13.701309,690.3069
13.712651,690.3069
13.742749,691.00977
13.755788,691.00977
13.781536,692.6188
13.791391,692.6188
13.823392,692.6644
13.834647,692.6644
13.863338,693.2381
13.876843,693.2381
13.9018,693.89526
13.911858,693.89526
13.9443655,694.5481
13.954109,694.5481
13.98107,695.3369
13.990668,695.3369
14.023109,696.23016
14.033481,696.23016
14.065224,697.34534
14.07519,697.34534
14.101935,697.44604
14.112415,697.44604
14.144016,697.94714
14.153595,697.94714
14.18136,697.3036
14.190894,697.3036
14.2221985,698.7223
14.231715,698.7223
14.264435,699.7218
14.276842,699.7218
14.301351,699.6122
14.311637,699.6122
14.3416815,700.3229
14.35274,700.3229
14.381941,700.66626
14.391761,700.66626
14.42122,700.8569
14.431396,700.8569
14.462273,702.0146
14.4723215,702.0146
14.501726,702.8849
14.511661,702.8849
14.54296,703.19104
14.552539,703.19104
14.582233,704.10785
14.5924,704.10785
14.621744,704.9463
14.632056,704.9463
14.662919,705.4083
14.673107,705.4083
14.701209,705.7758
14.711199,705.7758
14.74225,706.08435
14.752178,706.08435
14.78175,706.15625
14.791784,706.15625
14.823539,705.5217
14.833933,705.5217
14.861751,705.44
14.8751955,705.44
14.9016,704.99854
14.911645,704.99854
14.942252,705.04596
14.953957,705.04596
14.98148,705.0149
14.991082,705.0149
15.021308,705.28235
15.031237,705.28235
15.062967,705.42334
15.072426,705.42334
15.101732,705.7849
15.114502,705.7849
15.142459,705.4464
15.152174,705.4464
15.1828165,705.37134
15.192462,705.37134
15.223952,705.6203
15.234482,705.6203
15.264345,705.5038
15.275115,705.5038
15.302694,705.1008
15.312793,705.1008
15.343661,705.13074
15.353417,705.13074
15.382032,704.8424
15.391884,704.8424
15.421667,705.04333
15.435497,705.04333
15.464943,704.6427
15.475806,704.6427
15.501793,704.42065
15.512843,704.42065
15.542272,704.7894
15.552296,704.7894
15.581871,704.60156
15.591958,704.60156
15.623927,703.746
15.633743,703.746
15.662236,703.73895
15.671974,703.73895
15.702829,704.47815
15.712686,704.47815
15.742657,704.61926
15.752149,704.61926
15.782142,703.0841
15.792078,703.0841
15.8229065,703.6229
15.833267,703.6229
15.863348,704.0499
15.87289,704.0499
15.90413,703.92505
15.916176,703.92505
15.941109,703.6029
15.951433,703.6029
15.981785,703.26624
15.991755,703.26624
16.021645,702.6875
16.033705,702.6875
16.063623,702.79724
16.076843,702.79724
16.10633,701.6232
16.118578,701.6232
16.141243,701.67786
16.150488,701.67786
16.181967,701.121
16.194973,701.121
16.221474,701.4621
16.231941,701.4621
16.262611,700.9433
16.272318,700.9433
16.301939,700.85895
16.312227,700.85895
16.343647,700.573
16.353304,700.573
16.381922,700.719
16.392614,700.719
16.422144,701.12695
16.43621,701.12695
16.465864,701.1037
16.475733,701.1037
16.501709,700.65796
16.512049,700.65796
16.542185,700.4522
16.555075,700.4522
16.581503,700.01904
16.593899,700.01904
16.621382,700.13
16.631958,700.13
16.661884,700.09186
16.671785,700.09186
16.70162,700.8651
16.714283,700.8651
16.74271,700.5464
16.752134,700.5464
16.781427,700.5367
16.79593,700.5367
16.821856,700.3494
16.834013,700.3494
16.866587,701.00616
16.87853,701.00616
16.901585,701.0294
16.9118,701.0294
16.942493,700.81384
16.952702,700.81384
16.981628,700.8357
16.991629,700.8357
17.022268,700.2279
17.032934,700.2279
17.062416,700.5907
17.071991,700.5907
17.102064,699.914
17.11247,699.914
17.142773,699.95654
17.157183,699.95654
17.182146,699.90094
17.191902,699.90094
17.22241,699.9614
17.232122,699.9614
17.262138,700.06104
17.272276,700.06104
17.301968,699.7053
17.312122,699.7053
17.343264,699.7175
17.355879,699.7175
17.38257,700.0353
17.392643,700.0353
17.422375,699.8881
17.43495,699.8881
17.46491,699.4921
17.474434,699.4921
17.501568,699.6323
17.514502,699.6323
17.541956,699.2372
17.551987,699.2372
17.581966,699.2432
17.591791,699.2432
17.62127,699.2466
17.632088,699.2466
17.664978,699.2416
17.675955,699.2416
17.708868,699.556
17.718357,699.556
17.743177,699.7174
17.752798,699.7174
17.7816,699.62146
17.795069,699.62146
17.821888,699.6151
17.831844,699.6151
17.8627,699.89124
17.872274,699.89124
17.901497,699.96216
17.913692,699.96216
17.941671,699.8234
17.952206,699.8234
17.981491,699.79785
17.990822,699.79785
18.022083,699.1758
18.032116,699.1758
18.06232,699.4828
18.072414,699.4828
18.102297,699.479
18.113033,699.479
18.141783,699.40137
18.154953,699.40137
18.183353,699.09375
18.193493,699.09375
18.221348,699.2904
18.230764,699.2904
18.26206,699.4739
18.27654,699.4739
18.301926,699.4289
18.312288,699.4289
18.34248,699.3281
18.351995,699.3281
18.384426,699.3809
18.39456,699.3809
18.42155,699.40454
18.43165,699.40454
18.463127,699.7688
18.473541,699.7688
18.503267,699.1038
18.513666,699.1038
18.542233,698.13403
18.552067,698.13403
18.581667,698.38745
18.591696,698.38745
18.621973,698.13525
18.632015,698.13525
18.662035,696.82654
18.673737,696.82654
18.702862,695.98865
18.71279,695.98865
18.742573,694.8508
18.75356,694.8508
18.781042,694.162
18.791557,694.162
18.823988,693.68207
18.838543,693.68207
18.86334,693.6935
18.874056,693.6935
18.902431,693.3644
18.913395,693.3644
18.94234,692.35986
18.953289,692.35986
18.982864,692.7063
18.992832,692.7063
19.023779,692.6223
19.03424,692.6223
19.067635,692.7321
19.079794,692.7321
19.102072,692.3257
19.11437,692.3257
19.1458,691.19824
19.15533,691.19824
19.183853,690.79065
19.197712,690.79065
19.222412,690.5967
19.232288,690.5967
19.2634,690.44885
19.276382,690.44885
19.304197,689.85767
19.314352,689.85767
19.344294,689.4783
19.354439,689.4783
19.383541,688.91345
19.3941,688.91345
19.424204,688.84814
19.436178,688.84814
19.46177,687.68677
19.471468,687.68677
19.50174,686.97406
19.512209,686.97406
19.54243,686.59656
19.555653,686.59656
19.582409,686.4471
19.593767,686.4471
19.622866,685.3684
19.633204,685.3684
19.664581,684.78125
19.675827,684.78125
19.702673,684.5846
19.717731,684.5846
19.743065,683.7557
19.758009,683.7557
19.782417,683.57263
19.7949,683.57263
19.821552,683.1747
19.832914,683.1747
19.86227,682.7626
19.871815,682.7626
19.90148,682.3717
19.911045,682.3717
19.943338,681.84155
19.956356,681.84155
19.981459,681.62067
19.991095,681.62067
20.022877,679.9254
20.032635,679.9254
20.062962,679.896
20.072853,679.896
20.10432,680.1548
20.116224,680.1548
20.143192,679.32007
20.156324,679.32007
20.182024,678.2554
20.191675,678.2554
20.225029,678.0748
20.235153,678.0748
20.263636,678.3942
20.27959,678.3942
20.302189,678.2841
20.313421,678.2841
20.343248,677.93463
20.352901,677.93463
20.381914,677.5137
20.39165,677.5137
20.425978,678.208
20.435886,678.208
20.462332,678.2483
20.472387,678.2483
20.50249,677.91406
20.512682,677.91406
20.542027,677.4337
20.551992,677.4337
20.6,676.9141
20.64,676.47174
20.67803,677.17554
20.688211,677.17554
20.720778,676.8539
20.742449,675.973
20.752226,675.973
20.78147,676.03394
20.794579,676.03394
20.824497,675.79297
20.838419,675.79297
20.86216,675.3663
20.8717,675.3663
20.9025,675.7101
20.912727,675.7101
20.941381,675.4397
20.955162,675.4397
20.982464,675.11206
20.992535,675.11206
21.022165,674.93005
21.035292,674.93005
21.062653,674.8822
21.07211,674.8822
21.101414,674.72156
21.111647,674.72156
21.145058,673.83203
21.154434,673.83203
21.181334,673.2947
21.190792,673.2947
21.223032,673.2158
21.232527,673.2158
21.262499,672.8594
21.27221,672.8594
21.30208,672.619
21.312593,672.619
21.342117,672.5515
21.355467,672.5515
21.38229,672.2943
21.392189,672.2943
21.421772,672.06116
21.43537,672.06116
21.46221,671.6747
21.472214,671.6747
21.50187,671.5056
21.511934,671.5056
21.542469,671.4214
21.552666,671.4214
21.582579,671.0354
21.594269,671.0354
21.622128,670.72864
21.63223,670.72864
21.662153,670.7261
21.672495,670.7261
21.70187,671.0199
21.711775,671.0199
21.742065,670.4146
21.7521,670.4146
21.782312,670.19653
21.792435,670.19653
21.822536,670.25366
21.83252,670.25366
21.86153,671.08545
21.871424,671.08545
21.901688,670.99316
21.912024,670.99316
21.941889,671.04565
21.952076,671.04565
21.98146,670.9442
21.990898,670.9442
22.023106,671.104
22.032984,671.104
22.07215,671.1222
22.10246,671.31104
22.114832,671.31104
22.143965,671.1704
22.156887,671.1704
22.181665,671.2668
22.191256,671.2668
22.221876,671.16034
22.23245,671.16034
22.263044,670.80066
22.272888,670.80066
22.302399,670.1875
22.315714,670.1875
22.344425,668.65063
22.354332,668.65063
22.384014,668.4155
22.397802,668.4155
22.42165,670.4631
22.434427,670.4631
22.46178,670.08875
22.471762,670.08875
22.501389,669.21027
22.511429,669.21027
22.541718,669.72107
22.551384,669.72107
22.582724,668.1056
22.594635,668.1056
22.62164,668.01794
22.636786,668.01794
22.663193,668.2776
22.67346,668.2776
22.70076,668.3307
22.711048,668.3307
22.7427,668.02234
22.756477,668.02234
22.783136,668.84595
22.793072,668.84595
22.825178,667.183
22.835403,667.183
22.863218,668.10486
22.875772,668.10486
22.901358,667.6064
22.911192,667.6064
22.941801,667.61993
22.952206,667.61993
22.98132,667.4636
22.995098,667.4636
23.021223,667.11194
23.031248,667.11194
23.0622,667.29004
23.071785,667.29004
23.101738,667.3032
23.11175,667.3032
23.142067,666.7289
23.152294,666.7289
23.185402,666.8934
23.197878,666.8934
23.222912,665.4076
23.23275,665.4076
23.261654,665.75726
23.271555,665.75726
23.302221,667.44885
23.312885,667.44885
23.34237,668.83026
23.351934,668.83026
23.384533,668.28674
23.39536,668.28674
23.42136,669.7073
23.431927,669.7073
23.46593,669.58374
23.476011,669.58374
23.501461,670.0562
23.514774,670.0562
23.542978,670.92194
23.557648,670.92194
23.580782,671.0657
23.590872,671.0657
23.621649,670.3447
23.632322,670.3447
23.661604,670.3701
23.671236,670.3701
23.70158,670.01416
23.713871,670.01416
23.743078,670.699
23.754406,670.699
23.781595,670.2931
23.794725,670.2931
23.821672,670.43976
23.831963,670.43976
23.862791,670.9414
23.875715,670.9414
23.901545,671.1273
23.911764,671.1273
23.94146,670.6963
23.951597,670.6963
23.981136,670.4934
23.99045,670.4934
24.02134,671.01
24.031214,671.01
24.062052,671.00525
24.071653,671.00525
24.10229,670.93994
24.112421,670.93994
24.141573,670.9529
24.15259,670.9529
24.182077,670.84827
24.19159,670.84827
24.22193,670.5525
24.231564,670.5525
24.262596,671.8507
24.272388,671.8507
24.301832,670.2446
24.311913,670.2446
24.342985,672.0107
24.352594,672.0107
24.382608,670.2672
24.39273,670.2672
24.422817,672.16144
24.43291,672.16144
24.461258,671.67505
24.47624,671.67505
24.501793,671.9392
24.512299,671.9392
24.543074,672.11694
24.552948,672.11694
24.581247,672.6731
24.59444,672.6731
24.621859,672.743
24.63253,672.743
24.663496,671.51904
24.67666,671.51904
24.70194,671.62854
24.712011,671.62854
24.742811,671.71136
24.752838,671.71136
24.781109,672.27893
24.790775,672.27893
24.826368,672.6509
24.83597,672.6509
24.863943,674.0631
24.873634,674.0631
24.9017,674.60736
24.911608,674.60736
24.942112,674.99817
24.952408,674.99817
24.981882,674.4468
24.991972,674.4468
25.021723,675.8638
25.032907,675.8638
25.064741,676.7621
25.07435,676.7621
25.101442,677.8611
25.11468,677.8611
25.141468,678.4169
25.154852,678.4169
25.181715,679.5005
25.191216,679.5005
25.22464,686.1178
25.235397,686.1178
25.263184,685.9719
25.278042,685.9719
25.30372,684.74927
25.319052,684.74927
25.344318,687.0503
25.357653,687.0503
25.382065,683.6839
25.393003,683.6839
25.422922,685.9995
25.436954,685.9995
25.462185,687.06274
25.471811,687.06274
25.502296,687.59094
25.512112,687.59094
25.54295,688.2987
25.553127,688.2987
25.581934,691.64087
25.592005,691.64087
25.612722,691.64087
25.634586,690.8544
25.644844,690.8544
25.676842,691.84485
25.701206,694.1206
25.710888,694.1206
25.742449,694.3524
25.752487,694.3524
25.78118,694.8168
25.791204,694.8168
25.822245,695.52344
25.837502,695.52344
25.863445,695.386
25.873608,695.386
25.901407,696.3054
25.9113,696.3054
25.941967,696.484
25.952223,696.484
25.981283,697.1394
25.991339,697.1394
26.022264,698.268
26.033567,698.268
26.062443,699.0648
26.075888,699.0648
26.102,699.3418
26.112127,699.3418
26.14381,700.1218
26.153543,700.1218
26.181261,700.0267
26.1911,700.0267
26.222155,700.1044
26.232443,700.1044
26.263464,700.77954
26.274883,700.77954
26.301426,701.6643
26.311565,701.6643
26.343105,704.24963
26.353136,704.24963
26.382563,705.3428
26.39311,705.3428
26.420837,705.7837
26.431467,705.7837
26.463728,707.1682
26.475302,707.1682
26.50166,706.3997
26.514008,706.3997
26.542782,706.92755
26.55261,706.92755
26.582222,706.35815
26.596144,706.35815
26.622025,706.4342
26.633196,706.4342
26.662367,705.74445
26.671867,705.74445
26.701502,706.0658
26.71256,706.0658
26.74187,706.5028
26.75223,706.5028
26.782352,707.6797
26.792366,707.6797
26.821432,709.67365
26.831627,709.67365
26.86322,710.6229
26.872671,710.6229
26.901556,710.71216
26.911898,710.71216
26.941244,711.6118
26.951717,711.6118
26.98125,711.5836
26.99152,711.5836
27.021244,712.51465
27.032997,712.51465
27.062004,711.11194
27.073656,711.11194
27.101236,711.17114
27.111517,711.17114
27.14225,710.0083
27.1554,710.0083
27.182104,710.4241
27.191683,710.4241
27.222427,711.1719
27.23238,711.1719
27.26547,711.4302
27.279156,711.4302
27.301981,711.7203
27.312344,711.7203
27.342468,712.0056
27.35209,712.0056
27.381819,712.2477
27.39174,712.2477
27.42241,710.9042
27.432888,710.9042
27.46197,711.68494
27.471731,711.68494
27.501242,711.37854
27.51231,711.37854
27.54214,711.1452
27.551626,711.1452
27.582354,710.8801
27.592382,710.8801
27.621717,711.0602
27.635237,711.0602
27.662033,710.7816
27.671589,710.7816
27.702187,709.7642
27.712025,709.7642
27.741732,709.50024
27.751944,709.50024
27.783018,710.52783
27.792868,710.52783
27.826704,710.1814
27.836334,710.1814
27.862724,709.8467
27.876083,709.8467
27.901237,710.835
27.911085,710.835
27.942413,709.3296
27.952774,709.3296
27.981453,709.371
27.991177,709.371
28.02244,709.76715
28.033138,709.76715
28.062243,709.5389
28.072012,709.5389
28.104095,709.97986
28.114178,709.97986
28.1412,710.18713
28.150919,710.18713
28.187376,709.92004
28.200544,709.92004
28.229034,709.97205
28.26174,709.75946
28.274948,709.75946
28.301907,709.702
28.311987,709.702
28.343431,709.8126
28.35374,709.8126
28.382366,710.20636
28.393425,710.20636
28.421896,711.153
28.434097,711.153
28.462143,711.32776
28.472261,711.32776
28.503113,711.4585
28.513607,711.4585
28.542358,712.0216
28.55204,712.0216
28.58125,710.7537
28.591442,710.7537
28.621656,710.46075
28.636517,710.46075
28.662434,710.7224
28.671925,710.7224
28.701849,710.629
28.711826,710.629
28.74436,710.53394
28.754213,710.53394
28.78103,710.6853
28.790237,710.6853
28.822676,710.91187
28.83281,710.91187
28.861774,710.99817
28.871662,710.99817
28.901457,711.75696
28.911314,711.75696
28.941711,711.1468
28.952042,711.1468
28.982006,710.4672
28.995522,710.4672
29.021263,711.3308
29.033278,711.3308
29.061703,712.05115
29.071344,712.05115
29.101728,711.92236
29.114792,711.92236
29.142813,711.5474
29.152498,711.5474
29.183056,711.4613
29.192612,711.4613
29.22405,709.641
29.233784,709.641
29.262068,709.5787
29.27556,709.5787
29.30164,710.73303
29.315052,710.73303
29.345034,710.55725
29.35512,710.55725
29.381649,709.6046
29.392868,709.6046
29.421875,710.15265
29.432333,710.15265
29.462622,709.4675
29.473219,709.4675
29.501331,709.1871
29.511242,709.1871
29.542526,709.2542
29.55191,709.2542
29.581673,710.3657
29.591845,710.3657
29.62151,710.3346
29.633345,710.3346
29.661722,710.2534
29.671307,710.2534
29.703104,709.23395
29.712957,709.23395
29.741505,709.7012
29.751534,709.7012
29.785856,709.7644
29.796434,709.7644
29.821486,709.82336
29.832092,709.82336
29.862232,710.18286
29.871834,710.18286
29.90155,709.728
29.91278,709.728
29.942558,710.5061
29.95421,710.5061
29.981073,710.372
29.991243,710.372
30.022833,710.03577
30.033068,710.03577
30.066982,710.0408
30.079855,710.0408
30.106253,710.07416
30.117922,710.07416
30.14207,709.7932
30.151985,709.7932
30.181929,709.787
30.192263,709.787
30.224295,710.1233
30.235977,710.1233
30.263105,709.9044
30.275322,709.9044
30.302149,709.91113
30.312822,709.91113
30.344248,710.48413
30.354118,710.48413
30.382154,710.5963
30.391975,710.5963
30.422136,714.12585
30.432535,714.12585
30.463428,710.4564
30.476,710.4564
30.502922,710.3383
30.513168,710.3383
30.542265,710.71936
30.556572,710.71936
30.581474,710.2626
30.591425,710.2626
30.62147,710.8474
30.63163,710.8474
30.661737,710.90576
30.671286,710.90576
30.702358,710.681
30.713573,710.681
30.74186,709.7533
30.752094,709.7533
30.78143,708.9652
30.791122,708.9652
30.821527,707.7596
30.83522,707.7596
30.861933,706.96875
30.871609,706.96875
30.901619,706.173
30.912191,706.173
30.941902,704.93854
30.952446,704.93854
30.981241,701.463
30.990904,701.463
31.021976,701.6019
31.033682,701.6019
31.065166,701.2468
31.074697,701.2468
31.101118,700.14185
31.110909,700.14185
31.141523,699.23193
31.15448,699.23193
31.18319,698.4294
31.192888,698.4294
31.222343,697.6045
31.231707,697.6045
31.26767,696.1056
31.281971,696.1056
31.310318,695.55334
31.341095,694.7885
31.350807,694.7885
31.381884,694.46625
31.391905,694.46625
31.42169,693.89844
31.431986,693.89844
31.463383,692.6969
31.473192,692.6969
31.501158,692.2214
31.511168,692.2214
31.54244,692.04236
31.551924,692.04236
31.581074,691.4344
31.591263,691.4344
31.621857,690.9531
31.631784,690.9531
31.661268,689.4092
31.670876,689.4092
31.701674,689.3795
31.713074,689.3795
31.743225,687.8772
31.755394,687.8772
31.781158,687.1548
31.790716,687.1548
31.821653,686.07544
31.832195,686.07544
31.863768,684.8907
31.873558,684.8907
31.90262,684.97095
31.912766,684.97095
31.941187,683.9374
31.95158,683.9374
31.984856,683.8724
31.994787,683.8724
32.02197,684.52954
32.03348,684.52954
32.06214,684.903
32.071774,684.903
32.10171,683.6384
32.11173,683.6384
32.141373,682.9232
32.152035,682.9232
32.18244,682.4209
32.19211,682.4209
32.22266,682.66455
32.232536,682.66455
32.26333,681.8369
32.2733,681.8369
32.303326,680.5752
32.3135,680.5752
32.341576,682.04156
32.351425,682.04156
32.38232,681.5404
32.392193,681.5404
32.422215,677.4966
32.433064,677.4966
32.46335,677.4679
32.47703,677.4679
32.50267,676.95874
32.51354,676.95874
32.544304,676.2525
32.554165,676.2525
32.581947,676.5718
32.59375,676.5718
32.623505,676.7895
32.63419,676.7895
32.661877,676.3605
32.672096,676.3605
32.701973,674.96735
32.71176,674.96735
32.74283,674.58856
32.752567,674.58856
32.783966,674.4076
32.79514,674.4076
32.82126,674.19214
32.83172,674.19214
32.861916,673.9887
32.87136,673.9887
32.901165,674.2599
32.911446,674.2599
32.94393,673.94507
32.95403,673.94507
32.981544,673.8367
32.991264,673.8367
33.02127,674.4927
33.03113,674.4927
33.062,673.8214
33.071426,673.8214
33.10171,673.2821
33.112144,673.2821
33.14176,673.7053
33.154934,673.7053
33.183876,673.5042
33.197445,673.5042
33.220997,672.67926
33.231163,672.67926
33.264034,672.5426
33.276997,672.5426
33.30114,672.91345
33.311596,672.91345
33.342434,672.3594
33.35237,672.3594
33.38224,674.35
33.392097,674.35
33.421432,673.8928
33.43182,673.8928
33.462,673.4475
33.471794,673.4475
33.502052,672.50616
33.513233,672.50616
33.543324,671.3887
33.553024,671.3887
33.580925,670.875
33.590885,670.875
33.621323,670.3964
33.6311,670.3964
33.66141,670.2078
33.671524,670.2078
33.701496,669.5094
33.71232,669.5094
33.74127,668.6824
33.751804,668.6824
33.78171,669.6449
33.791378,669.6449
33.82223,669.2449
33.8322,669.2449
33.863956,667.8079
33.877266,667.8079
33.90086,667.3789
33.91094,667.3789
33.941704,667.54443
33.952656,667.54443
33.98188,667.1526
33.995293,667.1526
34.02108,667.5344
34.03142,667.5344
34.06435,667.45593
34.07382,667.45593
34.100975,667.99365
34.11029,667.99365
34.14198,667.7656
34.155426,667.7656
34.182026,667.7307
34.19156,667.7307
34.22225,667.556
34.232018,667.556
34.26233,667.37915
34.273067,667.37915
34.30103,667.66394
34.312275,667.66394
34.34176,668.24994
34.351994,668.24994
34.382504,668.47565
34.392387,668.47565
34.42208,668.567
34.43284,668.567
34.462532,668.4805
34.47239,668.4805
34.504112,669.4325
34.51675,669.4325
34.541306,669.5602
34.55172,669.5602
34.582012,669.3789
34.59243,669.3789
34.62381,669.34143
34.63543,669.34143
34.661686,668.80286
34.671314,668.80286
34.70256,668.1726
34.7126,668.1726
34.742268,669.3701
34.753086,669.3701
34.782406,669.61176
34.793762,669.61176
34.825592,666.02637
34.83607,666.02637
34.8618,666.1427
34.87577,666.1427
34.902233,666.26776
34.914547,666.26776
34.94231,666.60394
34.952995,666.60394
34.983555,665.9026
34.994144,665.9026
35.02145,666.88513
35.03284,666.88513
35.065445,666.0288
35.075073,666.0288
35.101738,666.7945
35.112335,666.7945
35.142937,665.895
35.156544,665.895
35.18247,665.8977
35.19216,665.8977
35.224014,665.24133
35.23434,665.24133
35.2629,665.49854
35.274265,665.49854
35.303165,664.87585
35.313297,664.87585
35.34339,666.2544
35.353928,666.2544
35.38257,665.8356
35.39392,665.8356
35.42416,665.63403
35.434734,665.63403
35.46151,665.8518
35.471,665.8518
35.502033,665.99445
35.511913,665.99445
35.555267,665.6155
35.56,665.6155
35.59064,665.4915
35.6,665.4915
35.626648,665.5647
35.6425,665.5647
35.674904,665.25586
35.701958,665.29895
35.7127,665.29895
35.742706,665.1289
35.753376,665.1289
35.78188,665.41766
35.791664,665.41766
35.82173,665.6953
35.831383,665.6953
35.862213,666.235
35.87167,666.235
35.901134,666.11847
35.913982,666.11847
35.94128,666.27527
35.95207,666.27527
35.981976,665.65283
35.99164,665.65283
36.021263,665.49475
36.031364,665.49475
36.072346,665.2766
36.083317,665.2766
36.106926,664.79645
36.120937,664.79645
36.159985,664.94476
36.18489,664.48834
36.194374,664.48834
36.22234,664.44116
36.234386,664.44116
36.26147,662.4132
36.271202,662.4132
36.301674,662.3046
36.312164,662.3046
36.34208,662.28784
36.35174,662.28784
36.38209,662.08655
36.39274,662.08655
36.42135,663.1492
36.43796,663.1492
36.44,663.1492
36.48,663.13574
36.49659,663.13574
36.52,663.3402
36.546124,663.42224
36.56033,663.42224
36.582314,662.3618
36.59642,662.3618
36.621635,662.6674
36.631405,662.6674
36.66264,662.80664
36.671993,662.80664
36.70264,663.7333
36.71246,663.7333
36.742577,665.4354
36.75616,665.4354
36.785694,666.13446
36.797684,666.13446
36.825825,665.93134
36.837246,665.93134
36.861614,667.4881
36.87097,667.4881
36.902508,668.06384
36.914715,668.06384
36.942383,668.87036
36.95279,668.87036
36.981167,669.9408
36.99123,669.9408
37.02183,671.2322
37.033115,671.2322
37.064175,671.65753
37.073643,671.65753
37.10176,672.7053
37.112137,672.7053
37.141655,675.19055
37.151253,675.19055
37.182224,675.9835
37.191917,675.9835
37.222004,680.7221
37.235424,680.7221
37.2624,680.2711
37.275814,680.2711
37.301517,681.00085
37.3158,681.00085
37.342205,681.50806
37.351986,681.50806
37.38276,683.27454
37.39326,683.27454
37.42204,684.87213
37.434204,684.87213
37.46201,683.9192
37.47144,683.9192
37.502174,685.15173
37.512142,685.15173
37.542034,687.7201
37.551533,687.7201
37.5821,689.08044
37.5925,689.08044
37.621136,691.0996
37.635044,691.0996
37.662415,691.9099
37.67599,691.9099
37.70127,691.84827
37.714752,691.84827
37.74266,692.75616
37.75254,692.75616
37.78146,693.79846
37.7945,693.79846
37.82288,693.8604
37.832497,693.8604
37.862648,694.42926
37.872078,694.42926
37.902588,695.0991
37.91717,695.0991
37.941917,695.976
37.956818,695.976
37.98211,695.2217
37.99156,695.2217
38.02331,697.10254
38.03297,697.10254
38.063465,696.63904
38.073627,696.63904
38.102676,699.032
38.11334,699.032
38.144756,699.8202
38.15486,699.8202
38.185104,699.9046
38.194935,699.9046
38.222725,700.56384
38.232853,700.56384
38.26388,701.15564
38.273987,701.15564
38.30086,701.561
38.314056,701.561
38.342583,702.1146
38.35249,702.1146
38.38223,702.28735
38.394196,702.28735
38.42293,703.36475
38.432777,703.36475
38.46163,704.3772
38.471313,704.3772
38.50226,705.0865
38.512665,705.0865
38.542503,705.514
38.557434,705.514
38.581703,706.29846
38.592197,706.29846
38.623062,706.8231
38.633614,706.8231
38.662388,707.95215
38.67206,707.95215
38.701492,708.1145
38.715984,708.1145
38.74148,709.1155
38.75174,709.1155
38.782406,710.1185
38.79257,710.1185
38.825386,710.50574
38.836067,710.50574
38.86229,711.1294
38.872417,711.1294
38.902042,711.431
38.912277,711.431
38.942547,711.65845
38.952995,711.65845
38.981636,711.9745
38.992554,711.9745
39.021572,712.04156
39.033554,712.04156
39.06378,712.21826
39.073322,712.21826
39.10345,712.22815
39.1169,712.22815
39.14187,710.42847
39.151985,710.42847
39.18179,710.4415
39.19132,710.4415
39.222622,711.1555
39.232117,711.1555
39.262398,710.6378
39.27213,710.6378
39.300907,710.6478
39.313293,710.6478
39.343475,710.7416
39.353447,710.7416
39.383076,710.1334
39.39306,710.1334
39.421318,709.36816
39.431667,709.36816
39.461926,709.1146
39.47148,709.1146
39.50169,708.8986
39.511772,708.8986
39.54274,708.92114
39.55238,708.92114
39.581314,708.30945
39.5919,708.30945
39.62248,708.44275
39.633106,708.44275
39.662018,708.2824
39.67165,708.2824
39.70299,709.50586
39.714306,709.50586
39.74163,709.17773
39.751972,709.17773
39.781116,708.2879
39.79067,708.2879
39.82193,708.2462
39.83215,708.2462
39.863132,709.54596
39.873596,709.54596
39.903366,709.6266
39.914593,709.6266
39.94209,708.9176
39.952686,708.9176
39.98154,708.7368
39.995052,708.7368
40.021793,709.0702
40.03192,709.0702
40.063,708.8462
40.072906,708.8462
40.10095,706.99963
40.112915,706.99963
40.14218,706.9011
40.152252,706.9011
40.183647,706.38574
40.19326,706.38574
40.225906,706.2617
40.24052,706.2617
40.264854,707.337
40.276684,707.337
40.302017,706.9823
40.311977,706.9823
40.342514,706.3563
40.35265,706.3563
40.38295,706.0322
40.39267,706.0322
40.42189,706.5461
40.431976,706.5461
40.462826,706.3781
40.47274,706.3781
40.50554,706.1356
40.518005,706.1356
40.542664,705.7069
40.553352,705.7069
40.581226,708.1127
40.591442,708.1127
40.622032,707.999
40.632187,707.999
40.66435,706.2827
40.67424,706.2827
40.701145,708.0355
40.7132,708.0355
40.741547,706.3352
40.75157,706.3352
40.78208,706.20795
40.791748,706.20795
40.82306,705.8417
40.832836,705.8417
40.861492,705.9431
40.875477,705.9431
40.902145,706.44507
40.913757,706.44507
40.95697,706.235
40.96709,706.235
40.987907,706.21716
41.022198,705.85944
41.03618,705.85944
41.069855,705.06775
41.081116,705.06775
41.113297,705.1052
41.142265,705.0256
41.152016,705.0256
41.181915,705.2754
41.191456,705.2754
41.22191,706.4838
41.232227,706.4838
41.26243,706.62427
41.272564,706.62427
41.30136,705.8688
41.312035,705.8688
41.343666,705.9883
41.35373,705.9883
41.38419,705.57886
41.39679,705.57886
41.421165,705.68176
41.43137,705.68176
41.46177,705.26434
41.471725,705.26434
41.50309,705.72095
41.513004,705.72095
41.54373,705.4244
41.554234,705.4244
41.585648,705.3839
41.597324,705.3839
41.621685,705.4972
41.631935,705.4972
41.66144,705.46857
41.67104,705.46857
41.701332,706.48413
41.711727,706.48413
41.743065,706.7848
41.75301,706.7848
41.781334,707.86957
41.790775,707.86957
41.82252,707.5622
41.837814,707.5622
41.86221,707.8751
41.871876,707.8751
41.901196,707.8036
41.914696,707.8036
41.942467,708.0768
41.952827,708.0768
41.982727,708.19543
41.992256,708.19543
42.021843,707.15356
42.031834,707.15356
42.062572,707.1782
42.07594,707.1782
42.10215,707.2595
42.112305,707.2595
42.14317,707.0618
42.153057,707.0618
42.181717,706.692
42.19124,706.692
42.221542,705.4898
42.231678,705.4898
42.262363,705.33734
42.272396,705.33734
42.30185,705.40564
42.311836,705.40564
42.342896,706.2218
42.35297,706.2218
42.38298,706.3379
42.394184,706.3379
42.421955,705.74866
42.43249,705.74866
42.46245,705.6693
42.472122,705.6693
42.501484,705.50305
42.513123,705.50305
42.541943,705.27155
42.552082,705.27155
42.582893,705.0493
42.593098,705.0493
42.622417,704.1735
42.63264,704.1735
42.66727,703.31775
42.67767,703.31775
42.70174,702.5132
42.71166,702.5132
42.741756,701.96045
42.757298,701.96045
42.782047,701.47107
42.79405,701.47107
42.82244,700.8563
42.83368,700.8563
42.86343,700.2397
42.873062,700.2397
42.901585,699.90247
42.91178,699.90247
42.943844,699.0357
42.958122,699.0357
42.98156,697.53467
42.991005,697.53467
43.02209,697.1026
43.032124,697.1026
43.062164,696.4053
43.072643,696.4053
43.103355,695.61884
43.11345,695.61884
43.143402,694.46765
43.1532,694.46765
43.181705,693.4019
43.191235,693.4019
43.221962,692.7662
43.23222,692.7662
43.26199,691.69495
43.27385,691.69495
43.301636,690.53577
43.31199,690.53577
43.342613,689.775
43.35274,689.775
43.382267,689.5539
43.396618,689.5539
43.421436,687.699
43.431812,687.699
43.46219,685.2745
43.47539,685.2745
43.501976,685.0524
43.51369,685.0524
43.541943,683.7666
43.55457,683.7666
43.581253,682.82825
43.591267,682.82825
43.62274,682.2123
43.63347,682.2123
43.662045,682.8047
43.671516,682.8047
43.701958,680.6815
43.711563,680.6815
43.741455,679.8093
43.752,679.8093
43.782036,679.64233
43.79163,679.64233
43.82318,679.8535
43.837593,679.8535
43.86283,678.57196
43.872417,678.57196
43.902637,678.7858
43.914726,678.7858
43.944023,676.58594
43.95429,676.58594
43.981506,676.0748
43.991024,676.0748
44.021667,676.12006
44.033165,676.12006
44.064125,675.60205
44.07391,675.60205
44.10115,675.2479
44.11059,675.2479
44.142345,675.0028
44.15178,675.0028
44.18238,674.27844
44.191902,674.27844
44.23079,673.76294
44.266182,673.3339
44.276176,673.3339
44.301884,673.01025
44.31194,673.01025
44.34218,672.88245
44.351566,672.88245
44.382534,672.6752
44.393776,672.6752
44.4224,670.41736
44.433678,670.41736
44.46376,669.90454
44.473667,669.90454
44.502647,669.4671
44.517258,669.4671
44.544746,669.0801
44.555122,669.0801
44.581387,669.55383
44.59128,669.55383
44.6215,668.4691
44.63202,668.4691
44.66345,668.6133
44.676384,668.6133
44.70161,668.1124
44.711887,668.1124
44.74306,667.4276
44.756256,667.4276
44.782536,667.50385
44.792244,667.50385
44.822372,667.06836
44.832623,667.06836
44.866238,666.7842
44.881344,666.7842
44.91566,667.68115
44.94342,667.4541
44.957333,667.4541
44.981007,666.68915
44.991035,666.68915
45.02289,667.32654
45.037323,667.32654
45.06489,667.12946
45.07507,667.12946
45.1022,666.59534
45.116207,666.59534
45.144176,665.58606
45.15407,665.58606
45.1833,665.04407
45.196495,665.04407
45.224033,665.08295
45.239223,665.08295
45.26358,664.0186
45.274868,664.0186
45.302765,663.6733
45.316395,663.6733
45.342426,662.1133
45.352238,662.1133
45.382507,660.28864
45.392918,660.28864
45.422367,659.82074
45.433117,659.82074
45.46489,659.6481
45.475174,659.6481
45.50258,659.9205
45.51332,659.9205
45.54226,659.83936
45.55632,659.83936
45.584484,659.5851
45.595173,659.5851
45.622395,659.53625
45.632835,659.53625
45.665413,659.7145
45.67577,659.7145
45.701046,660.05444
45.711407,660.05444
45.741375,660.11414
45.751907,660.11414
45.781265,659.60596
45.790745,659.60596
45.822613,660.1533
45.835247,660.1533
45.865868,661.07043
45.87562,661.07043
45.902443,661.5602
45.91254,661.5602
45.941486,661.0602
45.95148,661.0602
45.982254,660.9809
45.996906,660.9809
46.021713,661.31323
46.03232,661.31323
46.062542,661.4223
46.0725,661.4223
46.10254,661.3689
46.11322,661.3689
46.142063,661.3741
46.15227,661.3741
46.181694,661.1814
46.191803,661.1814
46.22367,661.2632
46.233196,661.2632
46.261448,660.7417
46.27184,660.7417
46.302006,660.7222
46.31442,660.7222
46.34196,662.58154
46.352283,662.58154
46.382233,662.8054
46.392136,662.8054
46.421448,663.32446
46.435818,663.32446
46.463154,663.1797
46.476254,663.1797
46.501877,663.0869
46.513184,663.0869
46.542496,660.6061
46.552513,660.6061
46.582413,660.11896
46.59296,660.11896
46.621872,660.2569
46.63265,660.2569
46.663486,662.3268
46.672943,662.3268
46.701305,660.0094
46.712326,660.0094
46.743114,659.40753
46.756897,659.40753
46.78103,659.4719
46.790607,659.4719
46.821793,662.92365
46.833103,662.92365
46.861908,663.2282
46.875496,663.2282
46.90149,663.91406
46.914185,663.91406
46.94131,664.7837
46.95168,664.7837
46.981224,665.47894
46.990814,665.47894
47.02313,663.59875
47.03405,663.59875
47.06311,663.1803
47.073708,663.1803
47.10124,662.12415
47.1112,662.12415
47.141487,661.92847
47.15095,661.92847
47.1846,661.7899
47.194454,661.7899
47.22192,663.9979
47.231804,663.9979
47.262936,664.76746
47.27303,664.76746
47.301704,663.95483
47.311787,663.95483
47.342075,665.12854
47.351986,665.12854
47.382336,663.0647
47.393326,663.0647
47.42146,661.7114
47.43306,661.7114
47.4639,661.2843
47.47391,661.2843
47.50199,661.3139
47.51209,661.3139
47.542862,662.31006
47.552425,662.31006
47.582237,661.15564
47.592396,661.15564
47.62238,661.40295
47.63237,661.40295
47.666183,661.30304
47.677437,661.30304
47.701477,661.1041
47.71124,661.1041
47.74161,660.9115
47.752686,660.9115
47.782516,662.3174
47.79219,662.3174
47.821423,664.1368
47.835564,664.1368
47.862595,661.97174
47.872105,661.97174
47.901894,661.6581
47.91216,661.6581
47.94187,661.1101
47.952057,661.1101
47.981354,660.7079
47.99087,660.7079
48.021923,663.043
48.031715,663.043
48.062134,663.08875
48.073166,663.08875
48.10173,663.8194
48.11167,663.8194
48.142254,663.7803
48.151875,663.7803
48.182396,663.74976
48.191975,663.74976
48.222725,663.6869
48.233604,663.6869
48.263012,661.7079
48.27284,661.7079
48.302067,661.7366
48.316273,661.7366
48.34319,663.30695
48.35293,663.30695
48.382374,661.70435
48.394135,661.70435
48.422558,661.6212
48.43762,661.6212
48.48,663.0066
48.491264,663.0066
48.523678,660.0388
48.550354,660.03394
48.581425,661.63184
48.591618,661.63184
48.621265,661.5405
48.636295,661.5405
48.663418,661.73694
48.674454,661.73694
48.703686,660.9817
48.713715,660.9817
48.747604,661.9816
48.757656,661.9816
48.781517,661.2803
48.793133,661.2803
48.825287,662.403
48.835835,662.403
48.86281,663.9365
48.87554,663.9365
48.904427,665.5519
48.915146,665.5519
48.942997,666.1748
48.957973,666.1748
48.98386,668.7827
48.994373,668.7827
49.02454,669.47754
49.035744,669.47754
49.067165,669.9546
49.07666,669.9546
49.101585,671.6758
49.113148,671.6758
49.14302,671.95776
49.153122,671.95776
49.184002,672.8395
49.19582,672.8395
49.223797,670.8517
49.233433,670.8517
49.26352,671.4845
49.273205,671.4845
49.30543,672.04785
49.316864,672.04785
49.34311,672.7936
49.352734,672.7936
49.38385,676.225
49.39421,676.225
49.421833,675.9945
49.432457,675.9945
49.463364,677.32184
49.473347,677.32184
49.503376,677.9767
49.51352,677.9767
49.5422,681.1821
49.552814,681.1821
49.58139,681.7833
49.591442,681.7833
49.622814,682.04297
49.634422,682.04297
49.66305,683.02026
49.674194,683.02026
49.701042,681.97
49.712025,681.97
49.749893,683.8693
49.78108,684.5666
49.790424,684.5666
49.82374,686.13635
49.833874,686.13635
49.86225,687.2731
49.872982,687.2731
49.902092,688.50415
49.91191,688.50415
49.943245,689.0425
49.953415,689.0425
49.982258,689.95374
49.99255,689.95374
50.022568,689.6791
50.032536,689.6791
50.063915,690.4205
50.073723,690.4205
50.102467,691.569
50.112686,691.569
50.141933,692.2666
50.152004,692.2666
50.182858,691.6709
50.194397,691.6709
50.226166,692.57104
50.23902,692.57104
50.263866,693.30023
50.27912,693.30023
50.30306,695.0834
50.313644,695.0834
50.341915,695.3566
50.355164,695.3566
50.382507,696.2765
50.39244,696.2765
50.42243,698.8075
50.432796,698.8075
50.462704,700.30225
50.472225,700.30225
50.502518,701.614
50.51595,701.614
50.54202,702.0221
50.552444,702.0221
50.581463,702.55023
50.591278,702.55023
50.622475,703.3667
50.63259,703.3667
50.663925,703.8632
50.673714,703.8632
50.701622,703.931
50.71157,703.931
50.744713,704.3729
50.758167,704.3729
50.781807,705.08545
50.792187,705.08545
50.823795,705.5556
50.834133,705.5556
50.86326,705.79114
50.873066,705.79114
50.90156,706.63654
50.91182,706.63654
50.94213,707.17847
50.952606,707.17847
50.986206,707.0056
50.996456,707.0056
51.023186,707.9105
51.034103,707.9105
51.063953,708.0192
51.073643,708.0192
51.10187,708.72107
51.11197,708.72107
51.143814,708.97
51.155712,708.97
51.183456,709.08826
51.193302,709.08826
51.221684,709.62036
51.23226,709.62036
51.265804,709.66095
51.279106,709.66095
51.302914,709.8075
51.313236,709.8075
51.3435,709.70764
51.35328,709.70764
51.384483,709.86255
51.39822,709.86255
51.426342,709.076
51.43612,709.076
51.46787,708.1388
51.47861,708.1388
51.50544,708.05115
51.515774,708.05115
51.542057,707.53
51.551918,707.53
51.58324,706.8107
51.595184,706.8107
51.62121,707.60266
51.633385,707.60266
51.665173,707.449
51.675293,707.449
51.701897,706.854
51.71199,706.854
51.74203,706.77893
51.75623,706.77893
51.78327,706.6837
51.793877,706.6837
51.821033,706.17163
51.831608,706.17163
51.8629,707.99945
51.8721,707.99945
51.90097,707.4554
51.91101,707.4554
51.94251,707.97095
51.952892,707.97095
51.98618,707.6083
51.99614,707.6083
52.021557,706.55176
52.031578,706.55176
52.062527,706.49097
52.073097,706.49097
52.101562,705.81683
52.111347,705.81683
52.14203,705.8824
52.15527,705.8824
52.181946,705.7945
52.19494,705.7945
52.222393,704.9155
52.23605,704.9155
52.263367,707.20795
52.27314,707.20795
52.301426,705.96313
52.311672,705.96313
52.342346,704.67804
52.35208,704.67804
52.382885,705.0361
52.392677,705.0361
52.426105,704.9403
52.435944,704.9403
52.462486,704.7739
52.47281,704.7739
52.503147,704.9856
52.51363,704.9856
52.54357,704.88086
52.553436,704.88086
52.582485,710.96356
52.59273,710.96356
52.6217,710.94055
52.631542,710.94055
52.66278,710.7107
52.67621,710.7107
52.7057,710.83105
52.716095,710.83105
52.742027,710.99115
52.75614,710.99115
52.78166,710.93286
52.79107,710.93286
52.822292,710.92926
52.833256,710.92926
52.86365,710.761
52.874607,710.761
52.901234,710.68713
52.91118,710.68713
52.941803,711.4562
52.952095,711.4562
52.981506,710.0974
52.990803,710.0974
53.021954,709.7386
53.035652,709.7386
53.061596,704.6843
53.071453,704.6843
53.101383,704.6282
53.111366,704.6282
53.14159,704.28125
53.153397,704.28125
53.18153,704.3224
53.191196,704.3224
53.22185,704.749
53.235283,704.749
53.26495,704.28125
53.27451,704.28125
53.30095,703.6514
53.31219,703.6514
53.342346,702.591
53.35251,702.591
53.382767,702.6753
53.39242,702.6753
53.42219,706.25256
53.432785,706.25256
53.463985,702.29065
53.476997,702.29065
53.502422,702.02783
53.517117,702.02783
53.54317,704.8712
53.55773,704.8712
53.582047,703.8273
53.59254,703.8273
53.62113,704.8992
53.630833,704.8992
53.66219,705.33997
53.67206,705.33997
53.70204,704.2035
53.71209,704.2035
53.741444,703.7184
53.75544,703.7184
53.782856,704.87573
53.792572,704.87573
53.821255,705.2484
53.830894,705.2484
53.864185,705.48865
53.877663,705.48865
53.901733,704.8469
53.91437,704.8469
53.94234,705.83856
53.956013,705.83856
53.982075,705.74005
53.99162,705.74005
54.02242,705.9833
54.032143,705.9833
54.062977,705.12415
54.072365,705.12415
54.101543,705.6384
54.11114,705.6384
54.14266,705.7948
54.15541,705.7948
54.18218,704.357
54.19168,704.357
54.221836,704.4371
54.23202,704.4371
54.262768,706.0675
54.27271,706.0675
54.30145,705.7224
54.31142,705.7224
54.342632,705.91583
54.35234,705.91583
54.385025,705.9058
54.39732,705.9058
54.421642,705.4136
54.43222,705.4136
54.46294,704.8335
54.473045,704.8335
54.501904,705.0281
54.512905,705.0281
54.546043,705.3278
54.559654,705.3278
54.58287,705.56635
54.5936,705.56635
54.62189,706.02637
54.63276,706.02637
54.664062,705.7834
54.674088,705.7834
54.704033,705.07477
54.716312,705.07477
54.741642,704.294
54.75697,704.294
54.78262,703.1487
54.792492,703.1487
54.82265,702.4381
54.833363,702.4381
54.863266,701.4131
54.87441,701.4131
54.90135,701.3442
54.91223,701.3442
54.94285,699.823
54.95379,699.823
54.986862,698.2717
54.998882,698.2717
55.02269,697.65894
55.035328,697.65894
55.065823,697.70844
55.07878,697.70844
55.102116,696.1499
55.113308,696.1499
55.142357,695.3809
55.152306,695.3809
55.182938,694.1195
55.19352,694.1195
55.228405,693.3082
55.24229,693.3082
55.277084,692.5039
55.307728,691.9652
55.31713,691.9652
55.34506,691.47437
55.354576,691.47437
55.388268,691.01245
55.39848,691.01245
55.42621,690.0927
55.437283,690.0927
55.468437,688.91345
55.483402,688.91345
55.51406,688.5582
55.542824,687.9695
55.552887,687.9695
55.584297,688.04407
55.594265,688.04407
55.627342,685.2202
55.637012,685.2202
55.662544,684.761
55.677414,684.761
55.702877,682.7311
55.715843,682.7311
55.74633,682.6736
55.759804,682.6736
55.782112,680.3235
55.79545,680.3235
55.822968,679.9879
55.833546,679.9879
55.863434,678.703
55.873474,678.703
55.90182,677.3477
55.91468,677.3477
55.943657,677.0967
55.95416,677.0967
55.981777,676.5261
55.991272,676.5261
56.02162,676.83374
56.034817,676.83374
56.062626,676.6257
56.0722,676.6257
56.1047,676.55286
56.11506,676.55286
56.141853,675.62494
56.15512,675.62494
56.185333,674.8139
56.198803,674.8139
56.222263,674.6315
56.232643,674.6315
56.26786,675.6633
56.2778,675.6633
56.302593,673.43677
56.31294,673.43677
56.344414,672.12476
56.358444,672.12476
56.38142,673.07715
56.391396,673.07715
56.42358,675.13086
56.43428,675.13086
56.46359,675.2147
56.473373,675.2147
56.502384,675.058
56.512333,675.058
56.54264,674.67896
56.552406,674.67896
56.58161,673.2229
56.591698,673.2229
56.622005,673.7788
56.63196,673.7788
56.663967,671.49146
56.677574,671.49146
56.7017,668.03186
56.711636,668.03186
56.7418,668.9403
56.752087,668.9403
56.781796,668.95905
56.791298,668.95905
56.821655,671.503
56.834866,671.503
56.864532,670.9374
56.878223,670.9374
56.90111,674.6703
56.910896,674.6703
56.942795,674.5864
56.953617,674.5864
56.981518,672.9991
56.99112,672.9991
57.02276,673.5758
57.032715,673.5758
57.063156,669.20605
57.074753,669.20605
57.10239,674.43243
57.112278,674.43243
57.141872,669.02905
57.156803,669.02905
57.184048,668.94763
57.198853,668.94763
57.22224,668.9754
57.232487,668.9754
57.263336,668.20703
57.27328,668.20703
57.301945,668.11523
57.312084,668.11523
57.342953,669.15497
57.352673,669.15497
57.38199,670.6426
57.392258,670.6426
57.422142,670.20447
57.432693,670.20447
57.46144,670.3766
57.473175,670.3766
57.50204,669.10376
57.51512,669.10376
57.542084,669.2362
57.557125,669.2362
57.582157,668.7956
57.59242,668.7956
57.623474,667.78784
57.636982,667.78784
57.662563,667.8063
57.672226,667.8063
57.702106,668.81116
57.71185,668.81116
57.741795,668.58875
57.752224,668.58875
57.781273,668.76105
57.79059,668.76105
57.82228,668.7378
57.83312,668.7378
57.86613,664.9514
57.876476,664.9514
57.901955,664.23486
57.91228,664.23486
57.94199,664.96497
57.952248,664.96497
57.98213,664.48615
57.99174,664.48615
58.02154,665.9227
58.03171,665.9227
58.06236,665.73596
58.07245,665.73596
58.1025,665.80994
58.11206,665.80994
58.142853,665.8384
58.15242,665.8384
58.183323,665.856
58.193348,665.856
58.221313,666.54456
58.231808,666.54456
58.266506,665.6425
58.276157,665.6425
58.301323,665.1151
58.312237,665.1151
58.342724,663.98254
58.352413,663.98254
58.38683,664.5741
58.400433,664.5741
58.422215,663.97144
58.43264,663.97144
58.463318,665.29565
58.473064,665.29565
58.501553,664.5083
58.511562,664.5083
58.54583,666.9573
58.55562,666.9573
58.58159,663.79675
58.591316,663.79675
58.62237,664.4175
58.63263,664.4175
58.661945,665.2648
58.675556,665.2648
58.701824,665.2195
58.71192,665.2195
58.741558,665.3738
58.75182,665.3738
58.781185,666.2832
58.791,666.2832
58.824055,668.9337
58.83451,668.9337
58.86349,669.134
58.87765,669.134
58.901264,670.6245
58.914978,670.6245
58.941875,670.00806
58.95243,670.00806
58.982494,666.81104
58.99251,666.81104
59.02154,665.81195
59.031796,665.81195
59.062794,665.79364
59.072906,665.79364
59.101875,665.62714
59.111908,665.62714
59.14215,667.2312
59.151775,667.2312
59.16,667.2312
