0.26227826,520.3
0.27326152,520.3
0.28814363,520.3
0.30530444,521.25
0.32268712,521.25
0.3391852,521.25
0.3551747,521.25
0.37845245,519.73334
0.3912798,519.73334
0.40644976,519.73334
0.42321065,519.73334
0.43972522,519.73334
0.45951805,520.2143
0.47213084,520.2143
0.49065128,520.2143
0.5065116,520.2143
0.52330697,520.2143
0.54009086,520.26666
0.556005,520.26666
0.5735848,520.5
0.5877837,520.5
0.60704714,521.2105
0.6227706,521.2105
0.6388084,521.2105
0.6583256,520.1667
0.672138,520.1667
0.689117,520.2353
0.7051369,520.2353
0.7219254,520.2353
0.73892355,520.44446
0.7557797,520.44446
0.7733441,520.4
0.78864557,520.4
0.8060695,520.5833
0.82389927,520.5833
0.83962655,520.5833
0.8560908,520.5
0.87149626,520.5
0.8901677,519.6667
0.90448326,519.6667
0.9221025,519.6667
0.94057727,518.35
0.95693,518.35
0.9735669,518.35
0.98949635,518.35
1.0060993,518.381
1.0234957,518.381
1.0392661,518.381
1.0597476,518.381
1.0729578,518.381
1.0902878,518.3
1.1058327,518.3
1.1236448,518.3
1.1397134,517.9167
1.1560633,517.9167
1.1743377,518.6923
1.1894591,518.6923
1.2104337,518.6923
1.2236632,518.6923
1.2380021,518.6923
1.2572334,516.8333
1.2723504,516.8333
1.2912623,516.8333
1.3065327,516.8333
1.3229995,516.8333
1.339869,516.7059
1.3560405,516.7059
1.3742512,516.7059
1.3894395,516.7059
1.4069899,517.3077
1.4243891,517.3077
1.4404696,517.3077
1.4640858,517.3077
1.4730883,517.3077
1.491889,518.55554
1.5066593,518.55554
1.5229087,518.55554
1.541851,517.8333
1.5567563,517.8333
1.5784359,517.8461
1.5899901,517.8461
1.6061957,517.0
1.6249884,517.0
1.6402292,517.0
1.6581256,517.4
1.6727936,517.4
1.6913021,517.4
1.706187,517.4
1.7234838,517.4
1.7404883,516.7273
1.7564158,516.7273
1.7744749,517.3077
1.7902927,517.3077
1.8063767,516.6875
1.8239465,516.6875
1.8399116,516.6875
1.857696,516.2941
1.872896,516.2941
1.8917081,515.73334
1.9067682,515.73334
1.9231975,515.73334
1.9410741,516.75
1.9562869,516.75
1.9748324,516.6667
1.9894261,516.6667
2.0077078,516.75
2.0234444,516.75
2.040238,516.75
2.0586505,518.2727
2.073459,518.2727
2.0924046,518.1
2.1063251,518.1
2.124121,518.1
2.142125,517.7143
2.156134,517.7143
2.174495,517.3333
2.189195,517.3333
2.2063072,516.0
2.2245028,516.0
2.2395227,516.0
2.258723,516.5714
2.2743185,516.5714
2.2990334,516.5
2.3085248,516.5
2.3248549,516.5
2.343587,516.5
2.3591015,516.5
2.3796034,516.5
2.3921356,516.5
2.4084833,516.5
2.4262772,516.5
2.4410834,516.5
2.4636045,516.5
2.4760058,516.5
2.4975514,516.5
2.5081918,516.5
2.5267296,516.7857
2.542992,516.7857
2.5578096,516.7857
2.5772634,516.7857
2.592636,516.7857
2.6081622,516.9286
2.6265423,516.9286
2.6411488,516.9286
2.659783,516.9286
2.6753254,516.9286
2.694077,517.1
2.708047,517.1
2.7258568,517.1
2.7423508,517.1
2.7583106,517.1
2.7762203,517.1
2.7924137,517.1
2.8087785,515.9
2.8261168,515.9
2.8416376,515.9
2.8604777,518.875
2.8754551,518.875
2.8929663,519.2941
2.9076748,519.2941
2.9260404,519.1539
2.9425912,519.1539
2.9589725,519.1539
2.9769332,520.1579
2.991856,520.1579
3.0105033,521.3333
3.0250711,521.3333
3.0424027,521.3333
3.059997,520.3333
3.075362,520.3333
3.0927122,521.375
3.1080637,521.375
3.1244092,522.9167
3.1420424,522.9167
3.1575286,522.9167
3.1775858,522.8
3.1914692,522.8
3.210081,523.9167
3.225665,523.9167
3.2421148,523.9167
3.2590356,523.0
3.2746513,523.0
3.2916517,523.8
3.3085492,523.8
3.3259711,524.7273
3.3431993,524.7273
3.358256,524.7273
3.3774831,525.8333
3.3924239,525.8333
3.4098003,526.3571
3.4246764,526.3571
3.4417233,526.3571
3.4606104,527.5625
3.4757445,527.5625
3.4934838,527.7143
3.5084023,527.7143
3.5263395,527.25
3.5425336,527.25
3.558712,527.25
3.5780084,529.5
3.5924153,529.5
3.608893,529.4
3.6252341,529.4
3.6421106,529.4
3.659852,530.1818
3.6751354,530.1818
3.6926985,530.1539
3.7087514,530.1539
3.7263885,531.7273
3.743326,531.7273
3.758617,531.7273
3.7796307,532.1667
3.7910829,532.1667
3.8091645,532.0
3.8254693,532.0
3.8409061,532.0
3.8587444,533.05884
3.874445,533.05884
3.894052,534.0
3.9085152,534.0
3.9260159,534.5
3.942667,534.5
3.9586544,534.5
3.9776268,535.35
3.9918175,535.35
4.010154,535.3889
4.0252852,535.3889
4.043011,535.3889
4.059899,535.38464
4.075361,535.38464
4.095975,536.6667
4.1082554,536.6667
4.124517,537.8889
4.1423397,537.8889
4.159255,537.8889
4.1769505,538.3571
4.192176,538.3571
4.209881,538.8125
4.2256274,538.8125
4.240814,538.8125
4.258834,539.4167
4.2754083,539.4167
4.293413,542.125
4.30925,542.125
4.326039,542.1111
4.342475,542.1111
4.3585706,542.1111
4.3777304,541.44446
4.392411,541.44446
4.4100814,544.2222
4.4253993,544.2222
4.44253,544.2222
4.4591837,543.2857
4.4758387,543.2857
4.492865,543.3571
4.5088983,543.3571
4.5250254,543.0
4.5427003,543.0
4.5616555,543.0
4.5763464,544.5
4.5912356,544.5
4.6194053,544.3333
4.6316276,544.3333
4.646579,544.1111
4.661728,544.1111
4.677717,544.1111
4.6998816,544.7857
4.711328,544.7857
4.727662,544.9167
4.7455807,544.9167
4.762134,544.9167
4.7800303,545.3333
4.7958226,545.3333
4.8126335,547.1667
4.8288226,547.1667
4.8462086,547.8461
4.862971,547.8461
4.879246,547.8461
4.8975253,547.7143
4.911602,547.7143
4.9304233,547.0
4.9456224,547.0
4.961893,547.0
4.980742,549.3077
4.995607,549.3077
5.0137205,548.9474
5.0291004,548.9474
5.045215,549.8182
5.0628214,549.8182
5.0789614,549.8182
5.09473,549.8461
5.1111207,549.8461
5.1304383,551.0769
5.1445374,551.0769
5.163443,551.0769
5.17883,550.7143
5.195799,550.7143
5.2126827,551.6
5.2288265,551.6
5.246932,552.75
5.262173,552.75
5.27884,552.75
5.2976775,553.2143
5.311532,553.2143
5.3285017,555.1667
5.345815,555.1667
5.3613687,555.1667
5.379198,555.64703
5.395403,555.64703
5.4133153,556.0769
5.4275384,556.0769
5.4464383,557.7692
5.462244,557.7692
5.4776053,557.7692
5.4978576,557.2222
5.511822,557.2222
5.5307827,557.7
5.545001,557.7
5.561875,557.7
5.581871,558.4167
5.5961576,558.4167
5.6204133,560.3
5.6311893,560.3
5.646896,561.4211
5.6640115,561.4211
5.680752,561.4211
5.699549,561.875
5.7121477,561.875
5.7312255,562.1539
5.746277,562.1539
5.762343,562.1539
5.7811584,563.1667
5.795224,563.1667
5.813134,563.6429
5.828048,563.6429
5.8459234,563.1818
5.863447,563.1818
5.878622,563.1818
5.897761,564.6429
5.913597,564.6429
5.9318724,565.4375
5.9457803,565.4375
5.9627748,565.4375
5.9805937,564.375
5.995711,564.375
6.0138965,564.8571
6.029987,564.8571
6.0463114,564.55554
6.0629005,564.55554
6.080019,564.55554
6.10305,564.55554
6.11958,564.55554
6.1375065,565.0
6.1499705,565.0
6.166877,565.0
6.184425,565.0
6.201591,565.0
6.2152185,564.4286
6.2302494,564.4286
6.2475805,563.8333
6.264452,563.8333
6.280957,563.8333
6.2989297,563.6
6.315235,563.6
6.33311,565.0
6.348603,565.0
6.363825,565.0
6.381529,565.6667
6.3977804,565.6667
6.4149323,565.6667
6.4303412,565.6667
6.447132,565.5455
6.464501,565.5455
6.4805613,565.5455
6.4991074,565.5455
6.5138254,565.5455
6.5318418,565.46155
6.5480304,565.46155
6.563958,565.46155
6.581867,565.46155
6.598219,565.46155
6.615116,564.5
6.6322727,564.5
6.6482487,564.5
6.664997,564.5
6.680487,564.5
6.6983776,565.5
6.7144127,565.5
6.7333193,565.0
6.7471747,565.0
6.7661076,565.375
6.782117,565.375
6.7980137,565.375
6.8152537,565.375
6.8312387,565.375
6.8486657,565.55554
6.865596,565.55554
6.8825836,565.55554
6.8999257,565.5
6.914817,565.5
6.931901,564.5
6.9474077,564.5
6.9638467,564.5
6.982404,562.93335
6.9981937,562.93335
7.016035,563.8
7.0309763,563.8
7.049028,563.8
7.0648994,563.8
7.079994,563.8
7.099465,563.8
7.114676,563.8
7.137939,562.5455
7.14962,562.5455
7.1644535,562.5455
7.182622,562.0
7.1977315,562.0
7.216543,561.8
7.2312603,561.8
7.2475452,561.8333
7.265275,561.8333
7.2805877,561.8333
7.2985888,563.0
7.3141165,563.0
7.331919,563.9091
7.3473864,563.9091
7.364647,563.5
7.3822966,563.5
7.3989954,563.5
7.416577,562.2857
7.4464984,562.2857
7.459604,562.2857
7.4721613,562.2857
7.489702,563.2222
7.506022,563.2222
7.522548,563.2222
7.540244,563.2222
7.5550203,563.2222
7.574582,563.0
7.589735,563.0
7.606117,563.0
7.623874,563.0
7.6379967,563.0
7.6573114,563.46155
7.671949,563.46155
7.695015,563.46155
7.705718,563.46155
7.7236776,563.46155
7.7401886,564.1429
7.755745,564.1429
7.774364,564.1429
7.7900553,564.1429
7.806069,563.53845
7.823436,563.53845
7.8389983,563.53845
7.856844,563.53845
7.8726406,563.53845
7.8911424,563.1429
7.9060774,563.1429
7.9222136,563.1429
7.940196,562.7692
7.956427,562.7692
7.973533,564.7273
7.9892654,564.7273
8.005971,564.1667
8.023172,564.1667
8.038269,564.1667
8.057449,563.7778
8.07311,563.7778
8.089938,563.7778
8.105887,563.7778
8.122311,563.7778
8.138891,564.3333
8.171157,564.3333
8.184522,564.3333
8.198163,564.3333
8.214667,563.25
8.230568,563.25
8.247872,562.5
8.264314,562.5
8.279908,562.5
8.297494,562.36365
8.3138275,562.36365
8.33168,563.4
8.347183,563.4
8.364413,563.4
8.382117,561.4286
8.396422,561.4286
8.416418,559.6923
8.430427,559.6923
8.454008,559.75
8.464546,559.75
8.480628,559.75
8.497527,558.61536
8.514508,558.61536
8.53136,557.7857
8.546578,557.7857
8.563795,557.7857
8.581501,556.8461
8.596674,556.8461
8.61495,556.6111
8.630894,556.6111
8.648099,555.4667
8.664837,555.4667
8.680377,555.4667
8.698157,555.46155
8.714234,555.46155
8.732454,555.0
8.7476845,555.0
8.764404,554.875
8.781971,554.875
8.797177,554.875
8.815795,552.25
8.831311,552.25
8.853743,553.3333
8.868086,553.3333
8.883583,553.3333
8.9021225,553.36365
8.916498,553.36365
8.936032,550.0
8.950464,550.0
8.9682,549.0
8.984243,549.0
9.00086,549.0
9.017726,548.2727
9.032693,548.2727
9.05183,547.375
9.067111,547.375
9.08417,547.375
9.10172,546.5
9.117591,546.5
9.135593,547.0
9.149689,547.0
9.168046,545.3333
9.18495,545.3333
9.200244,545.3333
9.219109,545.06665
9.234242,545.06665
9.252451,545.4545
9.267559,545.4545
9.284595,546.0
9.300687,546.0
9.317588,546.0
9.335455,544.1667
9.349052,544.1667
9.366822,543.0
9.384805,543.0
9.400049,543.0
9.419368,541.875
9.434179,541.875
9.451213,542.7692
9.4675255,542.7692
9.484426,542.53845
9.5011835,542.53845
9.517852,542.53845
9.535685,541.5
9.550766,541.5
9.569825,540.93335
9.584298,540.93335
9.600691,540.93335
9.618449,540.35297
9.633127,540.35297
9.6517,538.0909
9.667801,538.0909
9.684008,539.53845
9.701748,539.53845
9.716976,539.53845
9.735039,538.8571
9.7511015,538.8571
9.767908,539.25
9.785681,539.25
9.800234,539.25
9.819341,537.2
9.833783,537.2
9.851645,536.125
9.867422,536.125
9.88598,537.2
9.901145,537.2
9.917634,537.2
9.935985,535.9
9.950822,535.9
9.967691,535.75
9.983516,535.75
10.00083,535.75
10.017698,534.875
10.032954,534.875
10.05171,533.61536
10.068035,533.61536
10.084098,533.6429
10.101405,533.6429
10.116739,533.6429
10.138791,534.4167
10.14964,534.4167
10.166988,533.0909
10.184337,533.0909
10.199682,533.0909
10.219074,533.2
10.233695,533.2
10.25213,532.9167
10.267001,532.9167
10.283764,532.9167
10.301547,532.3
10.31721,532.3
10.334761,532.2143
10.3504,532.2143
10.3665495,532.1111
10.384278,532.1111
10.400407,532.1111
10.417703,531.1177
10.433715,531.1177
10.456866,531.6667
10.466556,531.6667
10.488293,531.06665
10.50233,531.06665
10.5165415,531.06665
10.535576,529.8125
10.549475,529.8125
10.5665455,529.7143
10.585588,529.7143
10.600346,529.7143
10.617293,528.8333
10.633274,528.8333
10.652355,529.35297
10.667099,529.35297
10.687679,529.15
10.703458,529.15
10.717001,529.15
10.734694,528.6875
10.74975,528.6875
10.767386,528.0714
10.783872,528.0714
10.80036,528.0714
10.818292,529.2222
10.83353,529.2222
10.851718,527.75
10.867396,527.75
10.883568,527.75
10.901188,526.0
10.917135,526.0
10.936122,525.1
10.951087,525.1
10.966753,524.5714
10.985483,524.5714
11.00097,524.5714
11.01901,526.2
11.034858,526.2
11.052535,526.3077
11.06761,526.3077
11.084863,526.25
11.1024065,526.25
11.117575,526.25
11.140602,526.0
11.150487,526.0
11.167933,525.3333
11.184461,525.3333
11.20079,525.3333
11.218049,525.3333
11.232989,525.3333
11.256785,526.0
11.266883,526.0
11.284142,525.6
11.303271,525.6
11.316604,525.6
11.3348255,525.9
11.350023,525.9
11.3673115,525.9
11.384929,525.9
11.400582,525.9
11.418784,525.05884
11.433756,525.05884
11.452485,525.1429
11.467837,525.1429
11.485473,525.1429
11.5023775,525.0
11.516449,525.0
11.534277,524.9375
11.551961,524.9375
11.568231,523.8
11.584965,523.8
11.600947,523.8
11.619005,523.125
11.633637,523.125
11.651059,523.8333
11.667266,523.8333
11.684418,523.25
11.700197,523.25
11.716531,523.25
11.735487,522.6923
11.750247,522.6923
11.772522,522.5
11.785344,522.5
11.801365,522.5
11.81827,522.6
11.834484,522.6
11.851574,523.25
11.867442,523.25
11.884442,523.6667
11.900345,523.6667
11.917099,523.6667
11.934956,522.38464
11.950097,522.38464
11.967339,523.6667
11.984858,523.6667
12.000442,523.6667
12.017863,523.86664
12.033831,523.86664
12.053163,522.5238
12.068204,522.5238
12.084282,522.5238
12.102131,522.5238
12.117196,522.5238
12.135688,523.2353
12.150047,523.2353
12.168599,523.2353
12.185143,523.2353
12.200779,523.2353
12.218871,523.2
12.23388,523.2
12.251825,523.2
12.267869,523.2
12.283079,523.2
12.301811,523.6
12.317027,523.6
12.335039,523.6
12.35118,523.6
12.368278,523.5333
12.384586,523.5333
12.400124,523.5333
12.417924,523.5333
12.433081,523.5333
12.451218,523.5294
12.468186,523.5294
12.484006,522.95
12.500805,522.95
12.517587,522.95
12.534623,522.7222
12.549827,522.7222
12.568101,522.6087
12.585587,522.6087
12.599361,522.6087
12.618218,522.3077
12.633743,522.3077
12.652021,522.3077
12.666741,522.3077
12.682944,522.3077
12.701664,524.0
12.716787,524.0
12.734811,524.0
12.750021,524.0
12.767684,522.55554
12.783421,522.55554
12.800682,522.55554
12.818786,522.3
12.833556,522.3
12.851618,522.7778
12.867652,522.7778
12.884888,522.1429
12.90145,522.1429
12.916876,522.1429
12.9377775,522.94116
12.951014,522.94116
12.96669,522.2857
12.983936,522.2857
13.000299,522.2857
13.01931,522.9167
13.033489,522.9167
13.052162,523.4545
13.066942,523.4545
13.086763,523.4545
13.102316,522.73334
13.117118,522.73334
13.135867,522.73334
13.150617,522.73334
13.167764,523.4167
13.184147,523.4167
13.201196,523.4167
13.218682,523.4167
13.23389,523.4167
13.250882,522.36365
13.26635,522.36365
13.284783,521.9
13.3007555,521.9
13.317617,521.9
13.337629,521.55554
13.351075,521.55554
13.367742,521.0833
13.384384,521.0833
13.400614,521.0833
13.418635,521.75
13.433669,521.75
13.451468,521.75
13.46667,521.75
13.484584,522.0
13.501469,522.0
13.516781,522.0
13.5368,522.0
13.550813,522.0
13.568137,520.93335
13.584624,520.93335
13.600876,520.93335
13.61845,520.93335
13.633839,520.93335
13.650915,521.5714
13.667055,521.5714
13.683183,521.5714
13.701929,521.5714
13.717163,521.5714
13.733752,521.1177
13.750524,521.1177
13.76681,521.1177
13.785252,521.1177
13.801412,521.1177
13.819309,521.2222
13.83477,521.2222
13.851587,521.2222
13.866985,521.2222
13.88305,521.2222
13.901747,520.7222
13.917277,520.7222
13.935213,520.3158
13.950982,520.3158
13.967556,519.6842
13.9852295,519.6842
14.000706,519.6842
14.018933,521.5294
14.034014,521.5294
14.056607,520.94116
14.067757,520.94116
14.084213,520.94116
14.101777,520.8125
14.117212,520.8125
14.134584,521.3684
14.150176,521.3684
14.167223,521.3684
14.185209,521.3684
14.20156,521.3684
14.219345,521.6667
14.233428,521.6667
14.250628,521.3
14.2676325,521.3
14.283879,522.36365
14.301757,522.36365
14.316815,522.36365
14.334524,522.75
14.349625,522.75
14.36843,522.6667
14.384802,522.6667
14.400192,522.6667
14.419221,522.8
14.434391,522.8
14.452319,522.3
14.467313,522.3
14.484592,523.0
14.502284,523.0
14.516494,523.0
14.534094,524.25
14.5519085,524.25
14.568075,523.8125
14.584398,523.8125
14.600082,523.8125
14.617902,525.75
14.632932,525.75
14.652034,525.8125
14.667099,525.8125
14.684483,526.5714
14.70122,526.5714
14.71652,526.5714
14.735334,527.1111
14.750511,527.1111
14.7680025,528.3
14.784404,528.3
14.801421,528.3
14.8180065,528.2
14.833239,528.2
14.852997,529.8571
14.867171,529.8571
14.883459,529.8571
14.901125,528.2
14.917005,528.2
14.935848,527.4167
14.95005,527.4167
14.967938,527.8461
14.983897,527.8461
15.000885,527.8461
15.018777,530.0
15.034318,530.0
15.052474,529.1667
15.0674925,529.1667
15.084537,529.7857
15.101151,529.7857
15.116747,529.7857
15.135025,530.9091
15.150951,530.9091
15.168392,529.6667
15.185059,529.6667
15.201403,529.6667
15.219458,531.61536
15.234333,531.61536
15.251541,531.875
15.267762,531.875
15.284092,533.4286
15.30101,533.4286
15.316959,533.4286
15.334884,534.9286
15.351119,534.9286
15.366694,534.82355
15.384637,534.82355
15.400387,534.82355
15.417412,535.36365
15.434433,535.36365
15.452171,536.5833
15.466604,536.5833
15.483803,536.5833
15.501519,536.0
15.516181,536.0
15.534804,537.2222
15.550299,537.2222
15.568228,537.17645
15.584874,537.17645
15.601245,537.17645
15.619074,538.1053
15.634119,538.1053
15.6521015,539.7
15.667509,539.7
15.68474,538.75
15.701309,538.75
15.717224,538.75
15.735245,540.5
15.7512865,540.5
15.7674885,542.6667
15.784852,542.6667
15.800652,542.6667
15.818597,542.375
15.833521,542.375
15.8516445,542.2857
15.866569,542.2857
15.88381,542.2857
15.901479,542.5333
15.916571,542.5333
15.935654,543.2857
15.951568,543.2857
15.974313,545.8
15.985399,545.8
16.000814,545.8
16.018827,545.61536
16.034906,545.61536
16.051867,546.55554
16.06773,546.55554
16.083824,547.6
16.101511,547.6
16.116993,547.6
16.13543,546.8
16.149931,546.8
16.168344,547.8889
16.185211,547.8889
16.201916,547.8889
16.219572,547.1667
16.234488,547.1667
16.253325,548.0714
16.267881,548.0714
16.283096,548.0714
16.30075,547.73334
16.317091,547.73334
16.335838,548.0
16.350756,548.0
16.367043,549.13336
16.385715,549.13336
16.401102,549.13336
16.41916,549.375
16.434881,549.375
16.4526,550.04
16.468035,550.04
16.484694,550.4
16.50238,550.4
16.516567,550.4
16.539398,551.4286
16.550823,551.4286
16.572277,550.93335
16.586067,550.93335
16.601397,550.93335
16.627024,552.7692
16.636734,552.7692
16.655214,554.3333
16.669533,554.3333
16.686504,553.3077
16.705069,553.3077
16.7202,553.3077
16.737185,554.1818
16.753132,554.1818
16.769419,554.1111
16.78722,554.1111
16.804386,554.875
16.81962,554.875
16.836615,554.875
16.853836,555.0909
16.869312,555.0909
16.908978,556.8182
16.92058,556.8182
16.935493,556.63635
16.951593,556.63635
16.973652,557.5714
16.98743,557.5714
17.003428,557.5714
17.020477,557.5714
17.034943,557.5714
17.057186,558.4545
17.0697,558.4545
17.085302,557.8947
17.10235,557.8947
17.118198,557.8947
17.13677,558.5625
17.150955,558.5625
17.168442,558.7
17.186218,558.7
17.201092,558.7
17.22011,559.0
17.23508,559.0
17.253098,558.875
17.267113,558.875
17.28445,560.06665
17.302008,560.06665
17.317411,560.06665
17.336063,559.8461
17.352312,559.8461
17.368773,559.8461
17.385206,559.8461
17.401072,559.8461
17.420107,559.82355
17.434946,559.82355
17.453228,559.82355
17.467514,559.82355
17.48597,559.4
17.502733,559.4
17.518875,559.4
17.536505,559.5625
17.550726,559.5625
17.576145,561.26666
17.585201,561.26666
17.602243,561.26666
17.62544,560.625
17.635721,560.625
17.652319,560.4167
17.668587,560.4167
17.686085,560.5
17.70231,560.5
17.717451,560.5
17.73549,560.6429
17.751469,560.6429
17.768808,560.9286
17.785177,560.9286
17.801615,560.9286
17.820093,560.3333
17.834818,560.3333
17.855698,561.5
17.869394,561.5
17.885635,562.1429
17.901499,562.1429
17.917917,562.1429
17.937237,559.25
17.95288,559.25
17.974989,560.875
17.985687,560.875
18.003744,560.875
18.019444,555.5
18.035606,555.5
18.053377,561.5
18.068396,561.5
18.08762,559.1111
18.104126,559.1111
18.118242,559.1111
18.136782,559.5
18.152378,559.5
18.169962,558.125
18.187468,558.125
18.202368,558.125
18.220333,557.6
18.23593,557.6
18.253168,558.06665
18.268435,558.06665
18.28511,557.1667
18.303747,557.1667
18.317963,557.1667
18.338531,557.3333
18.35166,557.3333
18.367659,557.1667
18.385944,557.1667
18.401318,557.1667
18.418417,558.0
18.434233,558.0
18.45365,558.5333
18.469486,558.5333
18.48448,558.5333
18.50282,558.5333
18.51877,558.5333
18.536942,558.8333
18.551653,558.8333
18.569973,558.8333
18.586088,558.8333
18.602287,558.8333
18.618977,558.3125
18.635412,558.3125
18.655188,558.3125
18.670128,558.3125
18.685526,558.2857
18.702484,558.2857
18.719269,558.2857
18.737028,558.2857
18.752014,558.2857
18.76886,558.2222
18.785137,558.2222
18.802053,558.2222
18.819376,558.2222
18.83523,558.2222
18.853386,558.8889
18.868479,558.8889
18.88458,558.8889
18.902073,558.9
18.91844,558.9
18.936575,558.8461
18.951918,558.8461
18.977116,559.0833
18.986012,559.0833
19.00172,559.0833
19.020784,557.75
19.03526,557.75
19.053595,558.55554
19.06954,558.55554
19.086136,557.8
19.103535,557.8
19.118935,557.8
19.140167,558.4286
19.15291,558.4286
19.174744,558.1
19.185513,558.1
19.202578,558.1
19.220211,557.5
19.235481,557.5
19.25344,558.3333
19.269667,558.3333
19.28608,558.3333
19.303413,558.3333
19.31896,558.3333
19.336906,556.7857
19.352169,556.7857
19.36861,557.06665
19.386162,557.06665
19.403791,557.06665
19.420515,556.13336
19.43673,556.13336
19.45857,556.4167
19.4707,556.4167
19.48674,557.4
19.505316,557.4
19.52014,557.4
19.53722,557.4
19.553045,557.4
19.568794,556.7273
19.588173,556.7273
19.604424,556.7273
19.621546,556.3333
19.635948,556.3333
19.655033,556.36365
19.670599,556.36365
19.686409,556.75
19.70433,556.75
19.720297,556.75
19.736933,555.0
19.7524,555.0
19.769737,555.625
19.786531,555.625
19.80286,555.625
19.82122,554.4
19.836311,554.4
19.854094,554.3333
19.870096,554.3333
19.886242,553.6667
19.902672,553.6667
19.91949,553.6667
19.938005,553.6667
19.953402,553.6667
19.973026,553.9091
19.987509,553.9091
20.003593,553.9091
20.022188,554.7
20.037632,554.7
20.05472,554.1539
20.082352,554.1539
20.09567,550.5
20.109709,550.5
20.127031,553.1111
20.143341,553.1111
20.158897,553.1111
20.179142,553.2857
20.192064,553.2857
20.209177,553.2
20.226751,553.2
20.241608,553.2
20.258642,553.0
20.274546,553.0
20.293314,552.3333
20.309704,552.3333
20.329876,552.35297
20.342747,552.35297
20.359032,552.35297
20.376316,550.9
20.39172,550.9
20.40843,549.25
20.42593,549.25
20.442398,549.25
20.459307,550.7778
20.475012,550.7778
20.492744,549.55554
20.50863,549.55554
20.52452,547.3
20.542099,547.3
20.558542,547.3
20.57523,547.4545
20.591682,547.4545
20.611214,548.3
20.625984,548.3
20.642673,548.3
20.661726,547.5455
20.676653,547.5455
20.69587,546.0
20.70972,546.0
20.726053,546.1818
20.743011,546.1818
20.75972,546.1818
20.780144,544.4286
20.793688,544.4286
20.812374,544.1905
20.825888,544.1905
20.841715,544.1905
20.859858,544.5
20.87477,544.5
20.894312,543.6667
20.907827,543.6667
20.924578,541.3077
20.943026,541.3077
20.958218,541.3077
20.976227,542.1177
20.991228,542.1177
21.00893,540.6
21.02534,540.6
21.042559,540.6
21.060255,542.0769
21.075386,542.0769
21.09836,540.1667
21.108477,540.1667
21.125973,540.625
21.143068,540.625
21.157938,540.625
21.17637,540.1
21.190794,540.1
21.207426,538.4667
21.226116,538.4667
21.24148,538.4667
21.259214,537.8125
21.275158,537.8125
21.299553,536.8889
21.308825,536.8889
21.326027,537.6429
21.342659,537.6429
21.358683,537.6429
21.37574,537.0
21.392889,537.0
21.414576,536.3333
21.425808,536.3333
21.442722,536.3333
21.459045,534.5263
21.474564,534.5263
21.49235,534.4286
21.508713,534.4286
21.526035,534.6
21.542423,534.6
21.557238,534.6
21.57611,533.6667
21.592005,533.6667
21.610115,533.1539
21.625933,533.1539
21.642103,533.1539
21.659735,534.1818
21.67408,534.1818
21.693058,533.6923
21.709166,533.6923
21.724918,531.8461
21.742487,531.8461
21.758387,531.8461
21.775425,530.5833
21.792387,530.5833
21.80784,530.2941
21.826305,530.2941
21.841928,530.2941
21.859415,529.625
21.874952,529.625
21.894615,529.875
21.907837,529.875
21.925924,529.0
21.942448,529.0
21.958345,529.0
21.976864,528.5294
21.991394,528.5294
22.00828,528.0909
22.025759,528.0909
22.04219,528.0909
22.060984,528.3333
22.076117,528.3333
22.09852,527.5714
22.109583,527.5714
22.1268,528.0
22.14336,528.0
22.158478,528.0
22.176674,528.0
22.190538,528.0
22.210894,526.0
22.224981,526.0
22.241562,526.0
22.259138,525.25
22.275156,525.25
22.293133,524.7692
22.30923,524.7692
22.324997,525.0
22.343523,525.0
22.358597,525.0
22.376102,524.5714
22.391954,524.5714
22.409447,523.0
22.425268,523.0
22.44235,523.0
22.459984,523.46155
22.474344,523.46155
22.492586,522.75
22.508377,522.75
22.526068,524.0
22.542814,524.0
22.55881,524.0
22.57689,523.7
22.59241,523.7
22.610167,522.6667
22.626228,522.6667
22.641727,522.6667
22.658752,522.4
22.676073,522.4
22.693336,521.63635
22.708038,521.63635
22.72462,521.7143
22.742298,521.7143
22.759424,521.7143
22.775381,522.05
22.791416,522.05
22.813988,521.7222
22.82486,521.7222
22.84129,521.7222
22.859064,522.2941
22.876875,522.2941
22.89362,522.2
22.908737,522.2
22.925789,522.35
22.942457,522.35
22.957787,522.35
22.977228,522.35
22.992144,522.35
23.010517,522.0
23.025352,522.0
23.04106,522.0
23.059727,521.6
23.075533,521.6
23.09356,521.375
23.109663,521.375
23.126547,518.5
23.14351,518.5
23.158592,518.5
23.177584,519.25
23.192387,519.25
23.208546,519.25
23.227644,519.25
23.242365,519.25
23.26061,520.4
23.275036,520.4
23.293182,520.6667
23.310204,520.6667
23.325096,519.7273
23.343147,519.7273
23.358416,519.7273
23.380413,521.1818
23.393362,521.1818
23.411148,518.8461
23.425142,518.8461
23.44187,518.8461
23.459457,519.36365
23.47483,519.36365
23.492168,517.8182
23.508972,517.8182
23.525866,519.5294
23.543324,519.5294
23.559101,519.5294
23.577177,519.7
23.593067,519.7
23.608568,520.36365
23.62639,520.36365
23.642,520.36365
23.660404,519.7857
23.675226,519.7857
23.69829,519.7857
23.709341,519.7857
23.726023,521.2
23.74189,521.2
23.758533,521.2
23.784048,521.0
23.793673,521.0
23.809895,519.2143
23.8256,519.2143
23.843086,519.2143
23.860737,519.4667
23.876308,519.4667
23.893911,518.2857
23.910463,518.2857
23.927141,517.9231
23.94361,517.9231
23.958746,517.9231
23.978897,517.3077
23.992905,517.3077
24.01006,517.44446
24.024904,517.44446
24.044582,517.4167
24.060959,517.4167
24.076796,517.4167
24.09404,517.4545
24.110588,517.4545
24.127768,518.0714
24.144562,518.0714
24.159367,518.0714
24.1788,517.4286
24.192844,517.4286
24.216482,517.8
24.227915,517.8
24.243032,517.8
24.261791,517.75
24.276339,517.75
24.29533,517.8823
24.3102,517.8823
24.327044,517.8823
24.343529,517.8823
24.359148,517.8823
24.376188,517.7273
24.39302,517.7273
24.411186,517.4545
24.425816,517.4545
24.442818,517.4545
24.460716,518.1539
24.476067,518.1539
24.494028,518.1539
24.509115,518.1539
24.52743,517.8333
24.543354,517.8333
24.56043,517.8333
24.577576,517.8
24.593386,517.8
24.611217,517.1818
24.626604,517.1818
24.643494,517.1818
24.661165,517.1818
24.676294,517.1818
24.694752,517.5333
24.709318,517.5333
24.726254,517.5333
24.74335,517.5333
24.760141,517.5333
24.776564,517.5333
24.794027,517.5333
24.811298,517.5333
24.826092,517.5333
24.84206,517.5333
24.86079,517.0
24.876942,517.0
24.89574,517.0
24.908712,517.0
24.927135,516.8
24.944748,516.8
24.959196,516.8
24.97799,516.8
24.992352,516.8
25.012295,517.4706
25.025833,517.4706
25.043056,517.4706
25.061064,517.4167
25.075579,517.4167
25.095562,517.4167
25.109434,517.4167
25.12705,517.4167
25.143991,517.4167
25.16,517.4167
25.17871,516.1429
25.19383,516.1429
25.210901,516.1429
25.22656,516.1429
25.242863,516.1429
25.261656,516.5714
25.276915,516.5714
25.293879,516.61536
25.309544,516.61536
25.326412,516.61536
25.343645,516.61536
25.35965,516.61536
25.378702,516.4
25.393602,516.4
25.41025,516.4667
25.426315,516.4667
25.443045,516.4667
25.461481,516.4667
25.47684,516.4667
25.493958,516.5263
25.509691,516.5263
25.526049,516.5263
25.544153,516.5263
25.560438,516.5263
25.581356,516.5
25.594355,516.5
25.611208,516.5625
25.627739,516.5625
25.644123,516.5625
25.661758,515.3571
25.677063,515.3571
25.694004,515.3571
25.710987,515.3571
25.727667,516.1
25.74453,516.1
25.760479,516.1
25.777376,516.1
25.792395,516.1
25.811373,516.7
25.826883,516.7
25.842518,516.7
25.859453,516.7
25.875893,516.7
25.895735,516.4286
25.910686,516.4286
25.92677,515.9375
25.943325,515.9375
25.95996,515.9375
25.977558,516.4545
25.99331,516.4545
26.011541,515.36365
26.027687,515.36365
26.04371,515.36365
26.061619,515.63635
26.076782,515.63635
26.095457,515.63635
26.110697,515.63635
26.130726,515.63635
26.144573,515.63635
26.160437,515.63635
26.178064,516.0
26.193281,516.0
26.21245,516.0714
26.226618,516.0714
26.243258,516.0714
26.261702,516.05884
26.277052,516.05884
26.295649,516.1111
26.31076,516.1111
26.330008,516.1111
26.343805,516.1111
26.3603,516.1111
26.37856,516.1818
26.3939,516.1818
26.414843,516.1818
26.426826,516.1818
26.442993,516.1818
26.461336,516.26086
26.476034,516.26086
26.494331,516.26086
26.50876,516.26086
26.526487,517.25
26.54355,517.25
26.560106,517.25
26.576633,516.6875
26.593082,516.6875
26.617508,519.5714
26.628033,519.5714
26.642225,519.5714
26.660782,519.9091
26.677776,519.9091
26.699406,520.94116
26.711615,520.94116
26.728525,521.8333
26.744202,521.8333
26.760023,521.8333
26.778666,520.6
26.793446,520.6
26.81051,522.2727
26.826872,522.2727
26.843155,522.2727
26.860884,522.55554
26.877707,522.55554
26.895708,523.5625
26.909796,523.5625
26.927988,524.5
26.943638,524.5
26.959513,524.5
26.977936,524.7857
26.993057,524.7857
27.015451,526.0714
27.026993,526.0714
27.042253,526.0714
27.062208,526.63635
27.076708,526.63635
27.097965,527.05
27.111177,527.05
27.127335,528.0
27.144135,528.0
27.173918,528.0
27.186384,528.0
27.201317,528.0
27.2193,529.7143
27.234158,529.7143
27.251701,530.2857
27.2673,530.2857
27.283943,530.17645
27.302528,530.17645
27.317858,530.17645
27.33615,531.1429
27.351046,531.1429
27.367748,532.63635
27.38432,532.63635
27.400616,532.63635
27.41826,534.25
27.434227,534.25
27.450344,533.8
27.467487,533.8
27.48268,533.8
27.501411,534.2857
27.517138,534.2857
27.534895,535.1875
27.550827,535.1875
27.567692,536.0
27.584133,536.0
27.60085,536.0
27.620667,536.7619
27.634169,536.7619
27.657742,539.35297
27.667559,539.35297
27.684456,539.35297
27.702211,538.7647
27.715908,538.7647
27.734161,539.53845
27.750395,539.53845
27.7674,541.26666
27.784168,541.26666
27.799143,541.26666
27.818962,540.46155
27.833805,540.46155
27.855934,540.8571
27.867218,540.8571
27.88495,542.8
27.902113,542.8
27.917501,542.8
27.934687,542.5
27.950573,542.5
27.967794,542.0714
27.984219,542.0714
28.000307,542.0714
28.018429,543.0909
28.033337,543.0909
28.051123,543.0625
28.067564,543.0625
28.08403,542.5625
28.101519,542.5625
28.116484,542.5625
28.135641,542.9
28.150467,542.9
28.167496,542.9
28.184069,542.9
28.200842,542.9
28.218067,543.5833
28.233744,543.5833
28.251001,544.3
28.266666,544.3
28.284492,544.7143
28.30228,544.7143
28.317532,544.7143
28.333456,546.8
28.35033,546.8
28.367064,545.1667
28.384777,545.1667
28.400518,545.1667
28.419405,547.75
28.433365,547.75
28.451443,548.0
28.468275,548.0
28.484022,547.73334
28.501568,547.73334
28.51681,547.73334
28.533962,549.55554
28.550955,549.55554
28.566618,550.06665
28.58542,550.06665
28.60187,550.06665
28.618326,550.5833
28.635443,550.5833
28.656042,550.63635
28.667717,550.63635
28.683954,550.63635
28.702347,551.0
28.716257,551.0
28.735287,552.3
28.751436,552.3
28.772636,550.6
28.78438,550.6
28.800486,550.6
28.818842,551.2
28.833387,551.2
28.8549,553.3
28.866114,553.3
28.883108,553.3
28.901157,553.8
28.916958,553.8
28.935194,554.25
28.950163,554.25
28.966784,554.2143
28.984993,554.2143
29.000435,554.2143
29.018824,554.7692
29.034319,554.7692
29.051142,556.1111
29.067158,556.1111
29.08392,556.4545
29.101248,556.4545
29.117678,556.4545
29.135824,556.0
29.151205,556.0
29.167116,558.0
29.184368,558.0
29.200129,558.0
29.219566,559.8
29.233974,559.8
29.257406,559.2727
29.267426,559.2727
29.283688,559.2727
29.299978,559.5
29.316584,559.5
29.335857,560.55554
29.350204,560.55554
29.367502,560.875
29.382923,560.875
29.401062,560.875
29.418839,561.7778
29.434202,561.7778
29.451841,561.1111
29.46689,561.1111
29.484068,561.1111
29.50167,561.5833
29.518515,561.5833
29.53415,561.9286
29.549925,561.9286
29.568764,562.1111
29.58625,562.1111
29.601614,562.1111
29.620623,560.0
29.634005,560.0
29.654575,560.5
29.672638,560.5
29.690157,560.0
29.702682,560.0
29.718151,560.0
29.739576,558.3333
29.751411,558.3333
29.768093,557.93335
29.785309,557.93335
29.800617,557.93335
29.818417,557.3158
29.833542,557.3158
29.851059,558.0
29.866707,558.0
29.88274,558.0
29.900457,558.0
29.91668,558.0
29.935343,558.0
29.949879,558.0
29.968546,558.25
29.983953,558.25
30.000488,558.25
30.018467,558.0
30.033886,558.0
30.052477,557.7273
30.066612,557.7273
30.083607,557.7273
30.101398,557.7273
30.117334,557.7273
30.13881,558.25
30.150625,558.25
30.166685,558.25
30.185661,558.25
30.200785,558.25
30.218273,558.1818
30.234386,558.1818
30.252516,558.0
30.267494,558.0
30.284348,558.1111
30.304081,558.1111
30.316969,558.1111
30.33509,557.7368
30.35178,557.7368
30.368307,557.0
30.38501,557.0
30.400616,557.0
30.418308,556.1429
30.434269,556.1429
30.452196,556.2
30.467243,556.2
30.48597,556.2143
30.502012,556.2143
30.516932,556.2143
30.534424,556.0
30.550144,556.0
30.568523,556.125
30.584198,556.125
30.601097,556.125
30.617996,556.2857
30.633553,556.2857
30.652367,556.2857
30.667624,556.2857
30.683414,556.2857
30.701029,555.875
30.716297,555.875
30.735115,555.875
30.750393,555.875
30.773516,555.25
30.78537,555.25
30.80058,555.25
30.818356,555.1111
30.83433,555.1111
30.85012,556.1111
30.86688,556.1111
30.885847,556.1111
30.901506,556.1111
30.91725,556.1111
30.934607,555.2
30.950027,555.2
30.967808,555.5455
30.984356,555.5455
31.000713,555.5455
31.019367,557.0833
31.034319,557.0833
31.050587,557.0833
31.067421,557.0833
31.084404,557.0833
31.101852,557.0833
31.116344,557.0833
31.135805,556.9091
31.150696,556.9091
31.168573,556.7778
31.184086,556.7778
31.201086,556.7778
31.21889,555.7778
31.233313,555.7778
31.25166,555.0
31.267057,555.0
31.284426,554.25
31.302572,554.25
31.317133,554.25
31.335293,554.125
31.349346,554.125
31.367825,553.7778
31.384241,553.7778
31.400728,553.7778
31.41869,555.75
31.433714,555.75
31.450645,555.75
31.467855,555.75
31.48412,555.75
31.501902,554.3333
31.515802,554.3333
31.535208,554.3
31.550049,554.3
31.56777,555.0769
31.585012,555.0769
31.601187,555.0769
31.619528,555.625
31.633743,555.625
31.652224,555.8571
31.667122,555.8571
31.68413,555.8571
31.703442,556.4167
31.71672,556.4167
31.734846,554.6667
31.750734,554.6667
31.767382,554.7143
31.784027,554.7143
31.80116,554.7143
31.81907,553.25
31.832932,553.25
31.852394,552.86664
31.866539,552.86664
31.885868,553.0
31.900862,553.0
31.916103,553.0
31.935646,552.6875
31.949677,552.6875
31.968174,551.3
31.984938,551.3
32.00107,551.3
32.019135,550.55554
32.03416,550.55554
32.05206,550.55554
32.067955,550.55554
32.08466,550.55554
32.10197,550.55554
32.117367,550.55554
32.13642,552.4
32.15064,552.4
32.166767,552.4286
32.184177,552.4286
32.200165,552.4286
32.218937,553.0
32.233868,553.0
32.252293,552.6667
32.266953,552.6667
32.28307,552.6667
32.301117,551.0
32.330147,550.0
32.348663,550.0
32.358097,550.0
32.375275,549.1667
32.391087,549.1667
32.40765,549.8
32.42508,549.8
32.44127,549.8
32.45771,548.7778
32.474293,548.7778
32.492687,549.0
32.508205,549.0
32.524265,548.3333
32.541992,548.3333
32.557102,548.3333
32.57436,548.3077
32.591614,548.3077
32.607788,548.4167
32.625233,548.4167
32.640747,548.4167
32.658722,548.5
32.674618,548.5
32.692883,547.25
32.70838,547.25
32.72539,547.25
32.741875,548.0
32.75732,548.0
32.781578,546.75
32.792397,546.75
32.80866,545.8889
32.82499,545.8889
32.840813,545.8889
32.85877,545.9
32.873947,545.9
32.891735,543.5
32.90766,543.5
32.924736,543.8947
32.941315,543.8947
32.95709,543.8947
32.976254,543.6923
32.992016,543.6923
33.008656,542.8889
33.024868,542.8889
33.040302,542.8889
33.05991,542.8889
33.075195,542.8889
33.09938,541.3333
33.108456,541.3333
33.126926,541.7
33.143856,541.7
33.159405,541.7
33.17805,540.3333
33.192448,540.3333
33.209652,538.6
33.22584,538.6
33.249546,538.36365
33.261166,538.36365
33.27501,538.36365
33.293583,538.0625
33.308407,538.0625
33.32576,538.2727
33.34218,538.2727
33.35924,538.2727
33.37672,537.53845
33.39116,537.53845
33.410156,536.8
33.424416,536.8
33.44211,536.8
33.459885,538.2727
33.474907,538.2727
33.49301,538.0
33.50927,538.0
33.52575,536.0
33.54191,536.0
33.55837,536.0
33.57902,535.2857
33.591316,535.2857
33.610653,534.625
33.625347,534.625
33.642418,534.625
33.65893,535.8
33.675457,535.8
33.69334,534.2727
33.708607,534.2727
33.726074,533.4286
33.74198,533.4286
33.758663,533.4286
33.776905,533.4286
33.792717,533.4286
33.810207,533.6667
33.825104,533.6667
33.841175,533.6667
33.85894,531.6667
33.87531,531.6667
33.892544,530.3333
33.90818,530.3333
33.925785,531.3333
33.941868,531.3333
33.95798,531.3333
33.979206,531.25
33.99207,531.25
34.00999,530.6
34.025482,530.6
34.04246,530.6
34.060303,530.1111
34.07549,530.1111
34.09317,530.1667
34.108475,530.1667
34.125935,530.125
34.1433,530.125
34.158997,530.125
34.17592,529.375
34.19122,529.375
34.208862,528.55554
34.22592,528.55554
34.242462,528.55554
34.260063,528.1111
34.273872,528.1111
34.29345,528.5
34.309273,528.5
34.324665,528.5714
34.343193,528.5714
34.359028,528.5714
34.376923,527.0714
34.392014,527.0714
34.409027,526.7273
34.42549,526.7273
34.442547,526.7273
34.459534,526.55554
34.47566,526.55554
34.49333,525.6667
34.509403,525.6667
34.525963,526.0
34.542515,526.0
34.558018,526.0
34.577095,524.0
34.59266,524.0
34.609043,524.8333
34.62622,524.8333
34.643173,524.8333
34.66047,523.2308
34.676254,523.2308
34.69388,523.61536
34.7082,523.61536
34.72439,522.0
34.743088,522.0
34.75958,522.0
34.776596,521.13336
34.791763,521.13336
34.81044,521.36365
34.826485,521.36365
34.84225,521.36365
34.858803,521.5
34.87556,521.5
34.894672,520.6111
34.909023,520.6111
34.92577,521.3333
34.94348,521.3333
34.958378,521.3333
34.97628,519.6667
34.992004,519.6667
35.010666,521.4286
35.025738,521.4286
35.042355,521.4286
35.058548,520.25
35.075832,520.25
35.093857,518.8571
35.107628,518.8571
35.124805,519.3333
35.141495,519.3333
35.158485,519.3333
35.175617,518.5625
35.19072,518.5625
35.20827,518.9231
35.22545,518.9231
35.242,518.9231
35.26089,520.3
35.275608,520.3
35.29951,519.3333
35.309734,519.3333
35.32592,519.2
35.342434,519.2
35.35721,519.2
35.379074,519.2857
35.393322,519.2857
35.408615,518.2
35.42723,518.2
35.44384,518.2
35.464317,518.2
35.476746,518.2
35.49722,518.5714
35.509995,518.5714
35.526325,518.5714
35.543385,518.5714
35.55967,518.5714
35.57796,517.0
35.593426,517.0
35.616764,517.8333
35.62622,517.8333
35.64369,517.8333
35.660942,518.0833
35.675312,518.0833
35.69245,518.0833
35.70907,518.0833
35.725967,517.4667
35.743362,517.4667
35.7586,517.4667
35.777958,517.2857
35.79315,517.2857
35.813248,517.1667
35.826046,517.1667
35.84224,517.1667
35.86114,517.1667
35.875195,517.1667
35.894234,516.2143
35.90828,516.2143
35.925823,516.2143
35.94337,516.2143
35.959164,516.2143
35.977993,517.1818
35.993454,517.1818
36.010387,516.0
36.025696,516.0
36.045265,516.0
36.060455,517.1667
36.076237,517.1667
36.09586,517.1667
36.10914,517.1667
36.126564,516.8571
36.144398,516.8571
36.160774,516.8571
36.177998,516.8571
36.19186,516.8571
36.2119,517.1111
36.225704,517.1111
36.243347,517.1111
36.260082,517.7
36.275692,517.7
36.293297,516.0833
36.30881,516.0833
36.325745,516.0833
36.344105,516.0833
36.359077,516.0833
36.376156,515.9091
36.393913,515.9091
36.409668,515.2222
36.425064,515.2222
36.44271,515.2222
36.46074,516.63635
36.475025,516.63635
36.493507,516.63635
36.509422,516.63635
36.525906,515.1579
36.543472,515.1579
36.559795,515.1579
36.576576,514.6667
36.592293,514.6667
36.61058,514.9167
36.625618,514.9167
36.64217,514.9167
36.65999,514.9167
36.675396,514.9167
36.693142,513.2
36.709747,513.2
36.726025,513.2
36.74337,513.2
36.75935,513.2
36.777195,513.2778
36.79239,513.2778
36.810036,513.5789
36.827,513.5789
36.842403,513.5789
36.85985,513.75
36.8752,513.75
36.89453,513.75
36.910244,513.75
36.925835,514.44446
36.942856,514.44446
36.959145,514.44446
36.976936,514.5
36.991867,514.5
37.016483,513.1539
37.02589,513.1539
37.04239,513.1539
37.0608,513.1539
37.076557,513.1539
37.095055,513.4167
37.108925,513.4167
37.126057,513.4167
37.143036,513.4167
37.160206,513.4167
37.17727,513.4167
37.192364,513.4167
37.210106,513.4167
37.226025,513.4167
37.242477,513.4167
37.26012,514.1111
37.2765,514.1111
37.293217,514.1111
37.308186,514.1111
37.32594,513.125
37.342777,513.125
37.359573,513.125
37.37766,513.125
37.392334,513.125
37.40996,513.64703
37.4259,513.64703
37.442852,513.64703
37.460625,513.64703
37.476597,513.64703
37.49354,513.8571
37.508583,513.8571
37.527073,513.8571
37.543327,513.8571
37.558964,513.8571
37.576965,511.90912
37.592346,511.90912
37.611065,511.90912
37.626,511.90912
37.643494,511.90912
37.65947,513.0
37.67564,513.0
37.693813,513.0
37.709793,513.0
37.724876,515.5714
37.743515,515.5714
37.75974,515.5714
37.777348,515.5714
37.79384,515.5714
37.81053,514.6
37.825516,514.6
37.842533,514.6
37.860226,514.6
37.87568,514.6
37.8954,514.6
37.908813,514.6
37.926056,514.6
37.944138,514.6
37.96066,514.6
37.97852,513.6667
37.99177,513.6667
38.01082,515.0
38.026024,515.0
38.04288,515.0
38.06063,514.8889
38.07604,514.8889
38.095215,514.2
38.109142,514.2
38.12666,514.8125
38.143963,514.8125
38.160236,514.8125
38.17722,515.3333
38.19242,515.3333
38.21457,515.25
38.22759,515.25
38.24258,515.25
38.260437,515.95
38.276443,515.95
38.293175,515.82355
38.3087,515.82355
38.326298,516.26666
38.342155,516.26666
38.359173,516.26666
38.37683,517.1111
38.393322,517.1111
38.411102,516.7778
38.426476,516.7778
38.44375,516.7778
38.461548,518.1111
38.477333,518.1111
38.493828,520.1429
38.50927,520.1429
38.52637,520.58826
38.54299,520.58826
38.559395,520.58826
38.576424,520.64703
38.592415,520.64703
38.610912,522.5625
38.626072,522.5625
38.64424,522.0
38.6607,522.0
38.675488,522.0
38.69401,523.5
38.70983,523.5
38.727406,523.41174
38.742626,523.41174
38.75891,523.41174
38.776543,525.9375
38.79323,525.9375
38.813274,525.25
38.825985,525.25
38.846504,527.1539
38.867702,527.1539
38.88203,527.1539
38.898415,526.93335
38.910477,526.93335
38.927517,528.1539
38.9439,528.1539
38.960625,528.1539
38.978138,529.5
38.994324,529.5
39.011158,528.1429
39.027103,528.1429
39.064453,528.0
39.079453,528.0
39.092583,530.0833
39.10813,530.0833
39.124275,530.0833
39.142998,530.0833
39.158424,530.0833
39.176212,531.0769
39.190594,531.0769
39.207287,529.75
39.22547,529.75
39.24088,529.75
39.25924,531.6
39.273773,531.6
39.291954,533.2727
39.307995,533.2727
39.324074,531.7273
39.34102,531.7273
39.357533,531.7273
39.37567,532.9091
39.390926,532.9091
39.408154,535.2
39.42544,535.2
39.44133,535.2
39.459064,534.4
39.472866,534.4
39.492058,536.375
39.50811,536.375
39.524544,536.2857
39.542034,536.2857
39.557774,536.2857
39.575905,536.35297
39.589836,536.35297
39.607235,538.1429
39.625652,538.1429
39.639977,538.1429
39.658993,539.4211
39.673042,539.4211
39.6919,538.913
39.707104,538.913
39.726315,541.2857
39.74288,541.2857
39.75711,541.2857
39.77578,541.05554
39.790054,541.05554
39.80838,541.41174
39.824974,541.41174
39.840828,541.41174
39.8591,541.0
39.8735,541.0
39.893177,542.2857
39.90723,542.2857
39.924526,541.5
39.941372,541.5
39.95673,541.5
39.975376,543.8
39.99118,543.8
40.009804,543.6667
40.025467,543.6667
40.040695,543.6667
40.058662,543.9167
40.074493,543.9167
40.09317,544.875
40.107704,544.875
40.124405,545.0
40.141655,545.0
40.15801,545.0
40.174973,545.25
40.190468,545.25
40.20663,548.1
40.22527,548.1
40.24079,548.1
40.258842,547.0909
40.274204,547.0909
40.291477,548.53845
40.306896,548.53845
40.32587,549.2222
40.342155,549.2222
40.35795,549.2222
40.374874,548.7778
40.391857,548.7778
40.40832,549.8
40.42538,549.8
40.441467,549.8
40.459404,551.4706
40.47476,551.4706
40.49263,552.4545
40.507572,552.4545
40.52443,552.6667
40.541397,552.6667
40.556755,552.6667
40.57561,552.8182
40.59091,552.8182
40.608162,554.5
40.62548,554.5
40.639805,554.5
40.659035,555.0
40.674072,555.0
40.6978,554.5833
40.707993,554.5833
40.723324,554.5833
40.7419,556.4545
40.757336,556.4545
40.774643,555.8889
40.790977,555.8889
40.807705,557.0
40.82538,557.0
40.841286,557.0
40.85899,557.4
40.874443,557.4
40.892414,557.13336
40.90735,557.13336
40.924343,557.8333
40.942066,557.8333
40.957333,557.8333
40.97534,558.7778
40.991238,558.7778
41.00801,560.55554
41.024822,560.55554
41.040695,560.55554
41.05769,560.8
41.074875,560.8
41.09167,561.625
41.10755,561.625
41.124783,562.875
41.14137,562.875
41.156303,562.875
41.1756,562.3
41.19059,562.3
41.207184,563.0769
41.22468,563.0769
41.240047,563.0769
41.258858,561.0
41.2739,561.0
41.29117,564.2727
41.30721,564.2727
41.32485,563.8182
41.3414,563.8182
41.35721,563.8182
41.374924,563.8182
41.39078,563.8182
41.407043,562.0
41.424606,562.0
41.440224,562.0
41.458958,562.5
41.47411,562.5
41.4913,563.2308
41.507263,563.2308
41.52367,563.2308
41.541237,563.2308
41.558163,563.2308
41.57513,561.6
41.590694,561.6
41.60876,561.6
41.625145,561.6
41.640465,561.6
41.659393,561.1
41.674477,561.1
41.691963,561.1
41.708282,561.1
41.7237,561.1
41.74138,561.53845
41.756504,561.53845
41.776203,561.53845
41.790226,561.53845
41.808662,561.9
41.825466,561.9
41.84073,561.9
41.8587,560.6923
41.87523,560.6923
41.892765,561.17645
41.907913,561.17645
41.924213,560.6
41.94185,560.6
41.958317,560.6
41.975666,561.0
41.991463,561.0
42.00763,558.6
42.02526,558.6
42.040573,558.6
42.05944,558.75
42.075714,558.75
42.09622,559.7143
42.109123,559.7143
42.123535,559.7143
42.14122,558.8333
42.1581,558.8333
42.173973,558.8333
42.191166,558.8333
42.207615,558.2222
42.225105,558.2222
42.23984,558.2222
42.25896,559.13336
42.274685,559.13336
42.2917,559.3333
42.307682,559.3333
42.32493,559.3333
42.341614,559.3333
42.357037,559.3333
42.376022,559.0
42.390896,559.0
42.408344,559.0909
42.424973,559.0909
42.44079,559.0909
42.458763,558.36365
42.474907,558.36365
42.491856,558.36365
42.50712,558.36365
42.523266,558.36365
42.540863,557.8571
42.558502,557.8571
42.576355,557.8571
42.591167,557.8571
42.608887,558.7692
42.626102,558.7692
42.640526,558.7692
42.658463,558.2
42.67476,558.2
42.692448,558.0714
42.706684,558.0714
42.724106,558.1667
42.741577,558.1667
42.756954,558.1667
42.775425,557.4706
42.79189,557.4706
42.80874,557.6111
42.824726,557.6111
42.840084,557.6111
42.859188,557.9231
42.87349,557.9231
42.896862,557.9231
42.907356,557.9231
42.924244,557.5333
42.94204,557.5333
42.957714,557.5333
42.976196,557.625
42.991352,557.625
43.006363,557.0
43.025993,557.0
43.04109,557.0
43.058807,557.6923
43.074512,557.6923
43.09152,559.2
43.107563,559.2
43.12359,559.2
43.141598,559.0
43.158085,559.0
43.17576,558.6
43.1909,558.6
43.2091,558.6667
43.22402,558.6667
43.241444,558.6667
43.25936,557.0
43.27381,557.0
43.291492,557.0
43.306606,557.0
43.32365,557.0
43.341347,557.375
43.357094,557.375
43.374146,558.7143
43.390163,558.7143
43.408653,557.5
43.42504,557.5
43.440342,557.5
43.45944,558.3
43.47446,558.3
43.49228,557.3333
43.50845,557.3333
43.52463,556.9167
43.54156,556.9167
43.556965,556.9167
43.576096,556.6429
43.590733,556.6429
43.607292,555.1818
43.623928,555.1818
43.6411,555.1818
43.65883,556.3571
43.675312,556.3571
43.69308,555.5833
43.707737,555.5833
43.72411,553.7
43.74171,553.7
43.757507,553.7
43.775436,555.3
43.79055,555.3
43.806675,554.2222
43.82543,554.2222
43.84194,554.2222
43.86032,552.8823
43.87401,552.8823
43.8948,553.5294
43.908085,553.5294
43.92393,553.5294
43.941757,552.6842
43.957615,552.6842
43.976032,551.1111
43.990467,551.1111
44.007088,550.375
44.024612,550.375
44.041134,550.375
44.058163,550.4
44.07505,550.4
44.092564,549.2
44.108624,549.2
44.124622,548.5833
44.14152,548.5833
44.15808,548.5833
44.17637,547.8
44.19111,547.8
44.207977,549.0
44.22449,549.0
44.241684,549.0
44.259453,547.5
44.274418,547.5
44.298023,547.0
44.307983,547.0
44.32314,547.0
44.34218,546.625
44.357803,546.625
44.376534,545.8889
44.391254,545.8889
44.40782,544.7
44.425053,544.7
44.440582,544.7
44.45755,545.0
44.474552,545.0
44.492714,544.8571
44.50753,544.8571
44.52459,543.3
44.542194,543.3
44.557346,543.3
44.576134,543.625
44.590313,543.625
44.607574,543.5833
44.625122,543.5833
44.640373,543.5833
44.65827,543.2727
44.67399,543.2727
44.693493,543.1111
44.707153,543.1111
44.72364,543.1111
44.74226,541.7273
44.75674,541.7273
44.774876,541.8125
44.79072,541.8125
44.80811,542.6
44.825344,542.6
44.841316,542.6
44.85821,541.0
44.87407,541.0
44.892937,539.125
44.907837,539.125
44.925114,538.6923
44.941784,538.6923
44.956924,538.6923
44.975677,537.2222
44.991642,537.2222
45.008076,536.6875
45.0246,536.6875
45.04172,536.6875
45.05977,535.2381
45.075157,535.2381
45.096233,535.7273
45.108192,535.7273
45.124184,535.7273
45.141727,535.1
45.157845,535.1
45.177372,535.5
45.19152,535.5
45.207874,534.2308
45.22524,534.2308
45.241764,534.2308
45.259415,534.125
45.274406,534.125
45.29778,534.0
45.309174,534.0
45.32638,534.0
45.34356,534.0
45.35872,534.0
45.376358,533.375
45.392887,533.375
45.41014,532.94116
45.425655,532.94116
45.442238,532.94116
45.459774,532.4286
45.476322,532.4286
45.492954,531.8571
45.508694,531.8571
45.52643,531.7692
45.542667,531.7692
45.55896,531.7692
45.575466,530.8823
45.592625,530.8823
45.608643,529.93335
45.626534,529.93335
45.64192,529.93335
45.659595,528.3333
45.674316,528.3333
45.695915,528.6923
45.708538,528.6923
45.724888,528.6923
45.743114,527.1539
45.757862,527.1539
45.78171,527.5
45.791878,527.5
45.811024,527.5
45.8245,527.5
45.84217,527.5
45.86,525.875
45.874954,525.875
45.89319,525.3125
45.90872,525.3125
45.925957,525.3333
45.941875,525.3333
45.95874,525.3333
45.97643,522.38464
45.991573,522.38464
46.008705,522.1
46.02496,522.1
46.04169,522.1
46.060154,523.8
46.074398,523.8
46.0965,522.9
46.10733,522.9
46.125633,522.9
46.142254,523.0909
46.15904,523.0909
46.175034,523.0
46.191837,523.0
46.213715,520.2308
46.22568,520.2308
46.24085,520.2308
46.25972,519.36365
46.27331,519.36365
46.29193,521.9
46.306793,521.9
46.32463,522.1818
46.341988,522.1818
46.357815,522.1818
46.374554,520.6
46.392117,520.6
46.40853,520.82355
46.424774,520.82355
46.441277,520.82355
46.46001,520.6875
46.474327,520.6875
46.49215,520.6875
46.507286,520.6875
46.52493,520.64703
46.54146,520.64703
46.556908,520.64703
46.575638,520.64703
46.59123,520.64703
46.608242,519.125
46.625614,519.125
46.641144,519.125
46.658157,519.75
46.675404,519.75
46.692383,519.6667
46.70808,519.6667
46.725685,519.2
46.741608,519.2
46.757412,519.2
46.776283,518.5294
46.791218,518.5294
46.808773,518.5294
46.825676,518.5294
46.841476,518.5294
46.858578,517.6667
46.874516,517.6667
46.89272,517.2727
46.908222,517.2727
46.924744,517.5333
46.941616,517.5333
46.957855,517.5333
46.97462,517.6667
46.991623,517.6667
47.008266,517.0833
47.024963,517.0833
47.040237,517.0833
47.05841,517.0833
47.074886,517.0833
47.09393,516.4286
47.108265,516.4286
47.126305,516.4286
47.144463,516.4286
47.158104,516.4286
47.17527,515.8461
47.191254,515.8461
47.208286,515.8461
47.2245,515.8461
47.241566,515.8461
47.25851,516.5
47.27454,516.5
47.2923,516.46155
47.30798,516.46155
47.324833,516.5
47.341568,516.5
47.35706,516.5
47.378254,515.875
47.391792,515.875
47.40796,515.2222
47.42555,515.2222
47.44067,515.2222
47.45802,513.9167
47.474236,513.9167
47.492294,515.3333
47.519474,515.3333
47.532806,515.3333
47.545357,515.3333
47.562256,515.3333
47.580883,515.0
47.59588,515.0
47.613895,515.0
47.62806,515.0
47.64611,514.9231
47.662838,514.9231
47.677532,514.9231
47.695892,514.9231
47.71176,514.9231
47.72987,515.26666
47.74602,515.26666
47.76223,515.26666
47.78085,515.26666
47.79605,515.26666
47.813076,514.6957
47.829216,514.6957
47.845993,514.6957
47.862858,514.6957
47.878258,514.6957
47.896923,514.8823
47.913773,514.8823
47.930626,514.8823
47.94646,514.8823
47.962364,514.8823
47.9812,515.73334
47.99552,515.73334
48.01454,515.46155
48.029533,515.46155
48.04577,515.2353
48.06332,515.2353
48.079704,515.2353
48.096844,515.2353
48.112762,515.2353
48.129227,516.4286
48.14628,516.4286
48.16181,516.4286
48.18044,516.4286
48.195606,516.4286
48.21414,515.4545
48.230114,515.4545
48.246178,515.4545
48.26219,515.4545
48.27919,515.4545
48.296673,515.3333
48.312077,515.3333
48.328583,515.3333
48.346516,515.3333
48.36209,515.3333
48.38028,514.44446
48.396103,514.44446
48.413822,514.44446
48.427937,514.44446
48.44506,513.6667
48.46204,513.6667
48.47903,513.6667
48.496048,513.6667
48.51102,513.6667
48.5283,514.0
48.54782,514.0
48.562374,514.0
48.581,514.0
48.596115,514.0
48.61391,515.13336
48.627876,515.13336
48.64586,515.13336
48.66313,515.13336
48.679157,515.13336
48.696075,514.5
48.71109,514.5
48.730385,514.5
48.744595,514.5
48.762672,514.5
48.780006,515.4
48.796013,515.4
48.814632,515.4
48.828686,515.4
48.8463,515.0
48.862385,515.0
48.87856,515.0
48.896233,515.0
48.911636,515.0
48.929947,515.0625
48.94607,515.0625
48.96171,515.0625
48.979492,515.0625
48.994667,515.0625
49.01346,515.7
49.02886,515.7
49.045837,514.8
49.0627,514.8
49.07784,514.8
49.097702,515.7778
49.11287,515.7778
49.13011,515.7778
49.14568,515.7778
49.162304,515.7778
49.179077,516.0
49.195427,516.0
49.21361,515.8
49.246525,515.8
49.263264,514.2308
49.273495,514.2308
49.290653,514.2
49.306664,514.2
49.32296,514.2
49.33991,514.46155
49.356056,514.46155
49.373863,514.3333
49.389618,514.3333
49.40675,515.6923
49.42335,515.6923
49.43875,515.6923
49.457714,515.6923
49.471687,515.6923
49.497963,515.875
49.510223,515.875
49.52488,515.875
49.540974,515.875
49.55649,515.875
49.57556,515.0
49.5908,515.0
49.614517,515.0
49.625298,515.0
49.640835,515.0
49.658516,515.63635
49.6738,515.63635
49.69755,515.63635
49.707935,515.63635
49.72468,514.61536
49.74586,514.61536
49.760593,514.61536
49.775436,516.0
49.790863,516.0
49.81283,515.3571
49.824966,515.3571
49.840157,515.3571
49.859074,515.3571
49.873474,515.3571
49.89114,516.8333
49.906578,516.8333
49.924446,517.3077
49.94141,517.3077
49.95738,517.3077
49.97446,517.6667
49.989468,517.6667
50.007732,515.8333
50.024364,515.8333
50.040173,515.8333
50.058918,518.3333
50.073982,518.3333
50.0962,517.6
50.10693,517.6
50.124935,517.6
50.14156,518.6667
50.156754,518.6667
50.17474,520.1667
50.19077,520.1667
50.208096,520.3333
50.22426,520.3333
50.24177,520.3333
50.257797,519.0
50.273804,519.0
50.292072,521.2143
50.307606,521.2143
50.32334,521.2143
50.342087,522.1818
50.356197,522.1818
50.378864,522.1875
50.390266,522.1875
50.407543,523.3889
50.42468,523.3889
50.440456,523.3889
50.458385,525.4
50.47443,525.4
50.49138,526.1667
50.507458,526.1667
50.524147,525.125
50.541412,525.125
50.557083,525.125
50.57589,527.0
50.591236,527.0
50.60741,527.75
50.624733,527.75
50.6401,527.75
50.65914,527.44446
50.683014,527.44446
50.69588,528.6
50.70931,528.6
50.72663,528.1429
50.743862,528.1429
50.75924,528.1429
50.775852,530.1667
50.792316,530.1667
50.8104,530.9286
50.826855,530.9286
50.84281,530.9286
50.860516,532.375
50.87639,532.375
50.8946,532.3333
50.908432,532.3333
50.92632,532.5714
50.944237,532.5714
50.958973,532.5714
50.9774,532.8182
50.992733,532.8182
51.01077,534.5
51.026287,534.5
51.045673,534.5
51.060707,534.0769
51.076656,534.0769
51.097076,533.0
51.110703,533.0
51.130135,535.375
51.149677,535.375
51.163685,535.375
51.177643,535.4706
51.19322,535.4706
51.210213,535.9286
51.227024,535.9286
51.243008,535.9286
51.259655,536.0
51.27597,536.0
51.29419,538.2222
51.310318,538.2222
51.32602,538.5
51.342392,538.5
51.35932,538.5
51.376606,537.6923
51.39172,537.6923
51.410625,539.35297
51.42595,539.35297
51.443424,539.35297
51.460888,539.9231
51.47669,539.9231
51.49373,541.2857
51.509666,541.2857
51.526745,541.0455
51.543262,541.0455
51.559227,541.0455
51.578297,541.5
51.593212,541.5
51.610485,542.55554
51.62615,542.55554
51.643013,542.55554
51.660583,541.94116
51.677475,541.94116
51.696873,542.13336
51.709457,542.13336
51.726406,544.5455
51.742973,544.5455
51.759743,544.5455
51.777706,543.4211
51.793415,543.4211
51.809963,542.4706
51.825947,542.4706
51.842976,542.4706
51.860695,542.8
51.875313,542.8
51.894726,544.3333
51.910538,544.3333
51.927135,544.6
51.944023,544.6
51.95893,544.6
51.97916,545.75
51.99311,545.75
52.01505,545.375
52.02613,545.375
52.04348,545.375
52.06177,547.8125
52.076622,547.8125
52.094017,547.8571
52.110012,547.8571
52.126617,548.8571
52.143913,548.8571
52.15885,548.8571
52.17797,549.75
52.19304,549.75
52.210194,551.0
52.22613,551.0
52.24261,551.0
52.26031,551.5714
52.27659,551.5714
52.293655,551.4167
52.30949,551.4167
52.326405,551.2917
52.34215,551.2917
52.35834,551.2917
52.37747,551.4667
52.391525,551.4667
52.409714,551.9048
52.425625,551.9048
52.443275,551.9048
52.461117,552.4
52.476814,552.4
52.492947,552.7692
52.509834,552.7692
52.52617,553.3
52.543716,553.3
52.559486,553.3
52.576153,554.4375
52.593143,554.4375
52.60823,554.5
52.625523,554.5
52.642582,554.5
52.66019,554.4667
52.67633,554.4667
52.698288,555.65
52.708084,555.65
52.726322,556.4706
52.74293,556.4706
52.758236,556.4706
52.7837,555.4737
52.79315,555.4737
52.809628,556.5
52.826748,556.5
52.841965,556.5
52.860897,557.1905
52.875885,557.1905
52.895004,556.8
52.90982,556.8
52.926018,558.8182
52.943874,558.8182
52.95929,558.8182
52.97926,558.5833
52.992203,558.5833
53.008625,558.3571
53.027298,558.3571
53.04306,558.3571
53.060726,558.3571
53.076897,558.3571
53.093765,558.8333
53.109863,558.8333
53.12608,560.7778
53.144226,560.7778
53.158688,560.7778
53.17754,561.8
53.191837,561.8
53.21092,561.63635
53.225685,561.63635
53.24181,561.63635
53.259712,562.0
53.275043,562.0
53.294014,562.0
53.309555,562.0
53.32596,561.8889
53.343544,561.8889
53.359936,561.8889
53.378254,560.75
53.393024,560.75
53.411602,561.0
53.425438,561.0
53.4417,561.0
53.46117,559.4167
53.476658,559.4167
53.493385,560.6667
53.509502,560.6667
53.52688,559.8
53.543545,559.8
53.559036,559.8
53.57673,560.1
53.593246,560.1
53.610054,560.1
53.625195,560.1
53.64336,560.1
53.661087,559.5
53.675613,559.5
53.693592,559.5
53.708527,559.5
53.725967,558.4545
53.743652,558.4545
53.758972,558.4545
53.776554,558.4545
53.79298,558.4545
53.811848,557.7692
53.825428,557.7692
53.842525,557.7692
53.860268,557.7692
53.876316,557.7692
53.89366,557.5714
53.909702,557.5714
53.92667,558.63635
53.943676,558.63635
53.960278,558.63635
53.97691,556.9
53.99217,556.9
54.010235,557.36365
54.026085,557.36365
54.042603,557.36365
54.060238,557.0
54.076317,557.0
54.094666,557.0
54.10989,557.0
54.1259,557.0
54.143055,557.0
54.16065,557.0
54.176598,557.4
54.192455,557.4
54.2107,556.8
54.22581,556.8
54.24202,556.8
54.25968,556.8
54.276043,556.8
54.29457,556.4545
54.308914,556.4545
54.32954,556.4545
54.342648,556.4545
54.359333,556.4545
54.37675,557.1429
54.39331,557.1429
54.40996,557.7857
54.426075,557.7857
54.443157,557.7857
54.458755,557.6429
54.475487,557.6429
54.493153,557.6429
54.509304,557.6429
54.526867,557.1539
54.543434,557.1539
54.55905,557.1539
54.57607,557.0769
54.593662,557.0769
54.6111,555.7692
54.626118,555.7692
54.643353,555.7692
54.65978,557.63635
54.675713,557.63635
54.695595,556.7143
54.709644,556.7143
54.72685,556.7143
54.745083,556.7143
54.760147,556.7143
54.776962,557.0
54.79325,557.0
54.81027,556.9167
54.826103,556.9167
54.844128,556.9167
54.859493,556.9167
54.876904,556.9167
54.895557,557.1818
54.91133,557.1818
54.93596,555.7857
54.949127,555.7857
54.96252,555.7857
54.980755,555.7857
54.995247,555.7857
55.013092,556.5
55.028164,556.5
55.04601,556.9091
55.06205,556.9091
55.078175,556.9091
55.095844,556.5
55.111073,556.5
55.13647,556.5
55.146275,556.5
55.162598,556.5
55.178852,556.46155
55.195805,556.46155
55.21366,556.46155
55.22911,556.46155
55.245754,556.4
55.262707,556.4
55.278408,556.4
55.295784,556.5
55.312622,556.5
55.329147,556.25
55.345657,556.25
55.362858,556.25
55.380585,556.0833
55.395382,556.0833
55.41344,555.4667
55.42921,555.4667
55.44629,555.0
55.464672,555.0
55.479298,555.0
55.503445,555.2857
55.5135,555.2857
55.53204,553.9091
55.54594,553.9091
55.562977,553.9091
55.580654,553.13336
55.594837,553.13336
55.614166,553.3571
55.630608,553.3571
55.647198,553.75
55.663826,553.75
55.680115,553.75
55.700424,553.93335
55.712498,553.93335
55.730785,552.6
55.74617,552.6
55.763638,552.6
55.78138,552.6
55.79726,552.6
55.814465,551.5714
55.82927,551.5714
55.846527,551.44446
55.86281,551.44446
55.879513,551.44446
55.89782,550.7778
55.913624,550.7778
55.943405,549.9167
55.957256,549.9167
55.970554,549.58826
55.986458,549.58826
56.002735,549.58826
56.020718,548.8571
56.03536,548.8571
56.054085,549.4
56.07022,549.4
56.086174,547.86664
56.103897,547.86664
56.119057,547.86664
56.137215,547.2222
56.152206,547.2222
56.170975,547.75
56.185833,547.75
56.20241,547.75
56.220604,547.6
56.236004,547.6
56.253193,546.0833
56.269775,546.0833
56.28772,545.5455
56.30327,545.5455
56.319126,545.5455
56.33673,546.5
56.35338,546.5
56.37129,546.4167
56.386253,546.4167
56.402946,546.4167
56.419712,544.375
56.436493,544.375
56.456715,542.3077
56.471027,542.3077
56.487637,542.5294
56.50584,542.5294
56.521328,542.5294
56.537857,544.0
56.554134,544.0
56.57501,541.0
56.588795,541.0
56.603756,541.0
56.623177,541.2727
56.637238,541.2727
56.65616,538.6
56.669415,538.6
56.686405,537.7857
56.703876,537.7857
56.719296,537.7857
56.737404,537.1429
56.752644,537.1429
56.769787,537.8
56.785725,537.8
56.802647,537.8
56.820496,537.6923
56.83648,537.6923
56.854633,536.75
56.870293,536.75
56.88619,535.5294
56.904305,535.5294
56.919834,535.5294
56.9379,536.0
56.95302,536.0
56.971233,534.5714
56.98696,534.5714
57.002556,534.5714
57.019978,534.1539
57.035984,534.1539
57.054085,532.9
57.070423,532.9
57.08773,533.3571
57.10521,533.3571
57.12011,533.3571
57.13856,531.3
57.152466,531.3
57.170444,532.4375
57.186447,532.4375
57.20375,532.4375
57.221653,532.3158
57.236107,532.3158
57.258286,531.8
57.26992,531.8
57.299034,531.5833
57.31184,531.5833
57.324432,531.5833
57.341988,530.5714
57.358704,530.5714
57.378395,529.6667
57.39123,529.6667
57.40969,529.9286
57.424187,529.9286
57.441536,529.9286
57.459454,528.2
57.475243,528.2
57.492672,529.5
57.508476,529.5
57.526108,528.7692
57.54345,528.7692
57.558777,528.7692
57.57905,527.7692
57.592194,527.7692
57.608532,527.6667
57.626713,527.6667
57.640923,527.6667
57.659443,526.46155
57.674488,526.46155
57.697556,525.4706
57.708454,525.4706
57.72467,524.4375
57.742306,524.4375
57.757427,524.4375
57.77685,526.38464
57.790794,526.38464
57.810184,524.53845
57.825405,524.53845
57.842415,524.53845
57.8601,525.3
57.874424,525.3
57.892574,523.93335
57.908447,523.93335
57.92596,523.8333
57.94303,523.8333
57.958427,523.8333
57.976257,523.3333
57.991493,523.3333
58.00849,522.1667
58.025997,522.1667
58.04169,522.1667
58.059643,521.55554
58.074383,521.55554
58.093018,520.4167
58.10795,520.4167
58.12463,521.25
58.142376,521.25
58.157406,521.25
58.1753,520.6923
58.192986,520.6923
58.20914,519.6667
58.225246,519.6667
58.24162,519.6667
58.25848,519.9091
58.275036,519.9091
58.293518,519.75
58.30782,519.75
58.32424,519.75
58.342686,520.8
58.3585,520.8
58.376503,519.5
58.392033,519.5
58.41034,519.6
58.42526,519.6
58.44135,519.6
58.4591,520.9286
58.474606,520.9286
58.492615,520.9286
58.50907,520.9286
58.524643,520.7273
58.543163,520.7273
58.558113,520.7273
58.576687,520.6667
58.591015,520.6667
58.607586,518.3571
58.626812,518.3571
58.641083,518.3571
58.659046,519.0
58.67449,519.0
58.692085,518.375
58.708122,518.375
58.725693,518.375
58.74257,518.375
58.757908,518.375
58.775272,517.3571
58.79315,517.3571
58.807278,516.95
58.825752,516.95
58.841076,516.95
58.859215,516.36365
58.875023,516.36365
58.8921,516.5833
58.908115,516.5833
58.92586,516.6667
58.94209,516.6667
58.95815,516.6667
58.976307,516.38464
58.99221,516.38464
59.007454,516.4286
59.025917,516.4286
59.041588,516.4286
59.0596,516.4286
59.076607,516.4286
59.09214,516.4
59.10796,516.4
59.124084,515.6923
59.142178,515.6923
59.15873,515.6923
59.175983,516.1667
59.191933,516.1667
59.208706,516.0
59.22583,516.0
59.2415,516.0
59.259327,515.9286
59.274567,515.9286
59.291615,514.8461
59.307827,514.8461
59.32395,515.3571
59.34346,515.3571
59.35778,515.3571
59.37682,515.3077
59.39115,515.3077
59.40792,514.73334
59.424496,514.73334
59.4415,514.73334
59.460136,514.4545
59.47539,514.4545
59.491962,514.0
59.50841,514.0
59.52583,514.0
59.54188,514.0
59.558407,514.0
59.576164,513.9375
59.59161,513.9375
59.61054,513.9375
59.62539,513.9375
59.64092,513.9375
59.659428,513.0
59.674973,513.0
59.69717,513.0
59.707916,513.0
59.72473,512.8
59.7425,512.8
59.758217,512.8
59.77522,512.44446
59.79112,512.44446
59.808674,513.5
59.824684,513.5
59.842285,513.5
59.858418,513.5
59.875465,513.5
59.893517,513.6
59.908405,513.6
59.926853,514.2727
59.94218,514.2727
59.957253,514.2727
59.97858,514.46155
59.992443,514.46155
60.008728,514.7273
60.025448,514.7273
60.04208,514.7273
60.060066,513.46155
60.075516,513.46155
60.09331,512.8125
60.10947,512.8125
60.125107,512.7857
60.14284,512.7857
60.158886,512.7857
60.175903,512.7857
60.190765,512.7857
60.208447,512.6923
60.226498,512.6923
60.242542,512.6923
60.25892,512.9167
60.274235,512.9167
60.292927,511.625
60.30818,511.625
60.32431,511.625
60.343178,511.625
60.35863,511.625
60.37648,512.3333
60.392895,512.3333
60.41018,511.8125
60.425327,511.8125
60.451187,512.4167
60.46349,512.4167
60.477707,512.4167
60.49406,512.4167
60.510983,512.4167
60.527203,512.8333
60.5448,512.8333
60.559982,512.8333
60.576614,512.8333
60.592995,512.8333
60.61086,512.9231
60.6272,512.9231
60.643867,512.9231
60.66148,512.9231
60.677826,512.9231
60.694866,513.4
60.711018,513.4
60.72719,512.7778
60.744865,512.7778
60.76016,512.7778
60.77791,512.1053
60.794075,512.1053
60.81124,512.375
60.826214,512.375
60.843506,512.375
60.861202,511.75
60.8765,511.75
60.89488,511.75
60.91069,511.75
60.927063,511.9167
60.953293,511.9167
60.9648,511.9167
60.97944,511.9167
60.995407,511.9167
61.016533,511.7143
61.027973,511.7143
61.045734,512.0
61.065697,512.0
61.081512,512.0
61.09774,512.0
61.112926,512.0
61.13092,512.0
61.14557,512.0
61.163486,512.0
61.179947,512.0769
61.198143,512.0769
61.21423,512.0769
61.23012,512.0769
61.25101,512.2727
61.26332,512.2727
61.279324,512.2727
61.297333,512.2727
61.312675,512.2727
61.328724,511.88892
61.346275,511.88892
61.362778,511.88892
61.380375,511.88892
61.39556,511.88892
61.413536,511.05554
61.429596,511.05554
61.446327,511.05554
61.46367,511.05554
61.480667,511.05554
61.49859,511.25
61.51329,511.25
61.529858,511.76923
61.544827,511.76923
61.563442,511.76923
61.581387,511.14288
61.606033,511.14288
61.618473,511.14288
61.632267,511.14288
61.65286,511.5
61.666195,511.5
61.682148,511.5
61.699215,511.5
61.715256,511.5
61.73743,511.22223
61.747074,511.22223
61.765835,511.22223
61.782234,511.22223
61.798176,511.22223
61.82114,511.81818
61.83207,511.81818
61.850067,511.8333
61.86431,511.8333
61.882008,511.8333
61.898846,510.7143
61.915504,510.7143
61.93394,510.7143
61.949768,510.7143
61.97076,512.3333
61.985165,512.3333
62.00391,512.3333
62.02258,511.9286
62.033195,511.9286
62.052338,511.8
62.066853,511.8
62.083286,511.8
62.10175,511.5
62.116806,511.5
62.134563,512.0
62.14959,512.0
62.16576,513.1539
62.183113,513.1539
62.199223,513.1539
62.217606,514.0769
62.232082,514.0769
62.24863,514.0
62.266296,514.0
62.281845,514.0
62.3009,514.7059
62.315887,514.7059
62.33396,515.4706
62.348938,515.4706
62.365833,516.75
62.382893,516.75
62.39848,516.75
62.416557,517.53845
62.432243,517.53845
62.450848,517.75
62.46571,517.75
62.481884,517.75
62.499786,518.0
62.5157,518.0
62.539066,519.0
62.551037,519.0
62.573807,519.4
62.58611,519.4
62.59934,519.4
62.617306,521.6923
62.633755,521.6923
62.657543,522.7143
62.667404,522.7143
62.68276,522.7143
62.70021,521.8
62.716576,521.8
62.734615,522.05884
62.749012,522.05884
62.76619,524.05554
62.783684,524.05554
62.799088,524.05554
62.819595,524.2143
62.8343,524.2143
62.851597,524.5833
62.867126,524.5833
62.882034,524.5833
62.899498,525.1539
62.91682,525.1539
62.934273,525.875
62.95073,525.875
62.96708,526.8461
62.984234,526.8461
63.000366,526.8461
63.018562,527.6667
63.034153,527.6667
63.05157,528.0833
63.06642,528.0833
63.084843,527.61536
63.10147,527.61536
63.117752,527.61536
63.134274,529.3333
63.14926,529.3333
63.166176,529.0
63.18386,529.0
63.19951,529.0
63.217834,530.25
63.2327,530.25
63.2508,530.63635
63.26669,530.63635
63.283764,530.63635
63.30137,530.93335
63.315647,530.93335
63.33473,531.8
63.349796,531.8
63.36611,531.75
63.383648,531.75
63.39982,531.75
63.417404,533.5833
63.43296,533.5833
63.450848,534.0
63.466892,534.0
63.482597,534.0
63.499573,534.6
63.51583,534.6
63.535,534.6
63.549034,534.6
63.57061,534.8
63.584938,534.8
63.60067,534.8
63.61865,534.6875
63.63283,534.6875
63.6555,535.05884
63.66624,535.05884
63.68307,535.05884
63.701443,534.8421
63.717403,534.8421
63.74048,535.0
63.750675,535.0
63.7673,536.86664
63.785385,536.86664
63.799694,536.86664
63.820744,537.41174
63.834675,537.41174
63.851948,537.0
63.86713,537.0
63.88366,537.0
63.902267,538.875
63.917255,538.875
63.935497,539.375
63.95025,539.375
63.970055,538.9
63.984283,538.9
64.000465,538.9
64.01955,540.0
64.033775,540.0
64.05085,540.0
64.06726,540.0
64.08319,540.0
64.101364,540.0
64.11788,540.0
64.135635,540.73334
64.14978,540.73334
64.16794,540.9375
64.18396,540.9375
64.19955,540.9375
64.218994,540.5833
64.23369,540.5833
64.251396,541.1818
64.266716,541.1818
64.28395,540.8125
64.30084,540.94116
64.3174,540.94116
64.33461,541.5333
64.34957,541.5333
64.36797,541.875
64.383484,541.875
64.39988,541.875
64.41876,542.5
64.433334,542.5
64.45857,541.8889
64.46873,541.8889
64.48592,543.4167
64.502525,543.4167
64.51726,543.4167
64.53625,543.38464
64.55092,543.38464
64.569046,544.3571
64.58555,544.3571
64.60544,544.3571
64.622734,545.1667
64.635475,545.1667
64.652534,544.619
64.667175,544.619
64.68452,545.375
64.70119,545.375
64.717316,545.375
64.737495,545.8571
64.75293,545.8571
64.769165,545.36365
64.78716,545.36365
64.801605,545.36365
64.82055,547.0
64.83572,547.0
64.85364,547.8182
64.86852,547.8182
64.88647,548.5625
64.903595,548.5625
64.91941,548.5625
64.937645,548.46155
64.95214,548.46155
64.96858,548.46155
64.985214,548.46155
65.002075,548.46155
65.01946,548.3333
65.034454,548.3333
65.05237,548.3333
65.06952,548.3333
65.08458,548.7692
65.10253,548.7692
65.118614,548.7692
65.13643,549.05554
65.152306,549.05554
65.16865,549.2778
65.185356,549.2778
65.201004,549.2778
65.21869,549.9
65.234436,549.9
65.25256,550.2
65.26804,550.2
65.2849,550.8182
65.3024,550.8182
65.31881,550.8182
65.335434,551.6923
65.35118,551.6923
65.36765,551.625
65.3849,551.625
65.401825,551.625
65.4186,550.625
65.43406,550.625
65.45258,552.4167
65.467995,552.4167
65.48429,552.4167
65.502106,553.1818
65.517334,553.1818
65.53556,553.53845
65.5514,553.53845
65.56872,552.5833
65.58509,552.5833
65.601746,552.5833
65.61913,552.5
65.634224,552.5
65.65222,554.2222
65.66885,554.2222
65.684746,554.2222
65.70255,554.2222
65.7195,554.2222
65.736595,552.25
65.75168,552.25
65.770966,552.2857
65.78569,552.2857
65.80209,552.2857
65.81996,552.6667
65.83502,552.6667
65.853615,552.6667
65.86834,552.6667
65.895485,551.0909
65.90815,551.0909
65.92276,551.0909
65.9404,551.5333
65.955414,551.5333
65.97409,549.2353
65.98891,549.2353
66.005905,550.5
66.02273,550.5
66.04016,550.5
66.05814,549.9167
66.071365,549.9167
66.08901,549.9167
66.105606,549.9167
66.12406,549.9167
66.14064,548.9286
66.15469,548.9286
66.17731,548.9286
66.18911,548.9286
66.20587,550.1818
66.22373,550.1818
66.238655,550.1818
66.25731,549.8461
66.27278,549.8461
66.28798,550.4706
66.30566,550.4706
66.321625,550.4706
66.339935,550.05884
66.35565,550.05884
66.37381,548.6
66.38988,548.6
66.4046,548.6
66.42386,548.6
66.43778,548.6
66.45636,549.6923
66.47211,549.6923
66.490074,548.44446
66.50618,548.44446
66.52134,548.44446
66.540085,549.3571
66.55508,549.3571
66.573135,549.3571
66.58923,549.3571
66.606415,549.17645
66.62277,549.17645
66.6387,549.17645
66.65723,549.17645
66.67155,549.17645
66.68999,550.25
66.705025,550.25
66.72187,550.25
66.73957,550.25
66.754616,550.25
66.77394,549.36365
66.78975,549.36365
66.80589,549.36365
66.82173,549.36365
66.83911,549.36365
66.85762,547.1429
66.870964,547.1429
66.890396,548.55554
66.90542,548.55554
66.923355,548.55554
66.93923,547.6
66.95512,547.6
66.97342,547.7778
66.98855,547.7778
67.00588,547.5
67.02259,547.5
67.04014,547.5
67.057755,547.38464
67.07215,547.38464
67.09143,547.8571
67.10726,547.8571
67.124954,547.8571
67.14158,547.38464
67.155205,547.38464
67.17295,546.6667
67.18893,546.6667
67.205414,546.6667
67.222984,546.6667
67.2384,546.6667
67.25647,547.8182
67.27226,547.8182
67.29282,547.4667
67.3056,547.4667
67.322815,547.4667
67.33951,547.9231
67.354805,547.9231
67.37252,547.9167
67.38853,547.9167
67.405815,546.6923
67.42216,546.6923
67.43834,546.6923
67.45646,546.6923
67.471596,546.6923
67.48968,546.8571
67.50631,546.8571
67.52133,546.8571
67.54009,546.8571
67.5551,546.8571
67.57358,546.2222
67.58771,546.2222
67.606,546.2222
67.62308,546.2222
67.63837,546.2222
67.65671,545.2
67.671684,545.2
67.68996,545.2
67.70583,545.2
67.72189,545.2
67.7389,544.375
67.75644,544.375
67.77382,545.1429
67.78989,545.1429
67.80588,545.9091
67.82183,545.9091
67.838,545.9091
67.85708,545.9091
67.87193,545.9091
67.889885,544.9091
67.90579,544.9091
67.92106,544.9091
67.93969,544.3333
67.95539,544.3333
67.97299,544.125
67.988335,544.125
68.005806,543.93335
68.023056,543.93335
68.03842,543.93335
68.05729,543.4375
68.07248,543.4375
68.096176,543.06665
68.10559,543.06665
68.12291,543.06665
68.14065,543.55
68.15547,543.55
68.17299,543.4737
68.18903,543.4737
68.20535,543.125
68.222946,543.125
68.238144,543.125
68.255585,542.0
68.27171,542.0
68.288666,542.5455
68.306,542.5455
68.322296,542.5455
68.340355,542.1818
68.354195,542.1818
68.37258,540.3125
68.38888,540.3125
68.405975,540.5455
68.422554,540.5455
68.43851,540.5455
68.45553,539.7143
68.4717,539.7143
68.48958,539.38464
68.505325,539.38464
68.52242,539.38464
68.54025,539.625
68.555016,539.625
68.57363,537.8333
68.588585,537.8333
68.60601,538.2727
68.622375,538.2727
68.63855,538.2727
68.656364,537.5714
68.673134,537.5714
68.68986,537.36365
68.705086,537.36365
68.72195,537.36365
68.73958,537.3333
68.754944,537.3333
68.77152,535.875
68.787605,535.875
68.80514,536.0
68.822784,536.0
68.83912,536.0
68.85742,534.3571
68.872635,534.3571
68.890175,533.5833
68.90517,533.5833
68.921425,533.5833
68.93909,533.6
68.95515,533.6
68.97347,532.6429
68.98864,532.6429
69.00651,532.0909
69.023155,532.0909
69.03873,532.0909
69.05655,531.8333
69.07217,531.8333
69.08916,531.0
69.10553,531.0
69.12234,531.0
69.14234,530.44446
69.15695,530.44446
69.17487,529.5789
69.19035,529.5789
69.2074,531.53845
69.22448,531.53845
69.24039,531.53845
69.25647,530.0
69.27261,530.0
69.288994,530.0
69.3052,530.0
69.32145,530.0
69.33929,529.15
69.355736,529.15
69.37353,527.5333
69.38874,527.5333
69.40492,529.7
69.42261,529.7
69.43844,529.7
69.45527,528.0833
69.47168,528.0833
69.48989,528.53845
69.50521,528.53845
69.52266,528.53845
69.539734,528.4167
69.55577,528.4167
69.573555,527.0
69.588776,527.0
69.60631,526.6667
69.62442,526.6667
69.63913,526.6667
69.65622,526.0
69.672806,526.0
69.69063,526.0
69.70476,526.0
69.72233,526.0
69.739555,523.0
69.75532,523.0
69.77273,522.6875
69.78815,522.6875
69.80583,522.0833
69.82219,522.0833
69.848656,521.0625
69.86128,521.0625
69.87407,521.0625
69.89279,520.7143
69.90854,520.7143
69.92453,520.8182
69.94233,520.8182
69.95813,520.8182
69.979164,520.875
69.99142,520.875
70.009636,520.0769
70.02378,520.0769
70.040794,520.0769
70.05968,519.75
70.07444,519.75
70.09262,518.55554
70.106834,518.55554
70.1259,518.0
70.140976,518.0
70.15771,518.0
70.17459,518.0
70.19077,518.0
70.207985,517.0909
70.22564,517.0909
70.24105,517.0909
70.257805,518.86664
70.2751,518.86664
70.292,517.8333
70.3073,517.8333
70.3239,518.4167
70.34129,518.4167
70.35727,518.4167
70.37681,517.8333
70.39147,517.8333
70.408226,518.0
70.42564,518.0
70.45238,516.1818
70.46559,516.1818
70.47811,516.1818
70.49526,515.9091
70.512115,515.9091
70.52842,516.1
70.54587,516.1
70.56134,516.1
70.57954,515.7273
70.59591,515.7273
70.6122,515.46155
70.628204,515.46155
70.644394,515.46155
70.6621,515.46155
70.67843,515.46155
70.69873,515.2778
70.71106,515.2778
70.72841,515.5833
70.74561,515.5833
70.761284,515.5833
70.77874,513.94116
70.79513,513.94116
70.81711,513.625
70.82843,513.625
70.84613,513.4
70.86178,513.4
70.89577,513.6667
70.90945,513.6667
70.92143,513.6667
70.94036,512.63635
70.95553,512.63635
70.97332,512.8461
70.98917,512.8461
71.00611,513.1111
71.02225,513.1111
71.03862,513.1111
71.056526,513.1111
71.07164,513.1111
71.089676,513.1
71.106316,513.1
71.12215,513.1
71.139046,513.1
71.15514,513.1
71.176384,511.1667
71.18803,511.1667
71.20575,511.1667
71.2226,511.1667
71.23818,511.1667
71.25678,511.5
71.27241,511.5
71.29027,511.125
71.304214,511.125
71.321594,511.125
71.3402,510.5833
71.35455,510.5833
71.37247,510.45453
71.38848,510.45453
71.40609,509.45453
71.42363,509.45453
71.43796,509.45453
71.45784,510.5625
71.47217,510.5625
71.49049,508.4167
71.5055,508.4167
71.52238,508.4167
71.53988,508.4167
71.555885,508.4167
71.573364,509.26666
71.58993,509.26666
71.60594,508.64288
71.6223,508.64288
71.639046,508.64288
71.65731,508.54547
71.67235,508.54547
71.690155,509.64288
71.70444,509.64288
71.72163,509.64288
71.73848,510.15387
71.75527,510.15387
71.77257,508.875
71.787865,508.875
71.80591,509.0
71.822495,509.0
71.84016,509.0
71.85712,507.84998
71.87218,507.84998
71.88996,508.64288
71.90707,508.64288
71.92195,508.64288
71.9402,508.875
71.95551,508.875
71.97385,509.93335
71.987404,509.93335
72.00485,508.45
72.02167,508.45
72.03816,508.45
72.057976,507.3684
72.07302,507.3684
72.09497,507.6316
72.10482,507.6316
72.12236,507.6316
72.14069,507.86664
72.15494,507.86664
72.17627,507.5
72.18916,507.5
72.20451,507.7
72.22298,507.7
72.23819,507.7
72.25752,507.6667
72.27228,507.6667
72.28872,507.36365
72.3064,507.36365
72.32221,507.36365
72.33972,507.7647
72.35517,507.7647
72.378296,508.4167
72.38933,508.4167
72.40574,508.3333
72.42277,508.3333
72.43813,508.3333
72.45717,508.5
72.47161,508.5
72.490425,506.90002
72.50492,506.90002
72.52152,506.90002
72.54021,507.1667
72.55536,507.1667
72.57347,504.44446
72.5885,504.44446
72.605835,504.0625
72.623,504.0625
72.63868,504.0625
72.65585,502.05884
72.672554,502.05884
72.690605,502.1667
72.70508,502.1667
72.72213,502.1667
72.74074,502.30768
72.756004,502.30768
72.77278,501.06665
72.788994,501.06665
72.80511,501.25
72.822655,501.25
72.837944,501.25
72.856125,502.23077
72.872086,502.23077
72.89005,502.0
72.9054,502.0
72.92151,502.0
72.93916,503.04346
72.95478,503.04346
72.97289,501.875
72.988174,501.875
73.00589,502.14288
73.02223,502.14288
73.0386,502.14288
73.056404,503.0
73.072235,503.0
73.09041,503.2143
73.1049,503.2143
73.12178,503.2143
73.13972,503.2143
73.154884,503.2143
73.17217,503.05884
73.18958,503.05884
73.20573,503.05884
73.222534,503.05884
73.238014,503.05884
73.25593,502.6667
73.27117,502.6667
73.29,502.0
73.30518,502.0
73.32165,502.0
73.338684,502.6875
73.355225,502.6875
73.37215,503.0769
73.38841,503.0769
73.405815,502.46155
73.42217,502.46155
73.43838,502.46155
73.44,502.46155