0.24345686,136.26868
0.259008,136.50464
0.27401018,136.50464
0.2911724,136.50464
0.3081853,136.92963
0.32311583,136.92963
0.34100136,136.85248
0.3569906,136.85248
0.3777371,138.18286
0.3938156,138.18286
0.41090187,137.70605
0.42545977,137.70605
0.4415374,137.70605
0.4602018,138.13293
0.47521195,138.13293
0.49243876,138.04633
0.5091914,138.04633
0.5261986,138.24402
0.5428938,138.24402
0.5577756,138.24402
0.5761496,137.87799
0.5911615,137.87799
0.6080743,138.0144
0.6271391,138.0144
0.642085,138.0144
0.6596861,138.12024
0.6754148,138.12024
0.69374293,139.30261
0.70931,139.30261
0.72566044,139.85468
0.7428975,139.85468
0.7590258,139.85468
0.77781165,139.80896
0.79242235,139.80896
0.8092257,139.81482
0.82539576,139.81482
0.84133554,139.81482
0.859431,139.55988
0.8754631,139.55988
0.8931359,139.3919
0.9081253,139.3919
0.9260325,139.55432
0.94179213,139.55432
0.9590727,139.55432
0.9763848,139.55865
0.9912073,139.55865
1.0098039,141.23413
1.0257015,141.23413
1.0431483,141.23413
1.0591736,141.27301
1.0753741,141.27301
1.0936104,141.90143
1.1090145,141.90143
1.1260991,141.49286
1.1427963,141.49286
1.1588827,141.49286
1.1764085,141.64069
1.1912841,141.64069
1.2104598,141.97089
1.2243353,141.97089
1.2410171,141.97089
1.2608546,141.89374
1.2753892,141.89374
1.2946631,141.65448
1.3098137,141.65448
1.3250091,141.65448
1.3429273,141.37354
1.3589777,141.37354
1.3771267,141.65875
1.391916,141.65875
1.4102981,141.74615
1.4254041,141.74615
1.441476,141.74615
1.4602641,141.65942
1.475301,141.65942
1.4943767,141.38336
1.5083,141.38336
1.5254254,140.7962
1.5423937,140.7962
1.5582836,140.7962
1.5775161,140.43964
1.5912781,140.43964
1.6102571,140.23914
1.625643,140.23914
1.6412021,140.23914
1.6605211,140.5268
1.6748576,140.5268
1.694357,140.46686
1.7095513,140.46686
1.7260618,140.31427
1.7425363,140.31427
1.7594115,140.31427
1.7764719,140.19366
1.791383,140.19366
1.8094894,140.19366
1.8258011,140.19366
1.8420657,140.19366
1.8604786,139.91547
1.8752873,139.91547
1.8930712,140.20001
1.9081858,140.20001
1.925277,140.23737
1.9429216,140.23737
1.9592547,140.23737
1.9764335,140.04791
1.9913552,140.04791
2.0095174,140.04791
2.026393,140.11237
2.041403,140.11237
2.0602484,141.14124
2.0752122,141.14124
2.0936391,142.08838
2.1085722,142.08838
2.1270354,142.21973
2.1434498,142.21973
2.1584888,142.21973
2.1763616,142.23322
2.1918619,142.23322
2.208237,143.30792
2.2259474,143.30792
2.2425508,143.30792
2.260226,144.06403
2.2757351,144.06403
2.296987,144.3653
2.3085375,144.3653
2.3260756,144.44849
2.3434803,144.44849
2.3587484,144.44849
2.3767257,144.0315
2.392085,144.0315
2.409853,144.7486
2.425409,144.7486
2.4426823,144.7486
2.4604096,145.64343
2.476537,145.64343
2.4934397,145.87817
2.5095716,145.87817
2.526063,147.58978
2.5444725,147.58978
2.5596323,147.58978
2.5792162,147.55554
2.592362,147.55554
2.6088953,148.62177
2.625641,148.62177
2.641457,148.62177
2.6590543,149.49713
2.675976,149.49713
2.694158,149.89087
2.7090094,149.89087
2.725611,151.18109
2.7418647,151.18109
2.7582588,151.18109
2.77742,152.09552
2.793252,152.09552
2.8090303,152.92914
2.825431,152.92914
2.8414164,152.92914
2.8593497,154.1355
2.8755636,154.1355
2.8927612,155.40942
2.908413,155.40942
2.9263055,156.01898
2.9423954,156.01898
2.9582667,156.01898
2.9769368,155.99176
2.9920363,155.99176
3.0102797,157.47943
3.0254653,157.47943
3.0429,157.47943
3.059527,157.3277
3.0757701,157.3277
3.0931544,159.22717
3.1077552,159.22717
3.1239285,159.22717
3.1421921,159.35107
3.1579292,159.35107
3.1764312,160.11926
3.191912,160.11926
3.2099948,161.09216
3.2247765,161.09216
3.2409441,161.09216
3.2594259,161.81726
3.2747617,161.81726
3.2918289,162.30524
3.3081923,162.30524
3.3249106,162.54797
3.343059,162.54797
3.3583317,162.54797
3.3763156,163.56946
3.3911264,163.56946
3.407536,164.88525
3.4254327,164.88525
3.4406147,164.88525
3.4594526,164.95264
3.4746003,164.95264
3.4926598,165.64459
3.5075788,165.64459
3.525422,165.71576
3.5431333,165.71576
3.5583668,165.71576
3.575963,166.75452
3.5926137,166.75452
3.6104646,166.77393
3.6266112,166.77393
3.6418743,166.77393
3.6606894,167.96198
3.6747954,167.96198
3.6932201,168.45404
3.7081301,168.45404
3.7259767,168.34735
3.742858,168.34735
3.7586904,168.34735
3.775478,169.16217
3.7916152,169.16217
3.8084087,169.37915
3.8263662,169.37915
3.8427022,169.37915
3.860371,169.26666
3.8757029,169.26666
3.893748,170.50714
3.908445,170.50714
3.9254355,170.98627
3.941802,170.98627
3.959063,170.98627
3.9761486,171.4862
3.9926095,171.4862
4.010181,172.4704
4.025309,172.4704
4.0422797,172.4704
4.0602646,174.36102
4.0758657,174.36102
4.092737,176.04034
4.108927,176.04034
4.125384,176.5028
4.143052,176.5028
4.159239,176.5028
4.176828,178.55115
4.1914177,178.55115
4.210073,179.52728
4.225834,179.52728
4.2423463,179.52728
4.260305,181.2804
4.2755127,181.2804
4.2926617,182.64148
4.308755,182.64148
4.325068,183.75208
4.343341,183.75208
4.3587976,183.75208
4.3756866,184.62146
4.3917975,184.62146
4.4100266,186.48047
4.4252825,186.48047
4.443358,186.48047
4.460056,187.74371
4.4757895,187.74371
4.492304,189.47888
4.5080214,189.47888
4.52799,189.60797
4.542733,189.60797
4.5583572,189.60797
4.5764956,190.70392
4.592304,190.70392
4.6126103,192.05914
4.626042,192.05914
4.641239,192.05914
4.659917,193.82788
4.6744485,193.82788
4.6944113,195.4237
4.7084656,195.4237
4.72723,195.77869
4.7422047,195.77869
4.7577667,195.77869
4.77778,196.53442
4.79177,196.53442
4.809611,197.20935
4.8258085,197.20935
4.8420486,197.20935
4.859558,197.6366
4.8752136,197.6366
4.8932915,197.70618
4.9093814,197.70618
4.92629,197.65149
4.9429307,197.65149
4.9592485,197.65149
4.9763303,197.60266
4.9927177,197.60266
5.0096903,197.62085
5.0255814,197.62085
5.041812,197.62085
5.0604124,197.48877
5.075963,197.48877
5.093923,197.04584
5.1089272,197.04584
5.124994,197.36389
5.143456,197.36389
5.1577597,197.36389
5.1766143,197.14948
5.1909947,197.14948
5.2099423,197.95813
5.224388,197.95813
5.2425356,197.95813
5.2602577,197.30835
5.27533,197.30835
5.293851,196.55823
5.3083134,196.55823
5.325034,196.56677
5.34199,196.56677
5.3577323,196.56677
5.3771667,197.00842
5.392163,197.00842
5.410096,195.7948
5.42407,195.7948
5.4415216,195.7948
5.460358,196.13312
5.475578,196.13312
5.4920945,195.54095
5.509197,195.54095
5.525618,195.89081
5.542532,195.89081
5.5588007,195.89081
5.5764327,195.92859
5.5913167,195.92859
5.609496,195.49402
5.6275315,195.49402
5.6428337,195.49402
5.660547,193.94617
5.675984,193.94617
5.693675,193.95013
5.709487,193.95013
5.7253094,194.51343
5.742258,194.51343
5.757359,194.51343
5.776498,194.18286
5.791641,194.18286
5.8103228,194.0741
5.824424,194.0741
5.8417926,194.0741
5.860093,194.00824
5.8756604,194.00824
5.893433,193.96722
5.908032,193.96722
5.925029,194.09784
5.942137,194.09784
5.9588156,194.09784
5.976838,193.51166
5.9908543,193.51166
6.0096784,192.92352
6.024794,192.92352
6.0418715,192.92352
6.0609384,192.8468
6.074774,192.8468
6.093245,192.89398
6.1083055,192.89398
6.1249847,192.89551
6.141592,192.89551
6.1579876,192.89551
6.175479,193.08936
6.192363,193.08936
6.207864,192.15082
6.225275,192.15082
6.242474,192.15082
6.2591586,191.89258
6.2746205,191.89258
6.2936425,191.08838
6.3086357,191.08838
6.325651,190.67029
6.3435597,190.67029
6.35863,190.67029
6.377731,189.79663
6.3918095,189.79663
6.4098883,189.7688
6.425642,189.7688
6.44224,189.7688
6.4592037,189.61517
6.4756236,189.61517
6.4937973,189.6593
6.5086884,189.6593
6.5258417,189.49207
6.542846,189.49207
6.558468,189.49207
6.5758953,189.44946
6.5916595,189.44946
6.6101513,188.89691
6.6261187,188.89691
6.642309,188.89691
6.6588154,188.7879
6.6760154,188.7879
6.6930175,188.4762
6.7093015,188.4762
6.7256765,189.104
6.7431617,189.104
6.7589173,189.104
6.775131,188.96936
6.7924294,188.96936
6.8093953,188.77185
6.8256187,188.77185
6.843214,188.77185
6.859751,189.1753
6.8769145,189.1753
6.8930635,189.34369
6.908884,189.34369
6.9260592,189.50848
6.943108,189.50848
6.958022,189.50848
6.974999,189.51172
6.991359,189.51172
7.0096455,188.94019
7.0258684,188.94019
7.0421214,188.94019
7.059469,188.92615
7.0757174,188.92615
7.091809,188.92615
7.109869,188.92615
7.1280713,188.57257
7.142388,188.57257
7.1576414,188.57257
7.1757393,187.71808
7.191713,187.71808
7.2098184,187.85052
7.2254605,187.85052
7.2424417,187.85052
7.2601843,187.92023
7.275232,187.92023
7.2941327,188.45917
7.308296,188.45917
7.325886,187.81342
7.343199,187.81342
7.3593464,187.81342
7.3773046,187.99707
7.3925943,187.99707
7.4101973,187.41327
7.425893,187.41327
7.441912,187.41327
7.4603043,186.9555
7.475805,186.9555
7.493461,188.09906
7.5088167,188.09906
7.526774,187.95453
7.5419316,187.95453
7.55815,187.95453
7.5774183,187.4278
7.5923033,187.4278
7.610427,187.83478
7.625463,187.83478
7.6426125,187.83478
7.6591573,187.03088
7.6744304,187.03088
7.6930685,186.52972
7.7088814,186.52972
7.7253466,186.79156
7.7431483,186.79156
7.7593236,186.79156
7.7768855,186.77032
7.792468,186.77032
7.8095646,186.79565
7.8259325,186.79565
7.8427324,186.79565
7.860265,186.59943
7.8750105,186.59943
7.8938465,186.52478
7.9088473,186.52478
7.926021,185.90308
7.942896,185.90308
7.9585595,185.90308
7.977542,185.95624
7.9925556,185.95624
8.009543,185.24036
8.025822,185.24036
8.0420475,185.24036
8.059661,184.76202
8.076131,184.76202
8.092949,184.12067
8.109086,184.12067
8.125988,183.685
8.143217,183.685
8.158948,183.685
8.175845,182.79071
8.191667,182.79071
8.208801,181.81793
8.225542,181.81793
8.242615,181.81793
8.259355,181.78326
8.275233,181.78326
8.292918,181.30054
8.308306,181.30054
8.3255205,179.9212
8.343334,179.9212
8.357787,179.9212
8.37654,179.60767
8.391964,179.60767
8.410367,178.4939
8.426142,178.4939
8.4415455,178.4939
8.460414,177.49408
8.475606,177.49408
8.494725,175.82208
8.509451,175.82208
8.52578,175.17548
8.542689,175.17548
8.558832,175.17548
8.576807,174.44049
8.59106,174.44049
8.609581,173.12885
8.626639,173.12885
8.642828,173.12885
8.66021,171.69507
8.674724,171.69507
8.692421,171.66095
8.708106,171.66095
8.72529,170.5625
8.743745,170.5625
8.7594795,170.5625
8.77645,169.93787
8.7934475,169.93787
8.8093405,169.0
8.826199,169.0
8.850194,169.0
8.860674,168.05951
8.876515,168.05951
8.892388,165.79169
8.908442,165.79169
8.925146,165.82135
8.942648,165.82135
8.958066,165.82135
8.977721,165.21191
8.991869,165.21191
9.009818,163.4046
9.024912,163.4046
9.041899,163.4046
9.060483,163.08124
9.074843,163.08124
9.093911,161.88983
9.107871,161.88983
9.12516,161.31177
9.143503,161.31177
9.158724,161.31177
9.176865,160.0274
9.191964,160.0274
9.209925,159.02625
9.226179,159.02625
9.241824,159.02625
9.261002,158.21869
9.276918,158.21869
9.293231,157.59998
9.3091545,157.59998
9.326118,156.23547
9.343689,156.23547
9.359098,156.23547
9.3771515,156.23584
9.391622,156.23584
9.410619,155.54822
9.425915,155.54822
9.442809,155.54822
9.459442,155.0924
9.475862,155.0924
9.492599,154.38629
9.507823,154.38629
9.526117,153.78888
9.5429535,153.78888
9.5600605,153.78888
9.577417,155.07184
9.592434,155.07184
9.610784,154.83905
9.625966,154.83905
9.642097,154.83905
9.65947,154.30139
9.676204,154.30139
9.693191,154.27008
9.7095375,154.27008
9.726389,154.32983
9.743024,154.32983
9.759633,154.32983
9.781246,152.97717
9.793577,152.97717
9.809649,152.07751
9.825678,152.07751
9.843035,152.07751
9.860654,151.7569
9.876778,151.7569
9.892695,150.80609
9.908408,150.80609
9.925765,150.68634
9.943366,150.68634
9.958921,150.68634
9.977449,149.48413
9.99188,149.48413
10.009481,149.08075
10.024559,149.08075
10.041662,149.08075
10.060814,148.75818
10.076373,148.75818
10.092598,148.69788
10.108721,148.69788
10.125437,148.27795
10.14314,148.27795
10.159365,148.27795
10.176993,146.7251
10.191469,146.7251
10.209607,146.00818
10.225843,146.00818
10.242346,146.00818
10.259631,146.4259
10.2754135,146.4259
10.293406,145.14325
10.310233,145.14325
10.32542,144.30493
10.343976,144.30493
10.359257,144.30493
10.376924,142.40558
10.391746,142.40558
10.408881,141.89014
10.425801,141.89014
10.441813,141.89014
10.461232,141.23401
10.475179,141.23401
10.494327,140.70056
10.509046,140.70056
10.527196,140.23657
10.543653,140.23657
10.558976,140.23657
10.578465,139.07104
10.59287,139.07104
10.610505,138.5216
10.626818,138.5216
10.643049,138.5216
10.660902,137.90985
10.675705,137.90985
10.69281,137.28839
10.709813,137.28839
10.726902,136.80951
10.7420635,136.80951
10.759326,136.80951
10.7771015,135.58557
10.792115,135.58557
10.810476,136.44635
10.825659,136.44635
10.843414,136.44635
10.86078,135.55463
10.876196,135.55463
10.893711,134.82758
10.909034,134.82758
10.926604,134.83575
10.943103,134.83575
10.959471,134.83575
10.975964,134.7273
10.992322,134.7273
11.011082,134.81586
11.025082,134.81586
11.043208,134.81586
11.059932,134.75067
11.077078,134.75067
11.093848,134.53741
11.108873,134.53741
11.12698,134.45404
11.146136,134.45404
11.159512,134.45404
11.177283,134.35895
11.192328,134.35895
11.211441,133.64166
11.225307,133.64166
11.242381,133.64166
11.2600155,134.16669
11.276171,134.16669
11.294212,133.8847
11.309103,133.8847
11.3256235,134.86646
11.343608,134.86646
11.358793,134.86646
11.37798,135.05951
11.391644,135.05951
11.409948,134.18622
11.425426,134.18622
11.442241,134.18622
11.459357,135.44055
11.475241,135.44055
11.4939575,135.48169
11.5096,135.48169
11.526147,135.58936
11.542892,135.58936
11.559166,135.58936
11.577344,135.8805
11.592474,135.8805
11.6099,135.8324
11.625979,135.8324
11.641233,135.8324
11.660337,135.84637
11.675625,135.84637
11.694391,135.53693
11.710477,135.53693
11.725557,136.0531
11.743192,136.0531
11.75896,136.0531
11.776332,135.79944
11.793383,135.79944
11.810463,135.65991
11.825722,135.65991
11.843565,135.65991
11.859687,135.69073
11.876785,135.69073
11.89369,135.06323
11.908841,135.06323
11.926079,135.0813
11.942213,135.0813
11.960072,135.0813
11.976942,136.56573
11.993212,136.56573
12.010338,136.4477
12.025472,136.4477
12.042719,136.4477
12.060379,136.94135
12.075025,136.94135
12.092486,137.05145
12.109828,137.05145
12.126681,138.16907
12.144491,138.16907
12.159393,138.16907
12.17645,138.75287
12.192969,138.75287
12.210524,139.47028
12.226404,139.47028
12.242661,139.47028
12.259228,138.92389
12.275059,138.92389
12.293237,139.13428
12.309138,139.13428
12.326695,139.07166
12.343235,139.07166
12.3593445,139.07166
12.376382,139.96368
12.392044,139.96368
12.410167,139.78845
12.425754,139.78845
12.442789,139.78845
12.460695,139.83289
12.475837,139.83289
12.493762,139.49152
12.509407,139.49152
12.526126,139.52893
12.5433235,139.52893
12.558802,139.52893
12.576922,139.2652
12.592944,139.2652
12.609611,139.21613
12.624888,139.21613
12.642497,139.21613
12.6600065,138.89459
12.676615,138.89459
12.694091,139.29004
12.70844,139.29004
12.7263,139.96875
12.742888,139.96875
12.759297,139.96875
12.775828,139.1753
12.792632,139.1753
12.808835,138.74152
12.825691,138.74152
12.842939,138.74152
12.86032,137.75421
12.8763075,137.75421
12.892794,137.59436
12.908776,137.59436
12.925784,137.65625
12.943303,137.65625
12.958865,137.65625
12.976841,137.71869
12.992468,137.71869
13.011129,137.5506
13.025167,137.5506
13.042555,137.5506
13.058916,137.7309
13.077061,137.7309
13.093999,137.73657
13.109588,137.73657
13.125969,137.92877
13.14269,137.92877
13.158883,137.92877
13.176713,137.65417
13.192393,137.65417
13.209877,138.12207
13.226096,138.12207
13.242331,138.12207
13.260019,137.78302
13.275351,137.78302
13.29439,137.98523
13.309455,137.98523
13.325542,138.79266
13.3436985,138.79266
13.358143,138.79266
13.378155,138.38348
13.391731,138.38348
13.4090185,138.66193
13.42625,138.66193
13.442283,138.66193
13.461043,138.88824
13.476027,138.88824
13.492871,138.04321
13.508444,138.04321
13.525593,137.57404
13.544474,137.57404
13.559691,137.57404
13.576426,137.52148
13.593061,137.52148
13.610604,136.92639
13.625601,136.92639
13.642885,136.92639
13.660207,137.24097
13.676493,137.24097
13.694357,137.04633
13.70979,137.04633
13.726025,137.3758
13.742678,137.3758
13.759501,137.3758
13.776898,136.92334
13.792527,136.92334
13.810157,137.54022
13.825021,137.54022
13.842469,137.54022
13.860002,137.23712
13.875305,137.23712
13.892698,137.11768
13.908793,137.11768
13.926257,137.1831
13.943075,137.1831
13.959285,137.1831
13.977723,136.75208
13.992568,136.75208
14.011372,136.86249
14.025641,136.86249
14.042341,136.86249
14.059986,137.04181
14.075852,137.04181
14.094093,137.87573
14.108967,137.87573
14.126343,138.2514
14.142934,138.2514
14.159388,138.2514
14.178047,139.05963
14.192425,139.05963
14.211046,140.09119
14.225984,140.09119
14.243404,140.09119
14.261185,142.06866
14.275429,142.06866
14.294549,141.948
14.309472,141.948
14.325659,142.93396
14.343167,142.93396
14.359656,142.93396
14.376655,143.70605
14.392777,143.70605
14.4109,144.79724
14.426498,144.79724
14.442416,144.79724
14.460156,146.54199
14.477153,146.54199
14.492918,147.59119
14.509717,147.59119
14.526023,150.63837
14.542932,150.63837
14.5597,150.63837
14.577654,154.8017
14.593076,154.8017
14.610365,156.56433
14.626558,156.56433
14.643434,156.56433
14.660099,159.92224
14.676407,159.92224
14.693516,161.945
14.709704,161.945
14.725848,164.78143
14.743817,164.78143
14.759729,164.78143
14.776463,165.7348
14.791808,165.7348
14.8098,166.79999
14.826051,166.79999
14.84327,166.79999
14.860004,167.90137
14.876717,167.90137
14.893966,169.96832
14.90787,169.96832
14.926163,171.22253
14.94348,171.22253
14.959359,171.22253
14.975894,172.64929
14.992586,172.64929
15.01011,174.65729
15.026266,174.65729
15.042673,174.65729
15.060315,176.41406
15.076626,176.41406
15.094507,177.35754
15.109496,177.35754
15.126678,177.69519
15.143984,177.69519
15.158569,177.69519
15.1777725,178.36694
15.192627,178.36694
15.211283,179.4176
15.225218,179.4176
15.242271,179.4176
15.260125,179.81427
15.275458,179.81427
15.294228,180.89557
15.308338,180.89557
15.325287,181.78058
15.341856,181.78058
15.35862,181.78058
15.37631,182.20477
15.39166,182.20477
15.411728,182.90857
15.426188,182.90857
15.442897,182.90857
15.459662,184.53424
15.475734,184.53424
15.493889,184.22278
15.509646,184.22278
15.526154,184.55908
15.543128,184.55908
15.560097,184.55908
15.576831,185.7879
15.592452,185.7879
15.611151,186.24445
15.6258545,186.24445
15.642939,186.24445
15.660537,187.58618
15.675849,187.58618
15.693518,188.09314
15.709749,188.09314
15.725843,188.28735
15.744598,188.28735
15.759831,188.28735
15.77648,189.33606
15.792945,189.33606
15.810003,190.40509
15.8262,190.40509
15.842191,190.40509
15.859761,190.91132
15.876797,190.91132
15.894237,191.59894
15.908146,191.59894
15.926366,191.60608
15.94322,191.60608
15.959568,191.60608
15.979716,192.40112
15.992664,192.40112
16.010508,193.91534
16.025223,193.91534
16.042452,193.91534
16.059065,193.531
16.07547,193.531
16.09366,193.76965
16.109632,193.76965
16.126944,195.53668
16.143469,195.53668
16.158602,195.53668
16.176832,195.24768
16.193169,195.24768
16.214453,196.10828
16.22624,196.10828
16.243027,196.10828
16.25963,195.7547
16.275045,195.7547
16.293829,197.0
16.308317,197.0
16.327318,197.06775
16.342594,197.06775
16.359135,197.06775
16.377035,197.4516
16.392181,197.4516
16.41104,197.52313
16.427223,197.52313
16.4432,197.52313
16.460562,197.62805
16.475138,197.62805
16.494104,198.05865
16.509615,198.05865
16.525139,198.28821
16.542622,198.28821
16.55904,198.28821
16.57725,198.6485
16.592253,198.6485
16.613272,198.59143
16.627449,198.59143
16.643356,198.59143
16.66014,199.23578
16.676579,199.23578
16.694435,199.03418
16.70954,199.03418
16.726868,199.62573
16.744118,199.62573
16.759779,199.62573
16.776636,200.0028
16.7938,200.0028
16.809439,199.65985
16.82593,199.65985
16.843336,199.65985
16.859983,198.82306
16.876612,198.82306
16.893648,199.04724
16.909624,199.04724
16.926014,199.40002
16.942806,199.40002
16.959278,199.40002
16.978487,198.6101
16.99221,198.6101
17.010376,198.33331
17.025234,198.33331
17.041979,198.33331
17.059011,198.06824
17.076944,198.06824
17.094324,197.84064
17.1096,197.84064
17.126057,198.3252
17.143356,198.3252
17.159529,198.3252
17.177114,198.6366
17.19128,198.6366
17.209482,198.02179
17.224594,198.02179
17.242575,198.02179
17.260336,197.54132
17.275782,197.54132
17.294432,197.64642
17.308603,197.64642
17.324884,197.81232
17.343271,197.81232
17.359407,197.81232
17.37603,197.42224
17.39301,197.42224
17.411016,197.63611
17.425781,197.63611
17.442291,197.63611
17.461384,197.46948
17.475035,197.46948
17.496185,197.96295
17.509493,197.96295
17.526299,197.8194
17.542559,197.8194
17.559124,197.8194
17.578968,197.38873
17.593204,197.38873
17.610636,197.35358
17.625626,197.35358
17.642763,197.35358
17.660519,196.0199
17.675297,196.0199
17.693707,196.49585
17.71068,196.49585
17.725222,196.98608
17.742666,196.98608
17.758844,196.98608
17.776915,195.98639
17.793854,195.98639
17.809952,195.82867
17.826187,195.82867
17.842754,195.82867
17.858938,195.7807
17.876104,195.7807
17.893232,195.24365
17.909306,195.24365
17.926025,195.26685
17.942995,195.26685
17.958546,195.26685
17.9774,194.34772
17.992235,194.34772
18.01394,195.14929
18.025625,195.14929
18.042648,195.14929
18.060324,195.03632
18.07483,195.03632
18.093737,194.87042
18.109308,194.87042
18.12673,194.43842
18.143755,194.43842
18.158401,194.43842
18.176651,193.73547
18.191856,193.73547
18.20895,194.25153
18.2263,194.25153
18.241518,194.25153
18.260147,193.59076
18.275656,193.59076
18.293137,194.33624
18.308636,194.33624
18.326828,193.95062
18.34345,193.95062
18.358809,193.95062
18.375961,194.10498
18.39377,194.10498
18.40957,194.14954
18.425638,194.14954
18.442251,194.14954
18.459023,194.07312
18.475714,194.07312
18.493654,194.04999
18.508865,194.04999
18.527134,193.8313
18.542768,193.8313
18.559898,193.8313
18.57675,193.89667
18.592617,193.89667
18.611378,193.12701
18.625925,193.12701
18.642736,193.12701
18.66029,193.10126
18.677011,193.10126
18.694197,193.7508
18.70951,193.7508
18.726406,193.65442
18.74194,193.65442
18.758198,193.65442
18.777208,193.1756
18.793238,193.1756
18.8092,193.16669
18.825254,193.16669
18.841879,193.16669
18.859486,192.21039
18.875317,192.21039
18.892797,192.34155
18.909779,192.34155
18.926126,192.72565
18.942503,192.72565
18.958364,192.72565
18.977016,192.11871
18.993141,192.11871
19.011312,192.92236
19.026093,192.92236
19.042854,192.92236
19.058792,192.54028
19.075375,192.54028
19.093224,192.51611
19.108711,192.51611
19.125917,192.4682
19.143291,192.4682
19.159239,192.4682
19.176943,192.03198
19.192675,192.03198
19.210133,191.68451
19.226097,191.68451
19.24308,191.68451
19.259651,191.98541
19.275547,191.98541
19.294495,192.10394
19.309315,192.10394
19.326584,191.42816
19.34348,191.42816
19.360065,191.42816
19.376331,191.21698
19.391888,191.21698
19.419685,191.16248
19.431927,191.16248
19.446203,190.90173
19.46323,190.90173
19.478285,190.90173
19.497307,190.77051
19.510918,190.77051
19.529072,190.78839
19.544182,190.78839
19.560354,190.78839
19.578316,191.91302
19.594643,191.91302
19.611862,191.50562
19.62795,191.50562
19.64504,190.12769
19.661531,190.12769
19.678408,190.12769
19.695566,190.34607
19.711594,190.34607
19.73044,190.18005
19.744074,190.18005
19.76155,190.18005
19.779234,190.23413
19.795479,190.23413
19.812662,189.66284
19.829487,189.66284
19.8453,189.8338
19.86147,189.8338
19.878645,189.8338
19.89557,189.81006
19.911331,189.81006
19.93002,188.94019
19.944918,188.94019
19.962494,188.94019
19.979145,188.15015
19.994564,188.15015
20.012426,188.0263
20.027666,188.0263
20.045124,187.24286
20.061398,187.24286
20.077637,187.24286
20.096346,185.89386
20.110582,185.89386
20.129618,184.39581
20.143381,184.39581
20.160435,184.39581
20.179243,184.15802
20.194666,184.15802
20.211834,182.43536
20.228394,182.43536
20.245228,181.99115
20.260862,181.99115
20.27748,181.99115
20.295906,179.8092
20.312138,179.8092
20.329285,178.91107
20.345474,178.91107
20.361444,178.91107
20.379984,177.56433
20.39453,177.56433
20.412628,176.9588
20.428759,176.9588
20.445137,175.93512
20.462593,175.93512
20.477888,175.93512
20.496487,174.46332
20.510778,174.46332
20.533638,173.03491
20.545021,173.03491
20.56224,173.03491
20.579636,172.21716
20.594372,172.21716
20.61308,169.91345
20.628216,169.91345
20.645071,170.14197
20.662361,170.14197
20.677847,170.14197
20.69667,168.38373
20.712376,168.38373
20.733318,168.03003
20.744383,168.03003
20.762423,168.03003
20.779877,166.97217
20.794342,166.97217
20.812117,166.79132
20.827492,166.79132
20.845219,165.62909
20.861786,165.62909
20.877338,165.62909
20.89692,164.7251
20.91122,164.7251
20.9294,164.36285
20.944212,164.36285
20.96156,164.36285
20.979513,162.67151
20.994598,162.67151
21.012386,161.38007
21.028816,161.38007
21.045216,159.99457
21.06165,159.99457
21.07845,159.99457
21.095451,159.47296
21.111557,159.47296
21.13003,157.85992
21.144663,157.85992
21.162851,157.85992
21.179457,156.1059
21.195095,156.1059
21.212679,154.55963
21.22883,154.55963
21.245296,152.85413
21.262558,152.85413
21.278912,152.85413
21.296915,152.39423
21.312077,152.39423
21.32928,152.18457
21.34411,152.18457
21.361525,152.18457
21.379393,150.06451
21.394634,150.06451
21.413359,149.49548
21.427626,149.49548
21.445326,147.62354
21.461569,147.62354
21.477793,147.62354
21.496872,146.43768
21.511976,146.43768
21.52985,145.42688
21.545256,145.42688
21.56127,145.42688
21.580126,144.5661
21.594427,144.5661
21.612177,142.86493
21.627308,142.86493
21.645998,142.00299
21.6636,142.00299
21.678785,142.00299
21.697523,141.05682
21.711706,141.05682
21.729654,140.52423
21.744675,140.52423
21.762007,140.52423
21.778856,140.5943
21.794966,140.5943
21.812815,139.85394
21.829235,139.85394
21.845287,138.83234
21.862072,138.83234
21.878717,138.83234
21.89543,139.068
21.911564,139.068
21.929417,138.55804
21.944836,138.55804
21.962004,138.55804
21.980013,136.74268
21.99499,136.74268
22.013151,135.9458
22.02785,135.9458
22.04528,135.8006
22.061487,135.8006
22.077835,135.8006
22.095898,135.13611
22.111914,135.13611
22.129076,134.36255
22.144985,134.36255
22.16146,134.36255
22.179237,133.39825
22.194933,133.39825
22.214066,133.66571
22.228128,133.66571
22.2454,133.32922
22.262386,133.32922
22.277988,133.32922
22.296034,133.03558
22.312124,133.03558
22.329363,132.2143
22.34577,132.2143
22.361908,132.2143
22.379755,132.25995
22.395485,132.25995
22.41264,131.55151
22.428858,131.55151
22.445206,131.685
22.462942,131.685
22.479174,131.685
22.49686,131.0
22.51163,131.0
22.534208,130.80865
22.544983,130.80865
22.562153,130.80865
22.580027,131.12122
22.595182,131.12122
22.613478,132.12463
22.629307,132.12463
22.645721,132.04254
22.662045,132.04254
22.677782,132.04254
22.696388,131.69427
22.71105,131.69427
22.729206,131.4176
22.74514,131.4176
22.762115,131.4176
22.779924,132.06934
22.795101,132.06934
22.813217,132.52356
22.828323,132.52356
22.84523,132.3941
22.862219,132.3941
22.878428,132.3941
22.896233,131.75842
22.911602,131.75842
22.929676,130.97491
22.944902,130.97491
22.961594,130.97491
22.98028,130.98322
22.99634,130.98322
23.016895,131.41418
23.030003,131.41418
23.045582,131.11108
23.06313,131.11108
23.078691,131.11108
23.095976,131.62177
23.11156,131.62177
23.129732,131.29547
23.145132,131.29547
23.161236,131.29547
23.178822,131.20953
23.195864,131.20953
23.212492,130.75708
23.227753,130.75708
23.244064,130.75708
23.262753,130.91669
23.278944,130.91669
23.295965,130.51685
23.312115,130.51685
23.328995,130.8092
23.346142,130.8092
23.362438,130.8092
23.380129,130.7846
23.395363,130.7846
23.41575,130.63324
23.428751,130.63324
23.445112,130.69025
23.463486,130.69025
23.478428,130.69025
23.496714,130.8125
23.511738,130.8125
23.529728,130.57019
23.544931,130.57019
23.562033,130.57019
23.579845,130.19366
23.595377,130.19366
23.613127,130.31055
23.62808,130.31055
23.645287,130.29108
23.661604,130.29108
23.67905,130.29108
23.696682,131.04572
23.711012,131.04572
23.729218,130.52197
23.745419,130.52197
23.761595,130.52197
23.778852,130.54358
23.795387,130.54358
23.812222,130.89429
23.828537,130.89429
23.845589,132.11609
23.862343,132.11609
23.879265,132.11609
23.8969,132.00299
23.911325,132.00299
23.93012,131.94958
23.94558,131.94958
23.96109,131.94958
23.979702,131.33331
23.99536,131.33331
24.013311,131.6842
24.028437,131.6842
24.046791,132.3294
24.062077,132.3294
24.077936,132.3294
24.096737,132.24701
24.110945,132.24701
24.12907,132.10089
24.145208,132.10089
24.163088,132.10089
24.178747,132.2315
24.195042,132.2315
24.21342,132.26807
24.227518,132.26807
24.245228,132.53644
24.26144,132.53644
24.277899,132.53644
24.296627,132.24707
24.311823,132.24707
24.329327,132.49567
24.345427,132.49567
24.361828,132.49567
24.378775,132.14117
24.394333,132.14117
24.411272,132.14117
24.427752,132.14117
24.445557,131.91815
24.462118,131.91815
24.477993,131.91815
24.49609,131.8949
24.512396,131.8949
24.530289,131.72894
24.545568,131.72894
24.561708,131.72894
24.58051,131.8136
24.595888,131.8136
24.613043,132.36108
24.627905,132.36108
24.645575,131.8042
24.663763,131.8042
24.67879,131.8042
24.69588,131.7472
24.711723,131.7472
24.729996,131.46722
24.744993,131.46722
24.762356,131.46722
24.779343,132.40302
24.795269,132.40302
24.813583,132.40613
24.829395,132.40613
24.84566,131.26154
24.862494,131.26154
24.8791,131.26154
24.895914,131.33429
24.911934,131.33429
24.930676,131.48059
24.94478,131.48059
24.962732,131.48059
24.979284,131.53601
24.994768,131.53601
25.012955,131.71979
25.02801,131.71979
25.045326,131.07935
25.061693,131.07935
25.07872,131.07935
25.096195,131.35327
25.111656,131.35327
25.12961,131.11987
25.146204,131.11987
25.163195,131.11987
25.178782,131.55493
25.195227,131.55493
25.213974,130.98157
25.228182,130.98157
25.245335,130.3783
25.261856,130.3783
25.278404,130.3783
25.296259,130.60406
25.312082,130.60406
25.329613,130.8457
25.344696,130.8457
25.360924,130.8457
25.378479,130.53668
25.394693,130.53668
25.412306,129.50153
25.429316,129.50153
25.446,129.8952
25.462093,129.8952
25.477726,129.8952
25.495733,129.4212
25.512005,129.4212
25.529953,129.81384
25.544687,129.81384
25.560774,129.81384
25.579357,129.57013
25.59578,129.57013
25.613613,129.6239
25.629715,129.6239
25.645243,129.27051
25.661404,129.27051
25.67892,129.27051
25.695093,129.87341
25.712273,129.87341
25.729229,129.51349
25.74497,129.51349
25.76155,129.51349
25.780668,130.04846
25.795462,130.04846
25.812515,130.0733
25.82851,130.0733
25.845871,130.19073
25.862534,130.19073
25.878815,130.19073
25.896986,130.14972
25.91182,130.14972
25.929821,130.19702
25.944868,130.19702
25.962814,130.19702
25.97947,130.97571
25.995863,130.97571
26.012987,130.82623
26.028423,130.82623
26.045847,130.54303
26.062277,130.54303
26.078026,130.54303
26.096191,130.17065
26.112196,130.17065
26.12855,131.55725
26.14579,131.55725
26.1618,131.55725
26.179464,132.6778
26.194834,132.6778
26.21368,133.1687
26.228632,133.1687
26.246742,134.8581
26.262205,134.8581
26.27828,134.8581
26.299807,134.42975
26.311354,134.42975
26.330193,134.85498
26.345482,134.85498
26.36148,134.85498
26.37943,135.75507
26.395927,135.75507
26.415613,136.82031
26.427658,136.82031
26.44588,137.66968
26.462835,137.66968
26.479256,137.66968
26.497116,138.26648
26.512444,138.26648
26.529922,139.00604
26.545315,139.00604
26.56174,139.00604
26.5804,140.51605
26.5954,140.51605
26.612038,140.3164
26.627218,140.3164
26.645807,140.71808
26.662363,140.71808
26.678211,140.71808
26.696814,142.08142
26.710886,142.08142
26.72871,143.75934
26.745243,143.75934
26.761408,143.75934
26.779139,144.01166
26.79519,144.01166
26.812464,145.70697
26.827202,145.70697
26.845186,146.49854
26.863594,146.49854
26.878042,146.49854
26.895947,146.9657
26.912136,146.9657
26.930122,148.758
26.945002,148.758
26.961407,148.758
26.979343,151.14288
26.995018,151.14288
27.012299,151.97986
27.028925,151.97986
27.046007,153.12323
27.062681,153.12323
27.07895,153.12323
27.095524,154.65149
27.110617,154.65149
27.12899,156.32507
27.14504,156.32507
27.16228,156.32507
27.179058,157.34155
27.195463,157.34155
27.212624,158.75879
27.228128,158.75879
27.244823,159.2486
27.26166,159.2486
27.278648,159.2486
27.296518,159.95532
27.311268,159.95532
27.328783,160.44348
27.344011,160.44348
27.361101,160.44348
27.379824,161.80994
27.394001,161.80994
27.413086,162.68182
27.428192,162.68182
27.444868,163.57532
27.46314,163.57532
27.477846,163.57532
27.496092,165.08282
27.512253,165.08282
27.530834,166.5365
27.546385,166.5365
27.561783,166.5365
27.579401,166.7522
27.594706,166.7522
27.611708,168.45325
27.628723,168.45325
27.64576,169.32233
27.661829,169.32233
27.679379,169.32233
27.697319,170.39941
27.712408,170.39941
27.72919,170.48499
27.745457,170.48499
27.761877,170.48499
27.780645,170.19171
27.79481,170.19171
27.813408,171.29974
27.82808,171.29974
27.845016,172.4198
27.863173,172.4198
27.877926,172.4198
27.896439,173.07501
27.911287,173.07501
27.929886,174.01624
27.94391,174.01624
27.961296,174.01624
27.979946,174.33606
27.994589,174.33606
28.012424,176.229
28.027853,176.229
28.045345,176.76337
28.062588,176.76337
28.078182,176.76337
28.096596,178.10425
28.110853,178.10425
28.128992,178.36029
28.143927,178.36029
28.16093,178.36029
28.179834,179.41333
28.193962,179.41333
28.21301,179.11603
28.228071,179.11603
28.243727,179.11603
28.262432,179.8825
28.277882,179.8825
28.295935,179.96368
28.311682,179.96368
28.329342,181.39893
28.344946,181.39893
28.362162,181.39893
28.378952,182.09161
28.39438,182.09161
28.41335,183.32727
28.429155,183.32727
28.445356,183.53412
28.462881,183.53412
28.478363,183.53412
28.497261,183.58496
28.5122,183.58496
28.529613,183.37006
28.54565,183.37006
28.561813,183.37006
28.580246,184.54053
28.59642,184.54053
28.613924,184.10706
28.628307,184.10706
28.645582,184.12244
28.662502,184.12244
28.677546,184.12244
28.698662,184.82336
28.711811,184.82336
28.729258,184.31805
28.745108,184.31805
28.762482,184.31805
28.780594,184.54022
28.795336,184.54022
28.813372,184.14606
28.829578,184.14606
28.845896,184.39032
28.86426,184.39032
28.87963,184.39032
28.898607,184.22552
28.912785,184.22552
28.931894,183.96185
28.945948,183.96185
28.961864,183.96185
28.981062,183.17548
28.996284,183.17548
29.01346,183.08221
29.02972,183.08221
29.045319,182.87823
29.063242,182.87823
29.078312,182.87823
29.096985,183.21252
29.112871,183.21252
29.129728,182.99475
29.146156,182.99475
29.16118,182.99475
29.178827,182.62933
29.194788,182.62933
29.212967,182.32
29.227974,182.32
29.245293,182.84113
29.262707,182.84113
29.279573,182.84113
29.296217,182.28876
29.321524,182.28876
29.33346,182.3518
29.346565,182.3518
29.370525,182.56024
29.383581,182.56024
29.396381,182.56024
29.415005,182.49866
29.430359,182.49866
29.447931,181.63708
29.464613,181.63708
29.481186,181.63708
29.498594,181.0
29.512844,181.0
29.53199,181.40002
29.546488,181.40002
29.563587,181.40002
29.58101,181.77869
29.59676,181.77869
29.615576,181.52417
29.630373,181.52417
29.64692,181.29443
29.664167,181.29443
29.679876,181.29443
29.698977,181.58154
29.714165,181.58154
29.731678,180.95966
29.747536,180.95966
29.764095,180.95966
29.780523,180.4892
29.797825,180.4892
29.815556,181.1123
29.830805,181.1123
29.846899,180.27325
29.865498,180.27325
29.880764,180.27325
29.89849,179.5658
29.912811,179.5658
29.932678,180.13574
29.946712,180.13574
29.965075,179.4972
29.981077,179.4972
29.998566,179.4972
30.015549,179.6997
30.031391,179.6997
30.048012,179.08673
30.064123,179.08673
30.080696,179.08673
30.09859,179.11395
30.113857,179.11395
30.13149,178.90436
30.14652,178.90436
30.163675,178.90436
30.18007,178.95068
30.197323,178.95068
30.214275,178.59503
30.229296,178.59503
30.247698,178.79614
30.263851,178.79614
30.280634,178.79614
30.299068,179.25873
30.314236,179.25873
30.331064,179.19476
30.347322,179.19476
30.366032,179.19476
30.38119,178.69434
30.397276,178.69434
30.414392,178.7403
30.430134,178.7403
30.4479,178.4743
30.464289,178.4743
30.479687,178.4743
30.49727,178.39575
30.513851,178.39575
30.531694,178.75378
30.547087,178.75378
30.563057,178.75378
30.580103,178.71124
30.597385,178.71124
30.615414,178.52448
30.630377,178.52448
30.647575,178.56732
30.665031,178.56732
30.679995,178.56732
30.698105,178.60461
30.713459,178.60461
30.731283,178.78345
30.747543,178.78345
30.763628,178.78345
30.781599,178.17157
30.797762,178.17157
30.814587,178.42389
30.8305,178.42389
30.848724,178.47986
30.864897,178.47986
30.881124,178.47986
30.89878,178.2157
30.913809,178.2157
30.932194,178.16718
30.947102,178.16718
30.96513,177.35712
30.981033,177.35712
30.99727,177.35712
31.015343,177.961
31.030266,177.961
31.047123,177.65417
31.065285,177.65417
31.081106,177.65417
31.097721,177.8338
31.114532,177.8338
31.131771,177.96973
31.146076,177.96973
31.163006,177.96973
31.180817,177.5393
31.196802,177.5393
31.214258,176.61047
31.22998,176.61047
31.24635,176.87427
31.264172,176.87427
31.2795,176.87427
31.297632,177.44012
31.313309,177.44012
31.330801,176.34186
31.346792,176.34186
31.365927,176.96399
31.38086,176.96399
31.39615,176.96399
31.415419,176.10327
31.430502,176.10327
31.449549,175.95514
31.463217,175.95514
31.479647,175.95514
31.497623,176.4737
31.514051,176.4737
31.531567,176.03143
31.548311,176.03143
31.565092,176.62427
31.581097,176.62427
31.596413,176.62427
31.615442,176.32391
31.630552,176.32391
31.64792,175.4931
31.66455,175.4931
31.680038,175.4931
31.699028,175.59662
31.714159,175.59662
31.732847,175.73505
31.746828,175.73505
31.76402,175.73505
31.782015,175.73505
31.79686,175.73505
31.81471,175.67596
31.830677,175.67596
31.848948,175.77466
31.864853,175.77466
31.880455,175.77466
31.898613,175.53021
31.913525,175.53021
31.931938,175.20056
31.946827,175.20056
31.964176,175.20056
31.980875,175.17474
31.996742,175.17474
32.014214,175.38483
32.03034,175.38483
32.048958,174.54614
32.063877,174.54614
32.081154,174.54614
32.09796,174.01361
32.114788,174.01361
32.132084,173.64734
32.147,173.64734
32.163116,173.64734
32.180145,172.07275
32.196968,172.07275
32.215027,172.45941
32.231003,172.45941
32.247562,171.48041
32.263836,171.48041
32.280365,171.48041
32.29805,170.40869
32.313976,170.40869
32.335434,169.55554
32.347603,169.55554
32.363754,169.55554
32.381393,169.03143
32.396873,169.03143
32.415623,168.51935
32.429752,168.51935
32.447544,167.69739
32.46409,167.69739
32.47991,167.69739
32.499172,166.28369
32.514328,166.28369
32.532227,165.55194
32.546425,165.55194
32.563766,165.55194
32.58126,164.37292
32.596462,164.37292
32.614872,163.19885
32.63087,163.19885
32.647335,162.6192
32.664764,162.6192
32.681732,162.6192
32.69825,162.52893
32.714718,162.52893
32.732876,160.84943
32.74692,160.84943
32.76411,160.84943
32.7818,160.81091
32.797123,160.81091
32.81521,159.57019
32.83009,159.57019
32.847546,158.64142
32.86519,158.64142
32.880173,158.64142
32.898758,158.23755
32.91298,158.23755
32.932133,155.89917
32.94819,155.89917
32.96516,156.05481
32.98149,156.05481
32.997665,156.05481
33.01466,155.39893
33.031525,155.39893
33.048977,154.07819
33.063976,154.07819
33.081123,154.07819
33.098167,154.24292
33.11487,154.24292
33.13275,153.56903
33.146793,153.56903
33.163643,153.56903
33.18135,152.42694
33.198223,152.42694
33.21515,152.3551
33.230232,152.3551
33.249104,151.9654
33.263916,151.9654
33.281483,151.9654
33.298443,151.6576
33.313602,151.6576
33.332253,150.6048
33.347347,150.6048
33.365295,149.40057
33.38167,149.40057
33.39793,149.40057
33.414463,148.96277
33.430496,148.96277
33.449104,147.69086
33.463947,147.69086
33.48045,147.69086
33.4974,147.67706
33.51342,147.67706
33.53191,146.96216
33.547153,146.96216
33.56347,146.96216
33.58127,146.6842
33.597527,146.6842
33.61568,145.86841
33.63067,145.86841
33.648945,144.82623
33.663616,144.82623
33.679928,144.82623
33.698887,144.32953
33.712906,144.32953
33.731598,144.98828
33.746616,144.98828
33.763237,144.98828
33.781864,143.6098
33.797123,143.6098
33.81429,143.41132
33.829872,143.41132
33.847664,142.96619
33.86389,142.96619
33.881374,142.96619
33.898182,142.35071
33.914207,142.35071
33.93234,142.87299
33.947426,142.87299
33.965267,141.43127
33.98162,141.43127
33.99798,141.43127
34.01499,140.66486
34.031067,140.66486
34.049114,140.41809
34.06427,140.41809
34.08028,140.41809
34.098133,140.11047
34.11443,140.11047
34.132328,140.07184
34.147594,140.07184
34.16356,140.07184
34.181297,139.4953
34.197353,139.4953
34.21614,140.05798
34.231316,140.05798
34.24777,139.43555
34.26374,139.43555
34.2805,139.43555
34.29849,139.39764
34.31301,139.39764
34.33232,139.4743
34.34632,139.4743
34.365158,138.80408
34.381176,138.80408
34.397774,138.80408
34.41558,138.29004
34.431618,138.29004
34.447273,138.0028
34.46668,138.0028
34.48154,138.0028
34.49933,137.98016
34.513298,137.98016
34.532112,137.36444
34.547104,137.36444
34.565826,137.36444
34.582596,137.34637
34.59732,137.34637
34.61612,136.78595
34.63105,136.78595
34.647472,136.38684
34.664173,136.38684
34.68072,136.38684
34.698753,134.84113
34.713886,134.84113
34.732246,134.97626
34.7471,134.97626
34.764233,134.97626
34.78237,133.86322
34.7974,133.86322
34.814507,133.53687
34.838356,133.53687
34.851585,133.68555
34.86537,133.68555
34.88018,133.68555
34.89943,133.57782
34.91411,133.57782
34.933292,133.99109
34.948513,133.99109
34.964096,133.99109
34.983128,134.00885
34.99714,134.00885
35.015087,133.25427
35.031128,133.25427
35.052708,133.38055
35.064648,133.38055
35.081593,133.38055
35.09959,132.98584
35.113457,132.98584
35.135273,133.1098
35.147644,133.1098
35.16332,133.1098
35.181076,132.06567
35.197113,132.06567
35.215454,132.32385
35.23053,132.32385
35.24821,132.13464
35.264866,132.13464
35.279873,132.13464
35.298172,132.49298
35.315758,132.49298
35.33242,131.79095
35.347477,131.79095
35.363483,131.79095
35.381542,131.85352
35.397465,131.85352
35.414997,131.67847
35.430683,131.67847
35.448017,130.68262
35.46466,130.68262
35.480274,130.68262
35.49734,129.6018
35.513847,129.6018
35.532104,129.75226
35.547073,129.75226
35.565964,129.15967
35.581097,129.15967
35.596783,129.15967
35.614643,128.87573
35.630955,128.87573
35.647266,129.38098
35.664677,129.38098
35.6805,129.38098
35.69866,129.23077
35.71409,129.23077
35.732327,128.9129
35.74719,128.9129
35.76565,129.43372
35.781868,129.43372
35.798164,129.43372
35.815968,129.43597
35.831123,129.43597
35.847683,129.17987
35.86536,129.17987
35.88084,129.17987
35.899334,128.87097
35.913464,128.87097
35.9313,129.50159
35.9485,129.50159
35.96465,129.50159
35.98239,129.19061
35.99807,129.19061
36.016018,129.27142
36.03175,129.27142
36.049362,129.23737
36.06416,129.23737
36.08151,129.23737
36.098583,129.14752
36.1136,129.14752
36.13566,129.36572
36.147724,129.36572
36.163776,129.36572
36.18162,129.05591
36.198334,129.05591
36.215973,129.44702
36.231045,129.44702
36.24732,129.34662
36.26438,129.34662
36.281303,129.34662
36.298157,129.21204
36.314377,129.21204
36.331383,129.13647
36.34716,129.13647
36.363853,129.13647
36.381023,129.31659
36.39767,129.31659
36.41634,129.31659
36.43022,129.31659
36.446617,129.6101
36.4645,129.6101
36.48078,129.6101
36.497433,129.73236
36.51499,129.73236
36.53285,129.40753
36.547062,129.40753
36.565273,129.35815
36.581226,129.35815
36.597603,129.35815
36.61506,129.19104
36.630203,129.19104
36.646835,129.3761
36.66529,129.3761
36.680347,129.3761
36.6987,129.5
36.713318,129.5
36.7313,129.14899
36.746964,129.14899
36.765057,130.1272
36.78288,130.1272
36.798008,130.1272
36.815147,130.03394
36.83068,130.03394
36.8471,130.09174
36.864666,130.09174
36.88117,130.09174
36.899513,129.91156
36.914356,129.91156
36.931183,129.99713
36.947308,129.99713
36.96453,129.99713
36.98133,129.77222
36.99758,129.77222
37.01563,130.45746
37.0307,130.45746
37.04803,129.87689
37.064182,129.87689
37.08033,129.87689
37.09686,130.06915
37.114838,130.06915
37.13265,130.0227
37.14758,130.0227
37.16513,130.00592
37.18159,130.00592
37.197018,130.00592
37.21471,130.01184
37.229786,130.01184
37.249035,129.80115
37.2639,129.80115
37.28037,129.80115
37.297913,130.27637
37.313377,130.27637
37.331993,130.72522
37.347225,130.72522
37.365574,129.9704
37.380695,129.9704
37.396954,129.9704
37.415127,129.86804
37.431175,129.86804
37.447784,130.02057
37.465298,130.02057
37.481438,130.02057
37.49919,129.84271
37.51421,129.84271
37.533504,129.94086
37.547085,129.94086
37.564434,129.94086
37.58079,131.02228
37.59782,131.02228
37.614788,131.08063
37.630974,131.08063
37.64751,130.58356
37.66545,130.58356
37.680515,130.58356
37.698868,131.35876
37.713966,131.35876
37.731808,131.0401
37.747658,131.0401
37.7637,131.0401
37.781384,131.4212
37.796722,131.4212
37.81439,131.6358
37.831356,131.6358
37.8478,131.67175
37.86418,131.67175
37.880814,131.67175
37.89883,131.0954
37.913876,131.0954
37.932926,131.64075
37.947983,131.64075
37.964203,131.64075
37.980835,131.80176
37.99791,131.80176
38.01615,133.18988
38.031803,133.18988
38.04909,134.03021
38.06355,134.03021
38.080242,134.03021
38.098522,134.58966
38.115093,134.58966
38.13203,135.56592
38.14685,135.56592
38.16397,135.56592
38.18177,135.79291
38.198467,135.79291
38.2164,137.30084
38.230534,137.30084
38.249046,137.79889
38.263927,137.79889
38.281742,137.79889
38.29826,137.4212
38.31378,137.4212
38.33193,138.54883
38.347054,138.54883
38.363712,138.54883
38.380783,139.33142
38.397106,139.33142
38.416214,139.93292
38.43009,139.93292
38.44723,141.83667
38.46575,141.83667
38.47996,141.83667
38.497204,142.92859
38.514244,142.92859
38.532352,143.86627
38.547207,143.86627
38.563396,143.86627
38.581516,145.78143
38.59793,145.78143
38.61585,146.04272
38.631,146.04272
38.64922,146.68958
38.66411,146.68958
38.681026,146.68958
38.69937,147.63745
38.714478,147.63745
38.731724,148.11047
38.74698,148.11047
38.763298,148.11047
38.78199,149.5929
38.79704,149.5929
38.815823,151.08472
38.830032,151.08472
38.847282,151.96417
38.866062,151.96417
38.881012,151.96417
38.89855,153.83826
38.91449,153.83826
38.93172,155.3324
38.948593,155.3324
38.965256,156.0951
38.98165,156.0951
38.9977,156.0951
39.01357,156.43018
39.029663,156.43018
39.048115,157.67322
39.06535,157.67322
39.081226,157.67322
39.097984,160.06616
39.113903,160.06616
39.132057,160.45532
39.147182,160.45532
39.16509,162.45947
39.181328,162.45947
39.19849,162.45947
39.215553,163.87976
39.230545,163.87976
39.248753,164.82776
39.26338,164.82776
39.280933,164.82776
39.298542,166.54071
39.31386,166.54071
39.331566,166.95581
39.34695,166.95581
39.363796,166.95581
39.381565,168.06525
39.398003,168.06525
39.415943,168.6842
39.431465,168.6842
39.449078,170.01575
39.464153,170.01575
39.481205,170.01575
39.498913,169.849
39.512928,169.849
39.531464,170.34521
39.54772,170.34521
39.56514,172.0058
39.581623,172.0058
39.598415,172.0058
39.616158,172.38422
39.6313,172.38422
39.64812,172.34473
39.66475,172.34473
39.68057,172.34473
39.69863,172.28162
39.71361,172.28162
39.731995,173.02716
39.747135,173.02716
39.764,173.02716
39.781906,174.45691
39.79726,174.45691
39.816,175.10474
39.83127,175.10474
39.84796,175.44025
39.8642,175.44025
39.881046,175.44025
39.898716,175.92798
39.91453,175.92798
39.93139,176.08441
39.94848,176.08441
39.96518,176.49054
39.98124,176.49054
39.99677,176.49054
40.01487,176.65729
40.03053,176.65729
40.047134,176.64124
40.064312,176.64124
40.082306,176.64124
40.097992,176.64124
40.11387,176.64124
40.132145,176.7179
40.147297,176.7179
40.165142,176.34192
40.18138,176.34192
40.196682,176.34192
40.21566,177.0921
40.230766,177.0921
40.249622,177.43225
40.263496,177.43225
40.2808,177.43225
40.297894,177.97192
40.313477,177.97192
40.33086,177.33618
40.347076,177.33618
40.363235,177.33618
40.38204,178.36194
40.397724,178.36194
40.415565,177.24365
40.429985,177.24365
40.449238,177.32574
40.46437,177.32574
40.48033,177.32574
40.4984,177.12164
40.514057,177.12164
40.535374,177.07123
40.54731,177.07123
40.5639,177.07123
40.581345,177.03967
40.596867,177.03967
40.614487,176.76202
40.629726,176.76202
40.64765,176.73828
40.66494,176.73828
40.68003,176.73828
40.699127,175.92755
40.71413,175.92755
40.732758,175.62946
40.74787,175.62946
40.763237,175.62946
40.78179,176.37396
40.79802,176.37396
40.815556,175.76135
40.830124,175.76135
40.84758,176.27124
40.86439,176.27124
40.880333,176.27124
40.89902,176.48804
40.91382,176.48804
40.93279,176.51514
40.947273,176.51514
40.96498,176.33234
40.981426,176.33234
40.9982,176.33234
41.01602,176.73773
41.031925,176.73773
41.049217,176.38708
41.064213,176.38708
41.081474,176.38708
41.098343,176.38019
41.115215,176.38019
41.132206,176.62201
41.146328,176.62201
41.163754,176.62201
41.182426,176.04388
41.197464,176.04388
41.21555,176.0232
41.230576,176.0232
41.24778,175.99414
41.264366,175.99414
41.28192,175.99414
41.298237,175.91455
41.31342,175.91455
41.331894,175.98315
41.347366,175.98315
41.36496,174.90479
41.380962,174.90479
41.39649,174.90479
41.416008,175.25269
41.43096,175.25269
41.449493,174.87744
41.46415,174.87744
41.48115,174.87744
41.498898,174.54999
41.51315,174.54999
41.532566,174.1925
41.547703,174.1925
41.564983,174.63562
41.58129,174.63562
41.59695,174.63562
41.615658,174.30597
41.63096,174.30597
41.648636,173.61865
41.66381,173.61865
41.681202,173.61865
41.698944,173.45917
41.71422,173.45917
41.732338,173.55524
41.747356,173.55524
41.764107,173.55524
41.781696,173.43463
41.79792,173.43463
41.816925,173.48138
41.830883,173.48138
41.84934,173.42694
41.86413,173.42694
41.881023,173.42694
41.897923,173.21161
41.91427,173.21161
41.932377,173.47455
41.94746,173.47455
41.96516,174.17249
41.981426,174.17249
41.997383,174.17249
42.01542,174.71228
42.032196,174.71228
42.049026,173.72314
42.06455,173.72314
42.08054,173.72314
42.09907,173.8227
42.11355,173.8227
42.131336,173.45172
42.14681,173.45172
42.165703,173.45172
42.181553,173.4071
42.197678,173.4071
42.216393,172.25867
42.231083,172.25867
42.24889,172.185
42.26387,172.185
42.280254,172.185
42.29841,172.31549
42.315025,172.31549
42.332848,172.27197
42.34746,172.27197
42.364037,172.27197
42.381824,171.81769
42.398552,171.81769
42.41608,171.54315
42.430573,171.54315
42.44808,171.88287
42.46597,171.88287
42.482098,171.88287
42.497887,171.94171
42.514297,171.94171
42.532887,171.78174
42.547363,171.78174
42.565105,172.30817
42.58126,172.30817
42.597153,172.30817
42.615112,171.57397
42.631207,171.57397
42.647575,171.737
42.66564,171.737
42.681324,171.737
42.699005,171.41211
42.713142,171.41211
42.731728,171.51245
42.74705,171.51245
42.763477,171.51245
42.782104,171.38953
42.79834,171.38953
42.816315,171.31354
42.831436,171.31354
42.847923,171.59442
42.86504,171.59442
42.880424,171.59442
42.898186,170.53888
42.91496,170.53888
42.932957,170.61377
42.948055,170.61377
42.96516,170.24323
42.982822,170.24323
42.99823,170.24323
43.01516,170.62915
43.031223,170.62915
43.04804,169.95966
43.064507,169.95966
43.080788,169.95966
43.0992,170.33527
43.11374,170.33527
43.130764,170.2793
43.147263,170.2793
43.164074,170.2793
43.181538,169.5799
43.196922,169.5799
43.214348,169.24414
43.230793,169.24414
43.2474,169.5791
43.264862,169.5791
43.28115,169.5791
43.299152,169.88666
43.31388,169.88666
43.331783,169.88763
43.347004,169.88763
43.363747,169.88763
43.38086,170.08173
43.39681,170.08173
43.415314,169.41827
43.430405,169.41827
43.447613,168.75543
43.466187,168.75543
43.480267,168.75543
43.49854,169.29382
43.514606,169.29382
43.53567,169.30682
43.547337,169.30682
43.56513,169.44043
43.581814,169.44043
43.597828,169.44043
43.61545,169.4917
43.63041,169.4917
43.64798,169.59332
43.664658,169.59332
43.680336,169.59332
43.699104,169.62012
43.714024,169.62012
43.73254,169.52557
43.747,169.52557
43.76416,169.52557
43.78179,169.21008
43.79701,169.21008
43.81501,168.961
43.830826,168.961
43.848957,169.26001
43.864338,169.26001
43.88144,169.26001
43.898785,168.8919
43.914185,168.8919
43.93262,168.8805
43.94739,168.8805
43.965336,168.00555
43.98168,168.00555
43.99777,168.00555
44.015865,167.85156
44.030884,167.85156
44.049004,168.22968
44.063923,168.22968
44.081684,168.22968
44.098324,166.0904
44.115253,166.0904
44.132538,165.3277
44.146393,165.3277
44.165226,164.72498
44.181614,164.72498
44.19694,164.72498
44.21403,164.57367
44.23067,164.57367
44.248695,163.22223
44.263573,163.22223
44.280426,163.22223
44.29853,162.44257
44.314617,162.44257
44.33169,161.6839
44.34737,161.6839
44.36557,159.99152
44.38094,159.99152
44.397423,159.99152
44.41536,159.40387
44.429764,159.40387
44.44914,158.50574
44.464146,158.50574
44.481144,158.50574
44.498756,157.8739
44.513805,157.8739
44.532196,156.71509
44.54737,156.71509
44.565147,156.48425
44.581455,156.48425
44.598,156.48425
44.615818,155.42694
44.631004,155.42694
44.64886,154.85962
44.662926,154.85962
44.6803,154.85962
44.699284,153.95374
44.713894,153.95374
44.73181,152.79272
44.74762,152.79272
44.765198,151.79327
44.782394,151.79327
44.7965,151.79327
44.81553,150.81934
44.830666,150.81934
44.848866,150.39319
44.86507,150.39319
44.88096,150.39319
44.89879,149.91693
44.913967,149.91693
44.932133,148.45001
44.94876,148.45001
44.965534,148.12042
44.98099,148.12042
44.99673,148.12042
45.015625,146.18152
45.032555,146.18152
45.04954,145.5393
45.06495,145.5393
45.08056,145.5393
45.099865,144.08264
45.11467,144.08264
45.136017,142.90704
45.147476,142.90704
45.16383,142.90704
45.181576,141.65125
45.19816,141.65125
45.218365,140.19781
45.23154,140.19781
45.247627,139.37262
45.265152,139.37262
45.281364,139.37262
45.29976,138.46155
45.314335,138.46155
45.333195,137.19153
45.347237,137.19153
45.365807,136.39288
45.381683,136.39288
45.39811,136.39288
45.416695,134.6275
45.430954,134.6275
45.447205,133.89941
45.465305,133.89941
45.482445,133.89941
45.499035,133.19702
45.514053,133.19702
45.532116,133.72015
45.548073,133.72015
45.56532,131.263
45.582996,131.263
45.600067,131.263
45.6158,131.0799
45.63071,131.0799
45.648357,130.17896
45.665485,130.17896
45.680775,130.17896
45.700832,129.95966
45.71394,129.95966
45.73269,128.40643
45.747807,128.40643
45.76546,127.93201
45.782913,127.93201
45.797737,127.93201
45.816353,126.80792
45.830566,126.80792
45.84942,126.27826
45.867428,126.27826
45.881363,126.27826
45.899647,125.028015
45.91451,125.028015
45.932808,124.35797
45.948265,124.35797
45.96525,123.895386
45.982277,123.895386
45.997204,123.895386
46.015953,121.35602
46.032288,121.35602
46.04919,121.37958
46.064426,121.37958
46.08011,121.37958
46.099483,121.13696
46.11485,121.13696
46.132614,121.92926
46.147118,121.92926
46.16396,121.92926
46.181232,121.13098
46.1985,121.13098
46.214367,121.680115
46.230377,121.680115
46.24724,120.81903
46.264874,120.81903
46.28019,120.81903
46.297848,120.24011
46.314487,120.24011
46.333286,120.232056
46.34717,120.232056
46.36528,120.466675
46.382122,120.466675
46.398827,120.466675
46.41679,120.07202
46.430786,120.07202
46.44898,119.8468
46.463856,119.8468
46.481136,119.8468
46.499035,120.222534
46.513603,120.222534
46.536312,119.69733
46.547394,119.69733
46.56565,119.272705
46.582684,119.272705
46.597675,119.272705
46.615875,118.24573
46.630665,118.24573
46.646973,117.919495
46.665314,117.919495
46.680706,117.919495
46.698627,117.56561
46.713684,117.56561
46.73227,116.78638
46.747566,116.78638
46.76521,115.3819
46.781372,115.3819
46.797543,115.3819
46.81543,116.1012
46.83096,116.1012
46.848946,115.236694
46.86413,115.236694
46.881065,115.236694
46.897694,114.79291
46.915173,114.79291
46.932976,114.1405
46.947994,114.1405
46.965126,114.35614
46.982002,114.35614
46.998547,114.35614
47.01635,115.46283
47.031483,115.46283
47.048065,115.79321
47.0647,115.79321
47.079582,115.79321
47.097916,115.534485
47.11557,115.534485
47.13267,115.48718
47.147217,115.48718
47.16438,115.48718
47.182095,115.08478
47.197567,115.08478
47.21563,114.49585
47.23031,114.49585
47.247807,114.56409
47.265198,114.56409
47.280945,114.56409
47.29906,114.66669
47.31393,114.66669
47.333717,114.486084
47.347168,114.486084
47.36407,114.486084
47.38116,114.47766
47.397636,114.47766
47.419853,114.10571
47.430145,114.10571
47.44981,113.6145
47.46404,113.6145
47.481262,113.6145
47.49962,113.65387
47.514503,113.65387
47.53299,113.86749
47.5472,113.86749
47.5638,113.86749
47.58199,113.79596
47.597267,113.79596
47.61526,113.85797
47.63019,113.85797
47.64773,113.32837
47.665257,113.32837
47.680206,113.32837
47.69943,113.288635
47.714264,113.288635
47.73251,113.242065
47.747925,113.242065
47.765076,113.46283
47.78235,113.46283
47.79657,113.46283
47.817684,113.714294
47.829807,113.714294
47.84929,113.42816
47.86484,113.42816
47.88091,113.42816
47.898567,113.88727
47.914715,113.88727
47.931976,114.14569
47.94769,114.14569
47.96548,114.24353
47.982033,114.24353
47.997746,114.24353
48.01485,114.84613
48.030167,114.84613
48.049828,115.48871
48.063385,115.48871
48.081966,115.48871
48.098824,115.49011
48.11407,115.49011
48.131985,116.16669
48.148132,116.16669
48.164314,116.16669
48.18226,116.16669
48.196987,116.16669
48.216072,115.835266
48.23103,115.835266
48.24942,115.14606
48.264534,115.14606
48.28202,115.14606
48.298244,115.40814
48.313957,115.40814
48.331314,115.37317
48.347332,115.37317
48.363636,115.37317
48.38128,115.40466
48.39954,115.40466
48.416416,115.58215
48.431347,115.58215
48.452095,116.33441
48.46384,116.33441
48.480442,116.33441
48.4985,116.10541
48.51475,116.10541
48.53247,116.18713
48.5487,116.18713
48.565357,116.066284
48.58146,116.066284
48.59785,116.066284
48.616325,116.1416
48.630684,116.1416
48.649677,116.04022
48.664524,116.04022
48.68101,116.04022
48.69895,116.81848
48.71386,116.81848
48.735214,117.036255
48.747417,117.036255
48.76506,117.127625
48.781147,117.127625
48.798256,117.127625
48.815475,116.676025
48.831406,116.676025
48.847916,116.64093
48.864433,116.64093
48.88165,116.64093
48.899284,116.84363
48.91414,116.84363
48.9326,116.38507
48.94759,116.38507
48.965275,116.335266
48.98188,116.335266
48.998825,116.335266
49.01649,116.69397
49.032326,116.69397
49.049213,116.819214
49.064247,116.819214
49.081444,116.819214
49.098267,117.14569
49.11431,117.14569
49.131893,116.72522
49.14712,116.72522
49.163666,116.72522
49.181282,116.67975
49.198975,116.67975
49.21486,116.358826
49.231003,116.358826
49.24855,116.23596
49.265022,116.23596
49.280315,116.23596
49.298935,116.63666
49.31413,116.63666
49.33207,115.832825
49.347538,115.832825
49.364887,115.90735
49.380753,115.90735
49.397408,115.90735
49.41713,116.15015
49.43034,116.15015
49.44894,115.44446
49.463776,115.44446
49.48099,115.44446
49.498734,115.42645
49.51397,115.42645
49.53197,115.069275
49.54812,115.069275
49.565125,115.432434
49.58113,115.432434
49.598244,115.432434
49.616604,115.89087
49.631214,115.89087
49.647453,116.251465
49.665176,116.251465
49.680954,116.251465
49.698963,116.626465
49.714375,116.626465
49.733395,116.87537
49.747246,116.87537
49.765156,116.680115
49.783756,116.680115
49.797295,116.680115
49.814415,117.50458
49.831287,117.50458
49.847923,117.34613
49.866367,117.34613
49.882183,117.34613
49.89882,118.28772
49.915222,118.28772
49.932243,118.97778
49.94846,118.97778
49.96414,118.97778
49.98202,119.48157
49.998158,119.48157
50.01791,119.81714
50.03054,119.81714
50.05305,121.451416
50.06573,121.451416
50.081833,121.451416
50.09941,121.73773
50.115234,121.73773
50.133015,123.32953
50.150295,123.32953
50.166977,123.6449
50.18306,123.6449
50.197163,123.6449
50.216118,125.33331
50.231205,125.33331
50.2487,125.593994
50.264717,125.593994
50.280544,125.593994
50.29962,127.172485
50.315296,127.172485
50.33265,128.45941
50.34823,128.45941
50.365,128.40466
50.382088,128.40466
50.398422,128.40466
50.41608,129.94336
50.4313,129.94336
50.449173,130.56622
50.464417,130.56622
50.481407,130.56622
50.49806,130.52863
50.514256,130.52863
50.53252,131.97974
50.547363,131.97974
50.566277,132.27197
50.583233,132.27197
50.59723,132.27197
50.616497,133.63171
50.63126,133.63171
50.64926,133.62573
50.664246,133.62573
50.68143,133.62573
50.69887,134.45612
50.71474,134.45612
50.733707,135.98529
50.747883,135.98529
50.76523,136.43915
50.782776,136.43915
50.798233,136.43915
50.8191,136.79095
50.83187,136.79095
50.848866,136.88727
50.864758,136.88727
50.87978,136.88727
50.899002,138.21667
50.914925,138.21667
50.93184,139.83038
50.947186,139.83038
50.964127,139.83038
50.98064,140.22858
50.997177,140.22858
51.01514,141.27136
51.03258,141.27136
51.05035,142.17798
51.063583,142.17798
51.080616,142.17798
51.09843,143.32239
51.11484,143.32239
51.131817,144.586
51.1492,144.586
51.164604,144.586
51.18226,144.40442
51.19862,144.40442
51.21613,144.86084
51.231586,144.86084
51.24886,145.6994
51.264217,145.6994
51.28014,145.6994
51.29913,146.9386
51.31349,146.9386
51.332413,147.1778
51.3485,147.1778
51.364864,147.34308
51.380924,147.34308
51.397423,147.34308
51.415394,148.97437
51.43146,148.97437
51.44653,148.68451
51.465076,148.68451
51.48178,148.68451
51.49838,149.23938
51.513256,149.23938
51.53187,149.76721
51.547897,149.76721
51.56526,150.89392
51.58301,150.89392
51.597855,150.89392
51.615677,152.41248
51.63181,152.41248
51.649178,153.04425
51.66497,153.04425
51.681107,153.04425
51.69885,154.30121
51.714783,154.30121
51.731945,153.83282
51.749325,153.83282
51.769432,155.31122
51.78346,155.31122
51.798508,155.31122
51.81517,155.6051
51.830944,155.6051
51.84739,156.41785
51.86517,156.41785
51.880592,156.41785
51.899185,157.25214
51.914024,157.25214
51.931004,157.42352
51.94897,157.42352
51.96525,156.88892
51.981895,156.88892
51.997974,156.88892
52.01612,158.61334
52.03092,158.61334
52.04947,159.01746
52.06433,159.01746
52.08166,159.01746
52.099052,159.95782
52.113983,159.95782
52.13233,162.08258
52.147728,162.08258
52.16551,162.3418
52.18201,162.3418
52.197998,162.3418
52.215782,163.32025
52.23051,163.32025
52.24745,165.03217
52.265015,165.03217
52.28138,165.03217
52.300034,166.7572
52.31537,166.7572
52.332996,167.99713
52.346863,167.99713
52.36506,168.40894
52.381058,168.40894
52.397507,168.40894
52.415314,169.43872
52.43145,169.43872
52.45147,170.24927
52.468723,170.24927
52.481876,170.24927
52.500404,171.20294
52.51544,171.20294
52.536083,172.21643
52.549236,172.21643
52.563896,172.21643
52.58139,173.05914
52.597996,173.05914
52.614933,173.53369
52.630413,173.53369
52.650204,174.59393
52.66426,174.59393
52.6804,174.59393
52.69891,174.6737
52.7154,174.6737
52.73295,175.98053
52.748478,175.98053
52.76546,176.3565
52.78246,176.3565
52.797565,176.3565
52.81605,176.8407
52.831215,176.8407
52.84895,176.49011
52.86446,176.49011
52.88132,176.49011
52.898113,177.76904
52.914402,177.76904
52.933113,179.05072
52.948338,179.05072
52.965313,178.5351
52.98196,178.5351
52.998165,178.5351
53.016663,177.72943
53.032497,177.72943
53.04877,177.15247
53.06397,177.15247
53.080837,177.15247
53.09809,176.80829
53.115246,176.80829
53.132584,176.89691
53.147346,176.89691
53.163567,176.89691
53.181797,176.92548
53.197304,176.92548
53.215225,176.9768
53.2301,176.9768
53.249283,177.42572
53.263485,177.42572
53.282013,177.42572
53.29882,176.8706
53.31512,176.8706
53.33161,176.83862
53.3471,176.83862
53.365604,176.31622
53.381844,176.31622
53.397198,176.31622
53.41514,176.28735
53.430534,176.28735
53.44885,176.20789
53.465294,176.20789
53.480785,176.20789
53.4983,175.29596
53.514072,175.29596
53.53213,175.39447
53.547424,175.39447
53.56513,175.45282
53.58206,175.45282
53.59867,175.45282
53.615993,175.34418
53.631847,175.34418
53.64895,174.95538
53.664318,174.95538
53.6822,174.95538
53.69989,175.12915
53.71392,175.12915
53.731777,174.12305
53.748093,174.12305
53.765057,174.18549
53.782326,174.18549
53.798267,174.18549
53.81598,173.57483
53.830338,173.57483
53.84951,173.68237
53.86407,173.68237
53.895844,173.05157
53.90893,173.05157
53.921577,173.05157
53.93812,173.07623
53.95625,173.07623
53.972233,173.2663
53.98852,173.2663
54.00495,171.84973
54.021904,171.84973
54.037266,171.84973
54.056343,171.34705
54.07138,171.34705
54.08941,172.0857
54.104374,172.0857
54.122013,172.0857
54.138363,171.85583
54.154026,171.85583
54.172165,171.90125
54.187275,171.90125
54.204914,171.28491
54.22106,171.28491
54.23759,171.28491
54.25633,171.44543
54.27161,171.44543
54.289093,171.75604
54.304836,171.75604
54.325184,171.75604
54.338924,171.06897
54.354904,171.06897
54.371346,171.52448
54.388508,171.52448
54.40394,171.52448
54.421185,170.68402
54.438656,170.68402
54.455406,170.70062
54.470818,170.70062
54.49039,170.18231
54.505913,170.18231
54.520897,170.18231
54.53967,169.78992
54.55396,169.78992
54.57199,170.13568
54.588818,170.13568
54.605057,169.96179
54.621643,169.96179
54.63787,169.96179
54.65708,169.2055
54.6703,169.2055
54.688633,168.4726
54.703556,168.4726
54.72052,168.4726
54.739124,168.47925
54.754482,168.47925
54.772346,168.28693
54.787838,168.28693
54.803616,168.28693
54.821373,167.92938
54.838036,167.92938
54.855885,167.12012
54.870113,167.12012
54.889908,167.40387
54.914955,167.40387
54.926872,165.75214
54.94241,165.75214
54.95644,165.75214
54.975914,165.66565
54.989265,165.66565
55.007687,165.7528
55.024246,165.7528
55.040035,165.7528
55.0571,165.46216
55.074177,165.46216
55.090916,165.37823
55.106995,165.37823
55.124954,165.37823
55.139885,165.37823
55.156998,165.37823
55.174,165.4602
55.189915,165.4602
55.20617,165.55652
55.224476,165.55652
55.240734,165.55652
55.257774,165.69275
55.2739,165.69275
55.289898,165.22992
55.306118,165.22992
55.32225,165.22992
55.341255,165.57062
55.35619,165.57062
55.373802,165.97968
55.389027,165.97968
55.421417,166.60614
55.43448,166.60614
55.446587,166.23456
55.46485,166.23456
55.47978,166.23456
55.497684,166.50146
55.51319,166.50146
55.530113,166.03925
55.54621,166.03925
55.56304,166.03925
55.58168,165.09308
55.59662,165.09308
55.61496,165.14825
55.630135,165.14825
55.647606,165.76556
55.663605,165.76556
55.680637,165.76556
55.69872,164.85632
55.713455,164.85632
55.731827,164.17365
55.746273,164.17365
55.763214,164.17365
55.781837,164.0365
55.79623,164.0365
55.81318,164.1565
55.829884,164.1565
55.847153,164.16809
55.86381,164.16809
55.890167,164.43555
55.902073,164.43555
55.915092,164.43555
55.93237,164.63867
55.948936,164.63867
55.96585,163.9524
55.982697,163.9524
55.998672,163.9524
56.016914,163.58429
56.032585,163.58429
56.049126,163.45612
56.064835,163.45612
56.08195,163.45612
56.099617,162.10663
56.115326,162.10663
56.13386,161.24585
56.148895,161.24585
56.165108,160.94348
56.182735,160.94348
56.19908,160.94348
56.21488,158.94153
56.231396,158.94153
56.248817,157.64044
56.26484,157.64044
56.28095,157.64044
56.29962,156.78125
56.315285,156.78125
56.332928,155.29517
56.348637,155.29517
56.366436,154.51715
56.383076,154.51715
56.398796,154.51715
56.416206,154.61731
56.431763,154.61731
56.449512,151.74329
56.465534,151.74329
56.481438,151.74329
56.498283,151.24377
56.51486,151.24377
56.53314,150.05115
56.549255,150.05115
56.56548,148.58685
56.594154,148.58685
56.605923,148.58685
56.620953,147.66852
56.635113,147.66852
56.65291,146.32056
56.667774,146.32056
56.686058,145.58356
56.702553,145.58356
56.71948,145.58356
56.737762,145.1222
56.751385,145.1222
56.76939,144.50854
56.78654,144.50854
56.802044,144.50854
56.82021,143.95679
56.836857,143.95679
56.852608,142.49255
56.86914,142.49255
56.88582,141.89276
56.902447,141.89276
56.91867,141.89276
56.93767,142.08044
56.951794,142.08044
56.970505,141.58167
56.98543,141.58167
57.00138,141.58167
57.02103,140.05145
57.03548,140.05145
57.053463,139.99182
57.069027,139.99182
57.08523,139.79431
57.102684,139.79431
57.120113,139.79431
57.138134,139.297
57.151985,139.297
57.17031,138.62537
57.185764,138.62537
57.203243,138.62537
57.22081,138.33923
57.23562,138.33923
57.252735,137.79828
57.269817,137.79828
57.2861,137.17456
57.303493,137.17456
57.31899,137.17456
57.337196,136.94708
57.352707,136.94708
57.371063,135.44061
57.38684,135.44061
57.403206,135.44061
57.419857,135.50848
57.43655,135.50848
57.454273,134.79724
57.468666,134.79724
57.486404,133.0871
57.503826,133.0871
57.51869,133.0871
57.536976,133.44537
57.55305,133.44537
57.570724,132.02545
57.585846,132.02545
57.60379,132.02545
57.620483,131.05707
57.63561,131.05707
57.65374,130.21869
57.670322,130.21869
57.68657,129.62201
57.703674,129.62201
57.719593,129.62201
57.737106,129.53552
57.754078,129.53552
57.77019,128.42468
57.786377,128.42468
57.803337,128.42468
57.820007,127.8515
57.835293,127.8515
57.854088,126.40582
57.868866,126.40582
57.908485,125.78851
57.921608,125.78851
57.9355,125.3786
57.950363,125.3786
57.967552,124.20062
57.98445,124.20062
58.000385,124.20062
58.01859,123.18353
58.032867,123.18353
58.05227,123.270325
58.06743,123.270325
58.083183,123.270325
58.10133,123.716
58.117657,123.716
58.134815,123.450134
58.150715,123.450134
58.168194,122.46527
58.184315,122.46527
58.200123,122.46527
58.216988,122.262085
58.234093,122.262085
58.255337,121.58142
58.267334,121.58142
58.284733,121.58142
58.30127,121.951965
58.31737,121.951965
58.33551,121.79944
58.35044,121.79944
58.368652,121.84003
58.38387,121.84003
58.40104,121.84003
58.418724,121.93915
58.43274,121.93915
58.450916,122.58026
58.46619,122.58026
58.485065,122.60425
58.500168,122.60425
58.517567,122.60425
58.534,121.84888
58.551476,121.84888
58.56771,122.47107
58.58433,122.47107
58.600655,122.47107
58.6177,122.27191
58.633343,122.27191
58.651566,121.00897
58.66764,121.00897
58.684082,121.00897
58.700897,120.04816
58.717247,120.04816
58.73462,119.15234
58.75113,119.15234
58.76,119.15234