Time,Motion
0.25363,174.7218
0.26919848,174.95953
0.2833422,174.95953
0.30405375,175.5
0.31948003,175.5
0.33590811,176.75183
0.35044125,176.75183
0.37611836,177.9754
0.39828536,177.9754
0.41608104,178.98358
0.42961037,178.98358
0.44755572,181.09009
0.46664762,181.09009
0.47937906,181.09009
0.49763128,182.03802
0.5119937,182.03802
0.53344685,183.24152
0.5468854,183.24152
0.56567293,185.10864
0.580802,185.10864
0.59596366,185.10864
0.61613196,186.5
0.6306751,186.5
0.64764476,187.99371
0.6639897,187.99371
0.6791424,187.99371
0.69868886,187.48633
0.7134848,187.48633
0.73013705,187.48633
0.7522062,188.396
0.76389575,188.396
0.7822854,190.45789
0.79651666,190.45789
0.8148392,191.06433
0.83055556,191.06433
0.8460447,192.01141
0.863527,192.01141
0.88035697,192.01141
0.8992145,193.41742
0.9122924,193.41742
0.9316901,193.56293
0.9467802,193.56293
0.96473205,194.62823
0.98135066,194.62823
0.9969448,194.62823
1.0156459,195.34613
1.0292443,195.34613
1.0475864,197.03717
1.0642873,197.03717
1.0798254,197.03717
1.0993024,198.18927
1.1133457,198.18927
1.1312541,197.91693
1.1465626,197.91693
1.1627461,197.91693
1.1812491,197.3883
1.1966754,197.3883
1.2159008,198.93231
1.2287824,198.93231
1.2459056,200.03906
1.2648096,200.03906
1.2790935,200.03906
1.3027899,201.73218
1.3140992,201.73218
1.3317744,201.93005
1.3464365,201.93005
1.3640189,201.93005
1.3819654,203.75757
1.3975544,203.75757
1.4156106,204.23773
1.4302168,204.23773
1.4474508,205.6629
1.4634112,205.6629
1.479399,205.6629
1.4979703,207.49823
1.5131605,207.49823
1.5321609,209.27966
1.5468057,209.27966
1.565153,209.67725
1.579875,209.67725
1.5961506,209.67725
1.6138878,209.96332
1.6312078,209.96332
1.6467712,210.42798
1.663841,210.42798
1.6804764,210.42798
1.699739,211.52112
1.7136177,211.52112
1.7326393,212.97058
1.7457461,212.97058
1.7630692,212.97058
1.7816112,214.42792
1.7971311,214.42792
1.8176879,215.88391
1.8285576,215.88391
1.8471882,216.9964
1.8639727,216.9964
1.8791294,216.9964
1.899693,218.18286
1.9132265,218.18286
1.9306633,219.50665
1.9467236,219.50665
1.9629523,219.50665
1.980846,221.38348
1.9965196,221.38348
2.0156176,221.95496
2.0299757,221.95496
2.0463667,222.87231
2.0651276,222.87231
2.0800142,222.87231
2.098252,224.44037
2.1124375,224.44037
2.1310902,225.33948
2.1470613,225.33948
2.162894,225.33948
2.1817546,226.4751
2.1961036,226.4751
2.2131014,228.35925
2.229898,228.35925
2.2464535,228.77777
2.2645922,228.77777
2.2792687,228.77777
2.3002572,229.00476
2.3126137,229.00476
2.3301795,230.12561
2.3462796,230.12561
2.3649778,230.8598
2.381107,230.8598
2.3974512,230.8598
2.4150696,231.65869
2.43173,231.65869
2.448112,232.5874
2.4638746,232.5874
2.4813085,232.5874
2.4983897,232.2768
2.5144496,232.2768
2.5359788,233.2381
2.5479708,233.2381
2.5641487,233.2381
2.5808954,233.77142
2.5961294,233.77142
2.614787,233.6325
2.6299622,233.6325
2.6478977,235.23865
2.6637833,235.23865
2.6789398,235.23865
2.6988516,234.24756
2.7133515,234.24756
2.7310872,234.74536
2.74587,234.74536
2.7651672,235.25964
2.7801173,235.25964
2.7978125,235.25964
2.8141565,235.46405
2.8309157,235.46405
2.8473213,235.56323
2.8643484,235.56323
2.8799515,235.56323
2.898526,234.87805
2.9136527,234.87805
2.9324656,234.95721
2.9464676,234.95721
2.9619777,234.95721
2.9805632,234.44507
2.9959393,234.44507
3.0158234,234.61365
3.030162,234.61365
3.0462232,234.79572
3.0636735,234.79572
3.080142,234.79572
3.0979548,234.61353
3.113438,234.61353
3.1308866,234.02454
3.1472783,234.02454
3.164393,234.4773
3.1814306,234.4773
3.1969402,234.4773
3.2146506,234.27466
3.231251,234.27466
3.248447,234.41302
3.263238,234.41302
3.2803738,234.41302
3.2982593,234.98956
3.3129008,234.98956
3.331668,234.73865
3.3455112,234.73865
3.3640468,234.73865
3.3798382,234.33984
3.3965664,234.33984
3.4132574,233.64075
3.4301853,233.64075
3.4468038,234.05841
3.464334,234.05841
3.4802125,234.05841
3.4982965,233.3617
3.512712,233.3617
3.5306792,233.51941
3.547552,233.51941
3.5628936,233.51941
3.5812302,233.42346
3.596697,233.42346
3.6151412,233.6684
3.6290593,233.6684
3.6473355,232.82062
3.6640673,232.82062
3.6801608,232.82062
3.6979752,232.85388
3.7136836,232.85388
3.730683,233.97894
3.7462437,233.97894
3.762959,233.97894
3.7819047,233.02661
3.7968862,233.02661
3.8170772,232.69604
3.8300407,232.69604
3.8467736,232.86957
3.8631248,232.86957
3.8791728,232.86957
3.8987079,233.93579
3.913546,233.93579
3.9318829,233.01733
3.94663,233.01733
3.9628196,233.01733
3.9813383,233.53638
3.9970617,233.53638
4.015416,233.80426
4.030495,233.80426
4.047256,233.12598
4.064697,233.12598
4.080221,233.12598
4.0993166,233.54974
4.113061,233.54974
4.13465,233.2185
4.146092,233.2185
4.162702,233.2185
4.182593,233.0935
4.1969824,233.0935
4.214847,232.01007
4.2296906,232.01007
4.2464886,232.53589
4.264543,232.53589
4.280453,232.53589
4.3013344,231.76617
4.3147435,231.76617
4.331291,232.4823
4.3471103,232.4823
4.364071,232.4823
4.3803368,232.36652
4.396184,232.36652
4.4141774,232.39252
4.430776,232.39252
4.4477005,233.5437
4.4645596,233.5437
4.479802,233.5437
4.4993896,233.51721
4.514097,233.51721
4.535762,232.99097
4.5488095,232.99097
4.5629253,232.99097
4.5815854,232.43378
4.5980196,232.43378
4.615123,232.29047
4.630891,232.29047
4.647432,232.36932
4.663628,232.36932
4.6805124,232.36932
4.6978817,230.9784
4.7132134,230.9784
4.734171,231.50226
4.746798,231.50226
4.76372,231.50226
4.780896,230.7782
4.7979813,230.7782
4.81455,231.22986
4.8299565,231.22986
4.84625,231.37305
4.8640094,231.37305
4.8800883,231.37305
4.899042,231.34485
4.912788,231.34485
4.934305,231.02942
4.9461813,231.02942
4.964723,231.26154
4.980978,231.26154
4.9975443,231.26154
5.0144396,231.2409
5.030156,231.2409
5.0463705,230.98889
5.064643,230.98889
5.081042,230.98889
5.098696,230.89856
5.1144657,230.89856
5.1316032,230.7143
5.1468525,230.7143
5.16315,230.7143
5.181787,230.40942
5.19609,230.40942
5.2150135,230.34485
5.2296367,230.34485
5.245735,229.6654
5.263694,229.6654
5.2800517,229.6654
5.299076,230.28088
5.3136797,230.28088
5.3313856,229.84149
5.347098,229.84149
5.3634458,229.84149
5.3820543,229.86261
5.3960857,229.86261
5.414761,230.66443
5.430421,230.66443
5.449333,230.66547
5.4629507,230.66547
5.4794393,230.66547
5.497006,230.69366
5.5130877,230.69366
5.5305233,230.95917
5.5467873,230.95917
5.5634866,230.95917
5.5799127,230.96729
5.595869,230.96729
5.6158676,230.9347
5.6299047,230.9347
5.652869,230.86096
5.6688776,230.86096
5.678663,230.86096
5.6991262,230.7887
5.714844,230.7887
5.7306437,230.51166
5.7458544,230.51166
5.7641945,230.53271
5.7801514,230.53271
5.796129,230.53271
5.813391,230.2052
5.8287277,230.2052
5.847593,230.80127
5.8627095,230.80127
5.87976,230.80127
5.8990974,229.97919
5.911998,229.97919
5.931126,230.06873
5.946217,230.06873
5.9628835,230.06873
5.979784,228.02533
5.995194,228.02533
6.014074,227.5744
6.0299196,227.5744
6.0458813,226.27014
6.0639644,226.27014
6.0798626,226.27014
6.097616,225.3916
6.113129,225.3916
6.130358,224.68921
6.1471424,224.68921
6.1625624,224.68921
6.180783,223.18921
6.195984,223.18921
6.2134333,222.51208
6.229971,222.51208
6.247708,221.71326
6.262492,221.71326
6.2789316,221.71326
6.297519,221.04468
6.3130336,221.04468
6.334275,221.55414
6.345692,221.55414
6.3647146,219.81
6.3809185,219.81
6.396395,219.81
6.412444,218.72205
6.429682,218.72205
6.4472737,217.05493
6.4647946,217.05493
6.4792423,217.05493
6.4984426,216.5102
6.512068,216.5102
6.5315266,217.25726
6.545315,217.25726
6.5627885,217.25726
6.5800505,216.35669
6.595444,216.35669
6.615021,215.30743
6.6287813,215.30743
6.647353,214.55194
6.6622777,214.55194
6.6787777,214.55194
6.698886,213.23529
6.7125745,213.23529
6.7327914,212.76538
6.7456274,212.76538
6.7626457,212.76538
6.7815332,212.82092
6.796262,212.82092
6.8158846,212.82782
6.830199,212.82782
6.845617,211.8924
6.8636594,211.8924
6.8785105,211.8924
6.8983727,210.23486
6.9118547,210.23486
6.9329863,209.84326
6.94575,209.84326
6.962577,209.84326
6.979764,209.25641
6.9954214,209.25641
7.013602,207.96716
7.0293183,207.96716
7.046264,207.49066
7.0640736,207.49066
7.0795965,207.49066
7.097976,207.49066
7.1142263,206.5705
7.1297264,205.11859
7.1467066,205.11859
7.162664,205.11859
7.1820617,204.40308
7.19594,204.40308
7.21512,203.51788
7.2296658,203.51788
7.245992,203.20471
7.263967,203.20471
7.279171,203.20471
7.2966766,201.68939
7.3132253,201.68939
7.331491,201.07031
7.3463426,201.07031
7.3629627,201.07031
7.381299,200.15997
7.3955717,200.15997
7.414578,199.25836
7.4287643,199.25836
7.446448,198.82727
7.4642596,198.82727
7.4807897,198.82727
7.4974337,199.20557
7.5120106,199.20557
7.5312514,198.83734
7.5461574,198.83734
7.5649815,197.44922
7.5800037,197.44922
7.594956,197.44922
7.6133924,196.50989
7.6300297,196.50989
7.6449466,194.97937
7.6623054,194.97937
7.6802926,194.97937
7.6980457,194.02557
7.7162313,194.02557
7.732101,192.67316
7.7505026,192.67316
7.765554,191.83789
7.780998,191.83789
7.79647,191.83789
7.8144426,191.3086
7.829312,191.3086
7.847093,190.77972
7.863976,190.77972
7.8796716,190.77972
7.897884,188.14209
7.9139185,188.14209
7.9315534,187.57617
7.9466033,187.57617
7.962593,187.57617
7.9802136,185.86469
7.996272,185.86469
8.015323,184.81665
8.029546,184.81665
8.047383,183.9812
8.064099,183.9812
8.080001,183.9812
8.097009,182.49127
8.113816,182.49127
8.130174,182.13336
8.146621,182.13336
8.163258,182.13336
8.179976,181.58698
8.196543,181.58698
8.214144,180.7337
8.229625,180.7337
8.24692,180.0357
8.2647505,180.0357
8.278626,180.0357
8.297167,179.78143
8.311217,179.78143
8.334333,178.7049
8.346614,178.7049
8.364685,178.35138
8.379288,178.35138
8.395749,178.35138
8.413678,178.09796
8.428648,178.09796
8.448038,177.01843
8.465271,177.01843
8.479238,177.01843
8.497914,175.97089
8.512277,175.97089
8.532503,175.18518
8.547275,175.18518
8.565648,175.02716
8.581211,175.02716
8.595153,175.02716
8.613856,174.1781
8.6296425,174.1781
8.646511,173.06061
8.662542,173.06061
8.67937,173.06061
8.698116,172.09888
8.712588,172.09888
8.732771,171.66913
8.745872,171.66913
8.76279,171.66913
8.780114,170.13867
8.796537,170.13867
8.814283,169.8916
8.829285,169.8916
8.853484,169.0451
8.8640585,169.0451
8.8785305,169.0451
8.89781,169.15558
8.9129,169.15558
8.932163,168.59717
8.945949,168.59717
8.9627695,168.59717
8.98201,168.34912
8.996004,168.34912
9.01405,168.63037
9.030061,168.63037
9.045438,168.70306
9.064156,168.70306
9.078921,168.70306
9.098045,168.4613
9.113809,168.4613
9.134909,168.52014
9.146478,168.52014
9.162249,168.52014
9.181392,168.34534
9.196767,168.34534
9.215051,168.4176
9.229434,168.4176
9.248177,168.36761
9.263832,168.36761
9.280077,168.36761
9.298493,168.74072
9.312634,168.74072
9.331502,168.56091
9.346821,168.56091
9.36463,168.57971
9.379242,168.57971
9.395886,168.57971
9.414568,169.25702
9.429423,169.25702
9.448848,169.28046
9.463298,169.28046
9.479526,169.28046
9.497771,169.32324
9.51216,169.32324
9.529988,169.91388
9.545252,169.91388
9.562731,169.91388
9.580059,169.80768
9.596322,169.80768
9.613779,170.2826
9.629988,170.2826
9.6486,170.12878
9.662049,170.12878
9.679105,170.12878
9.698421,170.164
9.712481,170.164
9.730333,170.21454
9.746192,170.21454
9.764072,170.64899
9.780127,170.64899
9.796918,170.64899
9.814633,170.71533
9.828898,170.71533
9.847333,171.00702
9.863955,171.00702
9.879206,171.00702
9.902398,173.03613
9.914154,173.03613
9.932285,170.25397
9.946787,170.25397
9.961864,170.25397
9.979779,169.3161
9.996212,169.3161
10.0144205,169.33087
10.029076,169.33087
10.046033,169.47339
10.065868,169.47339
10.078648,169.47339
10.09797,169.03424
10.112981,169.03424
10.132025,169.65308
10.14688,169.65308
10.162795,169.65308
10.180216,169.77203
10.197294,169.77203
10.214446,169.83826
10.229788,169.83826
10.246747,169.88739
10.263235,169.88739
10.279736,169.88739
10.2991295,168.69232
10.312354,168.69232
10.329194,169.33832
10.346251,169.33832
10.3626,169.33832
10.381132,169.38892
10.397416,169.38892
10.414549,170.37592
10.42912,170.37592
10.4474535,170.4148
10.464399,170.4148
10.4811325,170.4148
10.498671,169.87122
10.513555,169.87122
10.53222,171.2273
10.547259,171.2273
10.562927,171.2273
10.581257,170.26514
10.595917,170.26514
10.614166,170.04877
10.632004,170.04877
10.647421,170.32574
10.662869,170.32574
10.680499,170.32574
10.700131,170.01819
10.715073,170.01819
10.731877,169.75702
10.746459,169.75702
10.76306,169.75702
10.782803,169.78052
10.799027,169.78052
10.815167,170.44629
10.830262,170.44629
10.849542,168.81537
10.864419,168.81537
10.879336,168.81537
10.900293,169.7143
10.912362,169.7143
10.932173,168.34326
10.946677,168.34326
10.962482,168.34326
10.980178,169.04382
10.995115,169.04382
11.017303,168.63202
11.030526,168.63202
11.04976,168.5
11.065015,168.5
11.082894,168.5
11.099718,168.12
11.115805,168.12
11.134287,168.26025
11.148182,168.26025
11.164074,167.70068
11.1837,167.70068
11.198006,167.70068
11.215967,167.73242
11.230388,167.73242
11.246393,169.17987
11.265546,169.17987
11.284054,169.17987
11.301722,169.62714
11.314748,169.62714
11.335409,168.52173
11.347335,168.52173
11.366609,168.03894
11.3817425,168.03894
11.39767,168.03894
11.416958,167.58087
11.431189,167.58087
11.45208,168.81879
11.463945,168.81879
11.4797735,168.81879
11.5002,168.19849
11.513759,168.19849
11.532305,168.53094
11.546337,168.53094
11.563381,168.53094
11.58048,167.43475
11.59926,167.43475
11.614023,166.99176
11.630438,166.99176
11.648655,167.53125
11.66393,167.53125
11.680276,167.53125
11.697506,169.19379
11.712564,169.19379
11.729982,168.38403
11.745955,168.38403
11.764661,168.60333
11.780162,168.60333
11.79552,168.60333
11.814934,167.25421
11.829282,167.25421
11.877189,167.18182
11.890053,166.71875
11.9041395,166.71875
11.920009,166.71875
11.937226,166.7815
11.953148,166.7815
11.971072,167.91132
11.986058,167.91132
12.002371,167.91132
12.019733,168.05383
12.035377,168.05383
12.05477,170.1919
12.069249,170.1919
12.084931,170.07031
12.102987,170.07031
12.118298,170.07031
12.136756,170.15442
12.151769,170.15442
12.169805,172.11292
12.185372,172.11292
12.202938,172.11292
12.219701,173.43573
12.234281,173.43573
12.252969,175.19049
12.269005,175.19049
12.284978,173.4762
12.301811,173.4762
12.318423,173.4762
12.337763,175.41174
12.352602,175.41174
12.369176,177.1654
12.384669,177.1654
12.402733,177.1654
12.420485,176.83972
12.435625,176.83972
12.453345,181.62689
12.468083,181.62689
12.48774,182.20898
12.503126,182.20898
12.519777,182.20898
12.536369,181.7763
12.552823,181.7763
12.570471,183.50793
12.586112,183.50793
12.603313,183.50793
12.618632,185.45984
12.63504,185.45984
12.653311,185.90002
12.668349,185.90002
12.686097,186.54346
12.702925,186.54346
12.718379,186.54346
12.737544,188.4331
12.753524,188.4331
12.774618,188.52795
12.785475,188.52795
12.802115,188.52795
12.820943,189.90143
12.836225,189.90143
12.855411,190.64624
12.868999,190.64624
12.886131,193.03595
12.904071,193.03595
12.919653,193.03595
12.937524,194.9339
12.951699,194.9339
12.974027,194.53278
12.985451,194.53278
13.002014,194.53278
13.020314,196.4859
13.034526,196.4859
13.05474,197.875
13.068651,197.875
13.092062,198.93591
13.103642,198.93591
13.118069,198.93591
13.13676,200.01935
13.151788,200.01935
13.169845,200.513
13.1853695,200.513
13.201886,200.513
13.219378,202.35614
13.234652,202.35614
13.253114,201.79486
13.269374,201.79486
13.285657,201.84766
13.303093,201.84766
13.31855,201.84766
13.336956,203.38605
13.352348,203.38605
13.368681,204.97546
13.385961,204.97546
13.402002,204.97546
13.418794,206.20496
13.436219,206.20496
13.4538355,207.14838
13.468175,207.14838
13.485361,208.89844
13.503311,208.89844
13.519495,208.89844
13.536064,209.01282
13.55197,209.01282
13.570366,208.7442
13.585852,208.7442
13.603813,210.34308
13.621004,210.34308
13.634952,210.34308
13.653708,210.04547
13.668668,210.04547
13.6886635,211.27692
13.703125,211.27692
13.719718,211.27692
13.73811,211.18921
13.752562,211.18921
13.770438,213.52203
13.787026,213.52203
13.802446,213.52203
13.820165,215.2409
13.834252,215.2409
13.853615,216.93524
13.868753,216.93524
13.8875675,217.20715
13.903629,217.20715
13.918699,217.20715
13.937852,218.02545
13.951158,218.02545
13.97003,217.95746
13.9848,217.95746
14.002243,217.95746
14.020119,218.59698
14.036184,218.59698
14.054324,219.82788
14.068261,219.82788
14.0853615,221.50409
14.103431,221.50409
14.118101,221.50409
14.13741,221.03003
14.153006,221.03003
14.170817,222.48041
14.185561,222.48041
14.200779,222.48041
14.22005,223.87299
14.235243,223.87299
14.253921,224.76562
14.269636,224.76562
14.285431,227.46765
14.303804,227.46765
14.318636,227.46765
14.337125,227.68964
14.3521805,227.68964
14.3705845,227.53229
14.385381,227.53229
14.402448,227.53229
14.41881,229.03333
14.4360895,229.03333
14.453149,229.4627
14.469119,229.4627
14.48448,231.53906
14.502517,231.53906
14.518119,231.53906
14.537085,233.61841
14.552558,233.61841
14.57027,233.20264
14.585706,233.20264
14.603975,232.59998
14.62051,232.59998
14.6361,232.59998
14.6526,234.22223
14.66869,234.22223
14.6859865,233.38635
14.704141,233.38635
14.71902,233.38635
14.737581,234.0
14.752029,234.0
14.770983,233.66248
14.786385,233.66248
14.803724,232.28229
14.82013,232.28229
14.835814,232.28229
14.854103,233.7851
14.868907,233.7851
14.886185,233.40442
14.903002,233.40442
14.919296,233.40442
14.936986,234.07574
14.952093,234.07574
14.970917,233.27008
14.984965,233.27008
15.004117,233.71527
15.019586,233.71527
15.047662,232.84894
15.059473,232.84894
15.072442,232.84894
15.091097,232.81158
15.106144,232.81158
15.123288,232.81158
15.141482,233.00769
15.156387,233.00769
15.175459,230.64374
15.189217,230.64374
15.205598,231.36646
15.223978,231.36646
15.239125,231.36646
15.257363,231.69336
15.273648,231.69336
15.300997,230.72858
15.309023,230.72858
15.326554,232.0
15.343074,232.0
15.35817,232.0
15.37583,231.91388
15.391617,231.91388
15.41031,231.88232
15.425063,231.88232
15.442633,231.88232
15.460049,230.81818
15.474095,230.81818
15.4929085,230.30487
15.508095,230.30487
15.525333,230.87793
15.542685,230.87793
15.557791,230.87793
15.575953,230.96838
15.590842,230.96838
15.608933,229.78741
15.626617,229.78741
15.641812,229.78741
15.659566,230.30145
15.675698,230.30145
15.692645,230.28473
15.707516,230.28473
15.725933,230.23334
15.742712,230.23334
15.758484,230.23334
15.776267,229.51062
15.791799,229.51062
15.813547,230.09412
15.825185,230.09412
15.841355,230.09412
15.860097,230.22559
15.874381,230.22559
15.8938055,228.8941
15.90897,228.8941
15.92431,228.94159
15.941607,228.94159
15.958869,228.94159
15.976072,228.50659
15.992598,228.50659
16.009865,228.88818
16.025433,228.88818
16.04119,228.88818
16.059984,228.73718
16.074799,228.73718
16.09534,228.96667
16.10814,228.96667
16.125166,229.07239
16.142883,229.07239
16.157738,229.07239
16.177046,229.20807
16.191196,229.20807
16.210485,229.05457
16.223633,229.05457
16.240973,229.05457
16.259312,228.81561
16.274786,228.81561
16.292955,228.07062
16.3095,228.07062
16.324905,227.58191
16.343752,227.58191
16.35812,227.58191
16.376987,228.72394
16.391647,228.72394
16.410885,228.22931
16.424736,228.22931
16.441763,228.22931
16.45961,228.33154
16.473768,228.33154
16.494486,228.66473
16.508839,228.66473
16.527441,228.85529
16.542982,228.85529
16.558252,228.85529
16.576242,228.33795
16.59249,228.33795
16.613167,228.69928
16.62593,228.69928
16.641603,228.69928
16.65999,228.63818
16.67589,228.63818
16.696892,227.85712
16.708027,227.85712
16.72438,227.82068
16.742235,227.82068
16.758165,227.82068
16.774967,227.05768
16.791842,227.05768
16.810528,228.04266
16.824167,228.04266
16.842455,228.04266
16.85901,227.40308
16.875149,227.40308
16.89369,226.58826
16.908716,226.58826
16.925056,225.38464
16.942429,225.38464
16.957277,225.38464
16.976828,225.7898
16.991732,225.7898
17.009096,227.05731
17.025991,227.05731
17.041357,227.05731
17.058685,226.88232
17.074873,226.88232
17.093124,226.10895
17.108103,226.10895
17.124765,225.80292
17.142529,225.80292
17.15826,225.80292
17.176363,226.19482
17.192318,226.19482
17.210102,225.59625
17.225,225.59625
17.242952,225.59625
17.259325,226.80432
17.27499,226.80432
17.29285,225.4173
17.308887,225.4173
17.32512,226.84851
17.34323,226.84851
17.358248,226.84851
17.3763,225.73285
17.392254,225.73285
17.41281,225.83441
17.424177,225.83441
17.442139,225.83441
17.459715,226.4538
17.47501,226.4538
17.493181,224.57239
17.50776,224.57239
17.525358,224.6012
17.542519,224.6012
17.55857,224.6012
17.577002,224.20752
17.592052,224.20752
17.608223,224.18182
17.6241,224.18182
17.641283,224.18182
17.659193,223.66669
17.676262,223.66669
17.693037,224.22668
17.708405,224.22668
17.727442,223.44293
17.742575,223.44293
17.758013,223.44293
17.780146,223.3675
17.792141,223.3675
17.808977,223.89307
17.825323,223.89307
17.84256,223.89307
17.861721,222.3487
17.874784,222.3487
17.895441,221.60376
17.909204,221.60376
17.92518,221.17712
17.943354,221.17712
17.957745,221.17712
17.975872,219.94629
17.991869,219.94629
18.009193,219.30591
18.025433,219.30591
18.041876,219.30591
18.059322,217.8805
18.074657,217.8805
18.092888,216.57501
18.107681,216.57501
18.124989,214.93292
18.142567,214.93292
18.15809,214.93292
18.175581,213.23297
18.191353,213.23297
18.208303,212.72559
18.224365,212.72559
18.24115,212.72559
18.259394,212.13043
18.274931,212.13043
18.294163,210.67444
18.3071,210.67444
18.324387,208.32654
18.341965,208.32654
18.358194,208.32654
18.375484,207.98767
18.390667,207.98767
18.408762,206.91925
18.424675,206.91925
18.44085,206.91925
18.458931,205.14874
18.475018,205.14874
18.494114,204.95654
18.508192,204.95654
18.52515,202.92029
18.544182,202.92029
18.558865,202.92029
18.575619,202.45392
18.592142,202.45392
18.609322,200.91608
18.624483,200.91608
18.641827,200.91608
18.660532,199.00891
18.675812,199.00891
18.693254,199.87396
18.708572,199.87396
18.72488,199.0
18.742626,199.0
18.759066,199.0
18.776434,199.56738
18.791857,199.56738
18.809504,196.9173
18.824324,196.9173
18.841606,196.9173
18.860134,197.29486
18.875053,197.29486
18.893791,196.43701
18.90846,196.43701
18.929022,196.43701
18.946194,194.86206
18.959711,194.86206
18.976585,193.81873
18.990387,193.81873
19.00912,191.2135
19.02448,191.2135
19.041836,191.2135
19.05835,189.71765
19.075823,189.71765
19.093874,187.0979
19.109735,187.0979
19.125305,186.32886
19.141726,186.32886
19.158266,186.32886
19.177582,185.4823
19.191818,185.4823
19.214458,184.58502
19.224642,184.58502
19.24142,184.58502
19.260265,182.43304
19.275354,182.43304
19.29382,181.75818
19.308332,181.75818
19.325876,180.8487
19.342459,180.8487
19.35818,180.8487
19.37661,179.84613
19.391304,179.84613
19.409632,179.99261
19.424097,179.99261
19.44134,179.99261
19.461994,179.06409
19.47827,179.06409
19.494232,178.58862
19.510204,178.58862
19.52497,177.38892
19.54323,177.38892
19.559538,177.38892
19.578444,177.38892
19.596472,176.78668
19.614103,176.07092
19.624973,176.07092
19.642107,176.07092
19.65962,175.41608
19.67496,175.41608
19.693329,174.6242
19.7083,174.6242
19.726519,173.9718
19.742008,173.9718
19.758398,173.9718
19.776197,173.53192
19.79224,173.53192
19.813343,172.92804
19.824974,172.92804
19.842316,172.92804
19.859926,171.95032
19.87502,171.95032
19.896267,170.7351
19.908186,170.7351
19.925377,171.12903
19.944792,171.12903
19.958942,171.12903
19.97598,171.21771
19.991732,171.21771
20.00937,171.93195
20.024931,171.93195
20.04174,171.93195
20.059574,170.71777
20.07501,170.71777
20.093176,169.89581
20.108969,169.89581
20.132391,169.46625
20.14609,169.46625
20.160988,169.46625
20.178755,168.46326
20.19332,168.46326
20.210014,168.90778
20.225412,168.90778
20.242529,168.90778
20.257883,168.9552
20.276217,168.9552
20.29304,168.55884
20.308428,168.55884
20.32545,168.19641
20.34213,168.19641
20.377121,168.85962
20.391382,168.85962
20.405794,168.22058
20.419918,168.22058
20.43652,168.22058
20.45407,168.85925
20.469357,168.85925
20.486135,169.33588
20.502905,169.33588
20.51822,169.33588
20.537739,170.30487
20.552946,170.30487
20.570475,170.7273
20.586123,170.7273
20.602697,170.7273
20.620443,171.3092
20.63578,171.3092
20.654474,171.50342
20.668577,171.50342
20.686424,171.02942
20.703468,171.02942
20.718266,171.02942
20.737154,170.30066
20.75125,170.30066
20.774153,171.021
20.787462,171.021
20.80244,171.021
20.824333,171.0282
20.838936,171.0282
20.856281,170.76758
20.870346,170.76758
20.888945,170.55396
20.903444,170.55396
20.919102,170.55396
20.938276,171.3158
20.951649,171.3158
20.975042,172.17792
20.9859,172.17792
21.001812,172.17792
21.020456,171.43225
21.035048,171.43225
21.054054,172.24341
21.070019,172.24341
21.087263,171.71082
21.104477,171.71082
21.119637,171.71082
21.137936,171.57574
21.152142,171.57574
21.170933,172.03497
21.185995,172.03497
21.202284,172.03497
21.219225,171.93793
21.23653,171.93793
21.2546,172.06293
21.269266,172.06293
21.284462,172.19861
21.303621,172.19861
21.318472,172.19861
21.336836,171.67151
21.352415,171.67151
21.369612,171.79022
21.385445,171.79022
21.401556,171.79022
21.419712,172.0
21.43545,172.0
21.453566,171.78668
21.469095,171.78668
21.485815,171.99323
21.502728,171.99323
21.51783,171.99323
21.53698,171.18939
21.55207,171.18939
21.56979,171.71893
21.585026,171.71893
21.601349,171.71893
21.621056,172.04108
21.636486,172.04108
21.654228,172.30597
21.668951,172.30597
21.689297,172.0216
21.704018,172.0216
21.718914,172.0216
21.737442,171.23224
21.7533,171.23224
21.774288,171.01794
21.785429,171.01794
21.802507,171.01794
21.820974,170.98303
21.836231,170.98303
21.85385,170.07361
21.868761,170.07361
21.887056,172.52942
21.903614,172.52942
21.91939,172.52942
21.937359,171.8418
21.951895,171.8418
21.974895,170.27545
21.986494,170.27545
22.001701,170.27545
22.020494,170.73334
22.035955,170.73334
22.054102,170.3913
22.068779,170.3913
22.087378,171.10193
22.104177,171.10193
22.118704,171.10193
22.13824,170.55151
22.151772,170.55151
22.170937,170.95392
22.185246,170.95392
22.201992,170.95392
22.219776,170.64288
22.235792,170.64288
22.255539,169.73132
22.268679,169.73132
22.28596,169.99335
22.304428,169.99335
22.31972,169.99335
22.33694,170.2215
22.352549,170.2215
22.36971,171.87592
22.385086,171.87592
22.402586,171.87592
22.42011,171.79138
22.435637,171.79138
22.453167,171.2649
22.469528,171.2649
22.488974,171.31012
22.50334,171.31012
22.520418,171.31012
22.53814,171.13818
22.552198,171.13818
22.570574,170.43884
22.585232,170.43884
22.602474,170.43884
22.621452,171.62592
22.635157,171.62592
22.652905,171.67145
22.669943,171.67145
22.686386,170.59125
22.703644,170.59125
22.719112,170.59125
22.73767,170.72272
22.752125,170.72272
22.772099,171.77777
22.785767,171.77777
22.801924,171.77777
22.820677,171.12067
22.836306,171.12067
22.855852,170.99298
22.870377,170.99298
22.887196,171.1778
22.9034,171.1778
22.919926,171.1778
22.937538,171.36707
22.952026,171.36707
22.972773,170.88513
22.98594,170.88513
23.00286,170.88513
23.020191,172.06152
23.036247,172.06152
23.052546,171.98376
23.07047,171.98376
23.08822,171.37958
23.103971,171.37958
23.118551,171.37958
23.139862,171.42645
23.15251,171.42645
23.173014,171.25531
23.187021,171.25531
23.20169,171.25531
23.220186,171.0935
23.236387,171.0935
23.25377,170.34998
23.269905,170.34998
23.285978,170.2414
23.30385,170.2414
23.319239,170.2414
23.337358,170.2215
23.352211,170.2215
23.370272,170.5263
23.384457,170.5263
23.402243,170.5263
23.419746,170.45581
23.436584,170.45581
23.453568,170.33551
23.469437,170.33551
23.485062,170.90698
23.50289,170.90698
23.518896,170.90698
23.537546,171.25623
23.553492,171.25623
23.574373,170.38574
23.586056,170.38574
23.604937,170.38574
23.62452,170.12317
23.63589,170.12317
23.653976,170.39703
23.669765,170.39703
23.686388,171.05042
23.70306,171.05042
23.719082,171.05042
23.739536,171.06915
23.755838,171.06915
23.775156,171.15686
23.786112,171.15686
23.803953,170.73529
23.820318,170.73529
23.836712,170.73529
23.85383,171.2464
23.86752,171.2464
23.88844,171.84998
23.903013,171.84998
23.918512,171.84998
23.937597,173.37012
23.951345,173.37012
23.97341,172.9458
23.98553,172.9458
24.001917,172.9458
24.020456,173.17535
24.035755,173.17535
24.05374,174.00763
24.068981,174.00763
24.089613,174.7464
24.10309,174.7464
24.120396,174.7464
24.138845,178.0282
24.152512,178.0282
24.170292,177.42859
24.185917,177.42859
24.202785,177.42859
24.21919,176.80743
24.236088,176.80743
24.254576,179.24268
24.270021,179.24268
24.286745,178.90277
24.303982,178.90277
24.319412,178.90277
24.336657,181.05298
24.353306,181.05298
24.370396,181.75574
24.385324,181.75574
24.401756,181.75574
24.419407,184.44446
24.43679,184.44446
24.453777,185.38098
24.468943,185.38098
24.486107,186.15558
24.502989,186.15558
24.518013,186.15558
24.537308,187.8244
24.553787,187.8244
24.570047,190.17542
24.586481,190.17542
24.603968,190.70801
24.620419,190.70801
24.63671,190.70801
24.65466,191.34589
24.669094,191.34589
24.690792,192.62402
24.701977,192.62402
24.71924,192.62402
24.736734,193.76788
24.75472,193.76788
24.770931,195.91302
24.785122,195.91302
24.802078,195.91302
24.82,197.85828
24.835909,197.85828
24.855755,198.04999
24.869658,198.04999
24.888735,198.05096
24.903076,198.05096
24.918772,198.05096
24.937744,199.6424
24.952406,199.6424
24.971203,200.59283
24.985838,200.59283
25.003593,200.59283
25.020657,200.91559
25.036366,200.91559
25.053076,201.51971
25.069796,201.51971
25.085941,203.14703
25.103373,203.14703
25.11838,203.14703
25.138557,204.3941
25.153048,204.3941
25.17208,204.64026
25.186514,204.64026
25.202284,204.64026
25.220242,206.51678
25.23593,206.51678
25.25527,205.70251
25.269766,205.70251
25.285938,206.7091
25.30404,206.7091
25.318783,206.7091
25.338146,206.88892
25.352785,206.88892
25.370651,207.48871
25.385977,207.48871
25.40248,207.48871
25.42044,209.06976
25.436644,209.06976
25.453165,209.78168
25.468662,209.78168
25.485703,211.59723
25.504107,211.59723
25.519123,211.59723
25.537659,211.8487
25.553223,211.8487
25.570261,212.66669
25.587326,212.66669
25.603659,213.36157
25.619553,213.36157
25.635141,213.36157
25.654892,214.9632
25.668676,214.9632
25.688614,216.47675
25.702713,216.47675
25.720745,216.47675
25.737276,217.24677
25.752293,217.24677
25.771088,217.66217
25.785906,217.66217
25.802225,217.66217
25.820377,218.20001
25.836195,218.20001
25.854685,219.56128
25.86861,219.56128
25.88642,220.81335
25.903572,220.81335
25.919287,220.81335
25.93686,222.51147
25.951986,222.51147
25.975243,221.7826
25.985712,221.7826
26.002628,221.7826
26.01997,223.34814
26.035053,223.34814
26.05455,223.08331
26.069536,223.08331
26.08532,223.76434
26.103117,223.76434
26.119493,223.76434
26.137856,224.58826
26.15258,224.58826
26.169868,225.56738
26.18629,225.56738
26.211344,225.86127
26.223995,225.86127
26.235867,225.86127
26.254257,225.57556
26.269112,225.57556
26.28598,226.31873
26.306053,226.31873
26.318548,226.31873
26.337223,226.0769
26.352055,226.0769
26.373587,226.84375
26.386236,226.84375
26.402576,226.84375
26.419323,228.47223
26.43625,228.47223
26.45421,229.02002
26.46971,229.02002
26.486383,229.16199
26.50266,229.16199
26.519444,229.16199
26.53792,228.73456
26.553125,228.73456
26.570646,229.15173
26.58771,229.15173
26.603828,229.84967
26.620493,229.84967
26.635508,229.84967
26.65347,230.1842
26.669735,230.1842
26.686369,230.1842
26.703802,230.68494
26.719696,230.68494
26.737497,231.22516
26.751455,231.22516
26.771246,231.39435
26.785652,231.39435
26.802774,231.39435
26.82091,230.86328
26.836887,230.86328
26.85391,231.1549
26.86849,231.1549
26.899584,231.34027
26.91102,231.34027
26.923948,231.64136
26.941517,231.64136
26.958454,231.64136
26.976524,231.57892
26.990686,231.57892
27.009398,231.047
27.023664,231.047
27.041094,231.047
27.058401,231.2345
27.073896,231.2345
27.092049,230.76129
27.107824,230.76129
27.12409,230.76129
27.143358,230.40002
27.158146,230.40002
27.175882,230.80505
27.190971,230.80505
27.20914,231.13495
27.224264,231.13495
27.240507,231.13495
27.25851,230.84784
27.275536,230.84784
27.291842,231.08105
27.307495,231.08105
27.325085,230.72394
27.341635,230.72394
27.357525,230.72394
27.375692,231.44305
27.390379,231.44305
27.412632,230.70471
27.424932,230.70471
27.440638,230.70471
27.458336,231.18298
27.473948,231.18298
27.492422,231.03845
27.50833,231.03845
27.5245,230.98798
27.542692,230.98798
27.55731,230.98798
27.575142,231.89404
27.590425,231.89404
27.607964,230.36664
27.624191,230.36664
27.641272,230.36664
27.658806,230.78052
27.673899,230.78052
27.692146,230.92902
27.706615,230.92902
27.724752,229.7843
27.741386,229.7843
27.756964,229.7843
27.775713,229.60266
27.790455,229.60266
27.808247,230.63379
27.824343,230.63379
27.842049,230.63379
27.858963,230.5
27.874628,230.5
27.892935,231.25977
27.906652,231.25977
27.924377,230.31036
27.942413,230.31036
27.958195,230.31036
27.978275,230.31036
27.995045,230.13245
28.008812,230.9231
28.022827,230.9231
28.040892,230.9231
28.057718,230.27972
28.073845,230.27972
28.092232,229.84375
28.1069,229.84375
28.124489,229.60284
28.140676,229.60284
28.156815,229.60284
28.176176,230.1513
28.190031,230.1513
28.208685,230.1889
28.223495,230.1889
28.239588,230.1889
28.258883,230.42859
28.273602,230.42859
28.291718,230.61176
28.30739,230.61176
28.324047,230.1676
28.34223,230.1676
28.357426,230.1676
28.375494,231.07928
28.390547,231.07928
28.409512,229.81134
28.424255,229.81134
28.440336,229.81134
28.458645,228.62335
28.474497,228.62335
28.496128,228.62335
28.507214,228.62335
28.523977,229.23975
28.541365,229.23975
28.55625,229.23975
28.575514,228.46582
28.590721,228.46582
28.60967,228.0
28.624884,228.0
28.641247,228.0
28.658972,228.07098
28.675066,228.07098
28.691929,228.46198
28.708462,228.46198
28.723932,227.71777
28.741526,227.71777
28.757915,227.71777
28.77457,228.50684
28.790293,228.50684
28.80799,229.15717
28.824871,229.15717
28.840557,229.15717
28.858604,226.03076
28.87376,226.03076
28.89403,227.37195
28.90846,227.37195
28.924402,227.09027
28.943098,227.09027
28.957357,227.09027
28.9742,227.07831
28.99167,227.07831
29.008863,227.38214
29.023876,227.38214
29.041147,227.38214
29.058596,227.32727
29.074171,227.32727
29.093092,225.6712
29.10679,225.6712
29.124878,226.29413
29.141775,226.29413
29.157312,226.29413
29.175808,226.7066
29.190033,226.7066
29.208939,226.1189
29.223587,226.1189
29.24093,226.1189
29.258938,227.37976
29.273056,227.37976
29.29198,226.99377
29.30793,226.99377
29.3246,225.8457
29.342165,225.8457
29.358343,225.8457
29.374836,225.88812
29.391212,225.88812
29.408697,225.47852
29.42271,225.47852
29.440374,225.47852
29.458046,224.87665
29.473537,224.87665
29.49194,224.82117
29.507278,224.82117
29.524113,223.625
29.541325,223.625
29.557476,223.625
29.576136,224.34589
29.590313,224.34589
29.607723,224.5263
29.625826,224.5263
29.640482,224.5263
29.657896,224.5091
29.673956,224.5091
29.692074,224.53613
29.70673,224.53613
29.723892,223.27222
29.741882,223.27222
29.75785,223.27222
29.775549,222.87433
29.79122,222.87433
29.812147,223.55212
29.828905,223.55212
29.841583,223.55212
29.859018,222.45624
29.874857,222.45624
29.89243,221.61536
29.907158,221.61536
29.924198,221.0329
29.940706,221.0329
29.95853,221.0329
29.976776,220.18237
29.992783,220.18237
30.008812,219.48193
30.023626,219.48193
30.040707,219.48193
30.058237,219.20001
30.073885,219.20001
30.092712,217.16376
30.107624,217.16376
30.124655,217.5
30.140749,217.5
30.157772,217.5
30.175793,216.77325
30.190704,216.77325
30.212765,216.0
30.224855,216.0
30.239878,216.0
30.25927,214.65308
30.275139,214.65308
30.296001,214.44092
30.308424,214.44092
30.323792,213.64337
30.34114,213.64337
30.358128,213.64337
30.375027,211.74103
30.390053,211.74103
30.40911,210.18182
30.425354,210.18182
30.441202,210.18182
30.458199,209.93677
30.474005,209.93677
30.492107,209.21838
30.507952,209.21838
30.525417,208.17175
30.542109,208.17175
30.55826,208.17175
30.57538,207.76398
30.59029,207.76398
30.607885,206.39514
30.626766,206.39514
30.640766,206.39514
30.659082,205.20514
30.673477,205.20514
30.692884,204.2193
30.70816,204.2193
30.7247,204.04797
30.740507,204.04797
30.757374,204.04797
30.775639,202.71942
30.790728,202.71942
30.80706,202.62183
30.824495,202.62183
30.840595,202.62183
30.858376,201.90063
30.873724,201.90063
30.894386,200.01343
30.909029,200.01343
30.924528,200.03705
30.942492,200.03705
30.95728,200.03705
30.97557,199.33551
30.990221,199.33551
31.0097,198.32123
31.0241,198.32123
31.041523,198.32123
31.057909,197.3714
31.073545,197.3714
31.09383,195.91876
31.107477,195.91876
31.12446,194.40118
31.141655,194.40118
31.15653,194.40118
31.176424,194.74628
31.19075,194.74628
31.209574,193.06873
31.22502,193.06873
31.240902,193.06873
31.25853,193.05127
31.274656,193.05127
31.292204,192.4765
31.30833,192.4765
31.324467,191.17322
31.341145,191.17322
31.358,191.17322
31.3769,190.73077
31.391405,190.73077
31.409395,190.46405
31.424149,190.46405
31.441282,190.46405
31.459188,189.05695
31.47452,189.05695
31.493017,188.47644
31.507978,188.47644
31.524586,187.2041
31.54121,187.2041
31.557903,187.2041
31.576406,186.03595
31.591558,186.03595
31.60954,185.15002
31.624498,185.15002
31.641674,185.15002
31.658298,184.66858
31.674704,184.66858
31.69263,183.07867
31.707422,183.07867
31.726248,182.52142
31.743725,182.52142
31.757814,182.52142
31.775496,181.00641
31.790838,181.00641
31.808712,179.41827
31.824524,179.41827
31.840141,179.41827
31.857939,179.89307
31.873878,179.89307
31.892996,178.414
31.908384,178.414
31.924633,178.25317
31.941402,178.25317
31.957888,178.25317
31.974506,176.70966
31.99135,176.70966
32.008083,175.47058
32.02358,175.47058
32.04133,175.47058
32.05808,174.90002
32.07406,174.90002
32.093105,173.93243
32.10698,173.93243
32.124958,173.53644
32.142765,173.53644
32.157673,173.53644
32.176884,172.95331
32.190983,172.95331
32.209373,172.59308
32.22358,172.59308
32.241383,172.59308
32.258728,172.4898
32.274536,172.4898
32.292133,171.34814
32.308414,171.34814
32.324413,170.73529
32.34186,170.73529
32.357136,170.73529
32.374043,170.68152
32.392357,170.68152
32.409767,169.75171
32.42386,169.75171
32.440327,169.75171
32.45945,168.09827
32.474163,168.09827
32.492027,167.44708
32.50784,167.44708
32.52466,165.72974
32.542297,165.72974
32.557644,165.72974
32.576405,166.0816
32.59166,166.0816
32.60827,165.82117
32.62445,165.82117
32.641026,165.82117
32.658733,165.85034
32.674397,165.85034
32.69184,165.82611
32.706978,165.82611
32.7247,165.36877
32.741367,165.36877
32.757233,165.36877
32.77545,165.18896
32.79106,165.18896
32.81158,165.68146
32.823975,165.68146
32.841553,165.68146
32.85955,164.5888
32.875473,164.5888
32.893505,165.38983
32.908356,165.38983
32.924973,164.9248
32.94091,164.9248
32.957844,164.9248
32.976738,164.84033
32.99084,164.84033
33.00858,165.19257
33.023994,165.19257
33.04077,165.19257
33.0583,165.5517
33.073986,165.5517
33.092934,165.61377
33.107754,165.61377
33.125156,165.40692
33.142708,165.40692
33.156975,165.40692
33.174892,165.43665
33.190834,165.43665
33.2079,165.49658
33.224293,165.49658
33.24226,165.49658
33.258827,165.38562
33.27507,165.38562
33.292637,165.14288
33.308025,165.14288
33.32461,165.89563
33.34224,165.89563
33.358734,165.89563
33.378403,164.11108
33.391533,164.11108
33.408504,164.50934
33.424854,164.50934
33.44086,164.50934
33.457714,164.4643
33.475174,164.4643
33.491714,164.43152
33.507603,164.43152
33.524147,164.52057
33.541332,164.52057
33.557545,164.52057
33.577168,163.68964
33.592026,163.68964
33.612656,163.0
33.62605,163.0
33.640423,163.0
33.658203,163.5951
33.673794,163.5951
33.691494,164.44116
33.70806,164.44116
33.723774,163.75818
33.742195,163.75818
33.757233,163.75818
33.779915,163.57343
33.791393,163.57343
33.808064,162.79578
33.823685,162.79578
33.84108,162.79578
33.857903,163.25848
33.874958,163.25848
33.89371,163.81818
33.907536,163.81818
33.92495,163.89392
33.941257,163.89392
33.95776,163.89392
33.976704,164.08722
33.99249,164.08722
34.007816,164.48468
34.024628,164.48468
34.041214,164.48468
34.059338,164.04962
34.075287,164.04962
34.092186,164.59491
34.107864,164.59491
34.12541,164.59491
34.14194,164.73126
34.156857,164.73126
34.17625,164.48389
34.190777,164.48389
34.207882,165.05634
34.224857,165.05634
34.24128,165.05634
34.25975,165.01562
34.274105,165.01562
34.29175,163.30835
34.30809,163.30835
34.325577,163.82501
34.341507,163.82501
34.35714,163.82501
34.37636,163.91724
34.391262,163.91724
34.410393,163.98486
34.42488,163.98486
34.441216,163.98486
34.458252,165.53284
34.47378,165.53284
34.492767,165.40717
34.507656,165.40717
34.524002,165.08148
34.541443,165.08148
34.557682,165.08148
34.57501,165.21802
34.590614,165.21802
34.607224,165.25
34.62562,165.25
34.642178,165.25
34.659195,165.14783
34.674305,165.14783
34.69156,163.60529
34.70704,163.60529
34.726032,164.56555
34.74205,164.56555
34.758366,164.56555
34.776054,164.22034
34.7908,164.22034
34.808937,164.55725
34.823814,164.55725
34.841713,164.55725
34.859554,164.94012
34.87465,164.94012
34.893555,164.9856
34.906715,164.9856
34.924507,164.33588
34.941677,164.33588
34.957134,164.33588
34.975285,164.21704
34.990917,164.21704
35.007324,165.13953
35.025185,165.13953
35.041054,165.13953
35.0589,164.63574
35.074146,164.63574
35.092445,165.81677
35.10707,165.81677
35.124897,165.31726
35.141727,165.31726
35.15696,165.31726
35.175735,163.88373
35.1908,163.88373
35.208992,163.63715
35.22548,163.63715
35.240795,163.63715
35.25939,163.92426
35.27475,163.92426
35.29236,164.63696
35.30814,164.63696
35.324627,165.95831
35.34287,165.95831
35.357185,165.95831
35.375374,165.36432
35.39001,165.36432
35.4082,165.21704
35.424442,165.21704
35.441677,165.21704
35.460175,164.84326
35.47407,164.84326
35.49348,164.64288
35.508236,164.64288
35.52411,163.90002
35.54139,163.90002
35.557636,163.90002
35.576138,165.83179
35.590477,165.83179
35.60767,165.79102
35.62405,165.79102
35.641,165.79102
35.65776,165.83868
35.675186,165.83868
35.695087,164.38983
35.70696,164.38983
35.724648,164.8421
35.742027,164.8421
35.7587,164.8421
35.77648,165.8045
35.791588,165.8045
35.80748,164.76257
35.824966,164.76257
35.840393,164.76257
35.858585,164.39258
35.874287,164.39258
35.89465,164.6336
35.908455,164.6336
35.927387,165.74103
35.942364,165.74103
35.957962,165.74103
35.974648,164.13934
35.99126,164.13934
36.008915,163.8302
36.025127,163.8302
36.04122,163.8302
36.05869,166.31915
36.075363,166.31915
36.09314,167.00623
36.10815,167.00623
36.12462,168.47412
36.14195,168.47412
36.15724,168.47412
36.176403,169.21313
36.190807,169.21313
36.21052,170.07635
36.22383,170.07635
36.24134,170.07635
36.258976,170.92902
36.274227,170.92902
36.291637,170.78864
36.30704,170.78864
36.325184,171.88336
36.34262,171.88336
36.357964,171.88336
36.374863,173.08221
36.391243,173.08221
36.409424,175.28925
36.425056,175.28925
36.440945,175.28925
36.459915,175.3233
36.47577,175.3233
36.491867,175.54346
36.507538,175.54346
36.524548,176.21918
36.541904,176.21918
36.557877,176.21918
36.57566,178.50848
36.5912,178.50848
36.608143,179.46582
36.624138,179.46582
36.64124,179.46582
36.658768,181.20453
36.674168,181.20453
36.692356,182.35669
36.709263,182.35669
36.724697,183.80768
36.742756,183.80768
36.75726,183.80768
36.775417,183.88483
36.79034,183.88483
36.80935,185.04669
36.82427,185.04669
36.841152,185.04669
36.857986,186.50342
36.87417,186.50342
36.892963,187.41724
36.907784,187.41724
36.925285,188.169
36.941875,188.169
36.95896,188.169
36.97843,188.169
36.993267,188.51031
37.01365,189.16101
37.02377,189.16101
37.041885,189.16101
37.058537,191.44763
37.07386,191.44763
37.09511,193.59015
37.107056,193.59015
37.124218,193.82611
37.140762,193.82611
37.15808,193.82611
37.17572,195.15625
37.192425,195.15625
37.210007,196.07245
37.225132,196.07245
37.240532,196.07245
37.260544,195.94928
37.274296,195.94928
37.2926,198.20776
37.3085,198.20776
37.324024,198.75836
37.34244,198.75836
37.357113,198.75836
37.375412,199.8208
37.39159,199.8208
37.410175,200.51233
37.42402,200.51233
37.44123,200.51233
37.46241,201.7619
37.474773,201.7619
37.49333,202.54858
37.50713,202.54858
37.525505,204.94116
37.541763,204.94116
37.5569,204.94116
37.5768,205.96179
37.591022,205.96179
37.608425,207.38098
37.625984,207.38098
37.6423,207.38098
37.658997,208.44
37.675304,208.44
37.692142,209.42279
37.708378,209.42279
37.72421,210.06805
37.74135,210.06805
37.757133,210.06805
37.77618,211.53381
37.79044,211.53381
37.808308,213.42761
37.825127,213.42761
37.841324,213.42761
37.859486,215.33911
37.87408,215.33911
37.896606,215.84003
37.90868,215.84003
37.925343,216.58124
37.942047,216.58124
37.957817,216.58124
37.97625,218.43951
37.990475,218.43951
38.012257,218.08105
38.024063,218.08105
38.04088,218.08105
38.0596,219.62415
38.07376,219.62415
38.094063,220.60284
38.107822,220.60284
38.124477,220.47919
38.142147,220.47919
38.156857,220.47919
38.17588,222.42859
38.19094,222.42859
38.21225,222.06897
38.223946,222.06897
38.241646,222.06897
38.258724,222.43964
38.274136,222.43964
38.293438,224.22296
38.308228,224.22296
38.32454,224.68115
38.34219,224.68115
38.358437,224.68115
38.375572,225.51349
38.39031,225.51349
38.41241,225.90729
38.424335,225.90729
38.440323,225.90729
38.459877,226.15717
38.474487,226.15717
38.492226,226.9477
38.50723,226.9477
38.5241,228.13477
38.54207,228.13477
38.557346,228.13477
38.576557,228.46619
38.590637,228.46619
38.608807,228.00598
38.624832,228.00598
38.64178,228.00598
38.658928,227.40399
38.67446,227.40399
38.695877,228.10968
38.7088,228.10968
38.72465,228.23999
38.7424,228.23999
38.75732,228.23999
38.774467,228.05457
38.7927,228.05457
38.808506,226.7793
38.82439,226.7793
38.841587,226.7793
38.859467,228.45892
38.875458,228.45892
38.892376,228.10388
38.908363,228.10388
38.924423,227.35333
38.941822,227.35333
38.958282,227.35333
38.976425,228.17468
38.991432,228.17468
39.01235,229.21558
39.024353,229.21558
39.040325,229.21558
39.059025,228.15894
39.075024,228.15894
39.09291,228.06805
39.10784,228.06805
39.12597,227.99365
39.14173,227.99365
39.1577,227.99365
39.17643,228.06995
39.191284,228.06995
39.20931,228.34998
39.22339,228.34998
39.24168,228.34998
39.25917,227.36774
39.274467,227.36774
39.29263,227.73438
39.307564,227.73438
39.32398,228.01227
39.342773,228.01227
39.35783,228.01227
39.37615,228.59491
39.39252,228.59491
39.41011,227.8255
39.424843,227.8255
39.44202,227.8255
39.457714,229.19128
39.474697,229.19128
39.492653,228.0
39.50844,228.0
39.524944,229.09998
39.542946,229.09998
39.55742,229.09998
39.57559,227.91718
39.592533,227.91718
39.613243,227.00647
39.624672,227.00647
39.640842,227.00647
39.659756,227.91852
39.67496,227.91852
39.69372,228.6643
39.709312,228.6643
39.72466,227.6781
39.741383,227.6781
39.757442,227.6781
39.77583,227.47827
39.792046,227.47827
39.80865,226.88678
39.824413,226.88678
39.841423,226.88678
39.85883,228.84564
39.873997,228.84564
39.893154,226.4765
39.907856,226.4765
39.92526,227.20496
39.941757,227.20496
39.957394,227.20496
39.97424,227.37738
39.99116,227.37738
40.009655,227.00677
40.024887,227.00677
40.04108,227.00677
40.058918,227.78143
40.0743,227.78143
40.09309,227.16559
40.108013,227.16559
40.126015,226.29651
40.14281,226.29651
40.15859,226.29651
40.1765,226.39215
40.191383,226.39215
40.208717,226.79266
40.223957,226.79266
40.241146,226.79266
40.258705,227.40002
40.27445,227.40002
40.29197,227.48297
40.30733,227.48297
40.324554,227.63336
40.341972,227.63336
40.358368,227.63336
40.376736,224.81818
40.391617,224.81818
40.40938,225.09772
40.42517,225.09772
40.440758,225.09772
40.4595,224.64331
40.47481,224.64331
40.49342,225.3092
40.508465,225.3092
40.52496,224.34003
40.542427,224.34003
40.557938,224.34003
40.57673,224.64606
40.592052,224.64606
40.60881,224.83783
40.626175,224.83783
40.640556,224.83783
40.659294,224.48419
40.674583,224.48419
40.692783,224.34064
40.707916,224.34064
40.72384,224.3125
40.74162,224.3125
40.7575,224.3125
40.775684,224.39667
40.792015,224.39667
40.808662,224.28735
40.82362,224.28735
40.84145,224.28735
40.858463,225.0816
40.874767,225.0816
40.89176,223.96344
40.907894,223.96344
40.92507,224.05328
40.943115,224.05328
40.958134,224.05328
40.97691,224.13019
40.9918,224.13019
41.0127,222.63953
41.02521,222.63953
41.04124,222.63953
41.05914,222.46283
41.07627,222.46283
41.091965,222.3631
41.1074,222.3631
41.12582,222.42139
41.142086,222.42139
41.15732,222.42139
41.176094,221.36096
41.1909,221.36096
41.209736,221.24701
41.224236,221.24701
41.2417,221.24701
41.259464,222.11902
41.27478,222.11902
41.29212,220.74683
41.307327,220.74683
41.324497,221.19873
41.342487,221.19873
41.357826,221.19873
41.37509,220.90741
41.390564,220.90741
41.410477,221.0503
41.424187,221.0503
41.441345,221.0503
41.45869,220.5155
41.47476,220.5155
41.495247,221.52869
41.507763,221.52869
41.524467,221.13208
41.542625,221.13208
41.558174,221.13208
41.57694,220.48865
41.590954,220.48865
41.608067,218.97076
41.626392,218.97076
41.64217,218.97076
41.6593,219.3125
41.675232,219.3125
41.69191,219.07019
41.707203,219.07019
41.725655,219.31055
41.74295,219.31055
41.757553,219.31055
41.77628,217.95093
41.792767,217.95093
41.809345,218.05487
41.824703,218.05487
41.84212,218.05487
41.85826,216.64386
41.874454,216.64386
41.893833,217.00592
41.908806,217.00592
41.92477,215.27216
41.94225,215.27216
41.958645,215.27216
41.976223,215.32556
41.99134,215.32556
42.01252,214.59235
42.024742,214.59235
42.041946,214.59235
42.059597,213.90668
42.073895,213.90668
42.093983,213.47223
42.10798,213.47223
42.12565,212.9375
42.14211,212.9375
42.157227,212.9375
42.17734,212.93713
42.192577,212.93713
42.210228,211.57715
42.22509,211.57715
42.241936,211.57715
42.259514,212.01392
42.274265,212.01392
42.29152,211.04297
42.307716,211.04297
42.324646,208.77057
42.342213,208.77057
42.35811,208.77057
42.37701,209.1076
42.390617,209.1076
42.410477,209.0061
42.424335,209.0061
42.441917,209.0061
42.460266,207.31464
42.475033,207.31464
42.49258,206.75525
42.5093,206.75525
42.524487,207.29999
42.54161,207.29999
42.55811,207.29999
42.57516,205.74194
42.591503,205.74194
42.610115,205.9245
42.625546,205.9245
42.64162,205.9245
42.65995,205.86621
42.676693,205.86621
42.69726,203.30518
42.70899,203.30518
42.7242,202.383
42.74177,202.383
42.758102,202.383
42.776794,201.83783
42.794273,201.83783
42.81214,201.83972
42.82555,201.83972
42.841698,201.83972
42.85974,199.51947
42.87473,199.51947
42.894947,198.65002
42.907745,198.65002
42.9254,198.76642
42.94111,198.76642
42.958305,198.76642
42.977875,197.7591
42.99152,197.7591
43.009342,196.0611
43.025627,196.0611
43.040676,196.0611
43.058258,196.80994
43.07487,196.80994
43.095562,194.86621
43.10885,194.86621
43.125664,193.40521
43.14157,193.40521
43.159492,193.40521
43.17585,191.95123
43.191948,191.95123
43.20961,190.68494
43.224586,190.68494
43.2411,190.68494
43.260277,189.59723
43.276363,189.59723
43.29305,189.91779
43.30772,189.91779
43.324413,188.24658
43.34253,188.24658
43.357853,188.24658
43.375717,186.4967
43.39113,186.4967
43.408886,185.76611
43.425934,185.76611
43.442307,185.76611
43.458782,185.3288
43.47413,185.3288
43.496376,184.69873
43.507744,184.69873
43.525803,183.83551
43.542496,183.83551
43.557957,183.83551
43.575874,182.36426
43.59157,182.36426
43.61372,182.13635
43.625477,182.13635
43.641647,182.13635
43.660233,180.44855
43.67515,180.44855
43.692276,179.15643
43.708748,179.15643
43.724136,177.35876
43.74199,177.35876
43.757076,177.35876
43.776085,176.521
43.792328,176.521
43.810005,175.70074
43.823902,175.70074
43.841286,175.70074
43.85971,173.42487
43.875355,173.42487
43.892117,172.07098
43.907948,172.07098
43.923874,171.16565
43.94253,171.16565
43.95817,171.16565
43.977104,171.42755
43.991333,171.42755
44.012794,171.28876
44.024147,171.28876
44.042423,171.28876
44.058834,170.88159
44.074642,170.88159
44.093483,167.91272
44.10806,167.91272
44.124733,168.45862
44.141933,168.45862
44.157608,168.45862
44.176525,167.82947
44.190838,167.82947
44.21357,167.78345
44.223972,167.78345
44.24257,167.78345
44.260513,167.65411
44.276287,167.65411
44.293274,166.35529
44.308384,166.35529
44.32538,165.20471
44.342834,165.20471
44.35813,165.20471
44.376392,164.52142
44.3918,164.52142
44.40857,164.81049
44.42617,164.81049
44.441467,164.81049
44.460434,164.5586
44.474937,164.5586
44.4929,163.85156
44.507397,163.85156
44.52623,163.41876
44.541744,163.41876
44.557995,163.41876
44.57542,162.85144
44.591152,162.85144
44.609024,163.19287
44.62671,163.19287
44.641743,163.19287
44.659595,161.49664
44.673973,161.49664
44.6937,161.4627
44.70732,161.4627
44.724144,161.33594
44.742523,161.33594
44.75883,161.33594
44.7755,161.36523
44.79315,161.36523
44.80879,161.57935
44.82462,161.57935
44.841225,161.57935
44.858986,161.23022
44.8754,161.23022
44.89324,160.79675
44.90853,160.79675
44.925636,161.5185
44.94101,161.5185
44.959053,161.5185
44.977364,161.52002
44.99045,161.52002
45.01117,162.2727
45.025738,162.2727
45.042618,162.2727
45.05841,160.9856
45.074432,160.9856
45.095448,161.6748
45.10848,161.6748
45.126324,161.7185
45.14317,161.7185
45.15912,161.7185
45.176277,160.87024
45.192356,160.87024
45.21011,160.38397
45.22444,160.38397
45.242737,160.38397
45.260098,160.1955
45.27524,160.1955
45.29431,160.67212
45.308033,160.67212
45.324215,161.10077
45.343903,161.10077
45.35893,161.10077
45.376083,161.25562
45.39245,161.25562
45.409878,160.77612
45.423927,160.77612
45.443886,161.0
45.464756,161.0
45.474968,161.0
45.49417,160.51367
45.508972,160.51367
45.526604,160.65997
45.543903,160.65997
45.559464,160.65997
45.576534,161.34265
45.592754,161.34265
45.61448,160.86627
45.62887,160.86627
45.642506,160.86627
45.660934,160.41724
45.67521,160.41724
45.693703,159.91669
45.710506,159.91669
45.725254,160.31677
45.743797,160.31677
45.759457,160.31677
45.776825,161.06079
45.792866,161.06079
45.81415,160.58331
45.825836,160.58331
45.842846,160.58331
45.85923,160.0857
45.876404,160.0857
45.894775,159.98676
45.90919,159.98676
45.9263,160.26349
45.94283,160.26349
45.95968,160.26349
45.97753,159.53162
45.991814,159.53162
46.010326,160.695
46.025764,160.695
46.04231,160.695
46.06022,160.72296
46.07636,160.72296
46.095066,160.58667
46.10886,160.58667
46.1293,160.28918
46.142933,160.28918
46.162148,160.28918
46.17796,160.79138
46.191795,160.79138
46.2109,159.48468
46.225574,159.48468
46.242764,159.48468
46.25946,160.40509
46.274605,160.40509
46.293823,160.87744
46.308887,160.87744
46.325665,159.90967
46.342487,159.90967
46.358646,159.90967
46.376385,159.97974
46.392345,159.97974
46.40882,159.44757
46.42372,159.44757
46.4417,159.44757
46.460197,160.2677
46.474586,160.2677
46.49245,162.03198
46.509766,162.03198
46.525852,161.6383
46.543606,161.6383
46.558544,161.6383
46.577175,160.95715
46.591534,160.95715
46.609344,160.5263
46.6248,160.5263
46.64258,160.5263
46.660137,160.5224
46.674725,160.5224
46.69148,160.98572
46.707645,160.98572
46.724876,161.64862
46.741825,161.64862
46.758377,161.64862
46.77634,161.83075
46.793274,161.83075
46.810192,161.80292
46.825127,161.80292
46.84144,161.80292
46.86057,161.87823
46.87628,161.87823
46.893314,161.45862
46.908978,161.45862
46.925686,161.42633
46.941895,161.42633
46.95888,161.42633
46.97636,161.71051
46.991177,161.71051
47.008884,162.28302
47.024754,162.28302
47.04078,162.28302
47.058464,161.94287
47.074642,161.94287
47.09206,161.64423
47.10823,161.64423
47.126472,161.04083
47.14294,161.04083
47.15823,161.04083
47.17695,161.86151
47.191856,161.86151
47.21366,161.72058
47.224396,161.72058
47.242256,161.72058
47.25869,161.0
47.27618,161.0
47.293385,161.34125
47.308155,161.34125
47.325123,160.84125
47.34195,160.84125
47.359455,160.84125
47.376995,160.92682
47.392464,160.92682
47.40908,161.00702
47.42471,161.00702
47.44096,161.00702
47.460007,161.04956
47.473923,161.04956
47.49261,162.7265
47.50839,162.7265
47.525055,162.04309
47.542553,162.04309
47.557697,162.04309
47.57614,162.0968
47.592064,162.0968
47.608788,162.04797
47.625977,162.04797
47.64185,162.04797
47.659298,162.02203
47.674595,162.02203
47.691963,162.99268
47.708527,162.99268
47.726112,163.46527
47.74346,163.46527
47.759056,163.46527
47.77569,163.992
47.79186,163.992
47.809566,164.78949
47.8255,164.78949
47.842476,164.78949
47.861164,166.3761
47.875298,166.3761
47.892906,165.27478
47.909016,165.27478
47.924713,166.77081
47.94192,166.77081
47.958244,166.77081
47.97813,168.47998
47.991478,168.47998
48.007977,167.38464
48.026318,167.38464
48.042294,167.38464
48.0594,167.71655
48.07428,167.71655
48.093437,169.29169
48.1071,169.29169
48.124866,169.71075
48.14239,169.71075
48.158783,169.71075
48.177795,172.63208
48.192177,172.63208
48.20984,173.56616
48.225582,173.56616
48.241734,173.56616
48.2602,174.70325
48.274487,174.70325
48.292393,175.56494
48.307514,175.56494
48.326492,176.5509
48.34194,176.5509
48.35814,176.5509
48.3766,176.82098
48.39201,176.82098
48.410023,179.10431
48.42478,179.10431
48.441826,179.10431
48.46031,180.75952
48.474827,180.75952
48.491894,181.0387
48.508327,181.0387
48.526123,180.91559
48.543617,180.91559
48.55772,180.91559
48.57602,183.7174
48.590683,183.7174
48.608627,182.82312
48.6267,182.82312
48.641834,182.82312
48.6593,185.43048
48.675556,185.43048
48.693504,185.32574
48.708427,185.32574
48.72464,186.62292
48.742664,186.62292
48.75826,186.62292
48.77661,187.99182
48.791676,187.99182
48.80954,188.79999
48.824356,188.79999
48.8427,188.79999
48.860046,188.81616
48.87543,188.81616
48.89382,190.24164
48.908398,190.24164
48.9246,192.20154
48.942326,192.20154
48.958477,192.20154
48.975643,192.39856
48.99086,192.39856
49.009018,193.65411
49.024868,193.65411
49.041862,193.65411
49.059406,194.76819
49.074654,194.76819
49.092922,196.8493
49.108837,196.8493
49.1252,198.26428
49.143135,198.26428
49.1591,198.26428
49.176846,199.62305
49.191128,199.62305
49.211075,200.53949
49.22596,200.53949
49.2462,200.95972
49.26068,200.95972
49.275547,200.95972
49.293575,202.42352
49.3092,202.42352
49.325043,203.71252
49.342884,203.71252
49.357746,203.71252
49.377476,204.75793
49.39179,204.75793
49.40871,204.93024
49.42471,204.93024
49.440666,204.93024
49.459766,205.09802
49.473953,205.09802
49.49272,205.69427
49.508396,205.69427
49.52608,207.2857
49.54384,207.2857
49.558437,207.2857
49.575726,208.02081
49.590958,208.02081
49.608665,209.14862
49.626156,209.14862
49.642494,209.14862
49.659267,210.14392
49.67598,210.14392
49.6928,210.1695
49.707985,210.1695
49.7263,210.89862
49.74348,210.89862
49.758705,210.89862
49.776833,212.80853
49.79462,212.80853
49.809105,213.46045
49.825245,213.46045
49.842495,213.46045
49.858765,214.81378
49.875935,214.81378
49.89216,214.68292
49.90837,214.68292
49.925842,215.5083
49.942436,215.5083
49.957527,215.5083
49.976784,215.95782
49.99176,215.95782
50.00933,218.44507
50.02485,218.44507
50.043713,218.31818
50.059746,218.31818
50.076466,218.31818
50.09401,218.64075
50.109653,218.64075
50.12554,219.20483
50.144382,219.20483
50.157974,219.20483
50.17753,218.82025
50.192474,218.82025
50.209526,219.97998
50.224663,219.97998
50.242504,219.97998
50.26048,220.28479
50.27541,220.28479
50.29269,220.75336
50.308678,220.75336
50.325035,221.33783
50.343647,221.33783
50.357906,221.33783
50.37653,221.26532
50.390896,221.26532
50.40982,221.31335
50.4252,221.31335
50.44224,221.31335
50.460472,222.64539
50.47573,222.64539
50.49284,223.875
50.508434,223.875
50.524822,223.60712
50.541866,223.60712
50.55906,223.60712
50.577137,223.51007
50.5909,223.51007
50.610397,224.58759
50.62576,224.58759
50.641685,224.58759
50.65861,224.38763
50.674294,224.38763
50.69461,224.14014
50.70881,224.14014
50.725784,224.23755
50.741055,224.23755
50.75953,224.23755
50.77608,222.92157
50.792362,222.92157
50.8093,223.61005
50.8239,223.61005
50.842022,223.61005
50.86118,223.80432
50.875793,223.80432
50.893314,223.66101
50.909435,223.66101
50.92601,224.14288
50.94252,224.14288
50.958656,224.14288
50.977444,224.3291
50.991905,224.3291
51.010513,224.52356
51.024998,224.52356
51.041645,224.52356
51.05881,224.66101
51.075092,224.66101
51.093246,224.6914
51.108006,224.6914
51.12552,224.49121
51.143135,224.49121
51.15773,224.49121
51.17692,223.47559
51.191643,223.47559
51.210114,224.5633
51.225056,224.5633
51.242706,224.5633
51.25999,223.6023
51.275124,223.6023
51.296825,224.1488
51.30856,224.1488
51.324993,223.79211
51.342678,223.79211
51.357838,223.79211
51.37741,223.59338
51.392155,223.59338
51.413433,223.80127
51.42568,223.80127
51.442345,223.80127
51.461372,223.47772
51.47499,223.47772
51.49263,223.64807
51.508865,223.64807
51.526157,223.54022
51.542614,223.54022
51.558376,223.54022
51.577076,223.30316
51.591,223.30316
51.609043,223.26984
51.62601,223.26984
51.64208,223.26984
51.660004,223.01746
51.67419,223.01746
51.692097,222.93903
51.709606,222.93903
51.729614,222.93903
51.747276,223.5357
51.759075,223.5357
51.77596,223.19495
51.792328,223.19495
51.809235,223.21179
51.824028,223.21179
51.840908,223.21179
51.86006,223.07141
51.875423,223.07141
51.893017,222.86469
51.909122,222.86469
51.925175,222.7273
51.94275,222.7273
51.959476,222.7273
51.977013,223.18683
51.991123,223.18683
52.009476,223.62262
52.026337,223.62262
52.041553,223.62262
52.060112,222.815
52.07442,222.815
52.093964,222.7107
52.108353,222.7107
52.126312,221.4104
52.14289,221.4104
52.157837,221.4104
52.17702,221.66876
52.192307,221.66876
52.210262,221.32727
52.225178,221.32727
52.242252,221.32727
52.260536,221.28485
52.275112,221.28485
52.292717,221.60144
52.308044,221.60144
52.325417,220.51593
52.342716,220.51593
52.358383,220.51593
52.377556,220.41669
52.39227,220.41669
52.409264,220.1131
52.424496,220.1131
52.44169,220.1131
52.464355,219.77216
52.47552,219.77216
52.494312,218.10254
52.510624,218.10254
52.525383,218.86304
52.543587,218.86304
52.55827,218.86304
52.576508,219.04669
52.59135,219.04669
52.60896,218.97998
52.626995,218.97998
52.642345,218.97998
52.660587,219.33984
52.675205,219.33984
52.693184,217.62177
52.7092,217.62177
52.72592,217.91974
52.742756,217.91974
52.75927,217.91974
52.777195,217.36194
52.792538,217.36194
52.809753,217.84613
52.82633,217.84613
52.8447,217.2453
52.86014,217.2453
52.87602,217.2453
52.894997,217.85419
52.90981,217.85419
52.925415,217.2721
52.94182,217.2721
52.958714,217.2721
52.97704,217.82013
52.991344,217.82013
53.009384,216.47974
53.024742,216.47974
53.042706,216.47974
53.05939,217.50983
53.07436,217.50983
53.094063,216.7763
53.108727,216.7763
53.125618,216.1654
53.1426,216.1654
53.158806,216.1654
53.176727,215.73016
53.19302,215.73016
53.209633,215.24268
53.224792,215.24268
53.242214,215.24268
53.260662,215.83582
53.275997,215.83582
53.29245,216.81201
53.307354,216.81201
53.32506,215.28949
53.34351,215.28949
53.358006,215.28949
53.377987,215.2649
53.39215,215.2649
53.413727,214.6076
53.425926,214.6076
53.442234,214.6076
53.460255,214.156
53.475433,214.156
53.493965,214.63696
53.50905,214.63696
53.52585,214.56952
53.543503,214.56952
53.558624,214.56952
53.57702,213.84442
53.592617,213.84442
53.609123,213.323
53.6261,213.323
53.641518,213.323
53.659847,213.07513
53.67628,213.07513
53.693108,213.67133
53.709637,213.67133
53.731125,213.52692
53.743088,213.52692
53.75847,213.52692
53.781635,213.68713
53.792957,213.68713
53.80994,212.81976
53.824986,212.81976
53.84148,212.81976
53.860207,212.4942
53.876076,212.4942
53.89309,212.74048
53.90851,212.74048
53.92954,212.11768
53.943333,212.11768
53.959328,212.11768
53.976223,213.05328
53.991367,213.05328
54.010902,211.92487
54.024403,211.92487
54.042557,211.92487
54.059032,211.22437
54.07593,211.22437
54.09338,210.62317
54.108955,210.62317
54.12932,209.69385
54.14342,209.69385
54.15938,209.69385
54.17637,208.24683
54.193295,208.24683
54.213345,207.77777
54.226093,207.77777
54.242085,207.77777
54.260536,207.77551
54.27468,207.77551
54.297676,206.50427
54.308987,206.50427
54.324657,205.32117
54.343315,205.32117
54.35851,205.32117
54.377953,205.89929
54.391422,205.89929
54.413494,205.3111
54.424847,205.3111
54.4417,205.3111
54.460773,204.15387
54.476242,204.15387
54.49313,203.22931
54.50869,203.22931
54.525787,201.56696
54.545288,201.56696
54.55926,201.56696
54.57572,200.383
54.591816,200.383
54.60869,199.45001
54.625675,199.45001
54.642128,199.45001
54.659912,197.78345
54.675964,197.78345
54.693542,197.67212
54.709915,197.67212
54.724926,196.35712
54.74191,196.35712
54.759583,196.35712
54.776417,195.41724
54.79229,195.41724
54.810192,193.95172
54.825172,193.95172
54.842197,193.95172
54.860775,194.54193
54.87575,194.54193
54.892967,192.59521
54.90861,192.59521
54.925655,191.76257
54.943123,191.76257
54.958977,191.76257
54.977077,189.9552
54.991142,189.9552
55.010246,189.13019
55.025127,189.13019
55.0417,189.13019
55.059288,188.73102
55.075024,188.73102
55.092197,187.58386
55.108307,187.58386
55.12569,186.94672
55.142097,186.94672
55.159004,186.94672
55.17691,185.617
55.19233,185.617
55.213474,184.61737
55.225094,184.61737
55.242153,184.61737
55.25961,182.8313
55.276047,182.8313
55.293255,181.32257
55.30956,181.32257
55.325058,180.61334
55.343807,180.61334
55.35795,180.61334
55.377625,180.17004
55.3918,180.17004
55.413685,179.33795
55.425545,179.33795
55.441883,179.33795
55.45988,179.21948
55.47579,179.21948
55.49292,176.26923
55.509953,176.26923
55.529644,175.89288
55.54255,175.89288
55.558685,175.89288
55.575794,175.55383
55.591415,175.55383
55.609333,174.59851
55.625732,174.59851
55.642033,174.59851
55.65944,172.84033
55.67475,172.84033
55.69687,171.94775
55.709602,171.94775
55.72569,171.53894
55.74374,171.53894
55.757942,171.53894
55.77677,170.27051
55.792854,170.27051
55.80983,168.96027
55.82483,168.96027
55.841858,168.96027
55.860588,169.2868
55.87606,169.2868
55.892673,168.20831
55.909653,168.20831
55.925797,167.875
55.942204,167.875
55.959694,167.875
55.978348,166.1781
55.991623,166.1781
56.010025,165.69678
56.026043,165.69678
56.041428,165.69678
56.059002,165.13672
56.075478,165.13672
56.093864,165.31885
56.108772,165.31885
56.12629,163.60742
56.142532,163.60742
56.159744,163.60742
56.177467,164.25
56.19177,164.25
56.21064,163.2815
56.224865,163.2815
56.244225,163.09088
56.259106,163.09088
56.276257,163.09088
56.293915,162.67908
56.30876,162.67908
56.325706,161.5763
56.343784,161.5763
56.360176,161.5763
56.377575,162.19427
56.391888,162.19427
56.41352,161.28082
56.425747,161.28082
56.442307,161.28082
56.46067,161.58667
56.47542,161.58667
56.493362,160.80713
56.507595,160.80713
56.52588,160.62592
56.54302,160.62592
56.557743,160.62592
56.576202,159.59863
56.592216,159.59863
56.61361,158.70947
56.62554,158.70947
56.643917,159.0846
56.660767,159.0846
56.676044,159.0846
56.69404,158.2627
56.708996,158.2627
56.72618,158.35822
56.74199,158.35822
56.758377,158.35822
56.777172,157.43219
56.79256,157.43219
56.813972,156.73108
56.825623,156.73108
56.84234,156.73108
56.86004,156.15387
56.87624,156.15387
56.892757,156.30328
56.90835,156.30328
56.92577,157.73267
56.944336,157.73267
56.959343,157.73267
56.9763,157.6875
56.99204,157.6875
57.01432,157.22223
57.025597,157.22223
57.0438,156.2143
57.0602,156.2143
57.075027,156.2143
57.093544,156.45905
57.10953,156.45905
57.126095,157.45587
57.142555,157.45587
57.158928,157.45587
57.177532,157.12177
57.19348,157.12177
57.210293,158.06665
57.225464,158.06665
57.243683,157.52899
57.260006,157.52899
57.276314,157.52899
57.29332,158.7008
57.3094,158.7008
57.325592,158.36218
57.344086,158.36218
57.358536,158.36218
57.377396,159.75397
57.392498,159.75397
57.411076,159.65424
57.425373,159.65424
57.442802,159.65424
57.460518,159.0672
57.47551,159.0672
57.494125,160.5357
57.508423,160.5357
57.52657,160.5357
57.54417,160.82245
57.559578,160.82245
57.57702,159.2475
57.592342,159.2475
57.610294,159.12622
57.626358,159.12622
57.642944,159.12622
57.661198,158.7536
57.674477,158.7536
57.69701,158.58826
57.709496,158.58826
57.725494,159.06085
57.74314,159.06085
57.759583,159.06085
57.77722,159.58209
57.792374,159.58209
57.811104,159.15082
57.82613,159.15082
57.84331,159.15082
57.861015,159.73383
57.875263,159.73383
57.89441,160.43591
57.908703,160.43591
57.925,160.03906
57.942493,160.03906
57.959595,160.03906
57.97774,160.8811
57.992615,160.8811
58.013386,161.29285
58.025764,161.29285
58.04365,159.66443
58.06048,159.66443
58.07492,159.66443
58.09464,159.28662
58.108746,159.28662
58.126144,160.38739
58.14374,160.38739
58.1586,160.38739
58.176723,159.21948
58.19312,159.21948
58.210648,159.43384
58.225746,159.43384
58.24383,159.98279
58.260452,159.98279
58.27567,159.98279
58.296627,159.71295
58.308918,159.71295
58.32634,158.93695
58.343903,158.93695
58.358543,158.93695
58.378284,159.53906
58.392826,159.53906
58.409267,160.01642
58.426174,160.01642
58.44179,160.01642
58.460995,160.31781
58.475807,160.31781
58.49457,160.73041
58.50827,160.73041
58.52653,159.64801
58.54453,159.64801
58.56051,159.64801
58.577023,159.60486
58.593506,159.60486
58.609776,158.79999
58.626225,158.79999
58.642204,158.79999
58.65958,159.38391
58.675613,159.38391
58.693832,160.47101
58.709312,160.47101
58.725822,160.20001
58.742466,160.20001
58.758907,160.20001
58.775776,159.15576
58.7939,159.15576
58.80909,158.93042
58.82502,158.93042
58.842087,158.93042
58.85988,158.28949
58.875446,158.28949
58.89305,159.29205
58.908382,159.29205
58.926594,157.84955
58.94341,157.84955
58.959602,157.84955
58.97751,158.79999
58.992687,158.79999
59.009777,159.2901
59.026176,159.2901
59.041958,159.2901
59.059536,160.10687
59.075817,160.10687
59.09496,159.53656
59.108604,159.53656
59.12657,159.15106
59.144318,159.15106
59.158455,159.15106
59.177464,159.49286
59.191498,159.49286
59.21009,159.74792
59.22605,159.74792
59.243847,159.53656
59.259766,159.53656
59.27504,159.53656
59.2935,158.99188
59.310444,158.99188
59.32659,159.05469
59.34407,159.05469
59.35864,159.05469
59.37763,158.79834
59.393147,158.79834
59.410152,159.50757
59.428745,159.50757
59.443893,158.96063
59.460663,158.96063
59.475067,158.96063
59.492676,159.34918
59.508453,159.34918
59.526173,159.52002
59.543404,159.52002
59.559242,159.52002
59.577827,158.39685
59.593513,158.39685
59.609844,158.97351
59.62613,158.97351
59.642365,158.97351
59.659916,158.72931
59.676266,158.72931
59.69293,158.67224
59.709335,158.67224
59.726395,158.479
59.742325,158.479
59.75823,158.479
59.777058,158.6712
59.793236,158.6712
59.814907,158.29456
59.824787,158.29456
59.84373,159.37708
59.858456,159.37708
59.876366,159.37708
59.8932,159.3158
59.90772,159.3158
59.924973,158.94019
59.942093,158.94019
59.95822,158.94019
59.97828,159.10565
59.991848,159.10565
60.00891,160.03052
60.02581,160.03052
60.043766,160.9375
60.059963,160.9375
60.07613,160.9375
60.092323,161.78625
60.109894,161.78625
60.12712,164.2154
60.14436,164.2154
60.159973,164.2154
60.17783,163.84784
60.19235,163.84784
60.210598,164.7843
60.225197,164.7843
60.242535,164.7843
60.25992,165.44586
60.27581,165.44586
60.294605,165.66174
60.30883,165.66174
60.325787,167.10492
60.34341,167.10492
60.35983,167.10492
60.3767,169.31537
60.392735,169.31537
60.414505,170.41559
60.425323,170.41559
60.44159,170.41559
60.46111,170.70062
60.475315,170.70062
60.492386,171.87177
60.509388,171.87177
60.525993,172.10065
60.54477,172.10065
60.559242,172.10065
60.576157,173.75757
60.592644,173.75757
60.610306,175.92169
60.62607,175.92169
60.64267,175.92169
60.66018,177.90741
60.67538,177.90741
60.69341,178.5849
60.709724,178.5849
60.725918,180.5564
60.743015,180.5564
60.759117,180.5564
60.777336,181.16028
60.79241,181.16028
60.810345,182.1615
60.825703,182.1615
60.84177,182.1615
60.859344,183.98114
60.876007,183.98114
60.89423,185.33759
60.909023,185.33759
60.92644,185.03925
60.94297,185.03925
60.959415,185.03925
60.97815,185.9154
60.993332,185.9154
61.010307,186.70227
61.02561,186.70227
61.04253,186.70227
61.0602,187.0216
61.075874,187.0216
61.09369,190.27734
61.109535,190.27734
61.12579,190.38159
61.143684,190.38159
61.15889,190.38159
61.1775,190.7232
61.191956,190.7232
61.222748,192.02686
61.23289,192.02686
61.24837,192.54071
61.262875,192.54071
61.27945,192.54071
61.2974,194.03906
61.312576,194.03906
61.331223,196.9245
61.34665,196.9245
61.36433,197.87946
61.381023,197.87946
61.396614,197.87946
61.41541,197.84766
61.42993,197.84766
61.447243,198.38159
61.465332,198.38159
61.480137,198.38159
61.496807,200.5578
61.513866,200.5578
61.535507,201.80573
61.54693,201.80573
61.564198,202.91895
61.580437,202.91895
61.596638,202.91895
61.61487,202.85889
61.62972,202.85889
61.645664,202.52942
61.664734,202.52942
61.679928,202.52942
61.69789,203.677
61.713757,203.677
61.731606,204.48633
61.74724,204.48633
61.764008,205.1582
61.780605,205.1582
61.797024,205.1582
61.8155,205.73285
61.829914,205.73285
61.8487,207.4643
61.86391,207.4643
61.881382,207.4643
61.900375,208.04254
61.91363,208.04254
61.931362,208.30334
61.946835,208.30334
61.96412,209.03448
61.980934,209.03448
61.996925,209.03448
62.014774,209.36469
62.030914,209.36469
62.04759,210.76788
62.06329,210.76788
62.081394,210.76788
62.09911,212.76746
62.112926,212.76746
62.1318,212.76642
62.146065,212.76642
62.16281,212.76642
62.18304,212.7273
62.196957,212.7273
62.215702,213.3205
62.23066,213.3205
62.24766,214.62
62.262814,214.62
62.27999,214.62
62.298557,214.5592
62.314148,214.5592
62.330738,215.02484
62.345753,215.02484
62.362717,215.02484
62.381775,214.91174
62.396877,214.91174
62.414757,215.68054
62.430283,215.68054
62.44668,214.92352
62.464542,214.92352
62.479538,214.92352
62.49861,215.15002
62.513268,215.15002
62.530567,214.18665
62.54735,214.18665
62.563797,215.28821
62.580418,215.28821
62.59739,215.28821
62.614063,215.37762
62.62908,215.37762
62.647694,216.125
62.663437,216.125
62.67971,216.125
62.698692,215.96735
62.713516,215.96735
62.732346,215.31055
62.746372,215.31055
62.763817,214.94855
62.78131,214.94855
62.79755,214.94855
62.8154,215.27026
62.831768,215.27026
62.8488,215.59033
62.86471,215.59033
62.88182,215.59033
62.89855,215.57324
62.91393,215.57324
62.931156,214.77777
62.946335,214.77777
62.963886,214.51788
62.980835,214.51788
62.99695,214.51788
63.016052,215.03973
63.029915,215.03973
63.04853,215.00653
63.063923,215.00653
63.080025,215.00653
63.096634,215.78748
63.11313,215.78748
63.133213,215.33112
63.146473,215.33112
63.163967,215.69427
63.18279,215.69427
63.19723,215.69427
63.216156,214.57721
63.230213,214.57721
63.24703,215.05835
63.264587,215.05835
63.28009,215.05835
63.296864,215.10419
63.31423,215.10419
63.33102,214.61633
63.347057,214.61633
63.364662,214.6607
63.380924,214.6607
63.397045,214.6607
63.41409,214.17834
63.429573,214.17834
63.44829,214.8645
63.46327,214.8645
63.47943,214.8645
63.49899,213.17902
63.514683,213.17902
63.531784,213.27979
63.54595,213.27979
63.564518,213.38556
63.580517,213.38556
63.596733,213.38556
63.61472,213.40002
63.62988,213.40002
63.64872,212.66882
63.66436,212.66882
63.679737,212.66882
63.69818,212.88538
63.714783,212.88538
63.731247,212.27484
63.74684,212.27484
63.763725,213.25568
63.780598,213.25568
63.796192,213.25568
63.81534,213.4491
63.82905,213.4491
63.84626,213.38464
63.86487,213.38464
63.88124,213.38464
63.8994,212.7381
63.912785,212.7381
63.930573,212.44312
63.947758,212.44312
63.9649,213.2619
63.980476,213.2619
63.99673,213.2619
64.01439,212.65387
64.029945,212.65387
64.0482,212.29517
64.06396,212.29517
64.08053,212.29517
64.098145,212.29517
64.114044,212.29517
64.13169,211.81012
64.14644,211.81012
64.16411,211.62317
64.18027,211.62317
64.19692,211.62317
64.215996,213.45752
64.22994,213.45752
64.24792,213.98651
64.26317,213.98651
64.280464,213.98651
64.29757,211.50342
64.31297,211.50342
64.332565,211.69934
64.3479,211.69934
64.36371,211.47644
64.38215,211.47644
64.397804,211.47644
64.413895,212.72943
64.430565,212.72943
64.44815,211.26318
64.46352,211.26318
64.48026,211.26318
64.49934,211.25464
64.51362,211.25464
64.53187,211.13562
64.54695,211.13562
64.563995,211.88354
64.58096,211.88354
64.5964,211.88354
64.61478,211.75757
64.63049,211.75757
64.64901,212.08508
64.66254,212.08508
64.68005,212.08508
64.69864,211.90753
64.71324,211.90753
64.73205,211.73077
64.74738,211.73077
64.76464,210.68964
64.78042,210.68964
64.796555,210.68964
64.814606,210.41559
64.82954,210.41559
64.84793,211.49695
64.86236,211.49695
64.87963,211.49695
64.898544,210.81708
64.91271,210.81708
64.930565,210.44312
64.94654,210.44312
64.96332,210.44312
64.98045,209.64026
64.996605,209.64026
65.01501,211.33783
65.02974,211.33783
65.04774,210.2038
65.064156,210.2038
65.07957,210.2038
65.096725,210.61627
65.112595,210.61627
65.130585,210.3714
65.148,210.3714
65.16443,210.10907
65.181046,210.10907
65.19642,210.10907
65.214584,209.93085
65.229355,209.93085
65.24836,210.55817
65.26254,210.55817
65.27972,210.55817
65.298775,212.29688
65.313354,212.29688
65.33263,209.77399
65.34742,209.77399
65.36408,209.1734
65.381966,209.1734
65.39827,209.1734
65.4147,208.19397
65.4295,208.19397
65.44813,208.94012
65.4636,208.94012
65.4791,208.94012
65.49857,208.69409
65.514046,208.69409
65.5313,209.38763
65.54615,209.38763
65.563705,208.7605
65.57978,208.7605
65.596565,208.7605
65.61578,207.90186
65.6297,207.90186
65.64869,208.13495
65.66416,208.13495
65.67964,208.13495
65.69878,208.2586
65.71291,208.2586
65.732346,208.203
65.74655,208.203
65.763885,206.7826
65.781044,206.7826
65.79589,206.7826
65.81534,208.54108
65.83123,208.54108
65.84762,207.61536
65.86311,207.61536
65.880424,207.61536
65.899345,206.38257
65.91251,206.38257
65.93438,206.3789
65.94715,206.3789
65.964134,207.21832
65.982735,207.21832
65.9978,207.21832
66.01513,206.73572
66.02989,206.73572
66.046906,206.64966
66.0653,206.64966
66.080414,206.64966
66.09745,205.16553
66.113625,205.16553
66.13238,205.32434
66.14715,205.32434
66.16393,204.7857
66.18248,204.7857
66.19748,204.7857
66.215454,203.18475
66.22997,203.18475
66.248215,202.69446
66.26307,202.69446
66.28061,202.69446
66.29803,201.6214
66.313484,201.6214
66.33021,201.16455
66.34752,201.16455
66.36356,200.12988
66.380684,200.12988
66.39694,200.12988
66.41655,199.31616
66.430374,199.31616
66.448845,198.44183
66.46399,198.44183
66.48038,198.44183
66.49863,198.21771
66.51446,198.21771
66.53154,197.75
66.54734,197.75
66.56434,196.18054
66.5818,196.18054
66.5973,196.18054
66.61485,196.40247
66.63068,196.40247
66.647224,196.11615
66.66442,196.11615
66.6798,196.11615
66.69849,195.55621
66.71393,195.55621
66.733215,194.10388
66.747284,194.10388
66.76376,194.02191
66.78213,194.02191
66.79648,194.02191
66.81641,193.40973
66.829094,193.40973
66.84671,192.02258
66.86397,192.02258
66.88032,192.02258
66.89809,191.44116
66.91334,191.44116
66.93045,190.39471
66.94726,190.39471
66.96558,189.27026
66.98085,189.27026
66.99663,189.27026
67.01575,189.3648
67.030815,189.3648
67.0523,187.30157
67.06477,187.30157
67.081245,187.30157
67.09786,186.21259
67.11317,186.21259
67.13177,185.97858
67.14753,185.97858
67.163864,184.7049
67.18189,184.7049
67.19794,184.7049
67.214714,183.27777
67.229744,183.27777
67.248886,182.75311
67.26453,182.75311
67.28055,182.75311
67.298035,182.08807
67.3133,182.08807
67.3301,181.25299
67.34636,181.25299
67.3638,181.13159
67.38118,181.13159
67.39692,181.13159
67.41587,181.0
67.43077,181.0
67.44869,180.04877
67.46312,180.04877
67.48061,180.04877
67.49801,179.62195
67.51349,179.62195
67.53191,178.06714
67.54645,178.06714
67.56413,177.04938
67.58112,177.04938
67.596535,177.04938
67.61464,176.68793
67.63072,176.68793
67.64766,175.15332
67.66357,175.15332
67.679665,175.15332
67.69777,174.07092
67.71385,174.07092
67.73226,173.12585
67.74651,173.12585
67.76383,172.6883
67.7815,172.6883
67.79727,172.6883
67.81466,171.0633
67.83129,171.0633
67.848946,169.71094
67.86422,169.71094
67.882614,169.71094
67.898476,170.03125
67.91457,170.03125
67.934555,169.30823
67.94819,169.30823
67.96391,170.76758
67.98196,170.76758
67.996704,170.76758
68.01491,170.30768
68.02971,170.30768
68.04623,170.49615
68.0656,170.49615
68.0798,170.49615
68.09861,167.69104
68.11472,167.69104
68.13102,167.2829
68.146736,167.2829
68.16444,167.57532
68.181076,167.57532
68.19677,167.57532
68.21724,165.93042
68.23084,165.93042
68.24802,165.78741
68.26375,165.78741
68.28061,165.78741
68.299225,164.67188
68.31369,164.67188
68.33037,165.19012
68.34956,165.19012
68.36413,163.93005
68.381424,163.93005
68.39823,163.93005
68.41442,164.0072
68.429855,164.0072
68.44777,163.65717
68.46397,163.65717
68.48131,163.65717
68.49834,162.76392
68.51512,162.76392
68.5308,162.18787
68.54768,162.18787
68.563835,162.20532
68.5804,162.20532
68.59682,162.20532
68.6147,161.50385
68.63052,161.50385
68.646675,162.84534
68.664085,162.84534
68.68031,162.84534
68.69846,161.61243
68.71448,161.61243
68.73148,161.37067
68.746506,161.37067
68.76454,161.54053
68.78152,161.54053
68.79655,161.54053
68.81519,162.06665
68.830475,162.06665
68.848595,160.61017
68.8633,160.61017
68.88119,160.61017
68.89887,160.73529
68.91398,160.73529
68.93345,161.90344
68.94688,161.90344
68.96371,162.07141
68.98067,162.07141
68.99609,162.07141
69.014496,161.83734
69.0299,161.83734
69.04836,161.91779
69.06387,161.91779
69.07998,161.91779
69.097786,161.97699
69.11389,161.97699
69.131935,161.68158
69.14725,161.68158
69.16961,162.09802
69.18404,162.09802
69.196526,162.09802
69.215576,162.31873
69.23157,162.31873
69.24666,161.77051
69.26448,161.77051
69.28034,161.77051
69.29857,161.79858
69.31385,161.79858
69.33161,162.26617
69.34844,162.26617
69.36395,162.62598
69.3819,162.62598
69.39877,162.62598
69.41527,161.57721
69.43081,161.57721
69.448944,161.77856
69.46596,161.77856
69.48205,161.77856
69.49816,162.31543
69.513504,162.31543
69.530304,161.63513
69.54766,161.63513
69.56374,161.63513
69.581474,161.16199
69.60359,161.16199
69.61674,161.07092
69.631386,161.07092
69.6466,160.8581
69.66438,160.8581
69.680435,160.8581
69.7009,161.04083
69.713684,161.04083
69.73179,160.61224
69.746124,160.61224
69.76378,160.77942
69.781845,160.77942
69.79704,160.77942
69.815285,160.74664
69.830185,160.74664
69.84833,161.26666
69.86394,161.26666
69.8807,161.26666
69.89892,162.40002
69.91457,162.40002
69.930435,162.38525
69.94645,162.38525
69.964035,162.17267
69.981964,162.17267
69.99686,162.17267
70.01508,162.12836
70.029686,162.12836
70.04888,160.21997
70.06461,160.21997
70.08068,160.21997
70.098495,160.80432
70.114426,160.80432
70.13202,161.35156
70.148506,161.35156
70.16398,161.00818
70.18098,161.00818
70.19815,161.00818
70.21585,161.88135
70.230225,161.88135
70.24881,160.56488
70.26333,160.56488
70.280624,160.56488
70.29885,161.25806
70.31369,161.25806
70.33158,163.24432
70.34691,163.24432
70.36423,163.461
70.38183,163.461
70.39694,163.461
70.4,163.461
