0.24,379.5432
0.26971138,379.03198
0.28524542,379.03198
0.30121216,379.27643
0.31972495,379.27643
0.33623582,377.04254
0.3503687,377.04254
0.37782106,377.71912
0.39627436,377.71912
0.41429418,379.4865
0.4281122,379.4865
0.44630814,378.62823
0.46158278,378.62823
0.47969025,378.62823
0.4975118,378.3924
0.5118265,378.3924
0.5295502,378.65332
0.54623204,378.65332
0.5622758,378.65332
0.5801651,377.12
0.59538114,377.12
0.6123059,377.0135
0.6291365,377.0135
0.64557827,377.26746
0.663257,377.26746
0.6788927,377.26746
0.69545156,377.26746
0.7116245,377.26746
0.7289859,377.26746
0.745664,375.6515
0.7623245,375.6515
0.7810537,379.4776
0.79740417,379.4776
0.8149322,380.0833
0.8289666,380.0833
0.84625894,378.1892
0.8638171,378.1892
0.8784219,378.1892
0.89754856,379.4474
0.911614,379.4474
0.9319137,380.14703
0.9447276,380.14703
0.9623549,380.14703
0.9807283,380.52112
0.9965489,380.52112
1.0181433,380.3333
1.028342,380.3333
1.046371,379.0741
1.064566,379.0741
1.0788662,379.0741
1.0955616,378.8026
1.1117258,378.8026
1.1305788,379.32
1.1459857,379.32
1.161869,379.32
1.1808,379.0625
1.1956432,379.0625
1.2135276,379.59998
1.2290201,379.59998
1.2471373,380.04053
1.2639701,380.04053
1.2787701,380.04053
1.2971705,376.86273
1.313133,376.86273
1.3308382,380.08435
1.3458623,380.08435
1.3625605,380.08435
1.379343,379.75385
1.3957071,379.75385
1.4133683,381.88336
1.4287602,381.88336
1.4464736,381.42047
1.4632243,381.42047
1.4783762,381.42047
1.4976543,381.2353
1.5121586,381.2353
1.5292407,381.32324
1.5458622,381.32324
1.5629156,381.32324
1.5800755,385.4762
1.5953555,385.4762
1.6131271,381.2558
1.6295711,381.2558
1.6467459,384.6222
1.6624386,384.6222
1.6793346,384.6222
1.6972034,383.53064
1.7126873,383.53064
1.730302,387.09412
1.7462378,387.09412
1.762687,387.09412
1.7795775,387.23608
1.7945611,387.23608
1.8133786,386.7237
1.8282883,386.7237
1.8463235,387.7375
1.8632786,387.7375
1.8780677,387.7375
1.8966773,390.34424
1.910951,390.34424
1.9317467,390.31342
1.945162,390.31342
1.9622431,390.31342
1.9802374,395.2542
1.9953313,395.2542
2.0132756,393.09998
2.0290644,393.09998
2.0468686,395.31915
2.063031,395.31915
2.0786943,395.31915
2.0963755,394.08234
2.1131454,394.08234
2.1289222,398.93335
2.145482,398.93335
2.1617594,398.93335
2.1798382,399.82294
2.194572,399.82294
2.213868,399.53003
2.228537,399.53003
2.250099,399.26318
2.263107,399.26318
2.2789721,399.26318
2.2971523,400.88605
2.3138995,400.88605
2.3313985,403.16437
2.3452203,403.16437
2.36288,403.16437
2.3815897,404.19232
2.3968349,404.19232
2.4129145,402.5625
2.430327,402.5625
2.44746,403.3684
2.4630127,403.3684
2.4783707,403.3684
2.4977777,403.6977
2.5121417,403.6977
2.52918,405.84705
2.5465531,405.84705
2.5632002,405.84705
2.5789192,407.23376
2.5970616,407.23376
2.6130464,409.87878
2.6279585,409.87878
2.6451228,408.5738
2.6631565,408.5738
2.6792192,408.5738
2.697004,410.07593
2.7123973,410.07593
2.730891,411.0
2.745063,411.0
2.762295,411.0
2.7790916,407.63025
2.795226,407.63025
2.814089,410.58228
2.829355,410.58228
2.8475251,413.66022
2.8633966,413.66022
2.8786507,413.66022
2.8978593,410.7727
2.9117413,410.7727
2.9299548,413.76404
2.9456549,413.76404
2.9618287,413.76404
2.9804435,410.77063
2.9960108,410.77063
3.0130696,414.38397
3.0287244,414.38397
3.046754,412.01538
3.0635324,412.01538
3.078501,412.01538
3.09786,414.87933
3.112721,414.87933
3.1305332,419.03668
3.147015,419.03668
3.1626885,419.03668
3.180656,420.86664
3.1957312,420.86664
3.212957,423.77478
3.2296238,423.77478
3.2462912,424.04413
3.263603,424.04413
3.2783866,424.04413
3.2989361,423.292
3.3121989,423.292
3.3308892,422.28918
3.3447893,422.28918
3.3626194,422.28918
3.3807788,424.9792
3.3957095,424.9792
3.4133887,425.51373
3.4281912,425.51373
3.4462085,429.7168
3.4643843,429.7168
3.4796758,429.7168
3.496764,431.34485
3.511225,431.34485
3.5310788,431.26593
3.545696,431.26593
3.5621395,431.26593
3.5800452,431.19104
3.5951183,431.19104
3.6203506,430.8626
3.6317544,430.8626
3.6483016,432.30206
3.6638303,432.30206
3.67908,432.30206
3.6979156,433.7708
3.7117648,433.7708
3.7312527,434.07953
3.74611,434.07953
3.7634363,434.07953
3.7812233,432.76318
3.796098,432.76318
3.8151245,433.73108
3.8297398,433.73108
3.8467553,432.95172
3.8625848,432.95172
3.8787832,432.95172
3.8977702,432.95862
3.9132512,432.95862
3.9315243,433.36737
3.94671,433.36737
3.963569,432.5625
3.980219,432.5625
3.9964623,432.5625
4.01578,428.1313
4.0295076,428.1313
4.051869,427.69598
4.0641665,427.69598
4.079936,427.69598
4.097699,432.4275
4.1125546,432.4275
4.130741,432.4583
4.1466994,432.4583
4.1628165,432.4583
4.1814704,432.58716
4.1967072,432.58716
4.2150726,432.43408
4.231131,432.43408
4.246636,433.19318
4.2639675,433.19318
4.281098,433.19318
4.2978907,432.87128
4.3127027,432.87128
4.33173,434.5373
4.346769,434.5373
4.363903,434.59418
4.381863,434.59418
4.396903,434.59418
4.414132,434.37738
4.429956,434.37738
4.4481616,434.9029
4.465558,434.9029
4.4801707,434.9029
4.497848,432.88574
4.513391,432.88574
4.5297375,432.88574
4.5494866,432.8598
4.5639753,435.51807
4.5835457,435.51807
4.597163,435.51807
4.614215,435.2093
4.6302147,435.2093
4.6476955,433.93335
4.6649857,433.93335
4.6854577,433.93335
4.701481,433.5849
4.714219,433.5849
4.732079,432.1684
4.7467976,432.1684
4.763033,432.1684
4.7813954,432.59088
4.796841,432.59088
4.8146734,434.0
4.8297906,434.0
4.847191,433.57648
4.864917,433.57648
4.8803368,433.57648
4.89821,432.21002
4.913215,432.21002
4.932514,432.22095
4.9463577,432.22095
4.963373,432.22095
4.982128,431.4881
4.9954777,431.4881
5.014802,432.6889
5.0301046,432.6889
5.0471,433.16052
5.064408,433.16052
5.080404,433.16052
5.0980396,431.65686
5.112579,431.65686
5.130442,432.44684
5.14575,432.44684
5.1633663,432.44684
5.180901,432.81317
5.1971016,432.81317
5.2143054,432.169
5.2303543,432.169
5.246175,430.36456
5.264502,430.36456
5.2787685,430.36456
5.2971797,429.13086
5.313151,429.13086
5.331399,429.12598
5.346918,429.12598
5.3626904,429.12598
5.38048,428.8333
5.396541,428.8333
5.4147925,429.84045
5.430107,429.84045
5.446286,429.37225
5.4645643,429.37225
5.48039,429.37225
5.4991374,428.28125
5.513251,428.28125
5.5309887,429.62378
5.5460424,429.62378
5.5633526,429.62378
5.579875,428.97827
5.5977173,428.97827
5.614349,429.13208
5.6293178,429.13208
5.646514,428.15686
5.665413,428.15686
5.6795206,428.15686
5.69957,428.82666
5.7134724,428.82666
5.7322946,428.31464
5.7454205,428.31464
5.7635393,428.08887
5.781075,425.14514
5.796744,425.14514
5.8147717,424.6667
5.8304486,424.6667
5.8470488,426.70874
5.864874,426.70874
5.8795547,426.70874
5.898245,425.55853
5.913437,425.55853
5.9317694,425.44183
5.946627,425.44183
5.963722,423.98572
5.9813433,423.98572
5.996027,423.98572
6.013857,426.0238
6.030108,426.0238
6.046318,425.88635
6.064734,425.88635
6.0795655,425.88635
6.0970087,424.3014
6.1129484,424.3014
6.1311693,422.5728
6.147132,422.5728
6.1640773,421.53845
6.182026,420.7292
6.197195,420.7292
6.214086,420.78705
6.2301736,420.78705
6.247487,421.8626
6.2639346,421.8626
6.2804055,421.8626
6.3023424,421.85345
6.314289,421.85345
6.330259,419.55103
6.3465834,419.55103
6.364627,419.75
6.3806047,419.75
6.396713,419.75
6.414551,418.76422
6.429877,418.76422
6.4476285,419.06976
6.464489,419.06976
6.4802337,419.06976
6.4981036,419.375
6.5143123,419.375
6.5375204,419.12036
6.548497,419.12036
6.5640984,419.5517
6.5809774,419.5517
6.5959997,419.5517
6.614011,420.8261
6.6298594,420.8261
6.6471577,419.3736
6.664784,419.3736
6.6806374,419.3736
6.700568,419.77777
6.712988,419.77777
6.7310557,417.3036
6.746183,417.3036
6.762962,417.3036
6.781686,418.0263
6.7975955,418.0263
6.8157234,416.95764
6.8297453,416.95764
6.846406,418.12152
6.863821,418.12152
6.88051,418.12152
6.8988075,414.9483
6.9135027,414.9483
6.932926,415.6748
6.946311,415.6748
6.962168,415.6748
6.981406,416.59576
6.996461,416.59576
7.016804,416.24323
7.029418,416.24323
7.046794,414.99158
7.0645833,414.99158
7.080616,414.99158
7.0965652,414.99158
7.115243,416.56976
7.1324444,415.3131
7.147296,415.3131
7.1637373,413.8421
7.1815653,413.8421
7.1972747,413.8421
7.214004,413.8421
7.231372,416.46997
7.248094,415.0
7.2634225,415.0
7.2808056,415.0
7.2980366,414.9643
7.3129683,414.9643
7.331919,414.60217
7.3470883,414.60217
7.362688,414.60217
7.380969,410.5417
7.397006,410.5417
7.4145427,410.08423
7.429116,410.08423
7.447504,411.7071
7.46567,411.7071
7.4807835,411.7071
7.4972343,408.14142
7.5133905,408.14142
7.5368857,410.43396
7.5464497,410.43396
7.56239,410.43396
7.5811124,409.17755
7.597267,409.17755
7.6159472,406.02173
7.6293936,406.02173
7.6467123,404.81
7.664672,404.81
7.68075,404.81
7.6976805,403.3366
7.7136984,403.3366
7.7309713,401.59998
7.745985,401.59998
7.763322,401.59998
7.782092,399.34283
7.797503,399.34283
7.817166,398.48193
7.8304625,398.48193
7.848926,396.35938
7.8668337,396.35938
7.878887,396.35938
7.8987894,398.13116
7.91295,398.13116
7.930763,394.86884
7.947633,394.86884
7.964315,394.51788
7.980686,394.51788
7.996075,394.51788
8.014454,392.53003
8.029263,392.53003
8.050318,391.38318
8.062948,391.38318
8.080497,391.38318
8.09884,390.08508
8.114144,390.08508
8.136232,390.0
8.146252,390.0
8.163458,389.41583
8.180182,387.95587
8.197243,387.95587
8.218424,387.9231
8.230203,387.9231
8.247366,388.55554
8.263839,388.55554
8.279476,388.55554
8.303182,387.91528
8.313582,387.91528
8.33096,386.4253
8.3465,386.4253
8.362608,386.4253
8.380224,386.011
8.396441,386.011
8.413989,386.64404
8.430448,386.64404
8.446943,387.1842
8.463725,387.1842
8.480024,387.1842
8.498228,385.375
8.513325,385.375
8.5312805,384.50745
8.546516,384.50745
8.564337,382.03027
8.582301,382.03027
8.596494,382.03027
8.614597,382.69696
8.629336,382.69696
8.647448,381.6667
8.6657915,381.6667
8.679937,381.6667
8.697908,381.03748
8.713959,381.03748
8.730509,383.07593
8.7468405,383.07593
8.7648115,381.52057
8.780515,381.52057
8.796637,381.52057
8.814472,384.55884
8.830703,384.55884
8.857617,385.18518
8.867506,385.18518
8.8847885,382.98853
8.900345,382.98853
8.918285,382.98853
8.934104,382.4881
8.950142,382.4881
8.966972,381.28735
8.9846735,381.28735
8.999915,381.28735
9.018005,381.5
9.033246,381.5
9.052702,381.47998
9.067226,381.47998
9.083988,381.32098
9.100851,381.32098
9.117147,381.32098
9.135088,380.125
9.149891,380.125
9.167137,379.86768
9.183729,379.86768
9.199096,379.86768
9.218911,379.23438
9.233954,379.23438
9.256657,379.43665
9.266441,379.43665
9.284127,377.70178
9.301807,377.70178
9.315795,377.70178
9.334847,377.9032
9.348713,377.9032
9.366886,377.0857
9.383521,377.0857
9.399864,377.0857
9.417908,377.07465
9.433314,377.07465
9.451174,375.2143
9.46702,375.2143
9.48274,375.2143
9.501161,375.73846
9.516835,375.73846
9.533921,376.72882
9.55002,376.72882
9.567503,376.65002
9.583793,376.65002
9.599176,376.65002
9.6172695,375.11688
9.632989,375.11688
9.651055,374.82257
9.666206,374.82257
9.684271,376.30768
9.702435,376.30768
9.716601,376.30768
9.734745,374.76086
9.749864,374.76086
9.767595,373.92407
9.784906,373.92407
9.80021,373.92407
9.81809,373.95453
9.833035,373.95453
9.851091,372.73737
9.867335,372.73737
9.88438,373.22583
9.901015,373.22583
9.916313,373.22583
9.935478,373.19318
9.950252,373.19318
9.966927,373.52747
9.984529,373.52747
10.000956,373.52747
10.018039,371.35553
10.034642,371.35553
10.055192,371.13513
10.06685,371.13513
10.084183,371.13513
10.101294,371.05493
10.11771,371.05493
10.141326,373.91382
10.150411,373.91382
10.166875,370.91956
10.184253,370.91956
10.199935,370.91956
10.21833,371.0357
10.233614,371.0357
10.250926,369.33722
10.267119,369.33722
10.285099,369.72095
10.300918,369.72095
10.318119,369.72095
10.3347845,367.825
10.349579,367.825
10.366152,368.14288
10.384282,368.14288
10.399632,368.14288
10.419593,370.22974
10.433901,370.22974
10.45611,370.22974
10.46815,370.22974
10.484998,370.04706
10.501444,370.04706
10.516838,370.04706
10.540817,370.14105
10.550688,370.14105
10.571236,369.66132
10.585703,369.66132
10.600491,369.66132
10.618368,369.22412
10.63501,369.22412
10.655975,370.90143
10.670773,370.90143
10.684819,370.84283
10.702048,370.84283
10.718315,370.84283
10.736231,369.04596
10.751387,369.04596
10.76738,368.81635
10.785592,368.81635
10.801093,368.81635
10.818055,369.6076
10.8333845,369.6076
10.850944,369.32928
10.86762,369.32928
10.883062,369.32928
10.90184,369.51392
10.916656,369.51392
10.934443,369.65277
10.949733,369.65277
10.972872,369.20337
10.984433,369.20337
10.999402,369.20337
11.017775,370.3684
11.035167,370.3684
11.051616,369.5857
11.066684,369.5857
11.0848875,369.5857
11.101439,369.5857
11.11788,369.5857
11.140773,370.1549
11.151686,370.1549
11.167827,371.23077
11.184875,371.23077
11.199612,371.23077
11.218557,370.50745
11.233436,370.50745
11.257483,369.5
11.269086,369.5
11.283178,369.5
11.302007,370.1667
11.317291,370.1667
11.334919,371.15625
11.350657,371.15625
11.368051,371.8333
11.384286,371.8333
11.4001045,371.8333
11.4190645,371.47296
11.434834,371.47296
11.451021,373.07812
11.466885,373.07812
11.484537,373.07812
11.50191,373.07812
11.517066,373.07812
11.535834,371.53467
11.551109,371.53467
11.567394,371.9184
11.5839405,371.9184
11.6005335,371.9184
11.618953,372.33734
11.634071,372.33734
11.650765,372.6087
11.666075,372.6087
11.683388,371.17444
11.701224,371.17444
11.717926,371.17444
11.735953,370.98798
11.749956,370.98798
11.767286,370.10126
11.78418,370.10126
11.800025,370.10126
11.819167,370.10126
11.834716,370.10126
11.851795,370.3026
11.866378,370.3026
11.883747,369.6795
11.902263,369.6795
11.916616,369.6795
11.935458,369.6667
11.950536,369.6667
11.967815,369.6667
11.984574,369.6667
12.001194,369.6667
12.017944,369.83118
12.034196,369.83118
12.051525,369.7273
12.0668335,369.7273
12.083963,369.72632
12.100814,369.72632
12.116839,369.72632
12.136265,369.72632
12.149789,369.72632
12.166769,370.61334
12.18411,370.61334
12.200414,370.61334
12.218176,370.8108
12.234806,370.8108
12.252528,367.98865
12.267231,367.98865
12.284271,369.03296
12.301951,369.03296
12.316378,369.03296
12.335066,367.96875
12.350415,367.96875
12.367789,367.95587
12.3851185,367.95587
12.39969,367.95587
12.419319,369.59998
12.432487,369.59998
12.451919,369.62164
12.467336,369.62164
12.483954,368.5714
12.501886,368.5714
12.516781,368.5714
12.5357485,368.84418
12.550822,368.84418
12.567267,369.3111
12.584896,369.3111
12.600304,369.3111
12.618015,369.83905
12.633624,369.83905
12.651081,369.3288
12.667692,369.3288
12.683641,369.3288
12.701348,369.3288
12.71647,369.3288
12.734982,368.4079
12.749379,368.4079
12.767188,368.4079
12.78477,368.4079
12.801654,368.4079
12.81804,368.54547
12.833635,368.54547
12.855515,368.3736
12.867453,368.3736
12.883324,368.3736
12.901714,369.77924
12.916034,369.77924
12.935366,369.77924
12.951508,369.77924
12.968154,369.2
12.985,369.2
12.9993515,369.2
13.019596,368.18604
13.0334215,368.18604
13.051573,368.84485
13.068127,368.84485
13.083733,368.84485
13.101513,368.84485
13.116877,368.84485
13.141524,369.45123
13.153085,369.45123
13.167094,370.77466
13.184499,370.77466
13.199679,370.77466
13.218852,368.97437
13.233353,368.97437
13.251237,371.90912
13.266401,371.90912
13.284598,369.09613
13.301281,369.09613
13.317477,369.09613
13.335772,368.97998
13.350704,368.97998
13.368858,368.8302
13.38439,368.8302
13.3995075,368.8302
13.419025,370.9643
13.433663,370.9643
13.452162,372.22644
13.4677515,372.22644
13.48369,373.41815
13.502432,373.41815
13.516699,373.41815
13.535507,373.31818
13.551415,373.31818
13.569013,373.47223
13.583942,373.47223
13.599675,373.47223
13.618773,374.0877
13.633145,374.0877
13.651884,376.2459
13.666526,376.2459
13.683688,376.0
13.701953,376.0
13.71734,376.0
13.735952,375.89795
13.75138,375.89795
13.768354,375.32892
13.784957,375.32892
13.80123,375.32892
13.8188,376.02563
13.834618,376.02563
13.856416,376.0
13.869873,376.0
13.887484,376.5952
13.906135,376.5952
13.916857,376.5952
13.935331,376.5536
13.950403,376.5536
13.967812,378.8421
13.9848,378.8421
14.0018215,378.8421
14.01873,381.79034
14.035072,381.79034
14.053403,384.11108
14.068806,384.11108
14.083751,384.44183
14.102675,384.44183
14.117936,384.44183
14.134736,385.08887
14.150684,385.08887
14.167931,382.2763
14.18483,382.2763
14.2012,382.2763
14.218645,384.26416
14.23374,384.26416
14.256397,386.5
14.268793,386.5
14.2841835,388.82953
14.30074,388.82953
14.317789,388.82953
14.336853,388.3333
14.350908,388.3333
14.367801,389.15533
14.385038,389.15533
14.400668,389.15533
14.418199,392.0
14.434159,392.0
14.451409,391.0
14.468306,391.0
14.484332,394.3158
14.502005,394.3158
14.516554,394.3158
14.538438,394.39795
14.5503235,394.39795
14.567555,396.4762
14.584536,396.4762
14.599885,396.4762
14.625075,397.41492
14.634147,397.41492
14.6523695,398.2439
14.667844,398.2439
14.682921,398.2439
14.702098,400.32892
14.716285,400.32892
14.738439,401.3059
14.749851,401.3059
14.767275,403.37347
14.785698,403.37347
14.800289,403.37347
14.817256,403.44446
14.834686,403.44446
14.852188,405.43475
14.866784,405.43475
14.883815,407.05066
14.9015045,407.05066
14.917376,407.05066
14.936568,408.40002
14.950141,408.40002
14.966641,408.93103
14.98406,408.93103
15.001571,408.93103
15.018765,409.0625
15.034133,409.0625
15.052376,409.95947
15.0679455,409.95947
15.084881,411.72412
15.101627,411.72412
15.118554,411.72412
15.135707,412.63495
15.150879,412.63495
15.170816,414.23883
15.184329,414.23883
15.200405,414.23883
15.219022,416.23254
15.233821,416.23254
15.252118,418.4643
15.266531,418.4643
15.284248,417.77777
15.301953,417.77777
15.317438,417.77777
15.33546,419.10986
15.350432,419.10986
15.368271,418.43475
15.385748,418.43475
15.400346,418.43475
15.419303,421.0841
15.43413,421.0841
15.451697,424.2519
15.468123,424.2519
15.484348,425.92035
15.501974,426.2353
15.517368,426.2353
15.536451,428.59802
15.551119,428.59802
15.566667,428.14545
15.5841675,428.14545
15.600382,428.14545
15.617314,428.96973
15.635554,428.96973
15.651337,429.53278
15.668783,429.53278
15.683988,429.53278
15.70297,429.50983
15.717059,429.50983
15.735698,431.2072
15.751234,431.2072
15.767455,430.77216
15.785787,430.77216
15.800214,430.77216
15.818036,430.97467
15.835171,430.97467
15.855366,431.50586
15.8667145,431.50586
15.886207,434.7901
15.9026375,434.7901
15.917064,434.7901
15.935925,433.31067
15.950254,433.31067
15.967843,433.88074
15.985822,433.88074
16.001516,433.88074
16.017344,431.2235
16.03442,431.2235
16.05091,431.79712
16.067411,431.79712
16.08426,433.25
16.100986,433.25
16.118174,433.25
16.135628,434.9231
16.150053,434.9231
16.167244,434.53247
16.184793,434.53247
16.20194,434.53247
16.217823,434.73242
16.234087,434.73242
16.25101,431.75787
16.267076,431.75787
16.284737,433.39703
16.302443,433.39703
16.317738,433.39703
16.33555,431.4359
16.351173,431.4359
16.367819,431.9464
16.384909,431.9464
16.401228,431.9464
16.419353,433.3485
16.435036,433.3485
16.453,433.07318
16.46901,433.07318
16.48475,433.07318
16.501604,432.03845
16.517185,432.03845
16.535736,431.96002
16.551476,431.96002
16.56824,432.8919
16.583948,432.8919
16.600832,432.8919
16.618578,432.8919
16.633907,432.8919
16.6523,432.13403
16.666817,432.13403
16.683872,432.13403
16.701822,432.13403
16.717857,432.13403
16.7353,432.5191
16.75033,432.5191
16.767292,432.44183
16.784672,432.44183
16.800459,432.44183
16.817478,431.94592
16.833687,431.94592
16.851667,432.20203
16.867924,432.20203
16.884794,431.0
16.901955,431.0
16.917944,431.0
16.936054,429.94843
16.951088,429.94843
16.971962,430.3109
16.984507,430.3109
17.000834,430.3109
17.018467,429.61536
17.034662,429.61536
17.051714,429.6286
17.066677,429.6286
17.084482,430.03845
17.100185,430.03845
17.116627,430.03845
17.136036,430.32574
17.15089,430.32574
17.168222,429.97827
17.18455,429.97827
17.199898,429.97827
17.218634,430.7699
17.233715,430.7699
17.262167,430.6529
17.274649,430.6529
17.288837,431.26355
17.30554,431.26355
17.321404,431.26355
17.339478,430.86597
17.354288,430.86597
17.372036,429.89526
17.389517,429.89526
17.404556,429.73553
17.421135,429.73553
17.43785,429.73553
17.456785,431.28235
17.471437,431.28235
17.488743,429.1786
17.505524,429.1786
17.52101,429.1786
17.53954,428.97144
17.554865,428.97144
17.57186,429.58948
17.58886,429.58948
17.606873,429.2376
17.624025,429.2376
17.63741,429.2376
17.657068,428.72223
17.67141,428.72223
17.688728,429.56976
17.706291,429.56976
17.72113,429.56976
17.739286,428.3333
17.755358,428.3333
17.774778,428.7876
17.789562,428.7876
17.805336,429.00854
17.822363,429.00854
17.839346,429.00854
17.85705,429.6588
17.872309,429.6588
17.889038,429.22827
17.905403,429.22827
17.921192,429.22827
17.938818,426.16278
17.953907,426.16278
17.972242,426.49182
17.98711,426.49182
18.005945,427.26416
18.02216,427.26416
18.037601,427.26416
18.05544,427.92633
18.07143,427.92633
18.087801,428.8
18.105322,428.8
18.121426,428.8
18.139975,428.75824
18.154387,428.75824
18.173458,426.4607
18.18841,426.4607
18.206211,426.6087
18.22112,426.6087
18.237852,426.6087
18.255894,428.11536
18.271673,428.11536
18.289026,425.89288
18.305693,425.89288
18.321869,425.89288
18.338867,426.38635
18.355747,426.38635
18.372686,428.47998
18.388496,428.47998
18.40625,425.31195
18.421085,425.31195
18.437544,425.31195
18.457287,428.0
18.472116,428.0
18.495726,427.3333
18.507294,427.3333
18.522285,427.3333
18.540728,427.82477
18.55432,427.82477
18.573257,426.6023
18.588373,426.6023
18.604586,427.63416
18.62323,427.63416
18.637596,427.63416
18.655577,427.52942
18.671446,427.52942
18.687918,427.68536
18.706373,427.68536
18.720654,427.68536
18.739122,425.50574
18.754333,425.50574
18.772703,425.90997
18.787407,425.90997
18.804846,426.5246
18.822363,426.5246
18.837896,426.5246
18.856058,426.23456
18.871878,426.23456
18.890553,424.37683
18.904503,424.37683
18.922165,424.37683
18.939924,425.61536
18.956163,425.61536
18.97757,425.4051
18.98904,425.4051
19.004272,426.72095
19.021805,426.72095
19.038187,426.72095
19.057281,425.10767
19.072084,425.10767
19.087412,424.48865
19.10698,424.48865
19.121641,424.48865
19.14251,423.64862
19.154741,423.64862
19.172897,424.34375
19.188837,424.34375
19.20608,425.86664
19.22347,425.86664
19.239197,425.86664
19.256897,425.22974
19.271095,425.22974
19.287842,425.81354
19.306847,425.81354
19.320452,425.81354
19.339743,425.2542
19.35464,425.2542
19.373194,424.41937
19.38777,424.41937
19.405918,425.66156
19.4227,425.66156
19.438122,425.66156
19.456938,424.4677
19.471153,424.4677
19.489084,422.94342
19.505756,422.94342
19.522968,422.94342
19.53884,421.71997
19.554775,421.71997
19.57388,419.5625
19.588188,419.5625
19.605183,415.46155
19.621716,415.46155
19.638231,415.46155
19.655024,417.82538
19.673016,417.82538
19.68819,414.7431
19.705536,414.7431
19.720583,414.7431
19.73997,414.61108
19.755291,414.61108
19.772678,412.4048
19.787785,412.4048
19.804882,411.73407
19.82402,411.73407
19.837927,411.73407
19.86202,409.43903
19.875494,409.43903
19.895878,409.8416
19.906742,409.8416
19.921547,409.8416
19.939318,409.3714
19.954224,409.3714
19.977018,408.92188
19.9877,408.92188
20.004826,404.69104
20.021452,404.69104
20.03804,404.69104
20.05522,404.0238
20.071663,404.0238
20.0903,402.8932
20.10581,402.8932
20.12308,402.8932
20.140099,402.6515
20.155342,402.6515
20.17193,399.55292
20.189695,399.55292
20.204422,399.38147
20.221495,399.38147
20.238792,399.38147
20.257114,398.69135
20.272072,398.69135
20.28985,396.60376
20.305933,396.60376
20.322353,396.60376
20.34022,396.6383
20.355934,396.6383
20.373613,396.26086
20.388369,396.26086
20.404842,396.74628
20.423113,396.74628
20.43742,396.74628
20.456596,395.38385
20.471106,395.38385
20.493309,396.05798
20.50488,396.05798
20.521236,396.05798
20.54064,395.12726
20.556173,395.12726
20.573524,394.29523
20.588196,394.29523
20.60438,393.4217
20.621962,393.4217
20.639095,393.4217
20.656858,392.8305
20.671093,392.8305
20.687603,391.95123
20.706589,391.95123
20.722101,391.95123
20.740934,391.97998
20.75447,391.97998
20.778316,393.0244
20.788216,393.0244
20.805935,387.6197
20.823694,387.6197
20.838928,387.6197
20.85692,387.19672
20.872112,387.19672
20.888788,388.8714
20.905348,388.8714
20.92207,388.8714
20.93993,388.13794
20.955034,388.13794
20.977612,386.88678
20.988552,386.88678
21.006357,386.77777
21.023174,386.77777
21.038578,386.77777
21.056267,386.95
21.070421,386.95
21.093193,387.50702
21.106285,387.50702
21.122004,387.50702
21.138884,383.65576
21.154642,383.65576
21.174854,382.7248
21.189491,382.7248
21.205091,383.02777
21.223263,383.02777
21.238857,383.02777
21.256237,381.55432
21.272095,381.55432
21.2885,381.89655
21.306862,381.89655
21.321148,381.89655
21.340597,381.7765
21.356337,381.7765
21.372894,381.71643
21.388376,381.71643
21.404753,382.7531
21.42273,382.7531
21.43858,382.7531
21.4576,383.89746
21.471962,383.89746
21.488003,383.65002
21.505613,383.65002
21.520996,383.65002
21.540161,381.67163
21.555008,381.67163
21.575394,381.87012
21.588684,381.87012
21.604086,381.4301
21.623466,381.4301
21.638622,381.4301
21.656939,380.4588
21.671822,380.4588
21.689756,379.34882
21.704092,379.34882
21.720936,379.34882
21.740181,379.4677
21.755102,379.4677
21.773344,378.4068
21.788923,378.4068
21.804335,378.8615
21.822304,378.8615
21.838728,378.8615
21.85659,378.38635
21.871311,378.38635
21.887869,378.12793
21.90525,378.12793
21.921652,378.12793
21.939377,377.85486
21.95703,377.85486
21.97678,377.3871
21.988634,377.3871
22.006027,378.0816
22.02193,378.0816
22.038265,378.0816
22.057487,376.73773
22.070621,376.73773
22.088755,376.92065
22.105337,376.92065
22.121368,376.92065
22.139341,376.92065
22.154222,376.92065
22.172419,378.13635
22.18893,378.13635
22.204792,378.02942
22.223051,378.02942
22.23809,378.02942
22.256615,375.69336
22.271652,375.69336
22.28943,376.84998
22.306671,376.84998
22.320976,376.84998
22.33995,377.91028
22.354809,377.91028
22.374207,378.37836
22.38821,378.37836
22.406448,376.85107
22.423704,376.85107
22.438713,376.85107
22.455742,376.86664
22.472374,376.86664
22.488647,374.83673
22.50556,374.83673
22.522383,374.83673
22.539274,374.4773
22.555044,374.4773
22.574219,372.44873
22.587833,372.44873
22.604982,372.98822
22.622625,372.98822
22.638853,372.98822
22.65681,373.60468
22.671753,373.60468
22.690016,372.97144
22.704472,372.97144
22.722101,372.97144
22.739641,372.86316
22.754429,372.86316
22.77827,372.92633
22.789778,372.92633
22.807346,373.80487
22.825117,373.80487
22.838417,373.80487
22.859797,373.80487
22.872242,373.80487
22.895494,374.46344
22.907042,374.46344
22.922384,374.46344
22.940363,374.36145
22.956417,374.36145
22.976976,373.93243
22.989033,373.93243
23.004206,374.81946
23.022738,374.81946
23.038954,374.81946
23.056242,373.77332
23.071001,373.77332
23.087385,373.77332
23.107079,373.77332
23.122986,373.77332
23.139587,373.60254
23.154833,373.60254
23.172754,373.8158
23.18886,373.8158
23.205145,373.53656
23.223103,373.53656
23.238209,373.53656
23.255333,373.7375
23.271177,373.7375
23.287718,372.27026
23.306305,372.27026
23.32286,372.27026
23.340351,372.27026
23.356304,372.27026
23.372808,374.85938
23.38957,374.85938
23.406908,374.84125
23.423815,374.84125
23.438822,374.84125
23.455381,374.4375
23.47176,374.4375
23.489468,374.4375
23.506971,374.4375
23.521378,374.4375
23.540192,372.80188
23.556107,372.80188
23.575773,372.4259
23.58858,372.4259
23.604614,374.56628
23.6232,374.56628
23.63806,374.56628
23.656708,374.04706
23.671928,374.04706
23.69073,374.31427
23.705578,374.31427
23.730566,374.2
23.742876,374.2
23.756874,374.2
23.773565,373.6087
23.789726,373.6087
23.808111,373.0984
23.823656,373.0984
23.839834,373.0984
23.856955,374.15253
23.872814,374.15253
23.890799,373.3125
23.907913,373.3125
23.924152,373.91895
23.94052,373.91895
23.956827,373.91895
23.978859,373.27417
23.99101,373.27417
24.007158,372.5514
24.02394,372.5514
24.0396,372.5514
24.05747,372.33636
24.073254,372.33636
24.090717,371.88794
24.105701,371.88794
24.12342,371.9328
24.142479,371.9328
24.156439,371.9328
24.1766,371.69232
24.190088,371.69232
24.207054,371.69232
24.2248,372.5263
24.239529,372.5263
24.257027,371.7071
24.272747,371.7071
24.29111,371.4286
24.3067,371.4286
24.323814,371.3894
24.341084,371.3894
24.356897,371.3894
24.37415,371.75
24.389753,371.75
24.406975,372.71948
24.423643,372.71948
24.440018,372.71948
24.457954,372.94116
24.473818,372.94116
24.490993,373.3908
24.506977,373.3908
24.523838,372.92047
24.540556,372.92047
24.555874,372.92047
24.578382,372.44147
24.591576,372.44147
24.606588,372.5
24.624182,372.5
24.640469,372.5
24.65777,372.11206
24.67234,372.11206
24.6911,372.60205
24.707932,372.60205
24.724665,374.4359
24.742212,374.4359
24.757145,374.4359
24.775522,373.5238
24.791645,373.5238
24.80748,372.9726
24.824734,372.9726
24.839643,372.9726
24.858662,373.38464
24.873064,373.38464
24.890343,371.33698
24.906897,371.33698
24.923239,371.33698
24.941446,373.67346
24.95717,373.67346
24.975134,371.97168
24.988773,371.97168
25.009241,372.4143
25.024675,372.4143
25.03905,372.4143
25.059425,372.08435
25.073273,372.08435
25.09743,373.0
25.106897,373.0
25.12284,373.0
25.141047,373.87323
25.156855,373.87323
25.176966,373.87323
25.189295,373.87323
25.20705,373.09998
25.223242,373.09998
25.239408,373.09998
25.258831,373.05066
25.272402,373.05066
25.290426,372.9079
25.30778,372.9079
25.324575,372.72974
25.342943,372.72974
25.358389,372.72974
25.378859,374.274
25.389872,374.274
25.40711,373.4828
25.426048,373.4828
25.440928,373.4828
25.457626,373.8125
25.473598,373.8125
25.492067,373.82953
25.506483,373.82953
25.524458,376.3662
25.54184,376.3662
25.558554,376.3662
25.57645,377.63513
25.591127,377.63513
25.611614,377.04547
25.624874,377.04547
25.640665,377.04547
25.661572,376.69843
25.67555,376.69843
25.698944,380.6667
25.70879,380.6667
25.726448,381.4375
25.742672,381.4375
25.757488,381.4375
25.777748,381.5641
25.792746,381.5641
25.809278,381.06525
25.826202,381.06525
25.84114,381.06525
25.859825,383.28815
25.874817,383.28815
25.894564,385.17072
25.90662,385.17072
25.92809,385.17072
25.945745,384.85187
25.964895,384.85187
25.97929,386.30432
25.9914,386.30432
26.00804,389.5625
26.026129,389.5625
26.041607,389.5625
26.059679,388.6087
26.075914,388.6087
26.09303,389.46667
26.107447,389.46667
26.123905,390.5
26.143732,390.5
26.158482,390.5
26.179491,391.10144
26.192957,391.10144
26.210434,391.86884
26.225937,391.86884
26.241365,391.86884
26.263597,394.26666
26.27582,394.26666
26.29297,395.1081
26.308592,395.1081
26.327217,395.4286
26.343561,395.4286
26.357365,395.4286
26.383509,398.1507
26.393559,398.1507
26.416603,400.2381
26.427439,400.2381
26.443663,400.2459
26.461464,400.2459
26.477388,400.2459
26.496716,404.3509
26.511463,404.3509
26.52757,403.59576
26.543417,403.59576
26.560654,403.59576
26.580915,404.3977
26.594042,404.3977
26.613287,404.5204
26.627228,404.5204
26.644173,406.0769
26.662592,406.0769
26.677578,406.0769
26.696049,408.2561
26.70869,408.2561
26.731045,406.95654
26.745794,406.95654
26.760286,406.95654
26.77757,409.43396
26.793146,409.43396
26.8114,409.25714
26.825674,409.25714
26.842484,409.25714
26.859835,412.81818
26.87552,412.81818
26.893675,410.33612
26.911146,410.33612
26.932364,414.9787
26.950117,414.9787
26.961607,414.9787
26.97939,415.18866
26.994905,415.18866
27.016985,416.82727
27.028204,416.82727
27.044672,416.82727
27.061228,420.47998
27.077387,420.47998
27.096361,423.28003
27.109331,423.28003
27.130333,422.9403
27.14416,422.9403
27.16218,422.9403
27.18048,425.19446
27.19343,425.19446
27.212292,422.06525
27.226534,422.06525
27.243443,422.06525
27.260818,422.94
27.27672,422.94
27.294647,425.2752
27.310556,425.2752
27.327782,425.15686
27.344252,425.15686
27.359316,425.15686
27.378757,427.36206
27.393011,427.36206
27.414331,427.0357
27.427135,427.0357
27.442667,427.0357
27.461311,429.08197
27.477266,429.08197
27.498302,430.2093
27.51017,430.2093
27.5299,431.16925
27.544653,431.16925
27.559734,431.16925
27.578495,431.32306
27.59259,431.32306
27.610113,434.5
27.627573,434.5
27.642506,434.5
27.660711,434.69568
27.677345,434.69568
27.695076,432.39728
27.709995,432.39728
27.728237,433.9762
27.744047,433.9762
27.758844,433.9762
27.782682,433.7624
27.79426,433.7624
27.811464,433.38263
27.828058,433.38263
27.84475,435.70422
27.861944,435.70422
27.877678,435.70422
27.894426,436.07812
27.909681,436.07812
27.929596,436.18964
27.944664,436.18964
27.958813,436.18964
27.978708,436.3158
27.99298,436.3158
28.011778,434.7826
28.025862,434.7826
28.0431,434.7826
28.060825,434.82257
28.077177,434.82257
28.095549,434.57892
28.109015,434.57892
28.126314,434.57892
28.144196,434.57892
28.172527,433.62
28.185562,433.62
28.199615,433.62
28.216528,432.57776
28.234299,432.57776
28.251621,433.48212
28.26836,433.48212
28.282429,433.48212
28.30166,433.48212
28.31712,433.48212
28.334873,433.72095
28.3499,433.72095
28.370796,433.04877
28.384716,433.04877
28.39912,433.04877
28.418844,432.33618
28.432638,432.33618
28.454422,435.0349
28.465174,435.0349
28.482529,435.0349
28.501202,432.5926
28.516666,432.5926
28.534157,432.5926
28.549927,432.5926
28.566471,431.2281
28.583128,431.2281
28.598982,431.2281
28.617659,430.8
28.632423,430.8
28.648617,429.38098
28.665443,429.38098
28.683176,429.38098
28.701181,429.8393
28.716148,429.8393
28.738512,432.31482
28.749786,432.31482
28.766586,432.31482
28.783136,432.31482
28.800367,432.31482
28.817408,431.87653
28.831347,431.87653
28.849361,431.62653
28.865696,431.62653
28.883791,430.73334
28.900011,430.73334
28.917322,430.73334
28.934822,431.54254
28.948757,431.54254
28.966341,432.3924
28.98379,432.3924
29.017302,431.0
29.030642,431.0
29.044788,431.0
29.062067,430.79816
29.078794,430.79816
29.09617,430.20453
29.111048,430.20453
29.127884,430.79266
29.14549,430.79266
29.161495,430.79266
29.17963,430.7342
29.193207,430.7342
29.214157,431.22058
29.22702,431.22058
29.244116,431.22058
29.261559,430.2442
29.27924,430.2442
29.295853,428.18604
29.31111,428.18604
29.328156,428.35614
29.344894,428.35614
29.35978,428.35614
29.380245,429.4643
29.392862,429.4643
29.417171,429.64288
29.427914,429.64288
29.442766,429.64288
29.461464,428.94666
29.477003,428.94666
29.49752,428.94666
29.510883,428.94666
29.52679,428.06793
29.544565,428.06793
29.55996,428.06793
29.5791,428.40002
29.594532,428.40002
29.611954,428.10297
29.628584,428.10297
29.643919,428.125
29.660908,428.125
29.677385,428.125
29.69582,427.90125
29.711512,427.90125
29.727064,427.6104
29.745506,427.6104
29.75972,427.6104
29.779816,425.54095
29.79482,425.54095
29.812262,425.01495
29.825592,425.01495
29.843533,425.01495
29.860361,424.73035
29.877785,424.73035
29.896887,423.73035
29.91002,423.73035
29.927055,426.0465
29.945848,426.0465
29.961788,426.0465
29.981014,425.45068
29.994164,425.45068
30.011015,426.44263
30.027157,426.44263
30.04409,426.44263
30.060421,423.5714
30.077478,423.5714
30.09566,427.32355
30.110994,427.32355
30.1271,427.17145
30.146166,427.17145
30.161186,427.17145
30.180082,428.65997
30.193695,428.65997
30.21647,428.65997
30.226557,428.65997
30.245453,424.46155
30.262804,424.46155
30.27758,424.46155
30.294628,427.84784
30.310667,427.84784
30.326982,426.3542
30.344263,426.3542
30.360361,426.3542
30.379034,425.12067
30.392397,425.12067
30.412176,425.7105
30.428099,425.7105
30.444485,426.0
30.46193,426.0
30.477137,426.0
30.496315,426.3051
30.511736,426.3051
30.527912,426.01697
30.545185,426.01697
30.55987,426.01697
30.579697,426.18646
30.593645,426.18646
30.619701,426.74512
30.62921,426.74512
30.645641,422.2456
30.661816,422.2456
30.679714,422.2456
30.698648,422.74072
30.71371,422.74072
30.733133,421.67242
30.748823,421.67242
30.764378,421.67242
30.782705,421.67242
30.798643,421.67242
30.81581,423.59088
30.831059,423.59088
30.848427,423.1447
30.863834,423.1447
30.879156,423.1447
30.899414,423.8108
30.912886,423.8108
30.929121,424.18964
30.946762,424.18964
30.965595,422.02942
30.982336,422.02942
30.996675,422.02942
31.018803,425.05768
31.031017,425.05768
31.049866,424.2
31.064331,424.2
31.079237,424.2
31.097816,422.42108
31.113754,422.42108
31.129272,423.4359
31.147688,423.4359
31.16359,423.4359
31.180916,423.18988
31.194538,423.18988
31.213943,421.19232
31.229095,421.19232
31.246265,422.6875
31.26312,422.6875
31.279902,422.6875
31.297674,422.8333
31.313334,422.8333
31.330246,423.3
31.3457,423.3
31.36323,423.3
31.38667,421.9651
31.397976,421.9651
31.414238,420.36487
31.430395,420.36487
31.445932,418.80853
31.463997,418.80853
31.480673,418.80853
31.496813,417.18335
31.513815,417.18335
31.536606,418.1875
31.547955,418.1875
31.562918,418.1875
31.581394,417.60315
31.596058,417.60315
31.61453,414.87177
31.63076,414.87177
31.646917,414.05884
31.664934,414.05884
31.678999,414.05884
31.697268,411.2727
31.71229,411.2727
31.732378,411.05194
31.746817,411.05194
31.762836,411.05194
31.781229,409.1786
31.79631,409.1786
31.815184,408.4079
31.828426,408.4079
31.84769,406.0595
31.864914,406.0595
31.880264,406.0595
31.898254,404.4359
31.913313,404.4359
31.93372,404.3803
31.947567,404.3803
31.96277,404.3803
31.982525,404.2143
31.999191,404.2143
32.0153,403.45312
32.030468,403.45312
32.04713,401.34998
32.064186,401.34998
32.082085,401.34998
32.097282,399.30646
32.11268,399.30646
32.131283,399.7414
32.14683,399.7414
32.16255,399.7414
32.180775,396.08435
32.19594,396.08435
32.214558,396.9552
32.22908,396.9552
32.246803,396.2105
32.263023,396.2105
32.278755,396.2105
32.297485,395.67743
32.31272,395.67743
32.335,392.49463
32.346947,392.49463
32.363327,392.49463
32.381115,392.73566
32.39755,392.73566
32.413574,392.8125
32.42957,392.8125
32.447327,392.47827
32.463585,392.47827
32.481213,392.47827
32.497475,392.71765
32.511936,392.71765
32.531513,390.987
32.545837,390.987
32.563736,389.69232
32.581398,389.69232
32.59603,389.69232
32.615143,389.74225
32.629158,389.74225
32.64774,388.97998
32.66283,388.97998
32.680996,388.97998
32.700077,389.82794
32.71347,389.82794
32.73079,388.13043
32.74568,388.13043
32.763092,388.13043
32.78135,387.9541
32.797314,387.9541
32.815277,386.66174
32.83103,386.66174
32.85132,386.5645
32.864925,386.5645
32.880363,386.5645
32.899006,387.12677
32.9127,387.12677
32.934803,386.14288
32.94761,386.14288
32.964077,386.14288
32.981434,385.2879
32.99645,385.2879
33.01527,383.81396
33.029556,383.81396
33.047207,384.36108
33.06369,384.36108
33.08057,384.36108
33.098446,382.51135
33.112076,382.51135
33.13135,382.85333
33.147587,382.85333
33.16248,382.85333
33.18181,381.86737
33.196453,381.86737
33.21429,382.1194
33.228844,382.1194
33.24699,383.01642
33.262733,383.01642
33.280552,383.01642
33.29719,382.61853
33.31334,382.61853
33.337826,380.92224
33.348644,380.92224
33.36525,381.75323
33.381767,381.75323
33.398014,381.75323
33.415836,382.0548
33.43195,382.0548
33.44835,381.14288
33.46676,381.14288
33.48285,381.14288
33.498764,379.30377
33.516235,379.30377
33.532402,380.75
33.548206,380.75
33.56479,379.625
33.58256,379.625
33.597797,379.625
33.614975,380.02856
33.63126,380.02856
33.651943,380.01447
33.67373,380.01447
33.68408,379.89093
33.703655,379.89093
33.719894,379.89093
33.736595,380.08197
33.750336,380.08197
33.7682,377.25
33.783955,377.25
33.801785,377.25
33.818665,377.25
33.833298,377.25
33.852478,376.9596
33.87265,376.9596
33.883724,376.9596
33.900192,376.9596
33.916084,376.9596
33.93485,379.45123
33.94996,379.45123
33.966206,377.8161
33.98369,377.8161
33.998825,377.8161
34.01975,378.4286
34.032494,378.4286
34.05187,377.95654
34.066593,377.95654
34.08394,377.2069
34.101387,377.2069
34.116875,377.2069
34.135395,376.6548
34.151875,376.6548
34.16814,377.8714
34.186417,377.8714
34.20176,377.8714
34.222805,377.8169
34.235203,377.8169
34.25313,376.8684
34.268856,376.8684
34.285686,377.3291
34.303658,377.3291
34.318745,377.3291
34.338646,375.87848
34.352215,375.87848
34.37336,376.86664
34.3861,376.86664
34.40136,376.86664
34.42019,377.4359
34.43381,377.4359
34.45222,377.4359
34.468063,377.4359
34.48375,375.30524
34.50048,375.30524
34.515434,375.30524
34.538715,375.7071
34.551235,375.7071
34.56748,375.12164
34.58546,375.12164
34.602104,375.12164
34.617287,376.2785
34.63479,376.2785
34.651546,375.90668
34.66879,375.90668
34.685352,375.90668
34.70192,375.90668
34.718277,375.90668
34.736557,375.48352
34.750282,375.48352
34.768814,375.48352
34.785763,375.48352
34.801086,375.48352
34.817963,375.125
34.833035,375.125
34.85353,374.77002
34.8669,374.77002
34.886795,375.49512
34.902145,375.49512
34.917057,375.49512
34.935143,374.89215
34.950882,374.89215
34.967625,375.77905
34.984062,375.77905
35.000576,375.77905
35.017506,375.64044
35.03367,375.64044
35.05545,375.54083
35.0671,375.54083
35.084297,375.54083
35.102757,375.54083
35.116367,375.54083
35.136093,375.4516
35.14956,375.4516
35.16743,375.6383
35.186268,375.6383
35.200813,375.6383
35.21955,374.21332
35.23612,374.21332
35.2523,374.21332
35.26692,374.21332
35.28443,374.6092
35.30282,374.6092
35.31718,374.6092
35.338383,374.4839
35.35128,374.4839
35.366886,374.01978
35.385365,374.01978
35.402267,374.01978
35.420326,374.01978
35.43466,374.01978
35.4502,375.27173
35.467194,375.27173
35.48391,375.35162
35.50189,375.35162
35.517513,375.35162
35.535843,374.07825
35.549946,374.07825
35.567432,374.07825
35.584595,374.07825
35.60022,374.07825
35.61861,374.36633
35.63445,374.36633
35.653797,374.36633
35.667652,374.36633
35.684753,373.45917
35.702477,373.45917
35.717453,373.45917
35.735985,374.05884
35.75106,374.05884
35.76781,372.6292
35.784103,372.6292
35.801342,372.6292
35.81724,373.96973
35.83444,373.96973
35.849964,372.43243
35.868378,372.43243
35.884468,372.43243
35.901558,372.43243
35.917835,372.43243
35.936813,372.7162
35.95055,372.7162
35.96718,373.3714
35.98543,373.3714
36.000084,373.3714
36.018585,374.8333
36.034534,374.8333
36.056553,375.1687
36.067715,375.1687
36.08692,374.89612
36.101704,374.89612
36.116566,374.89612
36.136536,374.89612
36.14938,374.89612
36.16736,374.7561
36.18622,374.7561
36.200363,374.7561
36.219692,375.36902
36.233524,375.36902
36.25215,374.11688
36.26801,374.11688
36.28287,374.11688
36.301533,374.11688
36.316498,374.11688
36.334946,372.9143
36.35016,372.9143
36.367844,374.52173
36.38579,374.52173
36.39996,374.52173
36.41782,372.43903
36.43508,372.43903
36.45178,373.21124
36.469177,373.21124
36.488,372.88544
36.50149,372.88544
36.51674,372.88544
36.53608,372.88544
36.551987,372.88544
36.567707,374.62292
36.586113,374.62292
36.60232,374.62292
36.618256,373.09088
36.63463,373.09088
36.65076,373.3412
36.66793,373.3412
36.686104,373.62665
36.702953,373.62665
36.718395,373.62665
36.73524,373.125
36.749992,373.125
36.76635,372.91766
36.78394,372.91766
36.800167,372.91766
36.818954,372.9359
36.83476,372.9359
36.85111,373.01428
36.866875,373.01428
36.88601,372.93182
36.90166,372.93182
36.917126,372.93182
36.935894,373.36957
36.94991,373.36957
36.969906,375.6142
36.98534,375.6142
37.00141,375.6142
37.019016,375.27026
37.03431,375.27026
37.056877,376.2832
37.068092,376.2832
37.08395,376.3
37.101788,376.3
37.11717,376.3
37.134987,375.16882
37.150017,375.16882
37.16711,375.7013
37.186485,375.7013
37.199944,375.7013
37.21685,374.05658
37.23389,374.05658
37.25253,377.1087
37.267338,377.1087
37.284702,377.0
37.30241,377.0
37.315956,377.0
37.335705,376.4253
37.34983,376.4253
37.370964,378.93848
37.384914,378.93848
37.40144,378.93848
37.41977,378.5769
37.434456,378.5769
37.451756,378.97754
37.4686,378.97754
37.484665,381.15997
37.501595,381.15997
37.516506,381.15997
37.53652,380.87756
37.5501,380.87756
37.56639,383.2154
37.584175,383.2154
37.601173,383.2154
37.61827,382.68353
37.634415,382.68353
37.64992,383.4865
37.669422,383.4865
37.68585,383.1875
37.701088,383.1875
37.7168,383.1875
37.73736,385.64105
37.7503,385.64105
37.766888,386.7802
37.784454,386.7802
37.80171,386.7802
37.818993,387.5946
37.83592,387.5946
37.854202,390.7193
37.867363,390.7193
37.884094,389.44446
37.90265,389.44446
37.91769,389.44446
37.93464,392.75513
37.950035,392.75513
37.971004,392.7143
37.98476,392.7143
38.000122,392.7143
38.01914,392.64288
38.034786,392.64288
38.051075,393.40582
38.066856,393.40582
38.0832,393.40582
38.102245,394.37665
38.11691,394.37665
38.13578,396.1494
38.150055,396.1494
38.16756,397.01904
38.184704,397.01904
38.19984,397.01904
38.21728,399.5755
38.23402,399.5755
38.25206,399.2105
38.266144,399.2105
38.283707,399.58508
38.302036,399.58508
38.3176,399.58508
38.336433,401.82953
38.351074,401.82953
38.367363,403.02148
38.38534,403.02148
38.400093,403.02148
38.419758,402.41998
38.433537,402.41998
38.452248,406.43335
38.466473,406.43335
38.483967,406.82257
38.502155,406.82257
38.51726,406.82257
38.534813,409.01642
38.549892,409.01642
38.566227,407.2459
38.584225,407.2459
38.60024,407.2459
38.61913,408.46753
38.634724,408.46753
38.65193,409.94806
38.66843,409.94806
38.684525,410.0
38.702168,410.0
38.717125,410.0
38.735313,412.85913
38.750504,412.85913
38.767517,415.24176
38.786404,415.24176
38.800995,415.24176
38.817585,416.76923
38.834568,416.76923
38.85603,418.5224
38.869007,418.5224
38.88398,419.60468
38.901703,419.60468
38.91583,419.60468
38.93726,421.0465
38.9514,421.0465
38.96761,421.06848
38.984993,421.06848
39.000805,421.06848
39.017315,422.61053
39.03408,422.61053
39.05134,423.66388
39.06737,423.66388
39.08516,423.8686
39.10238,423.8686
39.116272,423.8686
39.137184,424.76105
39.150642,424.76105
39.166718,426.47662
39.18579,426.47662
39.20957,426.83167
39.223625,426.83167
39.23711,426.83167
39.2541,426.87823
39.26878,426.87823
39.287334,426.7973
39.30412,426.7973
39.318398,426.7973
39.337456,428.0741
39.35212,428.0741
39.36886,426.02197
39.386936,426.02197
39.402344,426.02197
39.420135,426.375
39.436142,426.375
39.45964,426.77905
39.469563,426.77905
39.48632,431.10974
39.504257,431.10974
39.520092,431.10974
39.53781,430.87836
39.553158,430.87836
39.570152,431.3875
39.586006,431.3875
39.603546,431.3875
39.62069,431.0
39.637623,431.0
39.658478,431.37665
39.669403,431.37665
39.685745,428.7436
39.705166,428.7436
39.720753,428.7436
39.73773,429.65814
39.752625,429.65814
39.77015,429.1383
39.78558,429.1383
39.803352,429.1383
39.821625,429.1277
39.83539,429.1277
39.854267,429.9901
39.869644,429.9901
39.886772,429.9901
39.904373,429.9901
39.919315,429.9901
39.937355,429.82434
39.952965,429.82434
39.971066,429.17645
39.98519,429.17645
40.00256,429.17645
40.019203,432.31372
40.036377,432.31372
40.053455,430.64105
40.06846,430.64105
40.08797,428.41174
40.1032,428.41174
40.1188,428.41174
40.1375,428.9474
40.152775,428.9474
40.169353,429.26923
40.186695,429.26923
40.204044,429.26923
40.221725,429.00983
40.236378,429.00983
40.25447,431.22784
40.270245,431.22784
40.285194,430.53766
40.304073,430.53766
40.31943,430.53766
40.34028,431.38354
40.352295,431.38354
40.371704,431.26086
40.386658,431.26086
40.403744,429.0
40.420937,429.0
40.436523,429.0
40.4562,429.2959
40.471115,429.2959
40.487267,428.63855
40.50357,428.63855
40.519318,428.63855
40.54032,429.20514
40.553326,429.20514
40.571777,427.14703
40.586845,427.14703
40.603294,427.14703
40.621933,428.71606
40.63711,428.71606
40.654934,426.6087
40.668846,426.6087
40.686943,426.85345
40.702934,426.85345
40.719036,426.85345
40.73848,427.47778
40.752098,427.47778
40.771114,428.62122
40.79081,428.62122
40.803513,428.62122
40.8202,427.16302
40.836403,427.16302
40.853966,427.16302
40.869358,427.16302
40.886955,426.31183
40.904915,426.31183
40.918896,426.31183
40.93772,425.82477
40.95366,425.82477
40.969154,426.58508
40.986332,426.58508
41.002808,426.58508
41.020092,426.7079
41.036602,426.7079
41.05445,426.06897
41.06958,426.06897
41.088924,425.98914
41.10371,425.98914
41.120804,425.98914
41.13812,425.5688
41.153164,425.5688
41.170822,426.22522
41.186474,426.22522
41.20286,426.22522
41.220543,425.10986
41.236996,425.10986
41.25457,424.95557
41.270554,424.95557
41.28612,423.7683
41.304413,423.7683
41.32011,423.7683
41.337444,424.1831
41.35255,424.1831
41.3778,425.43823
41.3876,425.43823
41.405052,425.2174
41.42244,425.2174
41.43865,425.2174
41.455555,424.18573
41.472008,424.18573
41.49115,424.01587
41.506355,424.01587
41.52091,424.01587
41.53955,426.7857
41.554386,426.7857
41.57687,426.0
41.588634,426.0
41.604733,425.23303
41.62286,425.23303
41.638214,425.23303
41.6589,424.46234
41.67297,424.46234
41.68708,424.3875
41.705746,424.3875
41.722366,424.3875
41.739273,425.31464
41.75391,425.31464
41.774574,425.1125
41.78811,425.1125
41.804497,425.19513
41.8232,425.19513
41.83779,425.19513
41.856293,425.84375
41.87121,425.84375
41.88919,425.0147
41.90608,425.0147
41.92179,425.0147
41.939133,425.39758
41.954662,425.39758
41.972855,425.37036
41.988735,425.37036
42.004547,424.1222
42.02298,424.1222
42.036716,424.1222
42.058506,425.08453
42.072018,425.08453
42.09149,423.6053
42.106617,423.6053
42.121513,423.6053
42.13979,423.6053
42.155342,423.6053
42.17754,422.23077
42.188698,422.23077
42.20429,422.23077
42.22267,422.23077
42.238823,422.23077
42.25566,423.02563
42.270542,423.02563
42.287796,420.99
42.304424,420.99
42.322247,420.99
42.3393,422.81012
42.354115,422.81012
42.374077,422.1236
42.38738,422.1236
42.40408,424.19147
42.422318,424.19147
42.43782,424.19147
42.455685,424.31525
42.47091,424.31525
42.48901,421.58026
42.50488,421.58026
42.521057,421.58026
42.53901,421.41248
42.55546,421.41248
42.573143,421.48315
42.587612,421.48315
42.606953,421.0625
42.622627,421.0625
42.638783,421.0625
42.657948,421.5056
42.670696,421.5056
42.692726,420.63544
42.704884,420.63544
42.720802,420.63544
42.740734,422.0714
42.75488,422.0714
42.77291,421.55554
42.78872,421.55554
42.809826,421.15277
42.823994,421.15277
42.838013,421.15277
42.857178,420.6974
42.871777,420.6974
42.88823,421.5974
42.90545,421.5974
42.92006,421.5974
42.940117,422.0
42.955105,422.0
42.973686,420.87097
42.98777,420.87097
43.005726,420.14062
43.02337,420.14062
43.03875,420.14062
43.055214,418.96613
43.07076,418.96613
43.087326,418.96613
43.105995,418.96613
43.122307,418.96613
43.138275,417.81818
43.155384,417.81818
43.17338,417.81818
43.188484,417.81818
43.20564,417.625
43.221714,417.625
43.247593,419.36108
43.262695,419.36108
43.27481,419.36108
43.290287,417.81482
43.308567,417.81482
43.325005,419.04547
43.341915,419.04547
43.35746,419.04547
43.375393,417.53424
43.391006,417.53424
43.40749,416.41858
43.427097,416.41858
43.44057,416.41858
43.457253,413.5224
43.473774,413.5224
43.49269,413.54413
43.50712,413.54413
43.524475,413.54413
43.54358,410.3393
43.55807,410.3393
43.57776,410.32727
43.590073,410.32727
43.60687,406.85712
43.625256,406.85712
43.64128,406.85712
43.6592,407.29688
43.673176,407.29688
43.69829,403.0122
43.707756,403.0122
43.726036,402.4359
43.7411,402.4359
43.756874,402.4359
43.77594,400.54944
43.791,400.54944
43.811245,399.27026
43.825523,399.27026
43.83984,399.27026
43.8599,399.21124
43.87621,399.21124
43.893738,397.9895
43.908623,397.9895
43.927494,399.8415
43.94324,399.8415
43.95773,399.8415
43.980335,397.56714
43.99324,397.56714
44.00986,397.2105
44.025555,397.2105
44.04371,397.2105
44.059692,396.82
44.075424,396.82
44.093628,394.2553
44.109173,394.2553
44.125458,395.40002
44.144,395.40002
44.15929,395.40002
44.177036,391.67346
44.191757,391.67346
44.20849,390.59998
44.226795,390.59998
44.241787,390.59998
44.260006,391.0741
44.27509,391.0741
44.297726,390.65216
44.309593,390.65216
44.326397,389.57892
44.34352,389.57892
44.358326,389.57892
44.37584,389.72498
44.391396,389.72498
44.40886,388.84338
44.424465,388.84338
44.441677,388.84338
44.460735,389.0
44.47415,389.0
44.493538,388.3913
44.50761,388.3913
44.528046,388.06348
44.544018,388.06348
44.558876,388.06348
44.576057,389.0678
44.590363,389.0678
44.609684,386.05
44.626553,386.05
44.642353,386.05
44.659058,383.84808
44.676273,383.84808
44.69476,383.44446
44.709396,383.44446
44.724224,384.7077
44.742935,384.7077
44.759754,384.7077
44.777428,383.58002
44.790676,383.58002
44.813694,383.69623
44.825138,383.69623
44.842026,383.69623
44.85902,383.9516
44.873302,383.9516
44.894547,382.75342
44.908913,382.75342
44.926804,382.125
44.94346,382.125
44.95851,382.125
44.97674,381.86487
44.991245,381.86487
45.008038,380.83563
45.024963,380.83563
45.0421,380.83563
45.05996,381.57776
45.07741,381.57776
45.093708,381.175
45.107113,381.175
45.125023,379.8734
45.144753,379.8734
45.158627,379.8734
45.177475,378.1294
45.19151,378.1294
45.21194,378.06604
45.226738,378.06604
45.24224,378.06604
45.26219,379.11108
45.276222,379.11108
45.294773,376.80646
45.308434,376.80646
45.327145,376.9239
45.342926,376.9239
45.358376,376.9239
45.37958,377.87604
45.39603,377.87604
45.415405,377.1524
45.432632,377.1524
45.44589,377.9762
45.462997,377.9762
45.478996,377.9762
45.497925,377.9762
45.511684,377.9762
45.52863,377.1507
45.54695,377.1507
45.560787,377.1507
45.578995,377.0
45.595673,377.0
45.61446,377.5208
45.629135,377.5208
45.646553,376.47168
45.6624,376.47168
45.678593,376.47168
45.699287,377.38464
45.712593,377.38464
45.732033,376.63892
45.746155,376.63892
45.762997,376.63892
45.78172,374.74768
45.79511,374.74768
45.816807,374.74768
45.83028,374.74768
45.847054,376.35645
45.865154,376.35645
45.87924,376.35645
45.898266,374.5373
45.911854,374.5373
45.93242,375.1045
45.947365,375.1045
45.961876,375.1045
45.980503,375.6184
45.994877,375.6184
46.018497,375.0
46.029877,375.0
46.04579,375.0
46.061714,375.0
46.078556,375.0
46.098194,374.27502
46.110455,374.27502
46.132816,374.27502
46.148228,374.27502
46.163666,374.27502
46.185677,373.35956
46.200676,373.35956
46.217697,371.5
46.229263,371.5
46.24548,373.12933
46.263294,373.12933
46.279194,373.12933
46.298782,373.0702
46.316097,373.0702
46.32864,370.2752
46.34665,370.2752
46.362457,370.2752
46.380257,372.38464
46.394913,372.38464
46.413795,371.62628
46.429028,371.62628
46.447834,370.67676
46.462673,370.67676
46.479675,370.67676
46.49654,372.36365
46.512512,372.36365
46.53399,372.38824
46.54663,372.38824
46.5632,372.38824
46.580315,372.24097
46.594963,372.24097
46.62011,372.24097
46.63142,372.24097
46.679104,371.42572
46.69917,371.40778
46.71258,371.40778
46.726467,371.46533
46.74424,371.46533
46.759727,371.46533
46.77619,371.57306
46.792324,371.57306
46.810917,371.43823
46.827152,371.43823
46.84332,371.2
46.859905,371.2558
46.87557,371.2558
46.89543,371.40247
46.908245,371.40247
46.926914,370.82355
46.94284,370.82355
46.95802,370.82355
46.976734,371.89886
46.99293,371.89886
47.009502,372.92755
47.026447,372.92755
47.042202,372.92755
47.06062,371.9878
47.07629,371.9878
47.096508,371.875
47.109043,371.875
47.125214,371.17108
47.144493,371.17108
47.158653,371.17108
47.178352,371.7738
47.191795,371.7738
47.211803,372.5647
47.226677,372.5647
47.241634,372.5647
47.261295,372.5647
47.27571,372.5647
47.292892,373.3662
47.308716,373.3662
47.33414,372.60608
47.348076,372.60608
47.36135,372.60608
47.379982,371.89038
47.394558,371.89038
47.41604,371.89038
47.430626,371.89038
47.444344,371.71643
47.462112,371.71643
47.478325,371.71643
47.50048,371.71643
47.51185,371.71643
47.5288,370.76288
47.54584,370.76288
47.56243,370.76288
47.580128,370.76288
47.594837,370.76288
47.612045,372.29486
47.62992,372.29486
47.645252,371.20428
47.662197,371.20428
47.692528,371.1505
47.705276,371.1505
47.71879,371.1505
47.7366,371.35107
47.752186,371.35107
47.769135,371.35107
47.789185,371.375
47.80433,371.375
47.82198,371.27588
47.837616,371.27588
47.856304,371.5208
47.86936,371.5208
47.887005,371.44208
47.903812,371.44208
47.919224,371.44208
47.936825,371.7284
47.952076,371.7284
47.97064,371.75293
47.98638,371.75293
48.004063,371.3421
48.021214,371.3421
48.03598,371.3421
48.057648,371.2093
48.070778,371.2093
48.08709,370.7917
48.104256,370.7917
48.119984,370.7917
48.137386,372.64288
48.153454,372.64288
48.172546,372.9604
48.186787,372.9604
48.20257,372.9604
48.22,372.9604
48.237457,372.9604
48.256516,373.82434
48.26999,373.82434
48.290592,371.77313
48.304993,371.77313
48.31904,371.77313
48.337605,371.48938
48.35294,371.48938
48.371796,371.53064
48.386993,371.53064
48.402664,371.53064
48.421013,369.75342
48.435795,369.75342
48.455296,369.1772
48.47099,369.1772
48.48688,371.34003
48.50455,371.34003
48.519203,371.34003
48.539055,371.34344
48.552376,371.34344
48.57012,372.52777
48.586308,372.52777
48.613697,372.6883
48.626602,372.6883
48.64074,372.6883
48.657574,371.57318
48.6737,371.57318
48.696556,371.79773
48.70769,371.79773
48.725887,372.07953
48.742813,372.07953
48.75783,372.07953
48.775696,372.7553
48.790768,372.7553
48.807636,372.80853
48.82416,372.80853
48.84048,372.80853
48.8584,372.90625
48.87327,372.90625
48.89367,373.2738
48.907238,373.2738
48.92696,373.2857
48.941875,373.2857
48.9568,373.2857
48.975006,373.89392
48.98968,373.89392
49.007378,373.18842
49.025604,373.18842
49.03999,373.18842
49.057453,372.5
49.072895,372.5
49.0914,371.3333
49.107594,371.3333
49.124016,372.4483
49.141872,372.4483
49.15774,372.4483
49.175697,371.9583
49.19104,371.9583
49.206863,372.50647
49.224457,372.50647
49.240402,372.50647
49.257736,372.25275
49.273182,372.25275
49.291897,372.67328
49.307087,372.67328
49.32362,372.67328
49.341705,372.50702
49.358074,372.50702
49.37438,372.36505
49.39133,372.36505
49.407715,372.34283
49.42407,372.34283
49.440987,372.34283
49.458324,370.86426
49.47539,370.86426
49.491432,370.8723
49.50798,370.8723
49.524265,370.8723
49.540604,372.35925
49.55707,372.35925
49.576584,373.0893
49.590347,373.0893
49.60705,373.7387
49.625168,373.7387
49.639194,373.7387
49.65893,375.0
49.674088,375.0
49.692654,377.46075
49.707405,377.46075
49.725674,376.70294
49.7409,376.70294
49.758972,376.70294
49.782646,378.72223
49.79223,378.72223
49.810963,379.2688
49.82576,379.2688
49.84208,379.2688
49.861248,381.4231
49.875603,381.4231
49.89584,381.0714
49.909058,381.0714
49.92939,382.127
49.943584,382.127
49.958496,382.127
49.979828,384.26086
49.99264,384.26086
50.012875,383.18463
50.025513,383.18463
50.043415,383.18463
50.060333,385.8197
50.07559,385.8197
50.099407,387.01666
50.109215,387.01666
50.124466,385.43835
50.143547,385.43835
50.15789,385.43835
50.178944,386.61646
50.19193,386.61646
50.21098,388.5373
50.226276,388.5373
50.243755,388.5373
50.259174,390.36108
50.276043,390.36108
50.29877,390.87695
50.309937,390.87695
50.326744,390.55554
50.344036,390.55554
50.35992,390.55554
50.384052,392.92725
50.39425,392.92725
50.416454,390.7619
50.42799,390.7619
50.4437,390.7619
50.463127,393.42108
50.477608,393.42108
50.496037,393.78668
50.510605,393.78668
50.52744,394.0
50.545795,394.0
50.56096,394.0
50.578392,396.5077
50.593468,396.5077
50.612534,397.7547
50.628983,397.7547
50.6434,397.7547
50.662155,397.72974
50.678574,397.72974
50.69837,399.67145
50.71168,399.67145
50.727623,398.0
50.74511,398.0
50.76193,398.0
50.779106,397.5625
50.79452,397.5625
50.81298,399.4923
50.828457,399.4923
50.844646,400.5517
50.86352,400.5517
50.876377,400.5517
50.89598,402.65002
50.910954,402.65002
50.92801,404.01367
50.94474,404.01367
50.95923,404.01367
50.978436,404.35236
50.994007,404.35236
51.012173,403.65515
51.027832,403.65515
51.0432,403.65515
51.062717,404.67255
51.07722,404.67255
51.09625,405.9469
51.109924,405.9469
51.131817,408.62653
51.146126,408.62653
51.160946,408.62653
51.178326,407.51514
51.193882,407.51514
51.21415,410.97015
51.227535,410.97015
51.244415,410.93506
51.262836,410.93506
51.276844,410.93506
51.298363,410.87836
51.31096,410.87836
51.33158,411.81396
51.345146,411.81396
51.36107,411.81396
51.382385,413.5
51.39453,413.5
51.411674,414.52325
51.427094,414.52325
51.446674,417.0857
51.462196,417.0857
51.478172,417.0857
51.495594,418.8551
51.510635,418.8551
51.52763,416.36584
51.546623,416.36584
51.561337,416.36584
51.578358,417.23077
51.594574,417.23077
51.61323,417.2763
51.628292,417.2763
51.64556,417.16278
51.663136,417.16278
51.678116,417.16278
51.695908,418.5
51.71078,418.5
51.72832,419.0
51.7437,419.0
51.760773,419.0
51.778534,419.8875
51.795036,419.8875
51.81236,419.63635
51.827267,419.63635
51.844048,415.06122
51.862316,415.06122
51.875732,415.06122
51.896915,415.29907
51.909977,415.29907
51.92721,414.3294
51.94421,414.3294
51.96164,414.3294
51.97908,416.40967
51.99536,416.40967
52.01783,418.11627
52.027775,418.11627
52.04393,418.11627
52.06278,418.43182
52.07624,418.43182
52.0991,419.0946
52.11054,419.0946
52.131084,419.0946
52.14615,419.0946
52.16035,419.0946
52.179825,419.18945
52.193344,419.18945
52.21232,418.9178
52.227894,418.9178
52.24444,418.77527
52.263695,418.77527
52.279236,418.77527
52.296215,417.9651
52.310966,417.9651
52.329197,418.0227
52.345478,418.0227
52.361443,418.0227
52.379494,417.97778
52.394722,417.97778
52.4181,419.26434
52.428265,419.26434
52.44439,419.1236
52.4628,419.1236
52.47747,419.1236
52.499043,416.71997
52.511246,416.71997
52.527946,416.98767
52.545914,416.98767
52.561592,416.98767
52.580246,416.4923
52.595142,416.4923
52.6121,415.36987
52.628304,415.36987
52.64428,416.0816
52.663128,416.0816
52.677868,416.0816
52.69707,416.0816
52.71249,416.0816
52.727783,414.89856
52.74458,414.89856
52.760967,414.89856
52.778187,415.55383
52.795464,415.55383
52.8136,416.9619
52.82921,416.9619
52.84793,416.5536
52.861794,416.5536
52.878674,416.5536
52.895863,417.50525
52.910988,417.50525
52.92911,417.73193
52.945118,417.73193
52.96046,417.73193
52.978176,418.28998
52.993366,418.28998
53.01397,417.3861
53.02808,417.3861
53.048885,416.2317
53.061573,416.2317
53.077694,416.2317
53.095917,416.2317
53.110092,416.2317
53.129295,415.63025
53.146385,415.63025
53.16045,415.63025
53.18047,415.73334
53.194736,415.73334
53.21799,415.1972
53.2285,415.1972
53.24435,415.1889
53.262623,415.1889
53.278316,415.1889
53.2964,417.25
53.311028,417.25
53.331024,416.60193
53.345203,416.60193
53.36144,416.60193
53.3789,417.26373
53.395454,417.26373
53.41303,417.4865
53.42945,417.4865
53.444874,417.9146
53.467693,417.9146
53.47731,417.9146
53.496727,417.625
53.512024,417.625
53.529427,417.91174
53.54644,417.91174
53.56159,417.91174
53.579556,418.1573
53.595676,418.1573
53.612793,417.0133
53.628628,417.0133
53.644386,415.30157
53.663143,415.30157
53.678474,415.30157
53.697586,415.38098
53.711754,415.38098
53.72941,416.46155
53.745586,416.46155
53.76065,416.46155
53.780136,415.77216
53.794983,415.77216
53.816486,416.01428
53.827835,416.01428
53.84455,415.34863
53.862217,415.34863
53.878822,415.34863
53.89768,415.44543
53.91167,415.44543
53.93116,415.81708
53.9461,415.81708
53.961628,415.81708
53.98018,416.0714
53.996,416.0714
54.012955,416.18365
54.02966,416.18365
54.045166,416.31818
54.06229,416.31818
54.07928,416.31818
54.09857,413.14435
54.110687,413.14435
54.134697,413.14435
54.1477,413.14435
54.160877,413.14435
54.17913,414.20953
54.193832,414.20953
54.213657,414.19275
54.228775,414.19275
54.249287,412.4051
54.265377,412.4051
54.277493,412.4051
54.29687,413.73334
54.309902,413.73334
54.327526,412.4673
54.345303,412.4673
54.36185,412.4673
54.37887,412.75
54.39435,412.75
54.41842,412.54865
54.42833,412.54865
54.447304,412.5357
54.462746,412.5357
54.478073,412.5357
54.50052,412.43298
54.512207,412.43298
54.533657,412.85553
54.546883,412.85553
54.562046,412.85553
54.57985,413.71234
54.59491,413.71234
54.61276,413.71234
54.629616,413.71234
54.64463,412.1447
54.664703,412.1447
54.678295,412.1447
54.696217,411.62195
54.71254,411.62195
54.72976,412.0
54.746544,412.0
54.763332,412.0
54.781223,412.88635
54.80131,412.88635
54.816013,412.4762
54.830936,412.4762
54.84774,412.4762
54.863823,412.4762
54.878532,412.4762
54.896038,411.62292
54.91151,411.62292
54.930004,412.53845
54.945774,412.53845
54.96317,412.53845
54.97896,410.68292
54.99588,410.68292
55.016293,410.18054
55.027744,410.18054
55.044884,411.04877
55.061497,411.04877
55.078506,411.04877
55.096848,410.69513
55.112392,410.69513
55.128796,408.9032
55.146664,408.9032
55.1623,408.9032
55.18046,408.9032
55.195255,408.9032
55.212402,411.81158
55.229034,411.81158
55.246357,410.9079
55.263508,410.9079
55.27741,410.9079
55.299854,411.34943
55.31156,411.34943
55.331738,410.19812
55.3453,410.19812
55.361656,410.19812
55.381474,408.0
55.395416,408.0
55.41303,406.4779
55.4289,406.4779
55.44461,406.82928
55.46375,406.82928
55.4774,406.82928
55.50005,405.35364
55.512028,405.35364
55.529926,404.34375
55.547237,404.34375
55.56169,404.34375
55.58028,403.73682
55.59621,403.73682
55.6135,403.29413
55.62949,403.29413
55.643875,400.86664
55.663986,400.86664
55.67858,400.86664
55.699745,400.77588
55.71216,400.77588
55.72848,399.33752
55.74653,399.33752
55.76201,399.33752
55.779896,398.45557
55.796528,398.45557
55.813625,398.30682
55.82842,398.30682
55.84623,396.5345
55.863472,396.5345
55.879707,396.5345
55.897327,393.8269
55.91197,393.8269
55.928505,395.13794
55.944153,395.13794
55.962273,395.13794
55.98172,395.93243
55.995777,395.93243
56.01706,393.20776
56.02901,393.20776
56.046806,393.32294
56.062813,393.32294
56.07831,393.32294
56.098526,392.8451
56.11165,392.8451
56.12863,392.34064
56.147007,392.34064
56.163315,392.34064
56.179935,392.05334
56.195114,392.05334
56.212955,390.07294
56.2292,390.07294
56.246616,389.34424
56.263668,389.34424
56.279354,389.34424
56.30007,388.55884
56.311802,388.55884
56.336025,387.59998
56.346634,387.59998
56.361748,387.59998
56.380287,388.0476
56.394684,388.0476
56.41882,390.64703
56.429546,390.64703
56.446793,388.3778
56.463787,388.3778
56.478394,388.3778
56.496586,385.7213
56.51223,385.7213
56.534145,387.0714
56.545425,387.0714
56.56297,387.0714
56.581955,385.39062
56.595497,385.39062
56.61272,386.127
56.63087,386.127
56.65148,384.58728
56.663845,384.58728
56.679333,384.58728
56.701008,383.64386
56.71348,383.64386
56.72967,383.2273
56.74749,383.2273
56.76553,382.87952
56.781666,382.87952
56.796124,382.87952
56.81361,381.6905
56.830173,381.6905
56.846523,381.66266
56.86422,381.66266
56.88051,381.66266
56.89776,381.65387
56.913296,381.65387
56.931385,381.60394
56.946507,381.60394
56.963276,381.60394
56.979748,379.68475
56.995625,379.68475
57.01466,380.13544
57.0309,380.13544
57.047497,378.1828
57.063816,378.1828
57.080734,378.1828
57.09758,379.71997
57.113136,379.71997
57.13328,379.04877
57.14651,379.04877
57.162594,379.04877
57.18044,379.2929
57.196716,379.2929
57.21408,379.89062
57.229317,379.89062
57.24742,379.09753
57.262993,379.09753
57.280624,379.09753
57.298344,376.96844
57.31241,376.96844
57.330284,377.26807
57.346844,377.26807
57.363426,377.76404
57.37911,377.76404
57.395157,377.76404
57.41407,377.76318
57.428734,377.76318
57.446114,375.9286
57.464024,375.9286
57.47957,375.9286
57.498356,376.1067
57.513676,376.1067
57.52966,376.84283
57.547382,376.84283
57.563053,376.84283
57.581722,375.76392
57.597248,375.76392
57.61581,375.65717
57.629646,375.65717
57.645596,375.9579
57.665398,375.9579
57.678036,375.9579
57.700993,376.56976
57.712173,376.56976
57.735195,376.6778
57.746853,376.6778
57.764126,377.46667
57.78025,376.75714
57.797443,376.75714
57.816917,375.86206
57.829247,375.86206
57.848347,375.87878
57.865055,375.87878
57.878487,375.87878
57.89731,376.26025
57.91198,376.26025
57.930862,375.11926
57.947243,375.11926
57.964375,374.422
57.98109,374.422
57.99704,374.422
58.013504,375.2625
58.02966,375.2625
58.04649,376.01392
58.06399,376.01392
58.07861,376.01392
58.097916,373.86536
58.112095,373.86536
58.131874,374.13922
58.14558,374.13922
58.172344,372.27887
58.1845,372.27887
58.199444,372.27887
58.21653,373.12244
58.23224,373.12244
58.249943,373.75
58.266563,373.75
58.282066,373.75
58.300404,373.65625
58.31587,373.65625
58.332615,372.65955
58.34781,372.65955
58.36637,372.8617
58.382843,372.8617
58.39862,372.8617
58.41667,372.56482
58.43323,372.56482
58.449528,372.56482
58.466057,372.56482
58.482075,372.56482
58.49983,373.28125
58.51451,373.28125
58.532764,373.59338
58.54884,373.59338
58.567215,371.90656
58.58253,371.90656
58.59939,371.90656
58.61651,371.77905
58.632057,371.77905
58.651905,373.5714
58.6664,373.5714
58.6828,373.5714
58.70065,373.5714
58.714314,373.5714
58.735935,372.34784
58.74911,372.34784
58.767372,372.34784
58.782852,372.34784
58.7989,372.34784
58.81963,370.36365
58.83264,370.36365
58.850536,370.36365
58.867073,370.36365
58.882515,370.36365
58.90187,372.13208
58.915363,372.13208
58.93328,372.13208
58.948868,372.13208
58.96677,372.32837
58.98305,372.32837
58.998356,372.32837
59.018696,371.7564
59.033356,371.7564
59.05088,371.03998
59.066338,371.03998
59.082687,371.03998
59.10175,371.03998
59.11643,371.03998
59.138855,371.7647
59.149353,371.7647
59.167366,370.87207
59.18308,370.87207
59.199757,370.87207
59.2177,370.7907
59.23271,370.7907
59.24941,372.4792
59.26756,372.4792
59.283325,372.27832
59.298874,371.87964
59.31661,371.87964
59.33378,371.7019
59.350258,371.7019
59.36716,371.37665
59.383327,371.37665
59.399654,371.37665
59.417774,371.37665
59.43264,371.37665
59.451694,371.00952
59.467026,371.00952
59.480896,371.00952
59.499928,371.00952
59.516075,371.00952
59.533596,372.3333
59.548058,372.3333
59.56497,372.3333
59.582817,372.3333
59.598633,372.3333
59.616375,372.0357
59.632233,372.0357
59.64,372.0357