0.28,358.73505
0.30145192,358.65533
0.31953663,358.65533
0.33462217,358.2751
0.35055873,358.2751
0.37477463,358.15387
0.3858503,358.15387
0.40145862,358.15387
0.41937068,358.18567
0.43588495,358.18567
0.46152478,358.4809
0.47345722,358.4809
0.49095994,358.4809
0.50560397,358.4809
0.5226652,358.4809
0.5409038,358.24365
0.55544037,358.24365
0.57492995,358.13605
0.58935237,358.13605
0.60635847,358.45813
0.6229567,358.45813
0.63872826,358.45813
0.65878814,358.38464
0.671585,358.38464
0.69112295,358.4464
0.70641685,358.4464
0.72198087,358.4464
0.7481751,358.29846
0.7639458,358.0345
0.7819978,358.0345
0.7969513,358.0345
0.8166503,358.08087
0.8313381,358.08087
0.84812176,357.51562
0.86550134,357.51562
0.88088185,357.51562
0.89833534,357.51038
0.9127669,357.51038
0.93736196,357.24298
0.9471801,357.24298
0.9680489,357.24298
0.98380977,357.24298
0.9973402,357.24298
1.0189668,357.26227
1.0304924,357.26227
1.0509634,357.38763
1.0643035,357.38763
1.0801593,357.38763
1.0991668,357.6872
1.1144041,357.6872
1.1393857,357.62183
1.1499907,357.62183
1.1675432,357.51434
1.1846511,357.51434
1.1996177,357.51434
1.2183094,357.62128
1.2329774,357.62128
1.2512805,358.12885
1.2678386,358.12885
1.2823123,358.12885
1.3017535,358.12885
1.3173282,358.12885
1.3340516,357.90228
1.3490858,357.90228
1.3669851,357.90228
1.3837173,357.90228
1.3999735,357.90228
1.4169577,357.57654
1.4342315,357.57654
1.4553506,357.5459
1.4661822,357.5459
1.482599,357.5459
1.499433,357.94843
1.516311,357.94843
1.5343033,357.94843
1.5495777,357.94843
1.5681939,357.41003
1.5841588,357.41003
1.5992274,357.41003
1.6166428,357.76288
1.6332018,357.76288
1.6517154,357.4223
1.6660397,357.4223
1.6862965,357.55103
1.700341,357.55103
1.7150959,357.55103
1.7339153,358.11737
1.7502388,358.11737
1.7669783,358.1187
1.7847854,358.1187
1.8006016,358.1187
1.818135,359.76807
1.8323578,359.76807
1.8516479,360.62756
1.8664646,360.62756
1.8847263,360.6822
1.9018345,360.6822
1.915859,360.6822
1.937055,361.04724
1.9505391,361.04724
1.9667407,361.4171
1.983893,361.4171
1.9987874,361.4171
2.0176618,362.19897
2.0338233,362.19897
2.0539937,362.27576
2.066095,362.27576
2.0835052,362.27576
2.1012042,363.1494
2.116542,363.1494
2.1341076,363.005
2.1493216,363.005
2.1655107,364.42346
2.1848838,364.42346
2.2011926,364.42346
2.2172015,365.057
2.2343817,365.057
2.2483006,365.83167
2.2687793,365.83167
2.2856917,366.17273
2.3075705,366.17273
2.3173103,366.17273
2.3385227,367.50256
2.350868,367.50256
2.374388,367.98047
2.3860037,367.98047
2.4006743,367.98047
2.4192307,368.899
2.434294,368.899
2.459201,369.70587
2.469723,369.70587
2.4869888,370.35248
2.50428,370.35248
2.518436,370.35248
2.5397527,370.92444
2.5543022,370.92444
2.569874,372.85638
2.5877423,372.85638
2.6042442,372.85638
2.6268868,372.96136
2.637072,372.96136
2.6549964,374.24744
2.6708748,374.24744
2.6883097,374.42572
2.7048895,374.42572
2.7193367,374.42572
2.7395217,375.5401
2.754501,375.5401
2.776441,376.55206
2.7878714,376.55206
2.8065298,377.19745
2.8239727,377.19745
2.8374298,377.19745
2.8570664,377.84613
2.8715897,377.84613
2.886922,379.1609
2.903862,379.1609
2.9206426,379.1609
2.9379852,379.82568
2.9546201,379.82568
2.974408,380.96088
2.9879737,380.96088
3.002624,380.96088
3.0214834,382.29742
3.0367093,382.29742
3.0553975,383.1654
3.069366,383.1654
3.087533,384.31018
3.1051662,384.31018
3.1203341,384.31018
3.1425028,385.28534
3.1546834,385.28534
3.1748765,385.86096
3.187973,385.86096
3.2037778,385.86096
3.221187,386.4005
3.236246,386.4005
3.2570796,387.2129
3.2703657,387.2129
3.2881818,388.09436
3.3046935,388.09436
3.3201895,388.09436
3.3384647,388.90234
3.3542325,388.90234
3.3749943,389.8446
3.3874247,389.8446
3.4049356,390.65564
3.4217703,390.65564
3.437475,390.65564
3.4552147,392.08313
3.4713964,392.08313
3.4867258,392.84088
3.5057344,392.84088
3.5203264,392.84088
3.5397997,393.9505
3.5530853,393.9505
3.5793483,394.64355
3.5890331,394.64355
3.6067739,396.08392
3.623403,396.08392
3.6388378,396.08392
3.6578887,396.46985
3.671818,396.46985
3.6924868,397.3844
3.7074986,397.3844
3.7220428,397.3844
3.7412345,398.35852
3.7576952,398.35852
3.7807689,399.2531
3.791195,399.2531
3.8084836,399.607
3.8259027,399.607
3.8409214,399.607
3.8611462,400.76227
3.8745618,400.76227
3.896372,401.1878
3.9072654,401.1878
3.9229264,401.1878
3.9419813,402.2246
3.9577103,402.2246
3.9796638,403.385
3.9928465,403.385
4.0081415,405.1067
4.0250516,405.1067
4.040692,405.1067
4.060389,405.9406
4.0745177,405.9406
4.0940313,407.71844
4.107392,407.71844
4.1244645,407.71844
4.1446815,409.21136
4.1571484,409.21136
4.17908,410.29865
4.191005,410.29865
4.2114096,410.57452
4.2250137,410.57452
4.240485,410.57452
4.259163,412.78302
4.2757215,412.78302
4.297294,413.04785
4.3098927,413.04785
4.325959,414.31665
4.3435426,414.31665
4.357867,414.31665
4.3760448,415.65826
4.391377,415.65826
4.4071236,417.58862
4.4271398,417.58862
4.4438,417.58862
4.459389,418.76996
4.478451,418.76996
4.49591,418.76996
4.5091915,420.2525
4.530247,420.701
4.54546,420.701
4.558167,420.701
4.5776763,420.77887
4.590108,420.77887
4.6146417,420.69513
4.6254454,420.69513
4.641627,420.69513
4.6581764,420.93378
4.6741643,420.93378
4.693608,421.58197
4.7083707,421.58197
4.724532,422.74756
4.742955,422.74756
4.758563,422.74756
4.776093,423.04852
4.7977047,423.04852
4.8086505,423.8238
4.824973,423.8238
4.841173,423.8238
4.8587303,424.52026
4.8740897,424.52026
4.8930902,424.9701
4.908025,424.9701
4.9251904,425.18988
4.9426327,425.18988
4.958252,425.18988
4.979288,426.39172
4.990942,426.39172
5.012819,426.76544
5.024656,426.76544
5.0405216,426.76544
5.05899,428.06635
5.074743,428.06635
5.0929046,428.1667
5.1080575,428.1667
5.123724,428.1667
5.1425586,428.489
5.1578755,428.489
5.175412,428.08673
5.191072,428.08673
5.211879,427.51953
5.225505,427.51953
5.2411838,427.51953
5.2606587,426.66156
5.274319,426.66156
5.293628,426.83252
5.3094273,426.83252
5.324361,426.83252
5.342117,427.0302
5.357721,427.0302
5.378593,427.05066
5.390997,427.05066
5.408084,427.482
5.4245825,427.482
5.4409704,427.482
5.4586697,427.7683
5.474381,427.7683
5.492898,427.70166
5.5102315,427.70166
5.526605,427.63483
5.5450373,427.63483
5.558437,427.63483
5.576942,427.49762
5.5911236,427.49762
5.6081557,427.5343
5.6257215,427.5343
5.6415925,427.5343
5.6596212,427.74268
5.6742725,427.74268
5.6931477,427.9124
5.7082076,427.9124
5.7239714,427.9124
5.7425876,427.97974
5.7588205,427.97974
5.782628,428.01532
5.7992525,428.01532
5.8157244,428.04822
5.8314066,428.04822
5.8455095,428.04822
5.8616443,428.125
5.877095,428.125
5.8947167,427.85236
5.91136,427.85236
5.9281087,427.86353
5.9434757,427.86353
5.960818,427.86353
5.97951,427.09766
5.9926214,427.09766
6.011463,427.3341
6.026093,427.3341
6.044203,427.13397
6.060919,427.13397
6.0771956,427.13397
6.0944943,427.75598
6.109237,427.75598
6.126536,427.73187
6.1433783,427.73187
6.160525,427.73187
6.1783276,426.97205
6.1925364,426.97205
6.21606,427.16473
6.2269955,427.16473
6.2458396,427.47272
6.263637,427.47272
6.2772684,427.47272
6.3030105,427.25372
6.3143463,427.25372
6.3369174,426.6405
6.346143,426.6405
6.363869,426.6405
6.381152,426.78516
6.395508,426.78516
6.415604,427.4068
6.4310184,427.4068
6.4474096,427.71637
6.4642367,427.71637
6.4807525,427.71637
6.498376,427.28607
6.512699,427.28607
6.531532,427.85992
6.5458064,427.85992
6.5647283,427.85992
6.5818954,427.872
6.5968714,427.872
6.615025,427.68573
6.630085,427.68573
6.6465254,427.58807
6.6648273,427.58807
6.6798906,427.58807
6.699076,427.45386
6.7143083,427.45386
6.733191,427.4369
6.7471952,427.4369
6.7638297,427.48657
6.7808523,427.31128
6.7965865,427.31128
6.8212996,427.97797
6.831599,427.97797
6.855052,427.94263
6.86734,427.94263
6.883048,427.94263
6.898906,428.0553
6.915644,428.0553
6.932889,427.36127
6.947957,427.36127
6.9639482,427.36127
6.981902,427.10168
6.998622,427.10168
7.0169687,427.20673
7.032895,427.20673
7.0548544,427.24298
7.0678954,427.24298
7.081859,427.24298
7.0985217,427.24298
7.115321,426.641
7.1328087,426.0
7.149598,426.0
7.1691265,425.05048
7.1826487,425.05048
7.1985936,425.05048
7.2166986,424.43274
7.2315187,424.43274
7.24752,423.958
7.2668276,423.958
7.281474,423.958
7.2996664,424.4242
7.3141847,424.4242
7.3332253,423.93475
7.347349,423.93475
7.3661356,423.73395
7.3843446,423.73395
7.397311,423.73395
7.416,423.3662
7.4310412,423.3662
7.447721,423.10492
7.466127,423.10492
7.481374,423.10492
7.5006943,422.51788
7.514305,422.51788
7.5332875,422.07452
7.547612,422.07452
7.564941,421.70532
7.582982,421.70532
7.597847,421.70532
7.6164227,421.2649
7.6312785,421.2649
7.6503243,420.60352
7.665839,420.60352
7.6811185,420.60352
7.7004776,419.44446
7.7145247,419.44446
7.732805,418.94336
7.748355,418.94336
7.7668676,417.62347
7.7834506,417.62347
7.798657,417.62347
7.8173623,417.15442
7.8322487,417.15442
7.850792,416.2638
7.865622,416.2638
7.882154,416.2638
7.8998,414.69897
7.9146395,414.69897
7.936874,413.0379
7.948498,413.0379
7.9665537,412.54053
7.9825387,412.54053
7.9976864,412.54053
8.016725,411.33075
8.031064,411.33075
8.048949,409.79498
8.064904,409.79498
8.081803,409.79498
8.100217,409.52008
8.116144,409.52008
8.132535,408.29926
8.147543,408.29926
8.164929,408.29926
8.183279,406.15033
8.198785,406.15033
8.219218,404.77362
8.232477,404.77362
8.254488,403.76514
8.267547,403.76514
8.282858,403.76514
8.304466,402.7091
8.314984,402.7091
8.335075,400.77112
8.348025,400.77112
8.364636,400.29352
8.382005,400.29352
8.399905,400.29352
8.415807,399.812
8.430549,399.812
8.451537,399.08716
8.465228,399.08716
8.481418,399.08716
8.500305,397.89056
8.515278,397.89056
8.532187,396.81842
8.55012,396.81842
8.566968,396.2141
8.581159,396.2141
8.598544,396.2141
8.615454,395.146
8.63258,395.146
8.649642,394.58142
8.665045,394.58142
8.681546,394.58142
8.700005,394.13855
8.714368,394.13855
8.734324,393.1353
8.7480955,393.1353
8.767833,392.4406
8.783683,392.4406
8.79769,392.4406
8.816403,392.0492
8.831011,392.0492
8.852495,391.28503
8.86656,391.28503
8.882392,391.28503
8.900547,390.6411
8.914946,390.6411
8.9330635,388.75848
8.948472,388.75848
8.964633,388.14355
8.983043,388.14355
9.001261,388.14355
9.018613,386.9831
9.03133,386.9831
9.048247,386.11566
9.065374,386.11566
9.081934,386.11566
9.100906,386.4817
9.116538,386.4817
9.1373005,385.43457
9.149491,385.43457
9.164883,385.0157
9.184427,384.71765
9.198615,384.71765
9.219322,384.52197
9.232643,384.52197
9.247803,384.91394
9.26665,384.91394
9.28047,384.91394
9.298967,384.31537
9.315886,384.31537
9.336309,383.24493
9.349804,383.24493
9.364975,383.34082
9.382384,383.34082
9.397903,383.34082
9.417333,383.1253
9.431515,383.1253
9.454395,382.52985
9.467162,382.52985
9.482288,382.52985
9.499334,381.26648
9.515258,381.26648
9.532638,381.1587
9.5487,381.1587
9.568052,380.81726
9.583342,380.81726
9.598131,380.81726
9.619437,379.7937
9.631076,379.7937
9.654083,379.03375
9.66639,379.03375
9.681281,379.03375
9.699355,378.58453
9.714443,378.58453
9.735028,378.50842
9.747511,378.50842
9.764789,378.1809
9.783121,378.1809
9.798211,378.1809
9.816282,377.2445
9.832868,377.2445
9.847766,376.8603
9.866212,376.8603
9.881369,376.8603
9.899065,376.84656
9.916179,376.84656
9.934182,376.34174
9.949133,376.34174
9.965337,375.25916
9.982933,375.25916
9.998652,375.25916
10.015799,374.82227
10.033672,374.82227
10.048908,374.15918
10.065613,374.15918
10.081464,374.15918
10.099519,373.06482
10.115059,373.06482
10.133702,372.52643
10.149315,372.52643
10.166083,372.64722
10.18255,372.64722
10.199597,372.64722
10.218238,372.06482
10.232659,372.06482
10.250417,371.07
10.266988,371.07
10.283436,371.07
10.30112,371.11896
10.316889,371.11896
10.332621,370.95172
10.34905,370.95172
10.36612,370.53882
10.38334,370.53882
10.3977375,370.53882
10.416412,369.9121
10.431979,369.9121
10.450855,369.0428
10.4690485,369.0428
10.482894,369.0428
10.506381,369.21002
10.521631,369.21002
10.535433,368.7293
10.552042,368.7293
10.570766,368.56787
10.589235,368.56787
10.600382,368.56787
10.621606,367.81024
10.63479,367.81024
10.655871,367.16785
10.669198,367.16785
10.6852865,366.73486
10.703095,366.73486
10.716674,366.73486
10.739429,366.67108
10.750565,366.67108
10.7690935,366.93298
10.788313,366.93298
10.801147,366.93298
10.817234,366.53845
10.833298,366.53845
10.854506,366.50378
10.866849,366.50378
10.883036,366.50378
10.900933,366.08618
10.914609,366.08618
10.933367,365.4171
10.949648,365.4171
10.96636,365.44415
10.984505,365.44415
11.002474,365.44415
11.019015,364.86774
11.033753,364.86774
11.054681,364.93634
11.072372,364.93634
11.085149,364.91754
11.103251,364.91754
11.118147,364.91754
11.136486,364.71387
11.150439,364.71387
11.168415,364.42816
11.184709,364.42816
11.200858,364.42816
11.221176,364.24664
11.233536,364.24664
11.255729,364.3587
11.2724495,364.3587
11.29014,364.3587
11.304836,364.3587
11.32,364.66833
11.3380995,363.32996
11.351372,363.32996
11.371181,363.6101
11.387474,363.6101
11.399445,363.6101
11.418902,363.30884
11.433608,363.30884
11.451146,363.28857
11.466249,363.28857
11.484775,363.16412
11.500998,363.16412
11.518192,363.16412
11.535608,363.17932
11.551771,363.17932
11.566987,362.9702
11.584617,362.9702
11.600922,362.9702
11.619438,363.18365
11.634981,363.18365
11.6514435,362.8275
11.66696,362.8275
11.683476,362.8275
11.700035,362.81702
11.71578,362.81702
11.737991,362.8802
11.749157,362.8802
11.767326,362.60364
11.7851925,362.60364
11.800758,362.60364
11.817356,362.19592
11.833189,362.19592
11.85504,362.21796
11.866069,362.21796
11.883601,361.76154
11.9023485,361.76154
11.916127,361.76154
11.93545,360.95093
11.949682,360.95093
11.966258,360.78296
11.984855,360.78296
11.9990015,360.78296
12.018436,360.61786
12.033759,360.61786
12.055204,360.8747
12.066731,360.8747
12.083932,360.79352
12.100005,360.79352
12.117019,360.79352
12.141137,360.49622
12.150735,360.49622
12.167893,360.39703
12.184734,360.39703
12.200881,360.39703
12.219231,360.41437
12.233142,360.41437
12.252349,360.4696
12.267794,360.4696
12.284842,360.47974
12.302069,360.47974
12.317281,360.47974
12.333786,360.47974
12.350373,360.47974
12.371563,360.80157
12.384915,360.80157
12.400689,360.80157
12.41869,360.36884
12.43449,360.36884
12.451604,360.16498
12.466231,360.16498
12.48326,360.16498
12.502452,360.29242
12.516423,360.29242
12.535121,359.8396
12.550463,359.8396
12.567473,359.8095
12.584251,359.8095
12.600624,359.8095
12.6184845,360.01782
12.634988,360.01782
12.653991,360.01782
12.668652,360.01782
12.685579,359.87823
12.702765,359.87823
12.720818,359.87823
12.736606,359.94318
12.751655,359.94318
12.769064,359.21503
12.787095,359.21503
12.801844,359.21503
12.818782,359.34198
12.835751,359.34198
12.853634,359.0025
12.868369,359.0025
12.887556,359.11255
12.903425,359.11255
12.918258,359.11255
12.935709,358.97168
12.951901,358.97168
12.967491,358.8036
12.984548,358.8036
13.003705,358.8036
13.020084,358.81134
13.03677,358.81134
13.05779,358.79126
13.07311,358.79126
13.08623,358.79126
13.103576,358.93268
13.117699,358.93268
13.136214,359.1361
13.151488,359.1361
13.170192,358.84717
13.18584,358.84717
13.201933,358.84717
13.224072,358.72607
13.240161,358.72607
13.253873,358.68085
13.267483,358.68085
13.28669,358.68085
13.304084,358.68085
13.318141,358.68085
13.336791,358.40625
13.350851,358.40625
13.370872,358.39423
13.385924,358.39423
13.400724,358.39423
13.421478,358.36676
13.435034,358.36676
13.454512,358.58246
13.46776,358.58246
13.484828,357.96564
13.503093,357.96564
13.51745,357.96564
13.536947,357.96564
13.5515995,357.96564
13.566542,357.70105
13.586278,357.70105
13.600677,357.70105
13.6202755,357.70105
13.636305,357.70105
13.652987,357.5526
13.667842,357.5526
13.684223,357.4881
13.702272,357.4881
13.716925,357.4881
13.737379,357.89374
13.752562,357.89374
13.7706585,357.89374
13.785053,357.89374
13.801046,357.89374
13.819145,358.60388
13.832904,358.60388
13.855937,359.27368
13.870084,359.27368
13.887685,359.74347
13.904168,359.74347
13.919373,359.74347
13.935908,361.4005
13.951409,361.4005
13.970404,361.15735
13.986101,361.15735
14.00144,361.15735
14.019717,362.42505
14.036054,362.42505
14.053874,363.23004
14.068573,363.23004
14.084649,363.75775
14.102216,363.75775
14.117682,363.75775
14.135964,364.63342
14.1521845,364.63342
14.172056,365.43036
14.186676,365.43036
14.202087,365.43036
14.221104,366.6693
14.235133,366.6693
14.252803,367.67194
14.268458,367.67194
14.287277,367.90393
14.3031225,367.90393
14.317845,367.90393
14.334628,368.75696
14.351072,368.75696
14.372542,370.14398
14.38497,370.14398
14.404838,370.14398
14.419173,371.062
14.435047,371.062
14.452483,372.22974
14.468589,372.22974
14.486468,372.98395
14.50266,372.98395
14.518738,372.98395
14.536559,374.1776
14.550352,374.1776
14.568609,374.76343
14.585289,374.76343
14.60008,374.76343
14.617991,376.22638
14.635781,376.22638
14.653516,376.51117
14.667907,376.51117
14.68549,377.8329
14.702095,377.8329
14.719103,377.8329
14.73891,378.35803
14.752912,378.35803
14.766988,378.51715
14.784387,378.51715
14.80199,378.51715
14.817594,379.8128
14.835849,379.8128
14.854301,380.70197
14.869438,380.70197
14.890698,382.39716
14.908708,382.39716
14.922082,382.39716
14.937902,383.3199
14.951954,383.3199
14.970199,385.25555
14.986014,385.25555
15.001225,385.25555
15.019703,384.77838
15.035997,384.77838
15.0540695,386.73724
15.067433,386.73724
15.083943,387.17572
15.102303,386.88947
15.11868,386.88947
15.137199,388.41754
15.151728,388.41754
15.17067,388.9093
15.186723,388.9093
15.202211,388.9093
15.219683,390.53528
15.234878,390.53528
15.256651,391.102
15.268163,391.102
15.285086,392.46173
15.303501,392.46173
15.318277,392.46173
15.335793,392.52686
15.351452,392.52686
15.370437,393.33502
15.387421,393.33502
15.405236,393.16705
15.421283,393.29437
15.434886,393.29437
15.459459,394.4886
15.469577,394.4886
15.486791,395.28918
15.502356,395.28918
15.518839,395.28918
15.536695,396.56384
15.552359,396.56384
15.573229,397.00476
15.586076,397.00476
15.602107,397.00476
15.619295,398.50732
15.636224,398.50732
15.6545515,399.00977
15.669667,399.00977
15.690416,400.49622
15.704567,400.49622
15.7211485,400.49622
15.7387905,401.23773
15.7529,401.23773
15.774613,402.49872
15.785752,402.49872
15.80275,402.49872
15.819596,402.86932
15.83721,402.86932
15.855241,403.99493
15.869566,403.99493
15.887159,404.78357
15.90383,404.78357
15.91795,404.78357
15.937443,405.83417
15.95305,405.83417
15.970566,405.96545
15.987266,405.96545
16.003445,405.96545
16.021008,406.78882
16.03731,406.78882
16.055515,407.3683
16.070135,407.3683
16.085245,408.01898
16.103485,408.01898
16.119272,408.01898
16.139864,407.49054
16.153666,407.49054
16.171946,407.57605
16.187748,407.57605
16.201864,407.57605
16.221031,408.60968
16.237843,408.60968
16.254704,409.59583
16.269674,409.59583
16.286875,410.19952
16.305454,410.19952
16.32135,410.19952
16.338676,410.222
16.353882,410.222
16.373178,411.1651
16.38757,411.1651
16.402401,411.1651
16.421003,411.099
16.437136,411.099
16.455753,411.19855
16.471046,411.19855
16.487957,411.19757
16.503807,411.19757
16.518814,411.19757
16.538418,412.349
16.552715,412.349
16.569954,413.15204
16.58663,413.15204
16.603989,413.15204
16.6217,413.7788
16.637218,413.7788
16.653917,414.33014
16.670229,414.33014
16.684994,414.1623
16.702353,414.1623
16.720425,414.1623
16.737595,413.3105
16.753574,413.3105
16.770857,413.15546
16.786486,413.15546
16.802652,413.15546
16.8215,413.2204
16.836887,413.2204
16.85524,412.94434
16.8715,412.94434
16.887661,412.73785
16.902761,412.73785
16.918144,412.73785
16.937412,413.4541
16.952227,413.4541
16.971169,413.73944
16.985971,413.73944
17.003183,413.73944
17.020267,412.96912
17.03625,412.96912
17.055859,413.3932
17.06998,413.3932
17.089573,413.49884
17.103794,413.49884
17.119112,413.49884
17.13683,413.44366
17.15314,413.44366
17.171127,413.81818
17.187042,413.81818
17.203453,413.81818
17.220785,414.02655
17.236685,414.02655
17.258043,413.96637
17.269403,413.96637
17.287163,413.90497
17.304008,413.90497
17.31936,413.90497
17.33841,414.09003
17.35294,414.09003
17.369303,414.2259
17.387218,414.2259
17.401533,414.2259
17.421999,413.62585
17.43673,413.62585
17.458023,413.74548
17.469658,413.74548
17.489708,413.72705
17.502697,413.72705
17.519306,413.72705
17.536402,413.78973
17.552603,413.78973
17.572071,413.11584
17.585537,413.11584
17.60201,413.11584
17.621462,412.6969
17.636269,412.6969
17.654133,412.07733
17.670412,412.07733
17.686182,411.15063
17.702978,411.15063
17.719107,411.15063
17.73826,410.9098
17.752483,410.9098
17.769278,410.9273
17.785854,410.9273
17.803076,410.9273
17.8219,410.33575
17.83515,410.33575
17.853735,410.46484
17.868904,410.46484
17.887152,410.41974
17.902843,410.41974
17.919888,410.41974
17.938087,410.3487
17.952608,410.3487
17.970043,410.26874
17.98765,410.26874
18.002714,410.26874
18.022882,410.47247
18.035526,410.47247
18.05491,410.213
18.069345,410.213
18.086214,410.55914
18.103273,410.55914
18.11958,410.55914
18.143902,410.625
18.152851,410.625
18.16975,410.73462
18.18703,410.73462
18.202353,410.73462
18.221424,410.92328
18.236845,410.92328
18.255907,410.67242
18.270435,410.67242
18.286442,410.8484
18.30428,410.8484
18.319143,410.8484
18.33841,410.77722
18.35313,410.77722
18.372929,410.75116
18.38732,410.75116
18.403564,410.75116
18.421812,410.4784
18.437042,410.4784
18.459673,410.46997
18.47072,410.46997
18.486862,410.40155
18.504807,410.40155
18.520819,410.40155
18.538061,409.8333
18.5538,409.8333
18.572565,409.78668
18.587196,409.78668
18.603592,409.5208
18.623264,409.22772
18.636171,409.22772
18.656143,409.2209
18.671011,409.2209
18.686068,410.13794
18.704477,410.13794
18.719446,410.13794
18.739426,409.55457
18.75369,409.55457
18.776623,408.59802
18.788641,408.59802
18.804653,408.71637
18.821993,408.71637
18.836561,408.71637
18.857431,408.8902
18.869228,408.8902
18.887402,408.89978
18.905628,408.89978
18.919447,408.89978
18.938381,408.70752
18.952015,408.70752
18.976519,408.70752
18.987162,408.70752
19.004011,408.79858
19.021116,408.6253
19.036154,408.6253
19.054731,408.51367
19.06996,408.51367
19.088974,408.50366
19.104496,408.50366
19.11923,408.50366
19.137926,408.1925
19.153067,408.1925
19.176579,408.27386
19.187166,408.27386
19.202873,408.27386
19.22175,408.27386
19.237123,408.27386
19.25482,408.7353
19.272457,408.7353
19.29208,409.3546
19.304846,409.3546
19.31968,409.3546
19.338207,409.1516
19.352856,409.1516
19.37148,408.94592
19.387568,408.94592
19.410091,408.50366
19.422092,408.50366
19.435854,408.50366
19.455154,408.2083
19.470753,408.2083
19.490927,408.33813
19.505043,408.33813
19.520063,408.33813
19.53755,408.8592
19.553835,408.8592
19.570902,408.77106
19.587227,408.77106
19.603521,408.77106
19.623547,407.60828
19.63824,407.60828
19.655033,406.41852
19.67054,406.41852
19.68647,405.71606
19.70343,405.71606
19.71984,405.71606
19.736197,404.96942
19.753891,404.96942
19.771315,403.81775
19.786562,403.81775
19.804588,402.72644
19.821323,402.72644
19.83712,402.72644
19.857298,402.19
19.869448,402.19
19.887615,401.875
19.906826,401.875
19.919851,401.875
19.93885,400.17883
19.952301,400.17883
19.970972,400.53625
19.986479,400.53625
20.003696,400.53625
20.020584,400.0628
20.036802,400.0628
20.054695,398.44257
20.069733,398.44257
20.089222,398.29144
20.103455,398.29144
20.120281,398.29144
20.137995,396.86298
20.152853,396.86298
20.177542,396.38074
20.187284,396.38074
20.203194,396.38074
20.221638,396.1875
20.236975,396.1875
20.260666,395.26782
20.270987,395.26782
20.289373,394.61017
20.305285,394.61017
20.322584,394.61017
20.338531,393.77698
20.353794,393.77698
20.374594,392.56085
20.387447,392.56085
20.403257,392.56085
20.422499,392.74463
20.436403,392.74463
20.45578,391.0172
20.46991,391.0172
20.48754,390.38367
20.504871,390.38367
20.520338,390.38367
20.540112,389.9372
20.555338,389.9372
20.576166,388.92944
20.588017,388.92944
20.60446,388.6139
20.622227,388.46326
20.636192,388.46326
20.657738,387.94
20.672031,387.94
20.69117,387.37555
20.704605,387.37555
20.720844,387.37555
20.73908,386.96277
20.755146,386.96277
20.770914,385.75848
20.787317,385.75848
20.80481,384.4629
20.82213,384.4629
20.837484,384.4629
20.857615,383.89978
20.872004,383.89978
20.88772,383.1886
20.904358,383.1886
20.920795,383.1886
20.938639,382.05188
20.955137,382.05188
20.97194,381.6399
20.987164,381.6399
21.004423,379.81537
21.022234,379.81537
21.037634,379.81537
21.058357,379.81775
21.071547,379.81775
21.087782,378.51825
21.10407,378.51825
21.121141,378.51825
21.1436,377.34167
21.154747,377.34167
21.171684,377.03693
21.187809,377.03693
21.204746,376.7417
21.22127,376.7417
21.237541,376.7417
21.255657,375.7193
21.271334,375.7193
21.289198,375.04077
21.304893,375.04077
21.320446,375.04077
21.340353,373.4842
21.352982,373.4842
21.371483,373.2953
21.38761,373.2953
21.403454,372.4195
21.422428,372.4195
21.43646,372.4195
21.460955,372.0
21.472057,372.0
21.491201,371.51233
21.504412,371.51233
21.52079,371.51233
21.538683,370.66248
21.554855,370.66248
21.576311,370.29266
21.587614,370.29266
21.605198,369.25378
21.626976,369.2832
21.637749,369.2832
21.65616,368.62628
21.669813,368.62628
21.687828,367.51263
21.705704,367.51263
21.721247,367.51263
21.737448,366.37067
21.754921,366.37067
21.770796,365.84253
21.793581,365.84253
21.80649,365.05957
21.821848,365.05957
21.837864,365.05957
21.85449,365.1853
21.870905,365.1853
21.887789,364.60675
21.90422,364.60675
21.920279,364.60675
21.938778,364.08105
21.953428,364.08105
21.97256,363.55267
21.988914,363.55267
22.00516,363.63342
22.022076,363.63342
22.036293,363.63342
22.056396,363.68463
22.070559,363.68463
22.087856,362.87317
22.105776,362.87317
22.120853,362.87317
22.13725,362.48206
22.153597,362.48206
22.17719,362.39417
22.188183,362.39417
22.203505,362.13397
22.221693,362.13397
22.236938,362.13397
22.255327,361.724
22.271023,361.724
22.28885,361.33594
22.304674,361.33594
22.319864,361.33594
22.338743,361.36664
22.353888,361.36664
22.37316,360.93103
22.38671,360.93103
22.40464,360.89575
22.421785,360.89575
22.437078,360.89575
22.455864,361.29877
22.471428,361.29877
22.493084,361.29877
22.505291,361.29877
22.521357,361.29877
22.540888,360.99017
22.554508,360.99017
22.57245,360.97778
22.58828,360.97778
22.602524,360.97778
22.622469,359.8108
22.637833,359.8108
22.65814,359.69586
22.671108,359.69586
22.686995,359.54376
22.706505,359.54376
22.721272,359.54376
22.739477,358.5075
22.754276,358.5075
22.776417,358.70734
22.78872,358.70734
22.803932,358.7422
22.821936,358.80096
22.837103,358.80096
22.856497,358.30304
22.87087,358.30304
22.888214,358.35535
22.904463,358.35535
22.921267,358.35535
22.937727,357.94012
22.95395,357.94012
22.972202,358.12897
22.988281,358.12897
23.005167,358.12897
23.022198,357.74805
23.037573,357.74805
23.057272,358.07306
23.07066,358.07306
23.087732,358.021
23.105698,358.021
23.121866,358.021
23.139402,357.9677
23.153282,357.9677
23.176275,357.2193
23.186972,357.2193
23.204428,357.66125
23.222475,357.66125
23.24827,357.1054
23.262896,357.1054
23.27465,357.1054
23.294125,357.01526
23.30832,357.01526
23.326126,357.55316
23.342327,357.55316
23.357948,357.55316
23.37549,357.5573
23.391745,357.5573
23.407698,356.39606
23.425264,356.39606
23.440931,356.39606
23.45954,356.61792
23.47415,356.61792
23.492636,355.71283
23.508087,355.71283
23.526163,355.7387
23.542843,355.7387
23.559233,355.7387
23.577522,355.16748
23.591915,355.16748
23.608408,355.41327
23.625551,355.41327
23.647537,355.41327
23.659199,355.0102
23.674639,355.0102
23.696365,354.98462
23.708652,354.98462
23.72716,355.28314
23.744247,355.28314
23.759567,355.28314
23.779512,355.35956
23.792295,355.35956
23.81197,355.46997
23.82655,355.46997
23.841711,355.46997
23.859566,355.48224
23.874796,355.48224
23.894085,355.28387
23.90849,355.28387
23.924414,355.0459
23.943493,355.0459
23.959059,355.0459
23.97992,354.58807
23.991716,354.58807
24.011614,354.64935
24.027262,354.64935
24.042887,354.64935
24.060743,354.6745
24.075876,354.6745
24.094496,354.52264
24.108261,354.52264
24.125021,353.802
24.14182,353.802
24.158514,353.802
24.177279,353.81885
24.192019,353.81885
24.209,353.5381
24.22689,353.5381
24.242525,353.5381
24.259838,353.8612
24.27517,353.8612
24.29315,354.02307
24.3093,354.02307
24.324858,354.02307
24.343794,354.02307
24.35784,354.02307
24.37654,354.2461
24.392845,354.2461
24.411417,354.18817
24.424871,354.18817
24.442318,354.18817
24.460953,353.86884
24.473808,353.86884
24.49363,353.86884
24.507433,353.86884
24.524536,353.08716
24.543243,353.08716
24.558018,353.08716
24.57861,352.85077
24.592619,352.85077
24.608137,352.71356
24.625225,352.71356
24.64182,352.71356
24.66266,352.734
24.675308,352.734
24.693203,352.70587
24.708664,352.70587
24.726572,352.8274
24.742355,352.8274
24.759827,352.8274
24.779467,352.95453
24.79869,352.95453
24.814337,353.17438
24.825018,353.17438
24.842117,353.17438
24.859339,353.69818
24.875883,353.69818
24.895794,354.11108
24.908848,354.11108
24.924606,354.46906
24.943718,354.46906
24.95791,354.46906
24.97887,354.73456
24.99159,354.73456
25.009567,354.17157
25.026375,354.17157
25.042059,354.17157
25.06051,354.4306
25.075676,354.4306
25.093185,355.0736
25.109491,355.0736
25.12564,355.47394
25.143044,355.47394
25.159197,355.47394
25.178482,355.55145
25.191374,355.55145
25.210253,356.17017
25.225397,356.17017
25.24108,356.17017
25.261375,356.39252
25.275175,356.39252
25.295624,356.77295
25.307632,356.77295
25.326664,357.12598
25.343647,357.12598
25.358803,357.12598
25.376173,357.26874
25.392168,357.26874
25.413649,357.20215
25.425827,357.20215
25.44156,357.20215
25.464457,357.8553
25.476192,357.8553
25.493174,358.2444
25.508968,358.2444
25.528603,358.68372
25.542433,358.68372
25.559134,358.68372
25.57718,359.21655
25.590794,359.21655
25.60823,359.8747
25.626581,359.8747
25.641714,359.8747
25.660204,360.73193
25.674807,360.73193
25.69758,361.30157
25.708681,361.30157
25.726194,362.86066
25.742582,362.86066
25.757893,362.86066
25.778318,363.17358
25.791542,363.17358
25.809172,363.77948
25.8253,363.77948
25.841898,363.77948
25.860493,365.0359
25.876,365.0359
25.896603,364.8045
25.909462,364.8045
25.924175,365.1684
25.94228,365.1684
25.959013,365.1684
25.977243,365.57953
25.991924,365.57953
26.009838,366.57812
26.027323,366.57812
26.041868,366.57812
26.059715,366.83557
26.075954,366.83557
26.097643,367.10962
26.110022,367.10962
26.124784,367.81018
26.144272,367.81018
26.158476,367.81018
26.175846,368.50934
26.192629,368.50934
26.210758,369.445
26.224174,369.445
26.241198,369.445
26.259798,370.32306
26.27903,370.32306
26.294977,370.9947
26.30998,370.9947
26.326334,371.79553
26.342146,371.79553
26.358057,371.79553
26.377361,372.98688
26.392342,372.98688
26.409771,373.97864
26.426191,373.97864
26.4414,373.97864
26.459972,374.95917
26.475384,374.95917
26.497988,375.61957
26.510332,375.61957
26.52476,376.76764
26.542719,376.76764
26.557213,376.76764
26.576101,377.01044
26.59128,377.01044
26.609219,377.69153
26.626907,377.69153
26.642483,377.69153
26.661282,379.06134
26.675085,379.06134
26.698418,379.6115
26.709124,379.6115
26.72648,381.08752
26.74266,381.08752
26.758013,381.08752
26.775946,381.36768
26.79316,381.36768
26.811823,381.45038
26.825754,381.45038
26.842125,381.45038
26.86451,382.86786
26.87614,382.86786
26.89304,384.3593
26.908924,384.3593
26.927073,384.87598
26.942373,384.87598
26.958725,384.87598
26.977268,385.3427
26.99214,385.3427
27.009306,385.79144
27.026432,385.79144
27.041925,385.79144
27.061207,386.51862
27.074753,386.51862
27.094551,386.26263
27.109428,386.26263
27.12504,387.11224
27.143265,387.11224
27.157404,387.11224
27.177437,387.516
27.191093,387.516
27.20905,388.30383
27.227215,388.30383
27.242632,388.30383
27.260088,388.7049
27.275652,388.7049
27.299124,391.35205
27.309633,391.35205
27.326183,390.8778
27.343758,390.8778
27.35873,390.8778
27.37615,392.9383
27.392658,392.9383
27.409111,394.36908
27.425703,394.36908
27.442528,394.36908
27.462023,395.6203
27.475388,395.6203
27.492159,395.9657
27.510164,395.9657
27.529163,396.7594
27.54309,396.7594
27.560308,396.7594
27.576164,398.6219
27.592796,398.6219
27.609026,399.23175
27.62636,399.23175
27.641964,399.23175
27.659964,399.5459
27.675507,399.5459
27.698814,400.31592
27.7086,400.31592
27.726124,401.1723
27.74376,401.1723
27.760204,401.1723
27.777126,401.72437
27.792595,401.72437
27.809008,401.78534
27.826815,401.78534
27.842545,401.78534
27.860523,402.6667
27.875986,402.6667
27.894268,402.31787
27.909084,402.31787
27.926628,402.79065
27.943933,402.79065
27.959406,402.79065
27.975376,402.9043
27.992308,402.9043
28.008614,403.4804
28.026794,403.4804
28.041628,403.4804
28.06013,403.79712
28.07564,403.79712
28.093752,403.69928
28.10751,403.69928
28.124395,403.48914
28.142586,403.48914
28.15859,403.48914
28.176416,403.18658
28.191635,403.18658
28.211573,402.31506
28.225437,402.31506
28.241293,402.31506
28.259806,402.78168
28.276537,402.78168
28.294838,403.1244
28.308262,403.1244
28.324589,403.22485
28.343794,403.22485
28.359793,403.22485
28.37685,403.33655
28.391361,403.33655
28.408268,403.81354
28.426056,403.81354
28.441729,403.81354
28.459448,404.662
28.474424,404.662
28.495058,405.41956
28.508604,405.41956
28.526438,405.96954
28.543283,405.96954
28.559927,405.96954
28.576958,406.45905
28.591026,406.45905
28.608501,407.22565
28.627121,407.22565
28.64418,407.22565
28.659288,408.38574
28.678844,408.38574
28.693134,408.60046
28.707947,408.60046
28.727222,409.5888
28.74385,409.5888
28.759987,409.5888
28.77973,410.07214
28.793932,410.07214
28.81174,410.4926
28.826996,410.4926
28.843018,410.4926
28.86115,411.68152
28.87505,411.68152
28.897497,411.75903
28.908125,411.75903
28.926296,412.34705
28.942923,412.34705
28.958534,412.34705
28.975138,412.84796
28.991135,412.84796
29.009592,412.93085
29.025982,412.93085
29.041998,412.93085
29.060606,412.52417
29.075556,412.52417
29.093843,412.54034
29.10851,412.54034
29.125084,412.5534
29.144056,412.5534
29.159328,412.5534
29.176651,412.5711
29.191761,412.5711
29.210392,412.23132
29.225363,412.23132
29.241964,412.23132
29.260725,412.01196
29.278675,412.01196
29.29512,412.50818
29.309557,412.50818
29.326986,412.67578
29.343763,412.67578
29.359196,412.67578
29.37572,413.00476
29.392246,413.00476
29.40997,412.68915
29.423826,412.68915
29.441988,412.68915
29.45909,412.89703
29.476892,412.89703
29.494371,413.47394
29.510742,413.47394
29.526482,413.42688
29.54424,413.42688
29.560028,413.42688
29.576653,412.1867
29.591263,412.1867
29.610538,411.50726
29.62648,411.50726
29.644053,411.50726
29.660519,410.84705
29.676708,410.84705
29.715876,409.81836
29.72764,408.65503
29.74479,408.65503
29.76556,408.41095
29.777636,408.21265
29.792397,408.21265
29.811337,408.54297
29.826223,408.54297
29.843056,408.54297
29.86076,408.9524
29.874857,408.9524
29.89421,409.13202
29.90948,409.13202
29.927338,409.41907
29.945116,409.41907
29.958178,409.41907
29.978285,408.59955
30.012087,409.1093
30.026081,409.1093
30.039234,409.1093
30.056383,409.87555
30.072525,409.87555
30.088745,409.66742
30.105944,409.66742
30.122969,409.66742
30.139784,409.94275
30.154898,409.94275
30.173468,409.6317
30.189034,409.6317
30.20595,408.86823
30.223162,408.86823
30.238419,408.86823
30.256962,409.15802
30.271437,409.15802
30.289886,408.86072
30.306988,408.86072
30.323372,408.86072
30.340858,408.09576
30.35622,408.09576
30.375538,407.82495
30.389051,407.82495
30.406301,407.96924
30.423698,407.96924
30.439472,407.96924
30.45685,407.4397
30.471395,407.4397
30.491444,405.37048
30.507074,405.37048
30.52275,405.37048
30.54157,404.87714
30.555517,404.87714
30.573826,405.43024
30.589624,405.43024
30.608536,405.12817
30.624084,405.12817
30.639133,405.12817
30.657732,405.74707
30.671234,405.74707
30.692915,405.09808
30.70571,405.09808
30.72215,405.09808
30.741827,405.0782
30.756695,405.0782
30.772968,405.23358
30.790146,405.23358
30.804773,404.75238
30.823017,404.75238
30.838919,404.75238
30.857498,403.46777
30.871555,403.46777
30.89079,402.77435
30.905201,402.77435
30.922718,402.77435
30.941694,402.4248
30.956846,402.4248
30.977802,402.41528
30.989883,402.41528
31.006294,402.4325
31.022675,402.4325
31.040518,402.4325
31.056284,402.2519
31.07762,402.2519
31.090622,402.33588
31.105167,402.33588
31.131384,402.33582
31.143963,402.33582
31.157797,402.33582
31.175682,402.14905
31.190693,402.14905
31.207512,402.4402
31.225405,402.4402
31.24087,402.4402
31.25862,401.66174
31.276005,401.66174
31.296547,401.5058
31.308687,401.5058
31.327463,401.21747
31.342587,401.21747
31.358194,401.21747
31.376085,401.10095
31.392443,401.10095
31.407372,401.5487
31.425137,401.5487
31.440407,401.5487
31.459148,401.5545
31.474596,401.5545
31.492237,401.36047
31.50816,401.36047
31.522856,401.36047
31.542894,401.23706
31.557491,401.23706
31.57784,401.01648
31.591883,401.01648
31.60765,400.6731
31.625555,400.6731
31.641106,400.6731
31.65996,400.22815
31.674965,400.22815
31.69244,399.92365
31.708477,399.92365
31.725143,398.7343
31.742329,398.7343
31.75854,398.7343
31.775322,398.63794
31.79242,398.63794
31.810621,397.74353
31.826164,397.74353
31.842094,397.74353
31.859888,397.20288
31.873802,397.20288
31.89312,395.47858
31.907206,395.47858
31.92941,395.1604
31.941841,395.1604
31.958115,395.1604
31.976198,394.40717
31.992205,394.40717
32.007027,394.3333
32.025764,394.3333
32.0417,394.3333
32.06008,392.54126
32.075294,392.54126
32.093273,392.31915
32.107674,392.31915
32.125286,391.52332
32.143185,391.52332
32.15677,391.52332
32.17536,390.3341
32.191525,390.3341
32.20773,389.5714
32.2246,389.5714
32.24279,389.5714
32.260178,388.2906
32.275463,388.2906
32.293804,387.90027
32.30699,387.90027
32.324738,386.84863
32.34236,386.84863
32.358845,386.84863
32.375053,386.6411
32.391705,386.6411
32.408955,385.02948
32.424664,385.02948
32.441586,385.02948
32.46541,384.23395
32.474762,384.23395
32.49531,383.2981
32.507755,383.2981
32.526054,382.18793
32.54308,382.18793
32.556824,382.18793
32.578888,381.2854
32.591396,381.2854
32.60823,380.69403
32.626423,380.69403
32.640682,380.69403
32.660355,380.8938
32.673645,380.8938
32.696037,378.99506
32.70873,378.99506
32.72499,378.3147
32.74255,378.3147
32.75896,378.3147
32.77839,376.97363
32.792377,376.97363
32.8076,376.58008
32.825386,376.58008
32.84054,376.58008
32.8597,374.89575
32.875298,374.89575
32.89129,374.3269
32.90869,374.3269
32.924225,372.88397
32.942863,372.88397
32.957214,372.88397
32.978397,372.87408
32.993126,372.87408
33.014126,371.96008
33.0267,371.96008
33.042835,371.96008
33.059826,370.81427
33.075462,370.81427
33.098618,370.26666
33.109913,370.26666
33.12532,370.13928
33.143112,370.13928
33.1586,370.13928
33.176838,369.107
33.19057,369.107
33.20759,368.78625
33.22521,368.78625
33.242012,368.78625
33.260345,367.30316
33.279705,367.30316
33.293415,367.13434
33.30823,367.13434
33.324776,366.0025
33.341785,366.0025
33.359444,366.0025
33.375195,365.68195
33.391376,365.68195
33.41417,364.92267
33.425484,364.92267
33.44266,364.92267
33.45994,364.81348
33.47518,364.81348
33.493317,363.6089
33.507042,363.6089
33.52421,362.81726
33.543343,362.81726
33.557053,362.81726
33.57756,362.1407
33.592182,362.1407
33.610756,361.10516
33.62606,361.10516
33.641582,361.10516
33.659683,360.06805
33.67436,360.06805
33.69245,359.81555
33.70751,359.81555
33.72474,358.6042
33.74449,358.6042
33.759945,358.6042
33.778767,358.22894
33.7929,358.22894
33.81019,357.33423
33.82644,357.33423
33.84101,357.33423
33.85926,356.82007
33.876564,356.82007
33.894672,356.38232
33.908333,356.38232
33.924526,355.7025
33.943516,355.7025
33.97419,355.2633
33.988632,355.2633
33.99998,355.2633
34.018696,355.4192
34.033398,355.4192
34.052692,355.07343
34.067455,355.07343
34.086292,354.67072
34.102108,354.67072
34.117184,354.67072
34.136543,353.66583
34.151394,353.66583
34.174408,352.96838
34.185783,352.96838
34.20174,352.96838
34.21953,352.94116
34.23428,352.94116
34.25189,352.89972
34.266716,352.89972
34.284508,352.89972
34.304604,352.1178
34.317364,352.1178
34.33651,351.73773
34.350742,351.73773
34.369625,351.2765
34.384357,351.2765
34.400238,351.2765
34.41776,351.10132
34.433434,351.10132
34.458714,349.58612
34.46857,349.58612
34.484974,349.39154
34.502033,349.39154
34.51852,349.39154
34.536953,349.76154
34.5519,349.76154
34.572563,349.19073
34.594524,349.19073
34.60634,347.9463
34.621372,347.9463
34.638096,347.9463
34.656002,347.6162
34.672504,347.6162
34.687347,346.72632
34.706024,346.72632
34.721462,346.72632
34.739388,346.28357
34.755413,346.28357
34.77256,345.74048
34.78783,345.74048
34.807587,345.7904
34.82174,345.7904
34.837864,345.7904
34.856625,345.43597
34.872307,345.43597
34.891247,344.87634
34.90436,344.87634
34.92072,344.87634
34.94052,344.03406
34.954372,344.03406
34.97253,343.64343
34.986763,343.64343
35.005383,343.11548
35.022068,343.11548
35.036625,343.11548
35.0573,343.10236
35.072193,343.10236
35.089188,343.29974
35.105442,343.29974
35.12054,343.29974
35.13956,343.0174
35.154343,343.0174
35.176857,342.07715
35.188416,342.07715
35.204674,341.49738
35.222343,341.49738
35.237583,341.49738
35.256287,341.34912
35.2714,341.34912
35.290207,341.3333
35.30582,341.3333
35.320194,341.3333
35.339222,340.9137
35.354305,340.9137
35.37331,340.95026
35.38805,340.95026
35.40867,340.85168
35.422424,340.85168
35.437218,340.85168
35.457275,340.20502
35.471516,340.20502
35.48764,339.7824
35.506493,339.7824
35.52091,339.7824
35.540432,339.4828
35.55494,339.4828
35.57699,338.90173
35.589603,338.90173
35.60846,338.8614
35.62303,338.8614
35.63795,338.8614
35.655766,338.99237
35.671627,338.99237
35.68802,338.99225
35.704666,338.99225
35.722057,338.99225
35.737743,339.1969
35.75408,339.1969
35.771267,339.2397
35.78855,339.2397
35.804672,338.61957
35.821526,338.61957
35.83681,338.61957
35.856205,337.93457
35.87148,337.93457
35.89081,337.39746
35.90421,337.39746
35.920998,337.39746
35.938705,336.98413
35.955143,336.98413
35.972225,336.74237
35.987392,336.74237
36.006123,336.62128
36.02141,336.62128
36.037292,336.62128
36.05687,336.77887
36.070087,336.77887
36.089687,336.77887
36.105293,336.77887
36.121082,336.77887
36.1378,336.60577
36.15398,336.60577
36.17367,336.57178
36.187218,336.57178
36.204216,336.1184
36.22261,336.1184
36.237873,336.1184
36.25734,335.7984
36.272118,335.7984
36.29075,335.78516
36.30587,335.78516
36.32189,335.78516
36.339943,335.74103
36.354805,335.74103
36.372055,335.33008
36.387234,335.33008
36.403934,335.41364
36.422733,335.41364
36.43818,335.41364
36.45633,335.32178
36.471954,335.32178
36.493145,335.32178
36.50527,335.32178
36.520164,335.32178
36.54028,335.6902
36.5556,335.6902
36.576828,335.3794
36.587852,335.3794
36.60409,335.86316
36.623154,335.86316
36.638016,335.86316
36.65595,335.85608
36.67084,335.85608
36.68773,335.7475
36.70726,335.7475
36.722137,335.7475
36.73761,335.65424
36.75489,335.65424
36.771206,336.15106
36.78758,336.15106
36.804653,336.15106
36.82184,336.2611
36.83914,336.2611
36.858673,335.73834
36.871452,335.73834
36.88829,335.59534
36.90508,335.59534
36.921352,335.59534
36.93867,335.4829
36.95543,335.4829
36.9723,335.36908
36.98776,335.36908
37.003986,335.35693
37.02242,335.35693
37.038715,335.35693
37.05876,335.35693
37.07072,335.35693
37.088413,335.12878
37.105602,335.12878
37.121693,335.12878
37.1395,335.2798
37.154804,335.2798
37.17519,334.60706
37.18749,334.60706
37.206116,334.34802
37.22191,334.34802
37.237984,334.34802
37.257263,333.83948
37.272327,333.83948
37.2948,333.63855
37.30648,333.63855
37.320396,333.63855
37.340244,333.36652
37.354485,333.36652
37.37362,333.47595
37.388622,333.47595
37.40331,333.53613
37.423008,333.64368
37.43758,333.64368
37.456833,333.59784
37.471424,333.59784
37.487923,333.6391
37.505238,333.6391
37.52171,333.6391
37.540478,333.78845
37.55595,333.78845
37.5724,333.54028
37.588398,333.54028
37.604156,333.57782
37.625824,333.57782
37.638348,333.57782
37.65616,333.32526
37.670578,333.32526
37.68852,333.31464
37.705933,333.31464
37.72137,333.31464
37.740307,333.09924
37.75557,333.09924
37.773773,333.9237
37.788994,333.9237
37.804543,333.9237
37.822346,334.7525
37.83891,334.7525
37.85536,335.36108
37.877674,335.36108
37.889423,335.86847
37.907776,335.86847
37.924885,336.71356
37.93959,336.71356
37.95494,336.71356
37.973347,336.0191
37.98864,336.0191
38.004707,335.92474
38.02191,335.99463
38.038128,335.99463
38.05593,336.7614
38.07256,336.7614
38.089252,337.07086
38.106224,337.07086
38.121986,337.07086
38.138412,337.19147
38.15386,337.19147
38.174835,338.18567
38.189274,338.18567
38.204197,339.1504
38.221848,339.1504
38.238125,339.1504
38.255905,339.55646
38.271763,339.55646
38.289383,339.9231
38.306423,339.9231
38.322086,339.9231
38.339577,341.0902
38.356026,341.0902
38.371983,341.14862
38.388634,341.14862
38.4047,343.00262
38.423298,343.00262
38.43693,343.00262
38.457497,343.1928
38.472275,343.1928
38.487545,344.11053
38.506893,344.11053
38.521774,344.11053
38.540466,344.9853
38.555435,344.9853
38.572918,346.22314
38.589928,346.22314
38.604305,346.97345
38.623447,346.97345
38.638527,346.97345
38.6577,348.21332
38.67058,348.21332
38.688847,349.13757
38.704525,349.13757
38.722267,349.13757
38.741756,349.52783
38.755653,349.52783
38.775135,350.82446
38.78812,350.82446
38.80591,351.513
38.8237,351.513
38.838257,351.513
38.85631,353.02307
38.87188,353.02307
38.88945,353.10486
38.906044,353.10486
38.921864,353.10486
38.938976,355.1754
38.954334,355.1754
38.972958,355.88776
38.98835,355.88776
39.006516,356.84863
39.02131,356.84863
39.038223,356.84863
39.05623,357.96936
39.07169,357.96936
39.088474,359.2353
39.105194,359.2353
39.135635,360.23425
39.150463,360.23425
39.161785,360.23425
39.180485,361.57703
39.19552,361.57703
39.213055,363.16028
39.228554,363.16028
39.24821,364.40942
39.263905,364.40942
39.280872,364.40942
39.298885,365.87347
39.314194,365.87347
39.330067,366.5205
39.34714,366.5205
39.362152,366.5205
39.3806,368.09045
39.39515,368.09045
39.416656,368.9261
39.42825,368.9261
39.445107,370.05432
39.46453,370.05432
39.479023,370.05432
39.49791,371.2099
39.51327,371.2099
39.52885,373.32837
39.547405,373.32837
39.561974,373.32837
39.58141,374.5631
39.596104,374.5631
39.614048,376.9328
39.62908,376.9328
39.65036,378.5379
39.66445,378.5379
39.679344,378.5379
39.69856,380.00726
39.712822,380.00726
39.730442,380.6585
39.744743,380.6585
39.762722,380.6585
39.779655,382.80096
39.79458,382.80096
39.81308,384.35663
39.82843,384.35663
39.84499,386.80347
39.863544,386.80347
39.878372,386.80347
39.89604,389.09668
39.913124,389.09668
39.929565,391.09222
39.945877,391.09222
39.96444,391.09222
39.97932,393.21198
39.995373,393.21198
40.013477,395.3133
40.028366,395.3133
40.046524,396.27576
40.06332,396.27576
40.07855,396.27576
40.097004,398.40094
40.112797,398.40094
40.13467,398.89337
40.146072,398.89337
40.16316,398.89337
40.18093,399.90002
40.196583,399.90002
40.21374,400.62805
40.2296,400.62805
40.25097,401.7428
40.264294,401.7428
40.280243,401.7428
40.297062,402.30212
40.312897,402.30212
40.331196,402.96948
40.347706,402.96948
40.362305,402.96948
40.380714,403.68927
40.39582,403.68927
40.413925,404.50116
40.429173,404.50116
40.44672,406.182
40.464325,406.182
40.479687,406.182
40.497818,406.65613
40.5127,406.65613
40.532482,407.8982
40.545746,407.8982
40.563328,407.8982
40.578804,408.54236
40.595905,408.54236
40.61377,409.25
40.62795,409.25
40.649654,409.6447
40.66418,409.6447
40.679157,409.6447
40.698795,409.14124
40.713226,409.14124
40.730114,408.4248
40.747437,408.4248
40.762325,408.4248
40.780464,408.84882
40.79659,408.84882
40.812,408.6659
40.828568,408.6659
40.84638,407.67444
40.863674,407.67444
40.880283,407.67444
40.89641,407.5807
40.912266,407.5807
40.929127,407.0514
40.945995,407.0514
40.96428,407.0514
40.980072,407.08008
40.995354,407.08008
41.015133,407.15912
41.02967,407.15912
41.04542,407.03827
41.063507,407.03827
41.07913,407.03827
41.096775,406.73022
41.11218,406.73022
41.132824,406.8199
41.145924,406.8199
41.16244,406.8199
41.181534,407.7558
41.19632,407.7558
41.216534,407.58252
41.22849,407.58252
41.245365,407.7063
41.267242,407.7063
41.279366,407.7063
41.297085,407.46698
41.313156,407.46698
41.33411,407.35925
41.3456,407.35925
41.36282,407.35925
41.38105,407.27014
41.394753,407.27014
41.41371,408.1286
41.428764,408.1286
41.44455,407.9292
41.464573,407.9292
41.47859,407.9292
41.498634,408.0196
41.511982,408.0196
41.528675,406.2884
41.547325,406.2884
41.561928,406.2884
41.581776,406.35907
41.596996,406.35907
41.61359,406.3333
41.629368,406.3333
41.65027,406.185
41.662388,406.185
41.69322,406.37256
41.708286,406.37256
41.720833,406.37256
41.737144,406.745
41.75465,406.745
41.77137,406.78003
41.78675,406.78003
41.80393,406.78003
41.820847,405.9798
41.83726,405.9798
41.853485,405.48322
41.870495,405.48322
41.88746,406.20654
41.90311,406.20654
41.91852,406.20654
41.936626,406.11902
41.967945,405.77972
41.98203,405.77972
41.99467,405.77972
42.01443,405.69806
42.027084,405.69806
42.044106,405.5653
42.063076,405.5653
42.10368,405.7364
42.11856,405.7364
42.134525,405.9062
42.148174,405.9062
42.164867,405.9062
42.181774,405.9062
42.198135,405.9062
42.217327,406.02704
42.230545,406.02704
42.24949,406.16815
42.265026,406.16815
42.282166,406.16815
42.300205,405.0022
42.313705,405.0022
42.333622,404.99115
42.348076,404.99115
42.362717,404.99115
42.382027,405.352
42.396942,405.352
42.4186,405.5987
42.431866,405.5987
42.450733,405.80316
42.464912,405.80316
42.481525,405.80316
42.4984,406.13898
42.515816,406.13898
42.53305,405.3747
42.546913,405.3747
42.56459,404.63556
42.58209,404.63556
42.59758,404.63556
42.614117,405.1065
42.631382,405.1065
42.647232,405.91302
42.665432,405.91302
42.680153,405.91302
42.699116,405.5589
42.71466,405.5589
42.732853,405.91644
42.74826,405.91644
42.764202,405.58435
42.7856,405.58435
42.798653,405.58435
42.81938,405.5946
42.83199,405.5946
42.847576,404.43256
42.864353,404.43256
42.881493,404.43256
42.899376,404.39594
42.913506,404.39594
42.932476,404.2898
42.946796,404.2898
42.964584,404.61273
42.983063,404.61273
42.996704,404.61273
43.015846,404.41138
43.030766,404.41138
43.051514,404.03735
43.064693,404.03735
43.081306,404.03735
43.102436,403.72284
43.11513,403.72284
43.133736,403.71075
43.146954,403.71075
43.164906,403.67865
43.182804,403.67865
43.196987,403.67865
43.216003,403.63513
43.230972,403.63513
43.24862,403.8258
43.266415,403.8258
43.28273,403.8258
43.297832,404.08044
43.313774,404.08044
43.33196,403.54883
43.347393,403.54883
43.364048,403.7021
43.3814,403.7021
43.39681,403.7021
43.415726,403.44006
43.431744,403.44006
43.452023,403.6784
43.46754,403.6784
43.480534,403.6784
43.498966,401.7597
43.514755,401.7597
43.531914,401.52472
43.548138,401.52472
43.566666,401.8565
43.58357,401.8565
43.597782,401.8565
43.61505,401.719
43.63185,401.719
43.65071,401.4355
43.665882,401.4355
43.68194,401.4355
43.699017,400.47266
43.715023,400.47266
43.733856,399.5769
43.748653,399.5769
43.766518,398.38837
43.783733,398.38837
43.798496,398.38837
43.815426,397.42072
43.83189,397.42072
43.85115,397.08093
43.866497,397.08093
43.881115,397.08093
43.899277,395.62347
43.91551,395.62347
43.932163,395.37836
43.947876,395.37836
43.96727,394.7315
43.981457,394.7315
43.99767,394.7315
44.01723,393.6187
44.03158,393.6187
44.048214,392.76123
44.065426,392.76123
44.08096,392.76123
44.098232,392.15594
44.114166,392.15594
44.13128,390.65533
44.14774,390.65533
44.165947,389.98846
44.182304,390.18536
44.197617,390.18536
44.218822,389.76483
44.23084,389.76483
44.24734,388.9121
44.264347,388.9121
44.28181,388.9121
44.299217,387.96735
44.314285,387.96735
44.33232,387.6667
44.348698,387.6667
44.364784,386.505
44.381866,386.505
44.39647,386.505
44.418053,385.11804
44.43228,385.11804
44.44731,384.00708
44.46609,384.00708
44.482086,384.00708
44.499615,382.8753
44.51448,382.8753
44.533184,381.95807
44.547836,381.95807
44.564037,382.01166
44.583263,382.01166
44.59721,382.01166
44.615868,381.06537
44.631775,381.06537
44.64727,379.96057
44.666294,379.96057
44.680416,379.96057
44.70095,379.41022
44.71467,379.41022
44.73116,377.93207
44.7475,377.93207
44.76444,377.58673
44.78342,376.2409
44.79854,376.2409
44.820156,376.01007
44.832527,376.01007
44.847324,375.13202
44.865417,375.13202
44.880245,375.13202
44.900238,374.22437
44.924732,374.22437
44.93824,373.20953
44.953182,373.20953
44.968204,372.97565
44.98529,372.97565
45.00284,372.97565
45.020218,372.02142
45.035297,372.02142
45.052803,371.19403
45.068153,371.19403
45.08728,369.4652
45.10269,369.4652
45.117752,369.4652
45.13545,369.505
45.153194,369.505
45.16899,368.32623
45.18625,368.32623
45.20457,368.32623
45.219807,367.36102
45.240242,367.36102
45.25366,366.48492
45.273003,366.48492
45.285614,365.93256
45.303802,365.93256
45.320953,365.93256
45.336308,364.45343
45.355312,364.45343
45.367905,364.53674
45.38532,364.53674
45.40281,364.53674
45.420074,363.5097
45.435688,363.5097
45.453655,363.14868
45.468636,363.14868
45.488174,363.01978
45.502003,363.01978
45.518543,363.01978
45.5367,362.51007
45.551327,362.51007
45.57186,361.3744
45.587482,361.3744
45.602215,361.3744
45.623203,360.76202
45.63675,360.76202
45.653442,360.31342
45.667084,360.31342
45.684017,360.0993
45.701836,360.0993
45.717846,360.0993
45.73683,360.59705
45.75216,360.59705
45.76729,359.28003
45.788902,359.28003
45.806133,358.69684
45.819584,358.69684
45.83427,358.69684
45.85329,358.46686
45.86793,358.46686
45.884174,358.48907
45.90379,358.20245
45.917885,358.20245
45.937332,357.91772
45.951744,357.91772
45.969437,357.5686
45.985554,357.5686
46.00118,357.5686
46.020287,357.56775
46.03614,357.56775
46.05775,358.0876
46.069656,358.0876
46.08578,357.1781
46.103046,357.1781
46.118572,357.1781
46.136745,357.1455
46.15214,357.1455
46.171272,356.2964
46.186604,356.2964
46.207283,355.22424
46.220116,355.22424
46.235184,355.22424
46.25643,355.13733
46.269093,355.13733
46.284786,355.13733
46.305603,354.375
46.31836,354.375
46.339207,354.5357
46.35716,354.5357
46.37001,353.59662
46.3864,353.59662
46.401615,353.59662
46.421894,353.01483
46.433304,353.01483
46.454155,352.58807
46.46928,352.58807
46.48634,352.11536
46.503815,352.11536
46.51816,352.11536
46.53648,351.65918
46.550606,351.65918
46.57113,351.3048
46.584736,351.3048
46.601177,351.3048
46.618668,350.6419
46.635067,350.6419
46.66355,350.6419
46.67683,350.21503
46.697624,349.37952
46.70765,349.37952
46.72598,349.12305
46.74152,349.12305
46.757484,349.12305
46.782734,347.43732
46.792454,347.43732
46.80924,347.42426
46.826958,347.42426
46.843033,347.42426
46.858704,347.72815
46.876312,347.72815
46.893723,346.82117
46.908165,346.82117
46.927197,346.47998
46.94212,346.47998
46.958755,346.47998
46.978394,345.62805
46.994022,345.62805
47.01462,345.7876
47.02689,345.7876
47.042343,345.7876
47.060753,345.097
47.077263,345.097
47.098087,344.4928
47.109386,344.4928
47.128353,344.2171
47.143818,344.2171
47.15977,344.2171
47.177612,344.40094
47.192024,344.40094
47.210358,344.42926
47.226162,344.42926
47.2425,344.42926
47.261177,344.39716
47.276157,344.39716
47.295273,343.60803
47.333775,342.8479
47.349197,342.8479
47.36587,342.98218
47.378967,342.98218
47.394497,342.98218
47.412086,343.06702
47.42708,343.06702
47.443127,343.06702
47.46203,343.18964
47.47713,343.18964
47.498104,342.40454
47.510803,342.40454
47.52736,342.4311
47.54515,342.4311
47.560555,342.4311
47.577415,341.9063
47.593678,341.9063
47.611618,341.74048
47.62768,341.74048
47.64698,340.9699
47.661503,340.9699
47.67747,340.9699
47.695835,340.65814
47.712486,340.65814
47.72882,340.5
47.745083,340.5
47.759773,340.5
47.77878,340.33496
47.796642,340.33496
47.812283,339.59894
47.827217,339.59894
47.843903,339.5937
47.861137,339.5937
47.8778,339.5937
47.89579,339.10583
47.910534,339.10583
47.92683,339.11792
47.945534,339.11792
47.960903,339.11792
47.97918,338.86548
47.993984,338.86548
48.015095,338.55035
48.02784,338.55035
48.044273,338.7249
48.062492,338.7249
48.077103,338.7249
48.096596,338.67957
48.11146,338.67957
48.127285,337.3852
48.145954,337.3852
48.160812,337.3852
48.18009,337.3852
48.1951,337.3852
48.213646,337.31537
48.227303,337.31537
48.24424,337.31537
48.26286,337.54614
48.277306,337.54614
48.295235,337.5462
48.311382,337.5462
48.327583,337.57526
48.344536,337.57526
48.360962,337.57526
48.379215,337.50403
48.394547,337.50403
48.416515,336.91626
48.427776,336.91626
48.44328,336.91626
48.462822,336.52588
48.47788,336.52588
48.49418,336.52985
48.5121,336.52985
48.53302,336.33502
48.54647,336.33502
48.56113,336.33502
48.578423,336.40656
48.59313,336.40656
48.611095,336.09796
48.626404,336.09796
48.644924,336.09796
48.662334,336.09796
48.67931,336.09796
48.69882,335.96686
48.712627,335.96686
48.729374,335.98236
48.74624,335.98236
48.76187,335.98236
48.77989,335.40002
48.79578,335.40002
48.817894,335.612
48.829067,335.612
48.84435,335.06805
48.862385,335.06805
48.879448,335.06805
48.89581,335.1684
48.911373,335.1684
48.93153,334.4461
48.945465,334.4461
48.961544,334.4461
48.978577,334.07434
48.994354,334.07434
49.01557,333.41986
49.027515,333.41986
49.044365,333.5536
49.062046,333.5536
49.078407,333.5536
49.094425,333.0735
49.11104,333.0735
49.127506,333.3683
49.147064,333.3683
49.162125,333.3683
49.1799,333.13763
49.194992,333.13763
49.214787,333.12762
49.22894,333.12762
49.24468,332.89764
49.263103,332.89764
49.27829,332.89764
49.29689,332.7249
49.3117,332.7249
49.330673,332.81842
49.346367,332.81842
49.36038,332.81842
49.378666,332.8531
49.3938,332.8531
49.41267,332.601
49.4285,332.601
49.444736,332.24072
49.46159,332.24072
49.476562,332.24072
49.496353,332.2412
49.511814,332.2412
49.52929,332.22168
49.545677,332.22168
49.56174,332.22168
49.580555,331.70367
49.593708,331.70367
49.612213,331.70367
49.62852,331.70367
49.64464,331.5522
49.662193,331.5522
49.67825,331.5522
49.69579,332.3673
49.710617,332.3673
49.727394,333.57623
49.745,333.57623
49.76307,333.57623
49.779255,334.62122
49.795387,334.62122
49.815147,335.71576
49.82721,335.71576
49.84499,336.63568
49.86242,336.63568
49.87706,336.63568
49.89907,337.485
49.911285,337.485
49.92754,337.7644
49.945793,337.7644
49.959984,337.7644
49.979332,338.63873
49.99477,338.63873
50.013596,339.27344
50.027744,339.27344
50.046867,339.615
50.06182,339.615
50.07772,339.615
50.097584,340.51544
50.11156,340.51544
50.12824,342.03333
50.14622,342.03333
50.16066,342.03333
50.180668,342.06287
50.195026,342.06287
50.213474,343.65118
50.22879,343.65118
50.244175,343.73438
50.262726,343.73438
50.278034,343.73438
50.30266,345.2965
50.31269,345.2965
50.32983,347.1137
50.347088,347.1137
50.36164,347.1137
50.381676,347.9804
50.39603,347.9804
50.416046,349.29974
50.429276,349.29974
50.446514,350.28186
50.46311,350.28186
50.478977,350.28186
50.49676,351.25824
50.51238,351.25824
50.533234,352.07214
50.548183,352.07214
50.562313,352.07214
50.580833,353.16882
50.59517,353.16882
50.621502,354.6046
50.63134,354.6046
50.647057,355.43152
50.665916,355.43152
50.681957,355.43152
50.698517,355.6366
50.71373,355.6366
50.735073,356.19104
50.746662,356.19104
50.76557,357.6692
50.782272,357.6692
50.798344,357.6692
50.817036,358.2964
50.831287,358.2964
50.84851,358.82324
50.86467,358.82324
50.881046,358.82324
50.90007,360.28064
50.915718,360.28064
50.931606,360.86407
50.94981,360.86407
50.967075,362.7237
50.981655,362.7237
50.997597,362.7237
51.01903,363.18024
51.030857,363.18024
51.047665,364.69952
51.065636,364.69952
51.082314,364.69952
51.099926,365.8756
51.11498,365.8756
51.132107,366.38635
51.147335,366.38635
51.164738,367.23132
51.183357,367.23132
51.19917,367.23132
51.21765,369.17572
51.230064,369.17572
51.249252,370.4131
51.264854,370.4131
51.282104,370.4131
51.299572,371.46814
51.315212,371.46814
51.332664,372.57562
51.348995,372.57562
51.36388,373.26636
51.381653,373.26636
51.39893,373.26636
51.416035,373.88092
51.431686,373.88092
51.449413,374.15558
51.46638,374.15558
51.48061,374.15558
51.500416,374.63727
51.51506,374.63727
51.539368,375.00488
51.549232,375.00488
51.566246,377.14362
51.58347,377.14362
51.598385,377.14362
51.61741,377.32385
51.632435,377.32385
51.650673,379.40338
51.66587,379.40338
51.682793,379.40338
51.7009,380.81232
51.71554,380.81232
51.73369,382.64252
51.749065,382.64252
51.766888,384.72388
51.782703,384.72388
51.79948,384.72388
51.81725,387.28766
51.832634,387.28766
51.85289,388.83136
51.865578,388.83136
51.88334,388.83136
51.898376,388.99274
51.915787,388.99274
51.934135,388.9666
51.94763,388.9666
51.965366,389.13416
51.982857,389.13416
51.998642,389.13416
52.018444,389.68872
52.0324,389.68872
52.050957,390.15106
52.065056,390.15106
52.08253,390.15106
52.101063,390.5561
52.11515,390.5561
52.133198,391.4568
52.1481,391.4568
52.166412,391.4568
52.182713,391.4568
52.20033,391.4568
52.218662,391.06665
52.23369,391.06665
52.251926,391.7083
52.2652,391.7083
52.283176,391.7083
52.30251,392.6596
52.31485,392.6596
52.338093,393.35748
52.348953,393.35748
52.36627,393.61035
52.382214,393.61035
52.397877,393.61035
52.417057,394.602
52.431744,394.602
52.453236,394.78815
52.468296,394.78815
52.481018,394.78815
52.50087,395.3501
52.51662,395.3501
52.539825,395.57672
52.55082,395.57672
52.5694,395.33087
52.584602,395.33087
52.60159,395.33087
52.618618,395.8673
52.636814,395.8673
52.656914,395.8673
52.67446,395.80096
52.688023,396.1687
52.702267,396.1687
52.716698,396.1687
52.735752,395.61035
52.749893,395.61035
52.76898,395.42474
52.785473,395.42474
52.800583,395.42474
52.82203,395.35522
52.833954,395.35522
52.858185,395.3399
52.868107,395.3399
52.884796,395.4499
52.902412,395.4499
52.917645,395.4499
52.938904,394.42822
52.951153,394.42822
52.97704,394.4356
52.987476,394.4356
53.00471,394.8369
53.021442,394.8369
53.037323,394.8369
53.058098,394.59485
53.07027,394.59485
53.089462,394.35895
53.10411,394.35895
53.12038,394.35895
53.145123,394.50354
53.15412,394.50354
53.175644,394.7791
53.188084,394.7791
53.2069,394.5553
53.222652,394.5553
53.236916,394.5553
53.256435,394.30615
53.26974,394.30615
53.2908,394.35504
53.30556,394.35504
53.322136,394.35504
53.33878,394.7602
53.354305,394.7602
53.376106,394.6731
53.3883,394.6731
53.408302,393.76202
53.422943,393.76202
53.43849,393.76202
53.458195,394.0595
53.471302,394.0595
53.492992,393.985
53.50578,393.985
53.521244,393.985
53.53964,393.97485
53.555035,393.97485
53.57578,393.8452
53.5894,393.8452
53.60722,394.01825
53.622585,394.01825
53.639313,394.01825
53.656235,393.49878
53.67096,393.49878
53.689785,393.10205
53.706978,393.10205
53.722645,393.10205
53.73949,392.3711
53.75644,392.3711
53.77595,392.3531
53.788517,392.3531
53.805523,391.94513
53.823,391.94513
53.837715,391.94513
53.856922,391.71326
53.87092,391.71326
53.887627,391.6667
53.9044,391.6667
53.92231,391.6667
53.938755,391.6667
53.95528,391.6667
53.972904,391.43915
53.988434,391.43915
54.00429,391.43915
54.023254,390.64447
54.03797,390.64447
54.060123,390.9229
54.071754,390.9229
54.087643,391.00244
54.104774,391.00244
54.121952,391.00244
54.13891,391.1895
54.154808,391.1895
54.173195,391.1474
54.18865,391.1474
54.207798,391.3
54.22229,391.3
54.2377,391.3
54.25555,391.1886
54.271996,391.1886
54.288273,390.39142
54.30596,390.39142
54.32106,390.39142
54.33966,389.54395
54.352894,389.54395
54.370842,388.94513
54.38818,388.94513
54.404266,388.8836
54.42264,389.1203
54.438156,389.1203
54.45834,389.06567
54.4701,389.06567
54.49016,389.05328
54.503895,389.05328
54.52222,389.05328
54.54035,388.2063
54.554813,388.2063
54.573887,387.8897
54.58712,387.8897
54.604492,386.98022
54.62111,386.98022
54.63958,386.98022
54.656193,386.59308
54.672367,386.59308
54.692463,386.40973
54.705654,386.40973
54.721684,386.40973
54.739758,386.40973
54.755882,386.40973
54.77337,385.3756
54.787987,385.3756
54.805996,385.0506
54.825047,385.0506
54.839664,385.0506
54.85797,385.61517
54.87106,385.61517
54.88772,385.50854
54.905636,385.50854
54.92264,385.50854
54.94058,384.92932
54.95507,384.92932
54.97272,384.3714
54.988,384.3714
55.00481,383.3932
55.021587,383.3932
55.03862,383.3932
55.0565,383.25372
55.071217,383.25372
55.092243,382.61914
55.10597,382.61914
55.121593,382.61914
55.14106,382.15405
55.155735,382.15405
55.17515,381.14453
55.1882,381.14453
55.203484,381.25793
55.223263,380.97284
55.23816,380.97284
55.256577,380.0324
55.27244,380.0324
55.293358,380.33093
55.30685,380.33093
55.32201,380.33093
55.340168,380.18243
55.355408,380.18243
55.37845,380.4942
55.38955,380.4942
55.40464,379.40967
55.423256,379.40967
55.43773,379.40967
55.460655,379.4137
55.47229,379.4137
55.487885,378.9286
55.506435,378.9286
55.521507,378.9286
55.54031,378.78662
55.555664,378.78662
55.576294,378.62622
55.589493,378.62622
55.60438,378.62622
55.62391,377.54034
55.6396,377.54034
55.65691,377.0443
55.67188,377.0443
55.691433,377.09296
55.704666,377.09296
55.72283,377.09296
55.740425,376.15253
55.75519,376.15253
55.773144,376.03308
55.789425,376.03308
55.805317,375.14075
55.82254,375.14075
55.83951,375.14075
55.85572,375.0
55.871788,375.0
55.89026,373.89722
55.906097,373.89722
55.922836,373.89722
55.939445,373.3222
55.957054,373.3222
55.976387,372.31506
55.989044,372.31506
56.005337,372.50482
56.02171,372.50482
56.039482,372.50482
56.05604,372.44336
56.071392,372.44336
56.089436,371.89923
56.106255,371.89923
56.12091,371.89923
56.140064,371.25623
56.15593,371.25623
56.17361,370.93982
56.188313,370.93982
56.20471,369.73694
56.2225,369.73694
56.23888,369.73694
56.25928,369.61096
56.273556,369.61096
56.30136,368.45752
56.313637,368.45752
56.332172,368.2
56.347363,368.2
56.362885,368.2
56.379627,366.8639
56.394634,366.8639
56.411655,366.3399
56.426666,366.3399
56.445423,366.61963
56.462162,366.61963
56.476925,366.61963
56.49547,365.0025
56.51051,365.0025
56.5284,364.1875
56.547775,364.1875
56.562412,364.1875
56.57929,363.28467
56.59358,363.28467
56.614643,361.97272
56.62932,361.97272
56.64546,361.3122
56.663555,361.3122
56.679348,361.3122
56.69603,360.50842
56.71126,360.50842
56.727467,359.18097
56.745323,359.18097
56.761265,359.18097
56.781246,358.87744
56.793545,358.87744
56.812428,358.0783
56.82782,358.0783
56.8462,357.27386
56.861263,357.27386
56.879425,357.27386
56.897614,356.2494
56.912193,356.2494
56.931637,355.58923
56.94558,355.58923
56.962006,355.58923
56.978912,354.83215
56.99484,354.83215
57.01539,353.8139
57.0278,353.8139
57.044983,353.51782
57.062645,353.51782
57.07732,353.51782
57.096603,353.161
57.11211,353.161
57.13423,352.43628
57.1461,352.43628
57.161312,352.43628
57.179714,351.31885
57.194805,351.31885
57.212646,350.8634
57.22857,350.8634
57.244072,349.9834
57.26795,349.9834
57.278458,349.9834
57.296036,348.94952
57.31231,348.94952
57.330555,348.52863
57.34475,348.52863
57.360302,348.52863
57.379803,347.4499
57.394073,347.4499
57.412975,345.97736
57.427967,345.97736
57.445377,345.66174
57.462555,345.66174
57.47849,345.66174
57.495888,344.937
57.513096,344.937
57.52956,343.94763
57.54489,343.94763
57.561882,343.94763
57.57927,343.05627
57.597275,343.05627
57.61442,342.7209
57.62729,342.7209
57.64534,341.09027
57.66232,341.09027
57.67881,341.09027
57.69605,340.86377
57.711464,340.86377
57.728527,340.94177
57.745087,340.94177
57.7615,340.94177
57.779205,340.41748
57.795498,340.41748
57.815147,339.22357
57.827183,339.22357
57.847412,338.7995
57.861855,338.7995
57.87698,338.7995
57.897106,337.6438
57.912193,337.6438
57.929337,337.5027
57.945614,337.5027
57.96258,337.5027
57.980335,336.2704
57.99396,336.2704
58.012924,335.35852
58.028675,335.35852
58.05054,335.5321
58.06359,335.5321
58.07767,335.5321
58.09677,335.13318
58.111397,335.13318
58.132526,334.14618
58.146,334.14618
58.161537,334.14618
58.17909,333.96082
58.194435,333.96082
58.216717,333.44257
58.22873,333.44257
58.24434,333.3418
58.263283,333.3418
58.279617,333.3418
58.295067,333.5067
58.312088,333.5067
58.329918,332.7984
58.34675,332.7984
58.36312,332.7984
58.380527,332.40417
58.39481,332.40417
58.411507,331.46356
58.427483,331.46356
58.44522,331.0547
58.462463,331.0547
58.478546,331.0547
58.496483,331.54736
58.513252,331.54736
58.534966,331.57965
58.54524,331.57965
58.562195,331.57965
58.579967,332.88043
58.595093,332.88043
58.61885,333.27893
58.628124,333.27893
58.64507,333.24933
58.662895,333.24933
58.67869,333.24933
58.697586,333.0526
58.71251,333.0526
58.728516,332.48547
58.745735,332.48547
58.762077,332.48547
58.780712,332.047
58.79645,332.047
58.817116,332.04437
58.828255,332.04437
58.84749,331.63196
58.862267,331.63196
58.880524,331.63196
58.90144,331.531
58.916832,331.531
58.932213,331.10156
58.94637,331.10156
58.962914,331.10156
58.979595,331.15955
58.99389,331.15955
59.01311,331.23138
59.027977,331.23138
59.045834,331.22937
59.062443,331.22937
59.078056,331.22937
59.098045,331.25128
59.11273,331.25128
59.127422,331.23737
59.145016,331.23737
59.159893,331.23737
59.180412,330.7824
59.195217,330.7824
59.21157,330.49628
59.228725,330.49628
59.247562,330.36572
59.26307,330.36572
59.27985,330.36572
59.29783,330.2506
59.31068,330.2506
59.328594,329.80975
59.34603,329.80975
59.360962,329.80975
59.37982,329.36523
59.39514,329.36523
59.41301,329.0
59.42726,329.0
59.444866,328.99
59.462284,328.99
59.47794,328.99
59.49477,328.22736
59.513424,328.22736
59.527508,325.6634
59.545094,325.6634
59.561172,325.6634
59.580452,322.34558
59.596252,322.34558
59.611614,318.82086
59.628994,318.82086
59.644703,316.86017
59.662548,316.86017
59.678722,316.86017
59.696632,317.09137
59.711555,317.09137
59.728867,319.4881
59.745667,319.4881
59.761917,319.4881
59.77963,322.79523
59.794636,322.79523
59.813503,326.46356
59.828728,326.46356
59.846157,329.92023
59.8631,329.92023
59.877632,329.92023
59.90099,333.72986
59.911858,333.72986
59.928596,338.8476
59.946198,338.8476
59.9618,338.8476
59.97975,341.4079
59.995728,341.4079
60.013035,344.29877
60.02731,344.29877
60.047363,345.92694
60.062313,345.92694
60.078712,345.92694
60.09668,346.89484
60.11277,346.89484
60.127506,347.58826
60.146164,347.58826
60.164032,347.58826
60.178658,347.62915
60.195305,347.62915
60.211983,347.5434
60.22829,347.5434
60.246994,347.3766
60.262966,347.3766
60.27925,347.3766
60.28,347.3766