0.28,687.881
0.2926222,687.881
0.3113162,687.881
0.3277198,688.2877
0.3440185,688.2877
0.35987458,688.2877
0.39432135,686.50793
0.40622023,686.4476
0.42324194,686.4476
0.43715385,686.4476
0.46468893,687.01605
0.47635654,687.01605
0.49365926,687.01605
0.50797737,687.01605
0.5257566,686.974
0.5462099,686.974
0.55992377,686.974
0.5784149,686.9927
0.5926639,686.9927
0.6087759,687.0834
0.62580085,687.0834
0.6420878,687.0834
0.65997624,687.2123
0.6771271,687.2123
0.6973486,687.35925
0.70969623,687.35925
0.7256544,687.35925
0.74219185,687.55396
0.7606622,687.55396
0.7768155,687.7331
0.7924927,687.7331
0.8085652,687.8334
0.8248621,687.8334
0.8416594,687.8334
0.85965115,687.28516
0.87313324,687.28516
0.89601874,686.841
0.9077575,686.841
0.92569625,686.4817
0.9419685,686.4817
0.95671755,686.4817
0.976221,686.4817
0.990096,686.4817
1.0080754,686.276
1.0257698,686.276
1.0404935,686.276
1.0586118,686.276
1.0743442,686.276
1.0919905,686.5596
1.1074674,686.5596
1.1235422,686.5596
1.1423465,686.4
1.1582359,686.4
1.1776526,686.3556
1.1915956,686.3556
1.2072453,686.03705
1.225057,686.03705
1.2396889,686.03705
1.2583097,686.4
1.2741401,686.4
1.2910125,686.4027
1.3078654,686.4027
1.3240931,686.4027
1.3411689,685.8163
1.3577472,685.8163
1.377538,685.8511
1.3908284,685.8511
1.4079349,685.318
1.4249352,685.318
1.4410715,685.318
1.457972,685.10767
1.4746832,685.10767
1.4930811,686.29016
1.5078349,686.29016
1.5238724,686.29016
1.5434675,686.3562
1.5577378,686.3562
1.579254,686.3871
1.5904703,686.3871
1.6075957,686.3375
1.6243687,686.3375
1.6408808,686.3375
1.6587341,686.57385
1.6747034,686.57385
1.6912571,686.4752
1.7077742,686.4752
1.724802,686.6245
1.7413745,686.6245
1.7585888,686.6245
1.7753941,686.5714
1.7903538,686.5714
1.8091502,686.00824
1.8228312,686.00824
1.8412993,686.00824
1.859551,686.00824
1.8729603,686.00824
1.8918886,685.4538
1.9068505,685.4538
1.924942,685.37976
1.9418541,685.37976
1.9577762,685.37976
1.9762708,684.2916
1.9915179,684.2916
2.0081296,684.1064
2.0264738,684.1064
2.0409663,684.1064
2.0588188,685.0625
2.0743198,685.0625
2.091138,685.9603
2.1073833,685.9603
2.1255758,685.8148
2.1430373,685.8148
2.1567135,685.8148
2.1762524,687.4597
2.191517,687.4597
2.2074838,688.2228
2.2247338,688.2228
2.241973,688.2228
2.2589602,689.24634
2.2736704,689.24634
2.2971625,689.7097
2.30951,689.7097
2.3257215,691.2069
2.3429143,691.2069
2.357554,691.2069
2.375659,692.5331
2.3912761,692.5331
2.4115038,693.9307
2.4250808,693.9307
2.4417155,693.9307
2.4598637,695.10974
2.4762955,695.10974
2.4927824,696.8436
2.5081325,696.8436
2.5242093,696.8436
2.542251,697.65796
2.5579977,697.65796
2.5759988,699.3729
2.5910559,699.3729
2.6072369,700.71326
2.6256104,700.71326
2.6399963,700.71326
2.6584806,702.7976
2.6759744,702.7976
2.6918879,703.38074
2.7066946,703.38074
2.72353,703.38074
2.7427716,704.5544
2.7584472,704.5544
2.7769938,704.9957
2.7917812,704.9957
2.8082116,706.4043
2.8256059,706.4043
2.8394215,706.4043
2.858953,706.5739
2.8749595,706.5739
2.890757,709.1377
2.9079287,709.1377
2.9250696,709.8219
2.9420176,709.8219
2.9578438,709.8219
2.9760993,710.96063
2.9914498,710.96063
3.0118313,711.834
3.0257034,711.834
3.0409026,711.834
3.0588243,713.4223
3.0749357,713.4223
3.0927918,713.0
3.1075196,713.0
3.123696,713.0
3.1420166,715.02167
3.1582918,715.02167
3.1755633,715.7284
3.1907587,715.7284
3.2077866,716.915
3.2254424,716.915
3.2395196,716.915
3.2604592,718.156
3.2755632,718.156
3.2911382,719.68146
3.30664,719.68146
3.3258228,721.1615
3.341347,721.1615
3.3574586,721.1615
3.3741841,722.9
3.390955,722.9
3.408368,724.9556
3.4266183,724.9556
3.4398673,724.9556
3.4606242,726.8581
3.4751592,726.8581
3.4911609,727.61346
3.5083246,727.61346
3.5240197,727.61346
3.5419064,728.67236
3.5565767,728.67236
3.574914,729.0748
3.59166,729.0748
3.6078594,731.125
3.6243832,731.125
3.6414235,731.125
3.6582522,731.0425
3.6749785,731.0425
3.6915333,731.8556
3.7080154,731.8556
3.7247684,732.5055
3.7418206,732.5055
3.7579985,732.5055
3.7751539,733.1221
3.7915108,733.1221
3.808201,733.3083
3.8263662,733.3083
3.841205,733.3083
3.859251,734.38586
3.8750587,734.38586
3.8959277,734.96796
3.907818,734.96796
3.9238193,734.96796
3.9426725,737.25
3.9579692,737.25
3.977134,737.1052
3.990881,737.1052
4.0098567,737.4038
4.0252757,737.4038
4.041436,737.4038
4.059014,738.5464
4.0743566,738.5464
4.09509,738.488
4.107234,738.488
4.125077,739.3384
4.142107,739.3384
4.157622,739.3384
4.1756315,740.2385
4.191765,740.2385
4.2069283,740.22473
4.2258925,740.22473
4.240292,740.22473
4.258973,741.0444
4.2737403,741.0444
4.2920628,740.0706
4.308231,740.0706
4.3232484,740.0706
4.342161,740.1306
4.3583055,740.1306
4.377443,740.3633
4.3903966,740.3633
4.409052,741.1594
4.4247966,741.1594
4.440285,741.1594
4.458008,741.55676
4.474916,741.55676
4.4919267,741.98566
4.5078936,741.98566
4.5260763,742.94055
4.5409365,742.94055
4.556839,742.94055
4.574662,741.69666
4.5894675,741.69666
4.6136236,742.5432
4.628578,742.5432
4.6405826,742.5432
4.6599326,743.14233
4.673726,743.14233
4.6918736,743.19495
4.7071195,743.19495
4.724938,744.01697
4.741417,744.01697
4.75677,744.01697
4.7791166,743.3114
4.7903976,743.3114
4.8076177,743.82825
4.82389,743.82825
4.8399034,743.82825
4.8581734,744.27686
4.873411,744.27686
4.8919215,744.15515
4.906058,744.15515
4.9289446,743.9271
4.9429736,743.9271
4.956225,743.9271
4.976329,744.25977
4.991015,744.25977
5.0096397,743.3806
5.0236034,743.3806
5.0397925,743.3806
5.0588155,743.8601
5.0750346,743.8601
5.0927505,743.1661
5.1077394,743.1661
5.1251206,743.2595
5.1426215,743.2595
5.157569,743.2595
5.177973,742.444
5.1924243,742.444
5.2086573,742.9318
5.225225,742.9318
5.2412353,742.9318
5.2592354,743.43726
5.274926,743.43726
5.292587,743.4733
5.3080797,743.4733
5.329343,742.7383
5.3427186,742.7383
5.3585935,742.7383
5.378063,742.5773
5.390508,742.5773
5.409679,743.266
5.4238133,743.266
5.4404025,743.266
5.460877,743.2817
5.474666,743.2817
5.4909325,742.8595
5.5073867,742.8595
5.527209,743.2483
5.5413923,743.2483
5.5581713,743.2483
5.5738907,743.1035
5.5904427,743.1035
5.6101665,742.66095
5.6243696,742.66095
5.6409736,742.66095
5.658877,742.6698
5.6740346,742.6698
5.691991,742.66345
5.706917,742.66345
5.7253623,742.6132
5.7416906,742.6132
5.757842,742.6132
5.7784863,741.9231
5.790082,741.9231
5.8090568,741.4415
5.8242316,741.4415
5.842207,741.4415
5.8589597,741.6274
5.8739104,741.6274
5.895714,740.7457
5.908433,740.7457
5.92565,740.64484
5.9439535,740.64484
5.958179,740.64484
5.9760704,741.05347
5.9923334,741.05347
6.009432,741.608
6.024236,741.608
6.0411606,741.608
6.0591884,740.9099
6.0748634,740.9099
6.0954685,740.87537
6.107871,740.87537
6.1246963,740.68726
6.143026,740.68726
6.1580462,740.68726
6.176147,741.2477
6.190818,741.2477
6.2089005,740.7252
6.225857,740.7252
6.241999,740.7252
6.259926,740.8927
6.2754674,740.8927
6.292278,740.5665
6.308362,740.5665
6.323572,740.5665
6.3434095,740.6234
6.358599,740.6234
6.3788433,739.92236
6.3901157,739.92236
6.413205,740.1428
6.424404,740.1428
6.4401,740.1428
6.462974,739.65295
6.4745197,739.65295
6.492991,739.92065
6.506287,739.92065
6.5246854,739.6709
6.5423727,739.6709
6.55913,739.6709
6.5756555,739.4175
6.5914373,739.4175
6.6088448,739.1035
6.623091,739.1035
6.641988,739.1035
6.659495,739.0645
6.674715,739.0645
6.6924267,738.1273
6.7072983,738.1273
6.725332,738.2761
6.7421145,738.2761
6.756961,738.2761
6.777529,738.12305
6.791233,738.12305
6.808328,737.98444
6.825906,737.98444
6.840481,737.98444
6.858849,737.6161
6.873699,737.6161
6.891729,737.24115
6.9063225,737.24115
6.924761,737.24115
6.9439845,737.02423
6.957987,737.02423
6.9761686,736.7649
6.99236,736.7649
7.0077567,737.1495
7.024891,737.1495
7.040263,737.1495
7.0578194,737.01074
7.075292,737.01074
7.091407,737.01074
7.107433,737.01074
7.12,736.3529
7.1409307,736.2727
7.1585307,736.2727
7.176877,735.88513
7.1904206,735.88513
7.2117977,736.2718
7.224462,736.2718
7.2396145,736.2718
7.2598343,736.0823
7.2737412,736.0823
7.2963305,735.56274
7.308568,735.56274
7.3241634,735.56274
7.343238,735.57544
7.357752,735.57544
7.3782516,736.0032
7.3920174,736.0032
7.4079022,734.8469
7.424875,734.8469
7.440966,734.8469
7.4600444,735.5612
7.4757257,735.5612
7.493136,735.7175
7.5084734,735.7175
7.5261893,735.6941
7.542047,735.6941
7.55816,735.6941
7.5759554,734.74207
7.590176,734.74207
7.6088376,734.91504
7.62303,734.91504
7.641541,734.91504
7.65947,734.7866
7.6739917,734.7866
7.6964645,734.7825
7.708035,734.7825
7.72516,734.51447
7.74258,734.51447
7.757926,734.51447
7.7769766,733.7587
7.791499,733.7587
7.809492,734.2363
7.82445,734.2363
7.842624,734.2363
7.8591046,734.2363
7.8732347,734.2363
7.8925395,734.0599
7.9076734,734.0599
7.9245644,733.7434
7.9422483,733.7434
7.9575214,733.7434
7.9763484,733.22815
7.9898844,733.22815
8.007483,732.968
8.025231,732.968
8.042649,732.968
8.059705,732.43665
8.074759,732.43665
8.096214,731.5091
8.106923,731.5091
8.124943,730.83386
8.143207,730.83386
8.157013,730.83386
8.175233,729.2417
8.190825,729.2417
8.209237,728.9036
8.224682,728.9036
8.240809,728.9036
8.260212,726.8981
8.273781,726.8981
8.296701,726.36676
8.308166,726.36676
8.324062,726.36676
8.342093,725.4519
8.358217,725.4519
8.375907,723.97144
8.391279,723.97144
8.407452,723.1954
8.426769,723.1954
8.441318,723.1954
8.45795,722.5669
8.474316,722.5669
8.491973,721.52716
8.507851,721.52716
8.524499,721.52716
8.542016,721.2914
8.558178,721.2914
8.574917,719.4369
8.590847,719.4369
8.608684,718.77844
8.625031,718.77844
8.640879,718.77844
8.657562,718.07074
8.674453,718.07074
8.693212,717.0327
8.707667,717.0327
8.724148,717.0327
8.741305,716.5325
8.756805,716.5325
8.77545,715.56995
8.791678,715.56995
8.810045,714.1165
8.825303,714.1165
8.847169,714.1165
8.862852,712.5724
8.874165,712.5724
8.892415,711.4702
8.90715,711.4702
8.923182,711.4702
8.941745,710.5078
8.95808,710.5078
8.975862,710.02466
8.991642,710.02466
9.009126,708.75073
9.024978,708.75073
9.040678,708.75073
9.059277,708.0531
9.07374,708.0531
9.092991,707.0473
9.107146,707.0473
9.124959,706.0967
9.142237,706.0967
9.157473,706.0967
9.176904,705.2915
9.191368,705.2915
9.2131,704.89746
9.2242365,704.89746
9.240419,704.89746
9.260517,703.98425
9.275499,703.98425
9.292446,702.59406
9.308146,702.59406
9.324323,702.59406
9.342941,702.0554
9.357333,702.0554
9.375942,701.677
9.390763,701.677
9.407722,700.92926
9.42606,700.92926
9.441525,700.92926
9.460302,700.1359
9.474113,700.1359
9.492321,698.81903
9.508822,698.81903
9.52356,698.81903
9.54259,697.80066
9.557361,697.80066
9.574249,696.9104
9.590713,696.9104
9.609644,695.87415
9.625515,695.87415
9.640796,695.87415
9.660557,695.1846
9.674158,695.1846
9.692954,694.7103
9.7064295,694.7103
9.724513,692.59436
9.742078,692.59436
9.757326,692.59436
9.776587,692.0819
9.791548,692.0819
9.808172,691.6532
9.826126,691.6532
9.840887,691.6532
9.859861,690.97974
9.874721,690.97974
9.89189,691.1233
9.907867,691.1233
9.92464,690.24316
9.942371,690.24316
9.957503,690.24316
9.976208,689.0425
9.9914875,689.0425
10.013418,688.7533
10.025545,688.7533
10.041399,688.7533
10.059631,687.44653
10.074257,687.44653
10.096298,686.63513
10.107044,686.63513
10.124745,685.443
10.141197,685.443
10.158943,685.443
10.175373,684.7829
10.191358,684.7829
10.209068,684.485
10.224875,684.485
10.241776,684.485
10.259338,684.4968
10.275161,684.4968
10.29589,683.07245
10.308464,683.07245
10.325816,682.79865
10.342392,682.79865
10.357946,682.79865
10.377317,681.5878
10.391703,681.5878
10.410877,679.83984
10.425704,679.83984
10.441377,679.83984
10.4601345,679.1797
10.47469,679.1797
10.492828,678.8944
10.507573,678.8944
10.52558,677.87256
10.543896,677.87256
10.558261,677.87256
10.57658,678.129
10.591201,678.129
10.609158,677.37897
10.624099,677.37897
10.641026,677.37897
10.659301,677.29504
10.67864,677.29504
10.6945095,677.0951
10.708107,677.0951
10.725308,676.408
10.740708,676.408
10.758795,676.408
10.780852,675.73737
10.791505,675.73737
10.808132,675.7639
10.825463,675.7639
10.842611,675.7639
10.859639,674.6598
10.8741455,674.6598
10.892638,674.8384
10.906852,674.8384
10.9252,673.634
10.943044,673.634
10.957676,673.634
10.975222,673.6449
10.992549,673.6449
11.009575,673.62305
11.025849,673.62305
11.042306,673.62305
11.060277,673.8701
11.075849,673.8701
11.096186,673.5786
11.108547,673.5786
11.12688,673.0443
11.14501,673.0443
11.158099,673.0443
11.1754465,672.834
11.1912775,672.834
11.213457,673.14777
11.228526,673.14777
11.24,673.14777
11.263393,673.3171
11.274535,673.3171
11.296418,673.39374
11.308239,673.39374
11.326157,673.40625
11.342609,673.40625
11.357767,673.40625
11.380448,673.39233
11.391329,673.39233
11.407479,673.25
11.425409,673.25
11.44161,673.25
11.46409,673.40955
11.475785,673.40955
11.490994,672.7551
11.508437,672.7551
11.523916,672.7551
11.543093,672.7267
11.558195,672.7267
11.575594,672.7915
11.591635,672.7915
11.607927,673.2059
11.62678,673.2059
11.64144,673.2059
11.658316,673.3291
11.674525,673.3291
11.6923,673.1383
11.706951,673.1383
11.726618,673.07764
11.744011,673.07764
11.758169,673.07764
11.775829,673.12463
11.791613,673.12463
11.807852,673.9158
11.826343,673.9158
11.841491,673.9158
11.858281,673.7092
11.874975,673.7092
11.894863,673.1316
11.908694,673.1316
11.926352,673.62256
11.943272,673.62256
11.958154,673.62256
11.975413,673.22424
11.99254,673.22424
12.008047,673.2036
12.026045,673.2036
12.0401535,673.2036
12.060328,672.6516
12.074562,672.6516
12.093508,673.11316
12.106715,673.11316
12.124915,673.58386
12.141718,673.58386
12.157101,673.58386
12.175521,673.3036
12.18981,673.3036
12.209841,672.50165
12.225181,672.50165
12.241408,672.50165
12.258203,672.8446
12.275475,672.8446
12.293708,672.3557
12.308806,672.3557
12.325131,672.19666
12.341351,672.19666
12.356562,672.19666
12.375819,672.30615
12.391099,672.30615
12.40865,673.00995
12.424001,673.00995
12.443035,673.00995
12.461234,672.74146
12.475802,672.74146
12.492787,672.67834
12.508362,672.67834
12.5255165,672.45996
12.542156,672.45996
12.55799,672.45996
12.574612,672.7153
12.591435,672.7153
12.607298,672.7904
12.624117,672.7904
12.641332,672.7904
12.658314,672.7509
12.673401,672.7509
12.692845,672.51624
12.707403,672.51624
12.723529,672.51624
12.740985,672.4945
12.757536,672.4945
12.775751,672.3627
12.790785,672.3627
12.807736,672.40076
12.8238735,672.40076
12.8418255,672.40076
12.859843,672.654
12.873859,672.654
12.894146,672.7483
12.908164,672.7483
12.9246645,671.7477
12.942488,671.7477
12.958577,671.7477
12.977885,671.58936
12.990879,671.58936
13.013456,672.0388
13.024785,672.0388
13.041351,672.0388
13.058963,671.9967
13.074188,671.9967
13.091269,672.01636
13.108341,672.01636
13.125163,672.2147
13.142714,672.2147
13.158663,672.2147
13.176993,671.64453
13.191392,671.64453
13.208786,671.7322
13.223405,671.7322
13.2412815,671.7322
13.258927,671.8406
13.274564,671.8406
13.292194,671.9508
13.310111,671.9508
13.327281,672.9895
13.341335,672.9895
13.357941,672.9895
13.3765955,672.89075
13.3901825,672.89075
13.407599,672.6211
13.425261,672.6211
13.440052,672.6211
13.464068,672.5387
13.47533,672.5387
13.493165,672.47876
13.507287,672.47876
13.523426,672.47876
13.54395,672.37976
13.557237,672.37976
13.577759,672.56464
13.590851,672.56464
13.609024,672.6267
13.62428,672.6267
13.641442,672.6267
13.659264,672.68646
13.674303,672.68646
13.693133,672.44446
13.7071085,672.44446
13.725058,672.3816
13.742457,672.3816
13.758391,672.3816
13.778982,671.8252
13.790865,671.8252
13.807185,671.76953
13.824606,671.76953
13.841503,671.76953
13.859778,671.9585
13.874516,671.9585
13.894791,672.224
13.908554,672.224
13.925038,672.2843
13.942533,672.2843
13.957628,672.2843
13.977118,671.9353
13.9920845,671.9353
14.012373,672.3624
14.025518,672.3624
14.042742,672.3624
14.059137,672.50336
14.075259,672.50336
14.091057,673.3447
14.108947,673.3447
14.127222,674.28253
14.14224,674.28253
14.1574745,674.28253
14.175805,674.81067
14.190869,674.81067
14.209613,676.35
14.226196,676.35
14.241339,676.35
14.259716,677.6198
14.275398,677.6198
14.292831,678.1321
14.309159,678.1321
14.325909,679.4762
14.342603,679.4762
14.357911,679.4762
14.374725,679.3092
14.390644,679.3092
14.409137,680.5189
14.424896,680.5189
14.440991,680.5189
14.459266,681.9353
14.473944,681.9353
14.49297,681.575
14.508331,681.575
14.523583,681.575
14.542391,682.4277
14.557638,682.4277
14.576263,683.94116
14.591093,683.94116
14.610514,684.4121
14.624774,684.4121
14.641455,684.4121
14.660348,684.97253
14.673589,684.97253
14.69286,685.2407
14.70841,685.2407
14.725242,686.7394
14.742295,686.7394
14.757723,686.7394
14.775372,686.772
14.791805,686.772
14.808131,687.75146
14.825625,687.75146
14.840596,687.75146
14.8598175,688.07385
14.874312,688.07385
14.8948765,688.84375
14.907061,688.84375
14.925265,689.80066
14.942241,689.80066
14.960981,689.80066
14.977698,691.1869
14.991089,691.1869
15.010641,692.1378
15.025633,692.1378
15.040784,692.1378
15.059765,693.12317
15.075007,693.12317
15.092319,694.5222
15.106808,694.5222
15.124317,694.5222
15.142668,696.2381
15.157539,696.2381
15.17587,696.9839
15.190891,696.9839
15.212781,698.7185
15.224175,698.7185
15.241779,698.7185
15.259675,698.92456
15.275375,698.92456
15.292039,699.8738
15.30876,699.8738
15.326429,701.07764
15.34288,701.07764
15.358252,701.07764
15.377382,701.82043
15.391454,701.82043
15.407362,703.04614
15.425291,703.04614
15.440746,703.04614
15.458374,703.8136
15.4743595,703.8136
15.492876,704.6409
15.507799,704.6409
15.524498,704.6409
15.543582,706.2736
15.5571785,706.2736
15.575205,706.66565
15.590592,706.66565
15.609546,707.95825
15.623561,707.95825
15.641242,707.95825
15.659498,708.4602
15.674829,708.4602
15.69171,710.25073
15.707818,710.25073
15.7263,711.1858
15.741745,711.1858
15.7571335,711.1858
15.781155,713.6549
15.791395,713.6549
15.808139,715.0888
15.824972,715.0888
15.840424,715.0888
15.860099,717.1553
15.8732,717.1553
15.893452,717.3003
15.908282,717.3003
15.924471,718.8742
15.942245,718.8742
15.957081,718.8742
15.976689,719.96924
15.9914875,719.96924
16.012089,721.05164
16.025452,721.05164
16.04215,721.05164
16.060184,721.52136
16.075165,721.52136
16.095182,722.5121
16.108814,722.5121
16.124125,722.5121
16.142532,722.92633
16.156988,722.92633
16.176111,723.86835
16.191288,723.86835
16.209095,724.21185
16.22516,724.21185
16.241148,724.21185
16.26048,724.72644
16.274235,724.72644
16.295322,725.4318
16.308823,725.4318
16.326372,726.0504
16.342348,726.0504
16.357021,726.0504
16.377188,726.31366
16.392242,726.31366
16.412374,727.2075
16.42787,727.2075
16.440577,727.2075
16.461637,728.605
16.475933,728.605
16.49248,729.6839
16.50838,729.6839
16.525429,730.5585
16.542398,730.5585
16.55812,730.5585
16.57612,730.9446
16.591646,730.9446
16.60944,731.5049
16.624586,731.5049
16.64213,731.5049
16.657793,731.8191
16.673918,731.8191
16.69334,732.86365
16.70705,732.86365
16.72466,733.01013
16.741676,733.01013
16.758022,733.01013
16.775913,732.93054
16.791603,732.93054
16.80896,733.2283
16.825605,733.2283
16.840815,733.2283
16.858889,733.95715
16.874542,733.95715
16.8928,733.71857
16.907354,733.71857
16.92837,733.19714
16.941624,733.19714
16.95685,733.19714
16.978468,732.256
16.990635,732.256
17.010078,731.67004
17.025595,731.67004
17.041632,731.67004
17.059061,732.1019
17.074726,732.1019
17.093025,731.93243
17.107325,731.93243
17.125097,731.8545
17.143007,731.8545
17.159067,731.8545
17.176937,732.66766
17.191034,732.66766
17.21372,732.546
17.225979,732.546
17.240686,732.546
17.259691,732.0952
17.274752,732.0952
17.29525,732.0952
17.309225,732.0952
17.32639,731.9536
17.34252,731.9536
17.357454,731.9536
17.376331,732.0847
17.390774,732.0847
17.408197,732.50684
17.425406,732.50684
17.442955,732.50684
17.461826,732.3138
17.475569,732.3138
17.49404,732.5548
17.510426,732.5548
17.525118,732.44336
17.541534,732.44336
17.557014,732.44336
17.575607,732.1559
17.591534,732.1559
17.609245,732.06836
17.62417,732.06836
17.641748,732.06836
17.658964,732.5
17.675102,732.5
17.69457,732.52875
17.707163,732.52875
17.727415,730.59595
17.743248,730.59595
17.758486,730.59595
17.776865,730.59595
17.792883,730.59595
17.810925,730.5818
17.824543,730.5818
17.841852,730.5818
17.860043,730.5333
17.875631,730.5333
17.895164,730.7025
17.908356,730.7025
17.924677,731.0912
17.94197,731.0912
17.9588,731.0912
17.977982,729.6882
17.992067,729.6882
18.009686,729.83154
18.024921,729.83154
18.04254,729.83154
18.058706,730.54126
18.09159,730.8246
18.10502,730.8246
18.11814,730.8246
18.135708,730.33936
18.152199,730.33936
18.166952,730.53375
18.185356,730.53375
18.19983,730.53375
18.218456,729.6324
18.23375,729.6324
18.252813,729.6324
18.267328,729.6324
18.283236,729.6324
18.301764,730.2353
18.317368,730.2353
18.335331,730.2353
18.349821,730.2353
18.36891,729.98694
18.385153,729.98694
18.400904,729.98694
18.419004,730.19104
18.433662,730.19104
18.452728,729.9027
18.468086,729.9027
18.483706,729.9027
18.503313,729.51575
18.517006,729.51575
18.539236,729.62854
18.551115,729.62854
18.567081,729.41974
18.584547,729.41974
18.60034,729.41974
18.62246,728.56323
18.63464,728.56323
18.65382,728.4927
18.668152,728.4927
18.684565,728.9221
18.700523,728.9221
18.718222,728.9221
18.73521,728.866
18.751635,728.866
18.766523,728.19794
18.784601,728.19794
18.800772,728.19794
18.817942,727.9873
18.83488,727.9873
18.851603,727.89307
18.868114,727.89307
18.8845,728.1196
18.902824,728.1196
18.91727,728.1196
18.936844,727.3994
18.951294,727.3994
18.968388,727.1821
18.98587,727.1821
19.000954,727.1821
19.018858,726.6636
19.034546,726.6636
19.051575,726.5183
19.067017,726.5183
19.083702,726.5183
19.101118,726.1768
19.117418,726.1768
19.13499,726.4099
19.14985,726.4099
19.170837,725.9214
19.18429,725.9214
19.200104,725.9214
19.219736,725.21387
19.234102,725.21387
19.252707,725.0776
19.266397,725.0776
19.285465,724.33716
19.301516,724.33716
19.317648,724.33716
19.337536,724.4133
19.349888,724.4133
19.368874,724.4411
19.38776,724.4411
19.403282,724.4411
19.419724,724.11523
19.438774,724.11523
19.45335,723.5127
19.470188,723.5127
19.484932,723.45807
19.502003,723.45807
19.517178,723.45807
19.534433,723.87964
19.550169,723.87964
19.567421,723.1167
19.584534,723.1167
19.601294,723.1167
19.618753,723.1743
19.633745,723.1743
19.652252,722.64905
19.666878,722.64905
19.682682,722.64905
19.701597,722.68225
19.718424,722.68225
19.734686,722.1818
19.750011,722.1818
19.766033,722.0805
19.784628,722.0805
19.80084,722.0805
19.820272,721.8239
19.833761,721.8239
19.851488,721.1931
19.867634,721.1931
19.884644,720.8959
19.902323,720.8959
19.917542,720.8959
19.936571,720.9437
19.950785,720.9437
19.971157,720.6479
19.983871,720.6479
20.000763,720.6479
20.01815,720.8324
20.034313,720.8324
20.05375,718.5127
20.07004,718.5127
20.086521,717.9044
20.10459,717.9044
20.116997,717.9044
20.13664,715.6013
20.15067,715.6013
20.16705,715.12585
20.18444,715.12585
20.199684,715.12585
20.21951,713.553
20.23498,713.553
20.251232,712.67474
20.267092,712.67474
20.283596,712.67474
20.30172,711.6442
20.316818,711.6442
20.335361,710.9381
20.349785,710.9381
20.369617,709.895
20.383533,709.895
20.399687,709.895
20.41934,708.75586
20.432512,708.75586
20.450638,707.0454
20.466858,707.0454
20.485277,706.1033
20.501171,706.1033
20.517874,706.1033
20.534842,704.9651
20.551199,704.9651
20.568989,703.63586
20.584492,703.63586
20.600695,703.63586
20.6183,702.6207
20.634289,702.6207
20.651697,702.70886
20.66808,702.70886
20.695023,700.71216
20.70865,700.71216
20.724327,700.71216
20.744934,699.901
20.756678,699.901
20.776241,699.21985
20.787188,699.21985
20.80503,697.8125
20.822138,697.8125
20.836817,697.8125
20.854986,697.33545
20.87066,697.33545
20.888815,696.33435
20.902853,696.33435
20.920609,696.33435
20.939144,695.4182
20.954931,695.4182
20.971634,695.0154
20.98772,695.0154
21.005545,693.69727
21.02106,693.69727
21.037539,693.69727
21.054432,693.88416
21.070631,693.88416
21.08695,692.4263
21.10518,692.4263
21.121292,692.4263
21.142384,692.07043
21.154644,692.07043
21.172852,690.74475
21.187006,690.74475
21.203394,690.74475
21.222193,690.6958
21.23685,690.6958
21.257452,689.49854
21.270706,689.49854
21.289518,688.3912
21.304647,688.3912
21.320736,688.3912
21.33903,687.00903
21.354307,687.00903
21.372162,686.5791
21.386936,686.5791
21.410965,686.5791
21.428137,685.744
21.438356,685.744
21.458944,684.74927
21.47268,684.74927
21.487432,684.6666
21.504662,684.6666
21.520046,684.6666
21.538372,683.74304
21.554062,683.74304
21.571909,683.49506
21.587984,683.49506
21.604774,683.44885
21.622196,683.44885
21.63767,683.44885
21.65818,681.19366
21.671177,681.19366
21.686235,681.36536
21.70548,681.36536
21.720266,681.36536
21.739191,681.7728
21.753922,681.7728
21.772268,681.65515
21.78796,681.65515
21.803581,681.65515
21.822365,681.71747
21.83662,681.71747
21.855383,680.8095
21.870277,680.8095
21.886917,679.93024
21.905266,679.93024
21.921177,679.93024
21.937914,679.90906
21.95405,679.90906
21.97376,679.3334
21.987883,679.3334
22.005465,679.29297
22.021387,679.29297
22.038288,679.29297
22.058466,679.7516
22.07065,679.7516
22.087381,679.80066
22.105106,679.80066
22.120554,679.80066
22.137749,678.9292
22.153,678.9292
22.172089,678.78827
22.188154,678.78827
22.205208,678.03064
22.222122,678.03064
22.237709,678.03064
22.25474,677.609
22.270485,677.609
22.288502,676.4632
22.30494,676.4632
22.321297,676.4632
22.337559,675.82544
22.35434,675.82544
22.372757,674.93866
22.386505,674.93866
22.406294,675.2477
22.422098,675.2477
22.438215,675.2477
22.45935,673.58014
22.47156,673.58014
22.490206,673.14197
22.505636,673.14197
22.520964,673.14197
22.538698,672.5621
22.553951,672.5621
22.57085,672.754
22.586748,672.754
22.602922,672.754
22.620962,671.65906
22.63629,671.65906
22.656414,671.38513
22.671198,671.38513
22.689442,671.73804
22.703083,671.73804
22.720577,671.73804
22.739222,671.7469
22.754036,671.7469
22.77188,671.3872
22.788343,671.3872
22.805069,670.7685
22.822886,670.7685
22.838108,670.7685
22.855516,670.90356
22.87012,670.90356
22.88702,670.16614
22.904583,670.16614
22.921345,670.16614
22.939531,671.2169
22.954208,671.2169
22.974995,671.2169
22.986475,671.2169
23.005743,670.4906
23.020979,670.4906
23.036854,670.4906
23.0539,670.58954
23.071737,670.58954
23.088232,670.50366
23.104427,670.50366
23.11982,670.50366
23.138107,670.0797
23.153915,670.0797
23.171715,668.71484
23.187048,668.71484
23.203814,668.71484
23.221756,668.75824
23.23754,668.75824
23.255032,668.93835
23.271463,668.93835
23.289135,668.9689
23.304533,668.9689
23.320364,668.9689
23.338373,669.18384
23.354113,669.18384
23.374344,669.05597
23.387386,669.05597
23.405176,669.74146
23.420565,669.74146
23.437212,669.74146
23.459665,669.4983
23.471493,669.4983
23.489336,669.4265
23.504417,669.4265
23.521067,669.4265
23.539581,669.36957
23.554382,669.36957
23.573503,670.0558
23.586264,670.0558
23.604063,670.0558
23.622295,669.397
23.636415,669.397
23.65462,669.0839
23.670582,669.0839
23.686623,669.1107
23.705093,669.1107
23.720663,669.1107
23.738708,669.0032
23.753588,669.0032
23.773037,669.1013
23.78868,669.1013
23.805183,668.4228
23.82269,668.4228
23.837978,668.4228
23.85546,668.4228
23.86997,668.4228
23.887592,667.91614
23.905462,667.91614
23.920137,667.91614
23.938913,667.8282
23.953045,667.8282
23.972424,668.3131
23.987518,668.3131
24.005175,667.95123
24.021402,667.95123
24.036482,667.95123
24.055529,668.2283
24.070606,668.2283
24.088024,668.2283
24.104536,668.2283
24.120916,668.2283
24.138731,667.79095
24.154432,667.79095
24.171385,668.35474
24.188255,668.35474
24.203762,668.35474
24.220919,668.1678
24.237404,668.1678
24.256458,668.1678
24.270546,668.1678
24.287823,668.4028
24.305065,668.4028
24.320852,668.4028
24.339737,668.275
24.354889,668.275
24.375124,667.7113
24.387249,667.7113
24.40475,667.7113
24.422245,667.7113
24.43804,667.7113
24.455835,667.6461
24.471607,667.6461
24.4881,667.4408
24.505604,667.4408
24.521221,667.4408
24.538189,668.5095
24.55454,668.5095
24.576118,668.5095
24.588316,668.5095
24.605082,668.7571
24.622093,668.7571
24.637854,668.7571
24.656237,667.82495
24.672028,667.82495
24.689146,667.3
24.704922,667.3
24.72039,667.3
24.740162,667.3
24.754108,667.3
24.774586,667.2013
24.791433,667.2013
24.806948,667.2655
24.823938,667.2655
24.83848,667.2655
24.85663,667.3618
24.871855,667.3618
24.889065,667.4463
24.90281,667.4463
24.920889,667.4463
24.938875,667.5246
24.95383,667.5246
24.97173,667.51636
24.98675,667.51636
25.006111,667.5519
25.022587,667.5519
25.036816,667.5519
25.055454,667.30347
25.069742,667.30347
25.088827,667.6062
25.10412,667.6062
25.119783,667.6062
25.138083,667.6754
25.15435,667.6754
25.17135,667.2545
25.187193,667.2545
25.205526,667.5376
25.221996,667.5376
25.237553,667.5376
25.255144,667.6541
25.27139,667.6541
25.287394,667.6416
25.306177,667.6416
25.32041,667.6416
25.33746,667.7604
25.354801,667.7604
25.372133,668.4967
25.388226,668.4967
25.404623,668.17004
25.422682,668.17004
25.437145,668.17004
25.455605,668.1854
25.470484,668.1854
25.492962,668.0586
25.503996,668.0586
25.520546,668.0586
25.53934,668.0928
25.553555,668.0928
25.575787,668.0033
25.588068,668.0033
25.604942,668.0033
25.622908,668.06665
25.637417,668.06665
25.656458,667.79224
25.66995,667.79224
25.688154,667.8572
25.705214,667.8572
25.721302,667.8572
25.739653,667.8534
25.754286,667.8534
25.771719,667.8534
25.78916,667.8534
25.805067,668.01355
25.822464,668.01355
25.838678,668.01355
25.855825,668.01355
25.871271,668.01355
25.887774,667.9048
25.906397,667.9048
25.921923,667.9048
25.938482,668.0585
25.95463,668.0585
25.971493,667.54236
25.988762,667.54236
26.005886,667.8103
26.022373,667.8103
26.03746,667.8103
26.056019,668.41016
26.070648,668.41016
26.088923,668.4667
26.105291,668.4667
26.12194,668.4667
26.139194,669.66016
26.155127,669.66016
26.171818,670.5752
26.187437,670.5752
26.204723,671.28076
26.221249,671.28076
26.23769,671.28076
26.25609,671.47485
26.270603,671.47485
26.289518,673.1533
26.304064,673.1533
26.32053,673.1533
26.338293,673.42725
26.355288,673.42725
26.376066,673.70123
26.386673,673.70123
26.404785,674.44
26.422394,674.44
26.437061,674.44
26.45598,675.2438
26.470669,675.2438
26.489466,676.63043
26.505474,676.63043
26.520506,676.63043
26.541634,676.51227
26.554382,676.51227
26.571453,678.0062
26.587276,678.0062
26.603746,678.0062
26.622189,678.5244
26.637955,678.5244
26.6593,679.71655
26.67135,679.71655
26.689102,680.8286
26.704838,680.8286
26.72225,680.8286
26.740295,682.22424
26.754269,682.22424
26.772549,683.0685
26.787794,683.0685
26.80465,683.0685
26.824232,684.361
26.837841,684.361
26.856062,685.4046
26.872087,685.4046
26.888893,687.103
26.90453,687.103
26.920635,687.103
26.939064,686.7147
26.954329,686.7147
26.975601,688.1926
26.987139,688.1926
27.004784,689.09814
27.021627,689.09814
27.038216,689.09814
27.055496,690.0936
27.071703,690.0936
27.093204,691.36646
27.104294,691.36646
27.120478,691.36646
27.139818,692.16614
27.15557,692.16614
27.17215,692.3625
27.187115,692.3625
27.204723,694.0239
27.22166,694.0239
27.238373,694.0239
27.257547,694.75696
27.272488,694.75696
27.287453,695.7781
27.305176,695.7781
27.320986,695.7781
27.339499,696.97253
27.355095,696.97253
27.371918,698.17957
27.3877,698.17957
27.405136,698.7394
27.421787,698.7394
27.438444,698.7394
27.458645,700.4468
27.472645,700.4468
27.490618,700.6537
27.504765,700.6537
27.528929,702.4875
27.5433,702.4875
27.553673,702.4875
27.573559,703.92004
27.588146,703.92004
27.603104,703.92004
27.620949,705.3811
27.636902,705.3811
27.657894,705.95374
27.67032,705.95374
27.689528,707.5868
27.703768,707.5868
27.721611,707.5868
27.739147,708.9166
27.75525,708.9166
27.772491,710.4779
27.788843,710.4779
27.803986,710.4779
27.822868,711.9879
27.837778,711.9879
27.85798,712.83386
27.870802,712.83386
27.887892,714.6312
27.906607,714.6312
27.921227,714.6312
27.939346,715.71515
27.956821,715.71515
27.971273,716.8712
27.988585,716.8712
28.004793,718.8388
28.022078,718.8388
28.037271,718.8388
28.055256,719.6483
28.069944,719.6483
28.090803,719.65796
28.104456,719.65796
28.122372,719.65796
28.13883,720.7053
28.154724,720.7053
28.175283,722.5665
28.187342,722.5665
28.205105,722.3125
28.222944,722.3125
28.237036,722.3125
28.256142,723.2857
28.269966,723.2857
28.289171,724.6636
28.304146,724.6636
28.32079,724.6636
28.339537,726.41956
28.354942,726.41956
28.372246,727.32336
28.387398,727.32336
28.40462,727.45056
28.421896,727.45056
28.438107,727.45056
28.460096,727.1234
28.472292,727.1234
28.48961,729.08307
28.505085,729.08307
28.521667,729.08307
28.538576,729.76404
28.554243,729.76404
28.573318,730.89233
28.588018,730.89233
28.605213,732.4856
28.625202,732.4856
28.638458,732.4856
28.65596,733.82605
28.67123,733.82605
28.68895,735.0695
28.705622,735.0695
28.721313,735.0695
28.739435,737.1708
28.754768,737.1708
28.774021,738.36957
28.788303,738.36957
28.805367,739.2738
28.823368,739.2738
28.8379,739.2738
28.857386,740.0376
28.871765,740.0376
28.887255,740.31494
28.904861,740.31494
28.92142,740.31494
28.939713,740.4348
28.954863,740.4348
28.972761,740.8269
28.987862,740.8269
29.004993,741.9459
29.022497,741.9459
29.038216,741.9459
29.05634,741.9968
29.07153,741.9968
29.088669,741.7228
29.10482,741.7228
29.121737,741.7228
29.140686,741.6923
29.155455,741.6923
29.172632,741.93695
29.188463,741.93695
29.205002,741.6742
29.222984,741.6742
29.237314,741.6742
29.258465,740.7345
29.270374,740.7345
29.289762,741.1087
29.305359,741.1087
29.322008,741.1087
29.338902,739.9751
29.354862,739.9751
29.373299,738.69446
29.387997,738.69446
29.405333,739.18994
29.422413,739.18994
29.438084,739.18994
29.456331,739.3334
29.471272,739.3334
29.488129,738.29333
29.505827,738.29333
29.52038,738.29333
29.541964,738.58655
29.554235,738.58655
29.576199,738.423
29.587801,738.423
29.604107,738.423
29.622221,738.70325
29.638124,738.70325
29.656416,738.4111
29.671442,738.4111
29.689291,738.2018
29.705109,738.2018
29.722658,738.2018
29.739658,737.5093
29.753935,737.5093
29.777597,736.62585
29.788609,736.62585
29.807,736.48895
29.823292,736.48895
29.837925,736.48895
29.857962,736.6527
29.87198,736.6527
29.890423,735.1805
29.905993,735.1805
29.92179,735.1805
29.940071,734.85583
29.956068,734.85583
29.97296,734.4056
29.989176,734.4056
30.006096,734.65735
30.022257,734.65735
30.038235,734.65735
30.05673,734.3362
30.071589,734.3362
30.08841,734.018
30.106054,734.018
30.120193,734.018
30.139141,734.08057
30.15575,734.08057
30.173368,734.0824
30.187475,734.0824
30.204681,733.7155
30.222876,733.7155
30.23739,733.7155
30.255974,733.24286
30.271807,733.24286
30.288588,733.13904
30.304821,733.13904
30.320992,733.13904
30.33869,733.73236
30.354858,733.73236
30.372543,732.3625
30.387997,732.3625
30.404953,731.87134
30.423038,731.87134
30.437853,731.87134
30.45536,731.6564
30.470968,731.6564
30.4892,732.3625
30.5047,732.3625
30.521725,732.3625
30.538485,732.9221
30.553757,732.9221
30.576244,733.1101
30.58899,733.1101
30.605303,732.015
30.622597,732.015
30.638397,732.015
30.656872,732.0121
30.671171,732.0121
30.689104,732.059
30.70384,732.059
30.720743,732.059
30.742336,731.7143
30.755003,731.7143
30.772556,732.79944
30.788824,732.79944
30.804972,732.6345
30.82241,732.6345
30.83806,732.6345
30.857582,731.5585
30.87251,731.5585
30.89017,732.25
30.905758,732.25
30.921225,732.25
30.939367,732.1084
30.954094,732.1084
30.973175,732.16766
30.988861,732.16766
31.004438,732.19275
31.021946,732.19275
31.036724,732.19275
31.056168,732.1826
31.072184,732.1826
31.089638,732.069
31.10413,732.069
31.121983,732.069
31.139051,732.00586
31.155886,732.00586
31.172298,731.0603
31.188217,731.0603
31.204224,731.0603
31.223904,731.2704
31.23764,731.2704
31.257322,732.1491
31.27144,732.1491
31.289532,731.8446
31.303572,731.8446
31.323555,731.8446
31.33962,731.59937
31.361454,731.59937
31.379585,731.78674
31.389593,731.78674
31.404755,731.99695
31.421793,731.99695
31.437386,731.99695
31.456993,732.1759
31.471395,732.1759
31.488222,731.3423
31.505959,731.3423
31.52244,731.3423
31.53959,731.4405
31.555405,731.4405
31.573189,731.4427
31.586653,731.4427
31.6061,731.0414
31.622627,731.0414
31.636997,731.0414
31.657446,731.27637
31.671604,731.27637
31.688818,731.20056
31.705027,731.20056
31.721222,731.20056
31.739834,730.31934
31.755669,730.31934
31.773212,731.105
31.788845,731.105
31.805511,731.10254
31.823225,731.10254
31.838577,731.10254
31.85679,731.1555
31.87052,731.1555
31.89246,729.77026
31.904608,729.77026
31.922583,729.77026
31.939745,730.03345
31.955563,730.03345
31.976374,731.40765
31.989237,731.40765
32.005165,730.94824
32.0233,730.94824
32.03936,730.94824
32.05618,731.3994
32.070183,731.3994
32.089844,731.48755
32.10536,731.48755
32.12099,731.48755
32.138103,730.7023
32.15456,730.7023
32.173664,729.7463
32.18848,729.7463
32.204773,729.3877
32.223545,729.3877
32.23819,729.3877
32.25608,728.24384
32.271587,728.24384
32.290176,727.0366
32.30623,727.0366
32.321667,727.0366
32.340008,726.37
32.35574,726.37
32.37674,724.8567
32.38877,724.8567
32.40583,723.9255
32.421772,723.9255
32.439575,723.9255
32.45673,721.5897
32.47333,721.5897
32.490295,719.9392
32.506023,719.9392
32.52054,719.9392
32.540077,719.35583
32.556812,719.35583
32.57357,718.29517
32.58792,718.29517
32.603897,718.29517
32.62286,716.2373
32.6389,716.2373
32.656174,715.07715
32.671688,715.07715
32.691814,715.04065
32.70621,715.04065
32.721977,715.04065
32.74059,712.66785
32.754925,712.66785
32.772884,711.9088
32.788853,711.9088
32.80586,711.0294
32.8238,711.0294
32.837017,711.0294
32.857197,710.40576
32.87197,710.40576
32.89012,709.55347
32.90472,709.55347
32.92193,709.55347
32.93889,709.016
32.955692,709.016
32.975616,708.1374
32.98856,708.1374
33.005657,706.65466
33.022648,706.65466
33.03747,706.65466
33.05668,705.1698
33.07263,705.1698
33.08793,704.407
33.105362,704.407
33.121483,704.407
33.14304,704.38196
33.155346,704.38196
33.17606,702.9355
33.189247,702.9355
33.2049,702.2727
33.22252,702.2727
33.237858,702.2727
33.256393,700.92566
33.271587,700.92566
33.289597,700.1295
33.30344,700.1295
33.322094,700.1295
33.339657,698.9638
33.35501,698.9638
33.37676,697.35626
33.38868,697.35626
33.405155,696.16724
33.422504,696.16724
33.438675,696.16724
33.456776,695.7082
33.47263,695.7082
33.48864,694.3197
33.505463,694.3197
33.522015,694.3197
33.53904,693.4968
33.554527,693.4968
33.57158,692.5719
33.588097,692.5719
33.60499,691.9933
33.622494,691.9933
33.63765,691.9933
33.654667,690.20294
33.67232,690.20294
33.688725,688.6398
33.70617,688.6398
33.72069,688.6398
33.740353,687.4182
33.755455,687.4182
33.772823,686.75366
33.793255,686.75366
33.80522,686.027
33.8243,686.027
33.837875,686.027
33.855118,684.9404
33.872616,684.9404
33.892803,684.34564
33.904762,684.34564
33.922,684.34564
33.938934,683.6987
33.95552,683.6987
33.976772,682.03357
33.989235,682.03357
34.005543,681.59143
34.02267,681.59143
34.03748,681.59143
34.055813,680.414
34.087475,680.414
34.102577,679.3175
34.11314,679.3175
34.13218,678.38666
34.14523,678.38666
34.1626,678.38666
34.180202,677.7974
34.195206,677.7974
34.213978,676.5342
34.229652,676.5342
34.246418,674.9147
34.262897,674.9147
34.2806,674.9147
34.299408,674.33545
34.314682,674.33545
34.33173,673.6277
34.34654,673.6277
34.36324,673.6277
34.381035,674.0094
34.395382,674.0094
34.415733,672.9773
34.42906,672.9773
34.445667,672.74756
34.463024,672.74756
34.479523,672.74756
34.498726,671.2484
34.513638,671.2484
34.531597,669.61743
34.545776,669.61743
34.56334,669.61743
34.58126,668.81757
34.594604,668.81757
34.615627,668.7357
34.63037,668.7357
34.646336,668.5783
34.66495,668.5783
34.678955,668.5783
34.696964,668.49194
34.712887,668.49194
34.731274,667.89215
34.745796,667.89215
34.762657,667.89215
34.780796,668.3954
34.796722,668.3954
34.813446,667.8961
34.828835,667.8961
34.847126,667.1201
34.86336,667.1201
34.87963,667.1201
34.89806,666.9773
34.913918,666.9773
34.931534,667.06555
34.945698,667.06555
34.962646,667.06555
34.981564,666.7835
34.99709,666.7835
35.01318,666.0834
35.029636,666.0834
35.049923,666.3453
35.06241,666.3453
35.07961,666.3453
35.096996,666.5559
35.112164,666.5559
35.129944,666.17163
35.14545,666.17163
35.16479,666.2329
35.180717,666.2329
35.197025,666.2329
35.216095,666.0087
35.22907,666.0087
35.245686,665.4123
35.263206,665.4123
35.280983,665.4123
35.298122,665.6147
35.313866,665.6147
35.334133,665.72644
35.346107,665.72644
35.361935,665.72644
35.381687,665.7143
35.396366,665.7143
35.41499,665.26764
35.429417,665.26764
35.446632,665.3959
35.46357,665.3959
35.48004,665.3959
35.49831,664.9394
35.513897,664.9394
35.53127,664.92175
35.546036,664.92175
35.564926,665.1487
35.581303,665.1487
35.59595,665.1487
35.614166,665.255
35.63034,665.255
35.64665,664.96576
35.664303,664.96576
35.6789,664.96576
35.697395,665.1419
35.71431,665.1419
35.730885,665.1284
35.746643,665.1284
35.76269,665.1284
35.783535,665.0233
35.7968,665.0233
35.813416,665.1643
35.828865,665.1643
35.846825,665.23944
35.86347,665.23944
35.880764,665.23944
35.898083,665.07935
35.912434,665.07935
35.92945,665.02527
35.946304,665.02527
35.962948,665.02527
35.980988,665.0165
35.997276,665.0165
36.013103,665.2534
36.031082,665.2534
36.046024,665.25397
36.064663,665.25397
36.08077,665.25397
36.098137,664.9243
36.113758,664.9243
36.129517,664.6271
36.146885,664.6271
36.163082,664.6271
36.180977,664.7993
36.19648,664.7993
36.214806,664.6234
36.228947,664.6234
36.24855,664.76
36.263317,664.76
36.279404,664.76
36.29728,664.4915
36.312756,664.4915
36.33406,664.6862
36.345192,664.6862
36.362545,664.6862
36.379974,664.492
36.39684,664.492
36.416073,664.35876
36.42981,664.35876
36.44693,665.0366
36.463566,665.0366
36.479893,665.0366
36.497498,665.19574
36.513344,665.19574
36.53542,665.08044
36.547035,665.08044
36.562332,665.08044
36.580982,665.0034
36.596333,665.0034
36.618027,664.8784
36.6306,664.8784
36.648926,664.8784
36.66534,664.8784
36.68048,664.8784
36.698196,665.1533
36.714184,665.1533
36.733818,665.098
36.745834,665.098
36.7628,665.098
36.781445,665.1433
36.79686,665.1433
36.81395,665.0702
36.83034,665.0702
36.847275,665.2492
36.8641,665.2492
36.879143,665.2492
36.897957,665.22253
36.913673,665.22253
36.932987,664.9558
36.94648,664.9558
36.962303,664.9558
36.980297,664.72546
36.998276,664.72546
37.014236,664.34796
37.029392,664.34796
37.046696,664.4127
37.063282,664.4127
37.08045,664.4127
37.097107,664.5623
37.112137,664.5623
37.13076,664.9528
37.147663,664.9528
37.163567,664.9528
37.18123,664.59814
37.198162,664.59814
37.21432,664.58936
37.23082,664.58936
37.249588,664.51514
37.263836,664.51514
37.27907,664.51514
37.297626,664.719
37.31321,664.719
37.331875,664.5254
37.346558,664.5254
37.363827,664.5254
37.3814,664.5874
37.395473,664.5874
37.416416,664.0847
37.431362,664.0847
37.448326,663.8911
37.464745,663.8911
37.480137,663.8911
37.498985,664.0067
37.514587,664.0067
37.5313,664.0067
37.546116,664.0067
37.562057,664.0067
37.58074,664.26074
37.596386,664.26074
37.615288,664.2484
37.630398,664.2484
37.646477,664.25714
37.66503,664.25714
37.678802,664.25714
37.69836,664.2866
37.71289,664.2866
37.73623,663.8
37.74559,663.8
37.76328,663.8
37.78128,663.7816
37.797512,663.7816
37.81571,664.0856
37.829586,664.0856
37.846516,664.0856
37.865902,663.70605
37.878883,663.70605
37.897636,663.27856
37.91246,663.27856
37.931263,663.31116
37.945374,663.31116
37.962532,663.31116
37.9823,663.48987
37.99701,663.48987
38.014454,663.2949
38.03087,663.2949
38.046932,663.5432
38.06436,663.5432
38.07925,663.5432
38.0982,663.491
38.113335,663.491
38.129875,663.4596
38.14687,663.4596
38.163326,663.4596
38.18119,664.07587
38.19673,664.07587
38.216534,665.47076
38.23485,665.47076
38.251476,665.67834
38.265896,665.67834
38.281456,665.67834
38.299442,666.16833
38.31535,666.16833
38.334133,666.5662
38.34848,666.5662
38.36522,667.242
38.382217,667.242
38.398888,667.242
38.41613,668.27454
38.43179,668.27454
38.45366,667.6271
38.464012,667.6271
38.481514,667.6271
38.500237,668.99304
38.514736,668.99304
38.53507,670.2284
38.54782,670.2284
38.565742,672.2413
38.583183,672.2413
38.598675,672.2413
38.615765,672.7115
38.632812,672.7115
38.651463,672.7665
38.6662,672.7665
38.68177,672.7665
38.700928,673.40936
38.715595,673.40936
38.736084,673.99365
38.748665,673.99365
38.78103,675.39185
38.79314,675.39185
38.806892,675.96484
38.82388,675.96484
38.840614,675.96484
38.858383,676.6772
38.873936,676.6772
38.890945,677.1062
38.90701,677.1062
38.92322,677.1062
38.940502,678.391
38.956127,678.391
38.976925,678.9053
38.99009,678.9053
39.006737,679.8855
39.02502,679.8855
39.040115,679.8855
39.06179,681.4468
39.073586,681.4468
39.090946,682.4949
39.106377,682.4949
39.123203,682.4949
39.141888,683.14764
39.155037,683.14764
39.174053,684.3446
39.189655,684.3446
39.209312,685.8252
39.22431,685.8252
39.23905,685.8252
39.25791,686.76666
39.27394,686.76666
39.291225,688.06287
39.30663,688.06287
39.325363,688.16614
39.34133,688.16614
39.35613,688.16614
39.37774,689.15686
39.38993,689.15686
39.40683,689.5692
39.423923,689.5692
39.43984,689.5692
39.461887,689.8645
39.47389,689.8645
39.49202,690.5176
39.506073,690.5176
39.522484,690.5176
39.54117,692.27246
39.556225,692.27246
39.57405,692.60925
39.59082,692.60925
39.606853,693.44775
39.624405,693.44775
39.639843,693.44775
39.658733,694.5243
39.67334,694.5243
39.691456,696.2345
39.706802,696.2345
39.722443,696.2345
39.741062,696.9082
39.75727,696.9082
39.773243,697.38635
39.789173,697.38635
39.80739,698.17126
39.82503,698.17126
39.841404,698.17126
39.857956,700.2237
39.874596,700.2237
39.891064,701.0274
39.905582,701.0274
39.922245,701.0274
39.941242,702.2374
39.955833,702.2374
39.977886,703.20264
39.991547,703.20264
40.006958,705.36896
40.025444,705.36896
40.04001,705.36896
40.058796,706.69135
40.07374,706.69135
40.09207,707.55554
40.10623,707.55554
40.12514,708.17706
40.14185,708.17706
40.1576,708.17706
40.175106,708.39575
40.190144,708.39575
40.207687,708.26666
40.223907,708.26666
40.23899,708.26666
40.258396,709.9213
40.273174,709.9213
40.291935,711.19366
40.306812,711.19366
40.322193,711.19366
40.341812,712.01575
40.356186,712.01575
40.37515,713.67224
40.389194,713.67224
40.408813,715.5188
40.42414,715.5188
40.44019,715.5188
40.460197,715.54846
40.474136,715.54846
40.491085,718.093
40.50826,718.093
40.52457,719.5752
40.54069,719.5752
40.556587,719.5752
40.57532,721.4088
40.59094,721.4088
40.606106,722.26685
40.624626,722.26685
40.63897,722.26685
40.659065,723.66766
40.67273,723.66766
40.693707,724.9032
40.70711,724.9032
40.72327,724.9032
40.741535,725.80756
40.75634,725.80756
40.77552,726.67334
40.790028,726.67334
40.807117,726.62915
40.82449,726.62915
40.839504,726.62915
40.85667,726.72986
40.87257,726.72986
40.890984,726.5563
40.906654,726.5563
40.924385,726.5563
40.94146,725.3838
40.957195,725.3838
40.975754,725.0636
40.988647,725.0636
41.00663,724.539
41.024097,724.539
41.03883,724.539
41.059547,724.9612
41.074646,724.9612
41.093372,724.82214
41.106762,724.82214
41.123528,724.82214
41.14197,724.82214
41.157272,724.82214
41.175583,724.8
41.18968,724.8
41.20746,724.6826
41.224712,724.6826
41.239983,724.6826
41.259052,725.48376
41.272842,725.48376
41.291466,725.48376
41.30621,725.48376
41.32531,725.09094
41.34179,725.09094
41.35597,725.09094
41.37491,725.1007
41.39081,725.1007
41.41015,726.1963
41.424908,726.1963
41.440098,726.1963
41.457428,726.4788
41.474216,726.4788
41.49067,725.9122
41.50652,725.9122
41.524303,725.9109
41.5419,725.9109
41.557697,725.9109
41.574463,726.13666
41.59044,726.13666
41.60652,726.17664
41.62489,726.17664
41.639423,726.17664
41.658596,725.5338
41.673233,725.5338
41.691193,724.52216
41.70608,724.52216
41.72352,724.52216
41.74215,724.3617
41.756805,724.3617
41.775433,724.5748
41.78913,724.5748
41.808052,724.48474
41.823517,724.48474
41.839157,724.48474
41.857002,724.0121
41.874092,724.0121
41.892826,723.63477
41.90848,723.63477
41.923218,723.63477
41.940613,723.9751
41.956486,723.9751
41.974617,723.4739
41.99108,723.4739
42.006336,723.6227
42.023186,723.6227
42.039776,723.6227
42.05939,723.7265
42.073837,723.7265
42.09205,723.6516
42.106636,723.6516
42.123375,723.6516
42.14139,723.6029
42.1563,723.6029
42.174088,723.50586
42.198124,723.50586
42.209217,723.16956
42.22648,723.16956
42.240547,723.16956
42.257996,723.1681
42.274124,723.1681
42.29352,722.8226
42.307247,722.8226
42.32303,722.8226
42.3418,723.17847
42.355892,723.17847
42.374836,722.64825
42.39051,722.64825
42.407085,721.78314
42.42446,721.78314
42.44138,721.78314
42.45969,721.2727
42.474434,721.2727
42.49498,721.10846
42.50872,721.10846
42.524303,720.81555
42.542145,720.81555
42.55769,720.81555
42.57584,720.817
42.58959,720.817
42.607418,721.1596
42.623775,721.1596
42.64114,721.1596
42.658768,721.1564
42.67363,721.1564
42.69161,720.47284
42.70648,720.47284
42.72578,720.17914
42.741787,720.17914
42.7555,720.17914
42.774467,720.2604
42.79003,720.2604
42.806152,720.2604
42.82522,720.2604
42.83981,720.2604
42.85691,719.5858
42.88002,719.5858
42.893864,719.29004
42.906315,719.29004
42.92333,719.29004
42.941563,719.1254
42.95736,719.1254
42.97461,719.0611
42.99175,719.0611
43.00725,718.15533
43.025166,718.15533
43.039776,718.15533
43.06032,717.8182
43.07386,717.8182
43.092083,718.31116
43.108997,718.31116
43.1243,718.31116
43.143127,718.31116
43.15744,718.31116
43.174927,718.07666
43.18907,718.07666
43.20983,718.0497
43.224003,718.0497
43.2399,718.0497
43.257877,717.6488
43.273853,717.6488
43.29133,718.2127
43.306675,718.2127
43.322304,718.2127
43.341785,717.5929
43.357338,717.5929
43.37556,717.6931
43.390278,717.6931
43.40746,717.9469
43.424294,717.9469
43.440674,717.9469
43.45806,718.0886
43.4732,718.0886
43.49108,717.61096
43.508015,717.61096
43.524605,717.6167
43.540974,717.6167
43.55634,717.6167
43.574863,717.3109
43.590405,717.3109
43.608143,717.5155
43.624767,717.5155
43.640514,717.5155
43.65889,717.7107
43.67426,717.7107
43.6912,717.9924
43.707054,717.9924
43.72356,717.9924
43.74192,718.91956
43.756157,718.91956
43.775707,718.9794
43.790768,718.9794
43.8067,718.7102
43.825436,718.7102
43.840294,718.7102
43.85881,718.73206
43.87448,718.73206
43.89022,719.678
43.907646,719.678
43.92343,719.678
43.9417,719.7619
43.95739,719.7619
43.9773,719.1083
43.989956,719.1083
44.007923,718.6567
44.02572,718.6567
44.04127,718.6567
44.058414,716.90845
44.073547,716.90845
44.092396,716.63947
44.107212,716.63947
44.1249,715.8705
44.140797,715.8705
44.156017,715.8705
44.176334,714.63806
44.18998,714.63806
44.21048,713.92163
44.228138,713.92163
44.240616,713.92163
44.25866,712.75836
44.272358,712.75836
44.29113,711.94775
44.307663,711.94775
44.323215,711.94775
44.341835,711.10657
44.35773,711.10657
44.37553,710.1842
44.39033,710.1842
44.406647,710.20264
44.42539,710.20264
44.43922,710.20264
44.458168,707.8092
44.473385,707.8092
44.493103,707.01465
44.506184,707.01465
44.524445,706.28235
44.54207,706.28235
44.556915,706.28235
44.57676,705.1958
44.588974,705.1958
44.609436,703.9783
44.623917,703.9783
44.64124,703.9783
44.659515,702.6399
44.673046,702.6399
44.695076,701.5836
44.707302,701.5836
44.724598,700.5709
44.741756,700.5709
44.756737,700.5709
44.775265,699.74255
44.79173,699.74255
44.80669,698.2484
44.824863,698.2484
44.840492,698.2484
44.85875,697.6409
44.874584,697.6409
44.89115,696.0242
44.908554,696.0242
44.923145,696.0242
44.94139,694.38947
44.957207,694.38947
44.976097,693.82214
44.990314,693.82214
45.00858,692.9889
45.025322,692.9889
45.041218,692.9889
45.059887,691.35583
45.075005,691.35583
45.094055,690.614
45.107716,690.614
45.126366,689.39484
45.141598,689.39484
45.15747,689.39484
45.175644,688.44165
45.191223,688.44165
45.208015,686.8779
45.22574,686.8779
45.241444,686.8779
45.261677,685.79803
45.27693,685.79803
45.291153,684.4368
45.308292,684.4368
45.32377,684.4368
45.34212,683.4463
45.357845,683.4463
45.375298,682.194
45.391426,682.194
45.40772,679.71936
45.42515,679.71936
45.44149,679.71936
45.45918,679.8507
45.473957,679.8507
45.491966,678.5725
45.50807,678.5725
45.524994,678.0176
45.542282,678.0176
45.560184,678.0176
45.57854,677.0332
45.591747,677.0332
45.608707,675.7179
45.625477,675.7179
45.641125,675.7179
45.658695,674.1579
45.675007,674.1579
45.691925,674.0541
45.70856,674.0541
45.72598,672.29395
45.74334,672.29395
45.75819,672.29395
45.776115,670.02545
45.79105,670.02545
45.807632,670.0169
45.824787,670.0169
45.840763,670.0169
45.858643,669.4463
45.87375,669.4463
45.896454,667.4735
45.90796,667.4735
45.924843,667.37103
45.942043,667.37103
45.95826,667.37103
45.978123,666.5265
45.991375,666.5265
46.012405,664.7628
46.023243,664.7628
46.041355,664.7628
46.060123,664.39923
46.07366,664.39923
46.093292,663.3441
46.107826,663.3441
46.12665,662.9795
46.14205,662.9795
46.158432,662.9795
46.17867,662.59094
46.19056,662.59094
46.21359,660.94055
46.224216,660.94055
46.24044,660.94055
46.25756,659.8905
46.274982,659.8905
46.293125,658.7241
46.306763,658.7241
46.325825,658.7241
46.341503,658.1577
46.35796,658.1577
46.375412,657.8008
46.392014,657.8008
46.411118,656.8231
46.423954,656.8231
46.441864,656.8231
46.459114,656.9436
46.47572,656.9436
46.4932,656.65857
46.507526,656.65857
46.52361,656.65857
46.54111,654.05664
46.556583,654.05664
46.575146,653.8489
46.589573,653.8489
46.60681,652.7358
46.624874,652.7358
46.64035,652.7358
46.658268,652.57385
46.673943,652.57385
46.695633,652.7724
46.708263,652.7724
46.72446,652.6969
46.741734,652.6969
46.757095,652.6969
46.77744,652.37146
46.79025,652.37146
46.81187,652.4306
46.824116,652.4306
46.839905,652.4306
46.858124,652.4236
46.8744,652.4236
46.89237,652.4318
46.906982,652.4318
46.924744,652.341
46.9415,652.341
46.95746,652.341
46.975693,652.21484
46.991104,652.21484
47.006615,652.5
47.024338,652.5
47.039536,652.5
47.0582,652.2683
47.073975,652.2683
47.0918,652.2471
47.107647,652.2471
47.12513,652.13043
47.141403,652.13043
47.15814,652.13043
47.17483,651.99194
47.190567,651.99194
47.207584,651.99194
47.22388,651.99194
47.240902,651.99194
47.258434,652.2893
47.274025,652.2893
47.291737,652.16046
47.30811,652.16046
47.32569,652.0071
47.340557,652.0071
47.357643,652.0071
47.37475,651.8095
47.390987,651.8095
47.410873,651.87805
47.4242,651.87805
47.441486,651.87805
47.461647,651.7649
47.477478,651.7649
47.49259,651.5821
47.508785,651.5821
47.524986,651.56555
47.542408,651.56555
47.557896,651.56555
47.578026,650.85657
47.59175,650.85657
47.610985,650.9858
47.62577,650.9858
47.640766,650.9858
47.661335,650.8755
47.676384,650.8755
47.69172,650.7816
47.7106,650.7816
47.723103,650.7816
47.741795,651.06476
47.75703,651.06476
47.77418,651.26746
47.790215,651.26746
47.80629,651.57245
47.824562,651.57245
47.841114,651.57245
47.858875,651.48047
47.87409,651.48047
47.890945,650.9348
47.905834,650.9348
47.92318,650.9348
47.94072,651.19934
47.956398,651.19934
47.975502,651.4397
47.990566,651.4397
48.00769,651.7047
48.024097,651.7047
48.04186,651.7047
48.05897,651.408
48.074425,651.408
48.09112,651.4651
48.10681,651.4651
48.123432,651.4651
48.14015,651.585
48.157097,651.585
48.175518,651.777
48.19038,651.777
48.20703,651.1986
48.225132,651.1986
48.240322,651.1986
48.25799,651.16785
48.27312,651.16785
48.293144,650.7253
48.30969,650.7253
48.32494,650.7253
48.341576,650.7253
48.357124,650.7253
48.375328,651.35
48.390438,651.35
48.407898,651.35
48.424484,651.35
48.440197,651.35
48.458805,651.4022
48.473206,651.4022
48.495396,651.41223
48.507637,651.41223
48.524433,651.1575
48.541733,651.1575
48.557247,651.1575
48.575253,651.4228
48.590687,651.4228
48.60989,651.4966
48.624474,651.4966
48.641975,651.4966
48.65829,651.45325
48.67432,651.45325
48.6919,652.14624
48.707245,652.14624
48.724087,652.14624
48.742973,652.119
48.756676,652.119
48.77478,651.6022
48.79103,651.6022
48.811825,651.7714
48.825867,651.7714
48.8397,651.7714
48.85973,651.29895
48.873726,651.29895
48.894646,651.36865
48.906506,651.36865
48.925266,652.0132
48.94115,652.0132
48.95672,652.0132
48.97548,651.8889
48.992023,651.8889
49.00894,651.4774
49.02375,651.4774
49.039677,651.4774
49.05885,651.5359
49.074173,651.5359
49.09178,651.5396
49.10817,651.5396
49.123775,651.5396
49.143005,651.6354
49.15729,651.6354
49.17711,652.26715
49.191795,652.26715
49.206642,652.32
49.224022,652.32
49.24045,652.32
49.258957,652.22296
49.273773,652.22296
49.29536,652.6896
49.309135,652.6896
49.324867,651.8949
49.341267,651.8949
49.35663,651.8949
49.37546,652.3185
49.389534,652.3185
49.40891,652.13104
49.42362,652.13104
49.441353,652.13104
49.459846,652.0969
49.472725,652.0969
49.49297,652.1745
49.50787,652.1745
49.524525,652.2898
49.541637,652.2898
49.55662,652.2898
49.575546,652.11304
49.589806,652.11304
49.607376,652.26117
49.624966,652.26117
49.639927,652.26117
49.65902,652.2327
49.673737,652.2327
49.6912,652.1787
49.707882,652.1787
49.725437,652.2669
49.742634,652.2669
49.75947,652.2669
49.775734,652.3297
49.79206,652.3297
49.806873,652.26715
49.82537,652.26715
49.839516,652.26715
49.858936,652.1495
49.873325,652.1495
49.89477,652.0954
49.908543,652.0954
49.9254,652.16345
49.942326,652.16345
49.958397,652.16345
49.978077,652.1703
49.98986,652.1703
50.009148,652.0432
50.02409,652.0432
50.040504,652.0432
50.05857,653.00977
50.07437,653.00977
50.092136,653.8086
50.106018,653.8086
50.12504,653.85547
50.14136,653.85547
50.15684,653.85547
50.174477,654.5019
50.190083,654.5019
50.20722,656.1649
50.224995,656.1649
50.240063,656.1649
50.259453,655.99634
50.273697,655.99634
50.292194,657.28625
50.307423,657.28625
50.323376,657.28625
50.34291,658.2491
50.35705,658.2491
50.37653,659.00745
50.390076,659.00745
50.410378,660.4758
50.424065,660.4758
50.440582,660.4758
50.45902,661.7467
50.474743,661.7467
50.49232,662.72205
50.506634,662.72205
50.524155,663.60596
50.540535,663.60596
50.557472,663.60596
50.576035,664.5848
50.59038,664.5848
50.606934,665.9507
50.624283,665.9507
50.640377,665.9507
50.660023,667.5307
50.67423,667.5307
50.695633,668.70996
50.706985,668.70996
50.72452,669.6753
50.741764,669.6753
50.75789,669.6753
50.77944,670.85815
50.79341,670.85815
50.81021,671.6581
50.826126,671.6581
50.840935,671.6581
50.85878,672.7022
50.872612,672.7022
50.891785,673.3513
50.906246,673.3513
50.923885,673.3513
50.94224,674.9489
50.95681,674.9489
50.97957,676.61945
50.990623,676.61945
51.00894,678.0148
51.02442,678.0148
51.040455,678.0148
51.05964,679.4229
51.073116,679.4229
51.09142,681.1189
51.106476,681.1189
51.12393,681.1189
51.143055,683.3561
51.15692,683.3561
51.175358,683.8536
51.190456,683.8536
51.212727,684.90076
51.223484,684.90076
51.240574,684.90076
51.258602,686.8767
51.27469,686.8767
51.292137,687.7152
51.3074,687.7152
51.323357,687.7152
51.341343,688.6471
51.35679,688.6471
51.37529,689.84326
51.39139,689.84326
51.409397,689.69934
51.424076,689.69934
51.440823,689.69934
51.459423,690.7864
51.474594,690.7864
51.492195,691.59283
51.5065,691.59283
51.52342,691.59283
51.542084,692.796
51.55653,692.796
51.57741,693.65314
51.58958,693.65314
51.60775,694.7423
51.62538,694.7423
51.63997,694.7423
51.65803,695.7032
51.674557,695.7032
51.692364,697.229
51.707745,697.229
51.72484,698.2207
51.742287,698.2207
51.756634,698.2207
51.776115,699.5366
51.790726,699.5366
51.807423,699.8267
51.825047,699.8267
51.840443,699.8267
51.859123,701.2269
51.87346,701.2269
51.8906,701.45996
51.908443,701.45996
51.92415,701.45996
51.942097,702.53125
51.957733,702.53125
51.978745,703.9213
51.990993,703.9213
52.00732,705.95667
52.02542,705.95667
52.040817,705.95667
52.057755,707.3804
52.073532,707.3804
52.093082,709.0825
52.107723,709.0825
52.124638,709.0825
52.142708,710.0951
52.15789,710.0951
52.17573,711.36926
52.190376,711.36926
52.209618,711.7157
52.224094,711.7157
52.24121,711.7157
52.25828,712.1254
52.273563,712.1254
52.291615,714.79504
52.30682,714.79504
52.324802,715.4303
52.342403,715.4303
52.35667,715.4303
52.375877,716.32104
52.39042,716.32104
52.40737,717.67596
52.42623,717.67596
52.442387,717.67596
52.459988,717.99646
52.476086,717.99646
52.49709,718.9691
52.507854,718.9691
52.524387,719.96387
52.541805,719.96387
52.556953,719.96387
52.574894,721.9751
52.58965,721.9751
52.608902,723.6147
52.622498,723.6147
52.640713,723.6147
52.658863,724.58307
52.673695,724.58307
52.69219,725.57434
52.707634,725.57434
52.725533,726.81714
52.742447,726.81714
52.75715,726.81714
52.775566,726.80304
52.790863,726.80304
52.8098,727.0431
52.82402,727.0431
52.8403,727.0431
52.8594,726.8627
52.873363,726.8627
52.89279,726.3407
52.906086,726.3407
52.92523,726.28784
52.943047,726.28784
52.95714,726.28784
52.97543,726.28784
52.990646,726.28784
53.007484,725.91565
53.026356,725.91565
53.042107,725.91565
53.059452,726.0834
53.07449,726.0834
53.09169,725.5719
53.107613,725.5719
53.1226,725.5719
53.143066,725.97876
53.157536,725.97876
53.175533,725.7118
53.189693,725.7118
53.208183,725.6041
53.22522,725.6041
53.240704,725.6041
53.25854,725.72253
53.273716,725.72253
53.29218,725.69794
53.306305,725.69794
53.325104,726.4327
53.34356,726.4327
53.357376,726.4327
53.374992,726.4566
53.390823,726.4566
53.40683,726.62463
53.424442,726.62463
53.439976,726.62463
53.458916,726.39557
53.47372,726.39557
53.494858,726.21173
53.508324,726.21173
53.52477,726.3591
53.541904,726.3591
53.557053,726.3591
53.57629,726.19727
53.590897,726.19727
53.60835,725.9038
53.625557,725.9038
53.640564,725.9038
53.65964,725.241
53.675148,725.241
53.694687,724.5842
53.707443,724.5842
53.725,723.9373
53.742096,723.9373
53.75882,723.9373
53.77854,724.24536
53.790382,724.24536
53.80756,723.4147
53.82613,723.4147
53.840317,723.4147
53.858837,723.6742
53.87296,723.6742
53.892277,722.74475
53.907112,722.74475
53.925472,723.3769
53.940987,723.3769
53.958107,723.3769
53.97544,723.38416
53.99117,723.38416
54.01009,723.8102
54.02556,723.8102
54.041065,723.8102
54.06036,723.94446
54.07493,723.94446
54.091995,724.7222
54.10816,724.7222
54.125854,723.9878
54.141994,723.9878
54.15716,723.9878
54.176655,724.6799
54.206448,724.6799
54.217056,724.18726
54.233192,724.18726
54.254658,725.103
54.26648,725.103
54.284008,725.103
54.29983,725.4529
54.31567,725.4529
54.33676,725.16614
54.348198,725.16614
54.36502,725.3526
54.381565,725.3526
54.399044,725.3526
54.41818,725.3015
54.431225,725.3015
54.449524,725.62463
54.465885,725.62463
54.482647,725.62463
54.499672,725.6166
54.51606,725.6166
54.534214,725.381
54.550354,725.381
54.567974,725.3434
54.583588,725.3434
54.600117,725.3434
54.616932,725.29114
54.63273,725.29114
54.654472,725.20374
54.66644,725.20374
54.681976,725.20374
54.69957,724.8772
54.71512,724.8772
54.735558,724.5786
54.749004,724.5786
54.76542,724.7357
54.78719,724.7357
54.799416,724.7357
54.817337,725.0834
54.8322,725.0834
54.85425,724.4177
54.867126,724.4177
54.88263,724.4177
54.901222,724.4638
54.91579,724.4638
54.933746,724.94446
54.948776,724.94446
54.967377,724.19794
54.98359,724.19794
54.998295,724.19794
55.01585,724.9297
55.033695,724.9297
55.050797,724.5655
55.066525,724.5655
55.083027,724.5655
55.10007,724.63837
55.116234,724.63837
55.1351,724.72327
55.149067,724.72327
55.166027,723.7541
55.184235,723.7541
55.199734,723.7541
55.216515,723.91003
55.23292,723.91003
55.251198,724.03394
55.266045,724.03394
55.283436,724.03394
55.30003,723.5443
55.315536,723.5443
55.333485,723.4954
55.349277,723.4954
55.366367,723.45044
55.383877,723.45044
55.398804,723.45044
55.416782,723.20514
55.432858,723.20514
55.450756,723.1833
55.466026,723.1833
55.4823,723.1833
55.50034,722.1666
55.516678,722.1666
55.534897,722.1903
55.548252,722.1903
55.56541,723.17365
55.582993,723.17365
55.59949,723.17365
55.61674,722.92456
55.63207,722.92456
55.64888,723.4585
55.66597,723.4585
55.683357,723.4585
55.700645,723.4585
55.71588,723.4585
55.733982,723.4166
55.748554,723.4166
55.76587,723.14746
55.783676,723.14746
55.800102,723.14746
55.82033,721.91205
55.83336,721.91205
55.850697,721.9399
55.866695,721.9399
55.88257,721.9399
55.900223,721.895
55.915344,721.895
55.933613,721.56134
55.949074,721.56134
55.967113,721.0669
55.983765,721.0669
55.998867,721.0669
56.017315,719.3678
56.03156,719.3678
56.053352,718.2926
56.065002,718.2926
56.08281,718.2926
56.10086,718.3092
56.11622,718.3092
56.132607,717.8408
56.148907,717.8408
56.16668,717.8408
56.184986,717.8408
56.200302,717.8408
56.217686,717.56604
56.231735,717.56604
56.250294,717.03784
56.265892,717.03784
56.282547,717.03784
56.29931,716.5166
56.315983,716.5166
56.333023,715.6484
56.34757,715.6484
56.36711,715.03094
56.383247,715.03094
56.399048,715.03094
56.417877,714.487
56.433662,714.487
56.452282,712.3954
56.466255,712.3954
56.482662,712.3954
56.50073,711.41614
56.515564,711.41614
56.533615,710.454
56.549355,710.454
56.568497,709.4264
56.583508,709.4264
56.5994,709.4264
56.616867,707.16565
56.6326,707.16565
56.654305,705.4215
56.66629,705.4215
56.681515,705.4215
56.700317,704.0951
56.716026,704.0951
56.734184,703.43054
56.74851,703.43054
56.76585,701.4413
56.78427,701.4413
56.799053,701.4413
56.8178,700.3928
56.83256,700.3928
56.854362,698.974
56.86628,698.974
56.88208,698.974
56.900517,698.09
56.91514,698.09
56.933266,695.1666
56.947884,695.1666
56.969982,695.07043
56.984097,695.07043
56.99958,695.07043
57.017105,694.09607
57.031948,694.09607
57.04836,693.0299
57.068027,693.0299
57.08089,693.0299
57.100723,691.50586
57.116173,691.50586
57.1326,691.78357
57.1489,691.78357
57.16547,690.6655
57.183475,690.6655
57.199173,690.6655
57.21696,688.875
57.232643,688.875
57.249607,686.7102
57.26459,686.7102
57.28236,686.7102
57.30074,685.772
57.31699,685.772
57.332405,684.869
57.34888,684.869
57.36468,682.94714
57.383717,682.94714
57.400547,682.94714
57.417713,681.5016
57.432777,681.5016
57.453964,680.6764
57.46736,680.6764
57.48391,680.6764
57.50219,679.0
57.517067,679.0
57.53742,677.6013
57.548798,677.6013
57.56664,676.0912
57.583973,676.0912
57.5982,676.0912
57.617176,674.93396
57.632225,674.93396
57.65431,673.44403
57.666103,673.44403
57.682247,673.44403
57.701145,672.96204
57.716362,672.96204
57.732872,670.7811
57.7491,670.7811
57.76516,669.1382
57.78455,669.1382
57.79863,669.1382
57.81764,667.54236
57.83325,667.54236
57.85484,666.9834
57.865677,666.9834
57.881702,666.9834
57.899822,665.9293
57.9155,665.9293
57.936913,663.8778
57.950184,663.8778
57.96609,662.40784
57.98499,662.40784
57.99977,662.40784
58.01804,660.5947
58.032875,660.5947
58.049088,661.1246
58.06584,661.1246
58.08255,661.1246
58.100246,659.875
58.115757,659.875
58.13448,658.3822
58.151077,658.3822
58.1661,656.4552
58.184074,656.4552
58.19842,656.4552
58.217403,656.84766
58.232826,656.84766
58.253433,655.8937
58.26467,655.8937
58.281513,655.8937
58.3005,654.83594
58.316856,654.83594
58.33499,654.593
58.348797,654.593
58.365116,653.3551
58.381977,653.3551
58.39852,653.3551
58.416466,653.1233
58.43269,653.1233
58.45158,653.3862
58.466698,653.3862
58.483482,653.3862
58.500843,651.94946
58.515724,651.94946
58.534645,651.74243
58.549694,651.74243
58.565586,651.74133
58.583313,651.74133
58.59867,651.74133
58.61816,650.6947
58.63217,650.6947
58.65017,649.80896
58.66648,649.80896
58.68226,649.80896
58.701225,648.5848
58.716373,648.5848
58.734585,648.2727
58.74981,648.2727
58.766075,646.99316
58.784622,646.99316
58.799965,646.99316
58.818836,646.62585
58.831642,646.62585
58.85077,645.86957
58.866646,645.86957
58.882305,645.86957
58.900463,645.13696
58.916256,645.13696
58.936047,644.3334
58.948833,644.3334
58.96658,644.513
58.98358,644.513
58.999386,644.513
59.017647,644.0924
59.032314,644.0924
59.051003,644.1415
59.06574,644.1415
59.083668,644.1415
59.102036,644.0094
59.116467,644.0094
59.134605,643.55334
59.14847,643.55334
59.167126,643.0787
59.183926,643.0787
59.19975,643.0787
59.218822,643.00323
59.232124,643.00323
59.249985,642.53894
59.265625,642.53894
59.282085,642.53894
59.30384,642.05505
59.315617,642.05505
59.333946,642.6331
59.348904,642.6331
59.366028,642.6644
59.38322,642.6644
59.39892,642.6644
59.418274,642.69324
59.43277,642.69324
59.455036,642.5238
59.46646,642.5238
59.482822,642.5238
59.500103,641.57764
59.515343,641.57764
59.53429,641.7085
59.54853,641.7085
59.568047,641.6677
59.58429,641.6677
59.598667,641.6677
59.617718,640.77924
59.63235,640.77924
59.649555,641.12134
59.66643,641.12134
59.682434,641.12134
59.700226,641.1049
59.71668,641.1049
59.733135,640.4409
59.750217,640.4409
59.766777,640.63727
59.78334,640.63727
59.79946,640.63727
59.819054,640.5747
59.832844,640.5747
59.850685,640.52014
59.86703,640.52014
59.882973,640.52014
59.90008,640.39935
59.91675,640.39935
59.932583,640.3179
59.94914,640.3179
59.96,640.3179
59.96,640.3179