0.12,326.88
0.16,328.43475
0.2,326.65997
0.24,325.5952
0.28,324.925
0.32,324.925
0.36,326.1042
0.4,326.1042
0.44,325.29547
0.48,324.7292
0.52,325.15094
0.56,325.15094
0.6,326.39288
0.64,326.39288
0.68,324.0
0.72,324.0
0.76,324.0
0.8,325.4259
0.88,323.15094
0.92,323.15094
0.96,322.8542
1.0,322.8542
1.04,323.2553
1.08,323.2553
1.12,323.2553
1.16,323.2553
1.2,323.12726
1.24,323.12726
1.28,323.26227
1.3199999,323.76562
1.36,323.76562
1.4,323.76562
1.44,323.36664
1.48,322.79663
1.52,323.66132
1.56,323.66132
1.6,322.89288
1.64,322.89288
1.6800001,323.72546
1.72,323.72546
1.76,324.0323
1.8,324.0323
1.8344525,324.11108
1.8399999,324.11108
1.88,324.73334
1.8985887,324.73334
1.9275732,324.73334
1.949976,323.80328
1.9617119,323.80328
1.9959567,323.80328
2.0221035,324.68573
2.0334535,324.68573
2.0621998,324.68573
2.0735176,324.68573
2.1024294,324.42426
2.113709,324.42426
2.1426148,324.42426
2.1547966,324.42426
2.1846824,324.08063
2.1957402,324.08063
2.2225835,324.53845
2.236068,324.53845
2.2653313,326.30188
2.2764928,326.30188
2.302867,326.30188
2.3139036,326.30188
2.3444943,325.65387
2.3553245,325.65387
2.3827367,323.81818
2.3943033,323.81818
2.422595,323.81818
2.4339707,323.81818
2.4782245,323.81818
2.48,323.81818
2.5155325,324.92188
2.5296288,324.92188
2.5522356,325.12305
2.5630233,325.12305
2.5950632,323.9815
2.6239426,323.9815
2.6345,323.9815
2.662105,324.89655
2.6754274,324.89655
2.7032263,324.77777
2.7132814,324.77777
2.742153,326.05
2.752844,326.05
2.7831635,326.05
2.79318,326.05
2.8290918,324.4909
2.8405879,324.4909
2.863224,324.55554
2.8748016,324.55554
2.9022694,325.18182
2.9150903,325.18182
2.9423199,325.96613
2.9531116,325.96613
2.9832544,325.91803
2.9940672,325.91803
3.0233214,327.16327
3.0396068,327.16327
3.064125,325.0238
3.0751572,325.0238
3.1034675,327.03998
3.1149528,327.03998
3.1438425,326.44
3.15865,326.44
3.1851082,327.4167
3.195867,327.4167
3.2261748,329.61664
3.2417762,329.61664
3.2712429,329.4815
3.3027766,327.8269
3.313361,327.8269
3.343376,328.90387
3.355831,328.90387
3.3819642,329.90912
3.393023,329.90912
3.4227004,331.03845
3.433393,331.03845
3.462973,330.46667
3.477053,330.46667
3.5034404,330.10907
3.5173151,330.10907
3.542254,330.3333
3.5549493,330.3333
3.583431,332.26416
3.596698,332.26416
3.6227279,332.02173
3.6331265,332.02173
3.6633193,331.2857
3.6788988,331.2857
3.7041092,333.08002
3.7145157,333.08002
3.7425914,333.21155
3.753192,333.21155
3.783344,333.91895
3.793756,333.91895
3.8256376,334.2
3.8365016,334.2
3.863913,334.16278
3.8767478,334.16278
3.9059856,334.8095
3.9172018,334.8095
3.9416673,336.4151
3.9539776,336.4151
3.9839551,337.6667
3.9950194,337.6667
4.029604,336.41937
4.04,336.41937
4.0668674,336.68335
4.0822587,336.68335
4.1102557,336.66132
4.1426644,337.3333
4.1530766,337.3333
4.1827083,338.7
4.196428,338.7
4.2224956,341.20312
4.2384276,341.20312
4.2628813,338.41998
4.2734756,338.41998
4.30336,339.57776
4.313726,339.57776
4.3466263,340.59998
4.3575764,340.59998
4.3827763,342.71832
4.393437,342.71832
4.422962,342.5122
4.4370794,342.5122
4.4768248,342.18646
4.4874473,342.18646
4.517777,343.16437
4.5432887,343.72858
4.5546303,343.72858
4.582427,344.39685
4.5925,344.39685
4.621557,344.69232
4.632195,344.69232
4.66392,345.69696
4.677373,345.69696
4.703215,346.0923
4.7133493,346.0923
4.74296,345.56604
4.7579455,345.56604
4.7851505,347.28302
4.7961497,347.28302
4.823801,347.52942
4.836241,347.52942
4.861544,348.8
4.8721547,348.8
4.9050226,347.93878
4.9157643,347.93878
4.943543,348.03705
4.9574485,348.03705
4.9819174,348.3684
4.9955626,348.3684
5.0231605,348.54413
5.034815,348.54413
5.063231,349.44873
5.073901,349.44873
5.103487,349.27026
5.114095,349.27026
5.1427865,349.91937
5.1537075,349.91937
5.1828175,351.16437
5.194889,351.16437
5.2219143,351.25354
5.233066,351.25354
5.2628345,351.72858
5.2738323,351.72858
5.303148,351.29688
5.314227,351.29688
5.3430386,351.64703
5.3539915,351.64703
5.3831983,352.90912
5.3942738,352.90912
5.422989,352.59418
5.43446,352.59418
5.4637957,353.80646
5.4760337,353.80646
5.5026617,353.82257
5.5134425,353.82257
5.5423326,354.05798
5.555481,354.05798
5.5852633,355.04547
5.596202,355.04547
5.6217246,354.4776
5.6317425,354.4776
5.6641016,355.35187
5.674225,355.35187
5.7037687,355.75928
5.719168,355.75928
5.7445965,355.40387
5.7575603,355.40387
5.786285,355.9865
5.7965446,355.9865
5.823511,355.9865
5.8352056,355.9865
5.861927,356.04614
5.8721704,356.04614
5.905491,356.04614
5.918176,356.04614
5.9434967,356.17645
5.956585,356.17645
5.9821653,356.17645
5.9929576,356.17645
6.024324,356.9143
6.036071,356.9143
6.063571,356.63635
6.0742207,356.63635
6.1026444,356.63635
6.1138597,356.63635
6.143757,356.63635
6.154044,356.63635
6.1825204,356.60315
6.192599,356.60315
6.2224083,356.76562
6.2329936,356.76562
6.264953,356.31744
6.277269,356.31744
6.3020844,356.31744
6.3174925,356.31744
6.342371,356.37878
6.354676,356.37878
6.382686,355.95654
6.3937683,355.95654
6.425265,357.08826
6.4373703,357.08826
6.465563,357.04547
6.476814,357.04547
6.507975,356.9552
6.5182242,356.9552
6.543445,356.9552
6.5557365,356.9552
6.583338,356.5857
6.5936055,356.5857
6.6229706,356.5857
6.6334333,356.5857
6.6633625,355.55554
6.6732783,355.55554
6.707277,355.55554
6.72136,355.55554
6.746215,355.4286
6.75636,355.4286
6.793724,355.4286
6.8046823,355.4286
6.8333716,356.04443
6.861775,356.04443
6.8720765,356.04443
6.9031754,355.98358
6.9157677,355.98358
6.942314,355.98358
6.9529905,355.98358
6.982582,355.98358
6.996758,355.98358
7.023169,355.74194
7.033892,355.74194
7.0634174,355.54095
7.077758,355.54095
7.0902996,355.54095
7.110222,355.54095
7.12,355.54095
7.147228,355.54095
7.16,355.8615
7.1975293,356.04688
7.212476,356.04688
7.24,355.0323
7.2690096,354.96667
7.279467,354.96667
7.302571,354.84747
7.3127966,354.84747
7.3448663,354.84747
7.355353,354.84747
7.381829,354.77356
7.3924627,354.77356
7.4220066,354.77356
7.432468,354.77356
7.4625235,354.30615
7.472956,354.30615
7.5029874,354.30615
7.516708,354.30615
7.5434093,353.28845
7.5536165,353.28845
7.582021,353.28845
7.595753,353.28845
7.6227207,353.29633
7.6326127,353.29633
7.663479,353.3684
7.6735516,353.3684
7.7038674,353.35297
7.7189426,353.35297
7.742898,353.35297
7.753555,353.35297
7.784016,353.7193
7.7951846,353.7193
7.8243637,353.7193
7.8353877,353.7193
7.8677483,354.1129
7.87823,354.1129
7.9026713,354.1129
7.9163475,354.1129
7.9430995,354.1129
7.95464,354.1129
7.983037,354.1129
7.9929676,354.1129
8.023666,353.9643
8.034702,353.9643
8.064402,354.0702
8.078331,354.0702
8.102335,353.44446
8.113034,353.44446
8.144475,353.44446
8.155255,353.44446
8.182743,353.09613
8.195362,353.09613
8.222287,353.2453
8.233322,353.2453
8.262968,353.44446
8.276978,353.44446
8.302612,353.44446
8.31366,353.44446
8.342986,352.20587
8.355757,352.20587
8.390769,352.96924
8.402639,352.96924
8.429404,352.96924
8.443418,352.96924
8.472361,352.96924
8.50285,353.34918
8.512665,353.34918
8.543033,353.34918
8.556012,353.34918
8.58457,353.1286
8.599523,353.1286
8.6244,353.3333
8.637368,353.3333
8.663315,353.3333
8.676411,353.3333
8.704762,353.3333
8.718129,353.3333
8.747811,352.96722
8.758772,352.96722
8.785959,353.19354
8.801876,353.19354
8.841214,353.7083
8.865226,351.95557
8.876544,351.95557
8.9027815,351.74194
8.913407,351.74194
8.94335,351.84125
8.954052,351.84125
8.982349,351.0484
8.991971,351.0484
9.021852,350.375
9.036684,350.375
9.062354,351.5246
9.074794,351.5246
9.102538,351.0
9.116102,351.0
9.143177,350.03638
9.153809,350.03638
9.182622,349.5
9.197706,349.5
9.223902,349.97058
9.2347555,349.97058
9.262957,350.32202
9.273467,350.32202
9.302877,348.0526
9.312441,348.0526
9.346314,347.807
9.357036,347.807
9.383555,347.3261
9.393553,347.3261
9.423652,347.17145
9.4348755,347.17145
9.462803,347.75
9.476202,347.75
9.50288,346.79248
9.513007,346.79248
9.543517,345.84314
9.553698,345.84314
9.582531,345.60657
9.596134,345.60657
9.623039,345.2931
9.633165,345.2931
9.663445,344.375
9.675741,344.375
9.702628,344.4677
9.712502,344.4677
9.743014,343.93475
9.753582,343.93475
9.783196,343.0833
9.7968235,343.0833
9.822988,343.30615
9.836885,343.30615
9.861895,344.73584
9.872053,344.73584
9.903695,342.90387
9.913909,342.90387
9.943172,342.1778
9.953792,342.1778
9.981979,341.5741
9.991911,341.5741
10.022553,340.5246
10.034098,340.5246
10.068688,339.5185
10.078933,339.5185
10.105,339.79248
10.117339,339.79248
10.147608,340.5088
10.162692,340.5088
10.196266,339.3158
10.222618,339.37286
10.235709,339.37286
10.263588,339.3269
10.277576,339.3269
10.303022,339.0476
10.312908,339.0476
10.342927,340.48834
10.354182,340.48834
10.383527,339.20514
10.3938875,339.20514
10.423506,338.46936
10.433824,338.46936
10.463471,337.35712
10.477315,337.35712
10.504641,337.15558
10.518919,337.15558
10.547433,336.86957
10.56,336.86957
10.591201,336.61816
10.6,336.61816
10.64,336.31372
10.68,335.65955
10.72,335.65955
10.76,333.91895
10.8,333.91895
10.84,333.25
10.878173,333.25
10.88,332.1964
10.92,333.36066
10.96,332.01697
11.0,332.2857
11.035571,331.62964
11.066511,331.36737
11.07718,331.36737
11.102625,332.86206
11.116529,332.86206
11.144917,331.5738
11.155861,331.5738
11.183309,331.3333
11.1971855,331.3333
11.222567,328.62
11.234018,328.62
11.262412,327.37738
11.277063,327.37738
11.304795,327.9677
11.318889,327.9677
11.36,327.36066
11.389267,327.36066
11.4,327.2879
11.44,325.88336
11.48,326.0161
11.498256,326.0161
11.52,327.13232
11.553705,325.63635
11.56,325.63635
11.587243,326.32
11.596993,326.32
11.622294,324.9508
11.6318445,324.9508
11.661974,323.59613
11.672117,323.59613
11.702489,322.92682
11.712766,322.92682
11.742884,323.04083
11.753651,323.04083
11.784129,323.90198
11.794338,323.90198
11.826584,323.46295
11.837272,323.46295
11.862026,323.6491
11.872251,323.6491
11.90266,323.6491
11.916604,323.6491
11.941816,324.10205
11.952194,324.10205
11.98332,323.85712
11.993643,323.85712
12.022199,323.0351
12.033214,323.0351
12.08,323.0351
12.109173,323.0351
12.12,323.28333
12.16,323.28333
12.2,324.32434
12.221932,324.32434
12.24,323.11426
12.275902,323.7447
12.286185,323.7447
12.313436,324.18182
12.342956,322.25
12.355849,322.25
12.381947,322.25
12.392559,322.25
12.422612,321.825
12.433304,321.825
12.464006,321.825
12.474775,321.825
12.503077,321.825
12.513662,321.825
12.544895,321.825
12.557209,321.825
12.582336,322.7273
12.592241,322.7273
12.622643,322.7273
12.633882,322.7273
12.670733,322.34998
12.680685,322.34998
12.703079,321.9524
12.71419,321.9524
12.7417755,321.73334
12.755816,321.73334
12.783386,321.73334
12.798592,321.73334
12.822689,322.193
12.835233,322.193
12.861733,322.193
12.872292,322.193
12.905649,322.14288
12.916674,322.14288
12.941948,322.14288
12.952029,322.14288
12.983351,322.14288
12.993219,322.14288
13.022181,321.23212
13.033108,321.23212
13.066604,321.26923
13.078423,321.26923
13.102335,321.26923
13.112476,321.26923
13.142287,322.1695
13.152506,322.1695
13.183652,323.63263
13.197716,323.63263
13.222232,322.6731
13.234674,322.6731
13.263207,322.6731
13.273637,322.6731
13.301882,321.3333
13.312381,321.3333
13.3439,321.17023
13.354513,321.17023
13.381723,322.13464
13.395848,322.13464
13.422434,321.74
13.436204,321.74
13.463316,321.7959
13.474341,321.7959
13.506691,321.7959
13.517694,321.7959
13.544197,321.68
13.555135,321.68
13.586376,321.68
13.597195,321.68
13.627655,321.62067
13.638552,321.62067
13.662824,321.62067
13.672956,321.62067
13.706087,321.85712
13.716411,321.85712
13.743159,321.85712
13.754788,321.85712
13.783346,322.1053
13.797106,322.1053
13.824509,322.0517
13.835293,322.0517
13.863429,321.74548
13.873158,321.74548
13.901539,321.74548
13.912354,321.74548
13.943038,321.37933
13.953539,321.37933
13.982195,321.37933
13.992322,321.37933
14.022097,321.88678
14.032457,321.88678
14.063094,322.7547
14.073917,322.7547
14.102281,321.2931
14.112973,321.2931
14.142913,321.2931
14.153812,321.2931
14.186372,321.2931
14.197278,321.2931
14.221716,320.75928
14.232928,320.75928
14.263503,321.1754
14.2776,321.1754
14.302694,321.1754
14.312321,321.1754
14.345347,320.80768
14.355792,320.80768
14.382291,320.8
14.3964815,320.8
14.422282,320.60785
14.432189,320.60785
14.462597,320.60785
14.473696,320.60785
14.502681,321.24445
14.513,321.24445
14.542293,321.24445
14.552824,321.24445
14.583538,321.9231
14.594281,321.9231
14.622886,321.5686
14.633814,321.5686
14.662747,322.12
14.6767025,322.12
14.703253,322.12
14.713425,322.12
14.741814,322.55103
14.755868,322.55103
14.783785,321.81635
14.794267,321.81635
14.823029,322.3288
14.834662,322.3288
14.862554,322.63013
14.8768215,322.63013
14.908935,322.71014
14.92279,322.71014
14.950268,323.26392
14.982061,323.67273
14.992271,323.67273
15.023165,324.7705
15.034567,324.7705
15.063145,325.20587
15.074202,325.20587
15.1024685,326.1667
15.112844,326.1667
15.143453,326.77942
15.156742,326.77942
15.182534,327.21313
15.192726,327.21313
15.222091,328.32355
15.233371,328.32355
15.262018,329.0
15.272905,329.0
15.302314,328.84058
15.312539,328.84058
15.344751,329.4308
15.356352,329.4308
15.382335,330.36206
15.396242,330.36206
15.422226,331.2917
15.43228,331.2917
15.463165,332.13336
15.473786,332.13336
15.504177,332.86365
15.514466,332.86365
15.54313,331.91302
15.553383,331.91302
15.583582,331.91302
15.594035,331.91302
15.623255,333.55768
15.632782,333.55768
15.664021,333.88135
15.674232,333.88135
15.702229,335.36
15.715382,335.36
15.742004,338.36957
15.756497,338.36957
15.782698,335.2439
15.792242,335.2439
15.826223,336.69092
15.837088,336.69092
15.8618965,336.69092
15.87262,336.69092
15.902901,338.2857
15.913443,338.2857
15.942862,338.63263
15.953736,338.63263
15.982236,339.96228
15.992064,339.96228
16.022083,337.08002
16.032555,337.08002
16.063015,337.54388
16.076778,337.54388
16.102438,339.80646
16.112831,339.80646
16.142757,340.90625
16.15294,340.90625
16.186684,339.15558
16.197422,339.15558
16.221977,339.04443
16.234118,339.04443
16.263283,342.0
16.273716,342.0
16.303085,342.5357
16.312773,342.5357
16.342398,341.6604
16.355371,341.6604
16.383287,342.53998
16.394505,342.53998
16.423698,343.4259
16.435175,343.4259
16.46675,343.76086
16.480753,343.76086
16.505047,342.2154
16.516941,342.2154
16.54256,342.18182
16.552723,342.18182
16.583418,344.54688
16.596645,344.54688
16.622957,345.24677
16.632786,345.24677
16.664074,345.42188
16.67683,345.42188
16.701836,345.8421
16.711868,345.8421
16.74208,347.0617
16.75402,347.0617
16.783222,346.27417
16.792889,346.27417
16.824371,347.83636
16.837423,347.83636
16.86351,348.40002
16.87347,348.40002
16.906475,349.44897
16.917192,349.44897
16.942234,349.2041
16.95285,349.2041
16.982513,348.7
16.992214,348.7
17.030191,348.54547
17.040348,348.54547
17.063583,349.2162
17.074047,349.2162
17.103163,349.31818
17.113808,349.31818
17.141638,350.82434
17.15456,350.82434
17.183372,351.17908
17.19317,351.17908
17.222868,351.63513
17.233505,351.63513
17.26367,352.04285
17.274197,352.04285
17.302864,352.1194
17.315083,352.1194
17.345943,353.3662
17.356714,353.3662
17.381498,354.10767
17.395786,354.10767
17.422115,354.16174
17.432426,354.16174
17.462898,354.09088
17.473545,354.09088
17.503883,354.85486
17.518173,354.85486
17.542515,354.7262
17.554943,354.7262
17.58314,354.75323
17.59332,354.75323
17.621992,355.97223
17.635704,355.97223
17.663046,354.32074
17.673094,354.32074
17.702854,354.67212
17.71371,354.67212
17.746637,355.04688
17.759054,355.04688
17.781946,357.32355
17.792597,357.32355
17.824648,356.53027
17.835613,356.53027
17.862673,357.8026
17.873213,357.8026
17.9026,355.83868
17.91383,355.83868
17.942072,357.15253
17.952324,357.15253
17.985567,357.15253
17.999409,357.15253
18.022936,357.2951
18.035627,357.2951
18.063072,357.31665
18.073835,357.31665
18.102165,357.31665
18.112123,357.31665
18.143448,357.31665
18.153738,357.31665
18.183605,356.9286
18.19391,356.9286
18.22193,356.9483
18.232267,356.9483
18.262936,356.9394
18.273579,356.9394
18.302492,356.9524
18.314003,356.9524
18.346369,357.0678
18.357979,357.0678
18.382374,356.5224
18.39325,356.5224
18.422428,356.7931
18.432339,356.7931
18.46254,356.7931
18.47277,356.7931
18.503016,356.7931
18.513042,356.7931
18.542374,356.45453
18.556917,356.45453
18.583563,356.88232
18.594133,356.88232
18.62216,356.88232
18.632746,356.88232
18.662352,357.1972
18.672562,357.1972
18.705952,357.1972
18.716465,357.1972
18.742352,358.06665
18.757566,358.06665
18.783325,358.43335
18.793327,358.43335
18.822538,357.4167
18.835169,357.4167
18.861883,357.4167
18.872553,357.4167
18.902668,357.69116
18.913546,357.69116
18.941866,357.597
18.952547,357.597
18.984697,357.44928
18.994955,357.44928
19.023623,358.62964
19.034431,358.62964
19.062368,358.19513
19.073256,358.19513
19.102411,358.19513
19.112093,358.19513
19.142593,357.53064
19.153177,357.53064
19.183916,357.48938
19.193983,357.48938
19.221682,357.12244
19.235321,357.12244
19.26329,357.12244
19.273735,357.12244
19.30346,357.09998
19.313108,357.09998
19.342518,356.70587
19.354624,356.70587
19.381853,355.7561
19.393314,355.7561
19.422579,355.7561
19.433237,355.7561
19.462801,355.7561
19.473478,355.7561
19.503283,355.7561
19.513512,355.7561
19.542564,354.3333
19.553816,354.3333
19.582775,354.3333
19.593008,354.3333
19.622444,355.18665
19.636385,355.18665
19.663143,355.18665
19.677315,355.18665
19.703175,354.6761
19.713312,354.6761
19.74184,354.6761
19.753275,354.6761
19.782217,354.50946
19.791988,354.50946
19.822912,354.61108
19.833939,354.61108
19.861937,353.91528
19.874447,353.91528
19.903158,353.91528
19.913631,353.91528
19.942394,353.91528
19.953274,353.91528
19.98284,353.91528
19.998009,353.91528
20.022581,354.4143
20.033113,354.4143
20.062126,354.0769
20.072664,354.0769
20.10234,354.6667
20.113125,354.6667
20.147778,354.6667
20.157812,354.6667
20.183294,354.28394
20.193644,354.28394
20.222126,354.28394
20.233597,354.28394
20.262766,354.4074
20.273314,354.4074
20.30395,354.4074
20.313475,354.4074
20.34264,354.08752
20.354696,354.08752
20.381428,354.71252
20.392624,354.71252
20.422388,353.37836
20.435804,353.37836
20.463192,353.37836
20.473953,353.37836
20.503172,353.51562
20.51384,353.51562
20.547375,353.37708
20.558302,353.37708
20.592335,352.76666
20.60439,352.76666
20.63061,352.76666
20.664246,352.9508
20.674124,352.9508
20.70523,352.9508
20.715168,352.9508
20.743267,352.78687
20.757887,352.78687
20.78315,352.78687
20.795181,352.78687
20.823023,351.79102
20.833652,351.79102
20.862862,351.79102
20.873234,351.79102
20.901585,351.52942
20.911598,351.52942
20.942862,350.58105
20.954098,350.58105
20.982803,351.51514
20.99285,351.51514
21.023243,351.79413
21.035208,351.79413
21.062359,350.73438
21.073221,350.73438
21.10205,350.95776
21.11192,350.95776
21.142498,350.62354
21.153215,350.62354
21.183075,350.26318
21.193043,350.26318
21.22403,348.89392
21.23876,348.89392
21.26514,348.125
21.278551,348.125
21.303568,348.71014
21.316525,348.71014
21.342482,348.4026
21.35294,348.4026
21.382051,348.48608
21.39348,348.48608
21.42751,347.18054
21.440828,347.18054
21.465464,346.24487
21.477518,346.24487
21.503256,346.60376
21.514269,346.60376
21.542376,346.86566
21.553188,346.86566
21.582497,346.42426
21.592535,346.42426
21.622242,345.85712
21.635422,345.85712
21.662565,345.375
21.672825,345.375
21.705006,344.50726
21.71508,344.50726
21.742407,343.873
21.753225,343.873
21.782778,343.26392
21.792692,343.26392
21.822964,343.45453
21.8333,343.45453
21.86348,342.0476
21.876768,342.0476
21.902544,342.7848
21.913498,342.7848
21.942732,341.37976
21.953676,341.37976
21.983402,339.6447
21.993113,339.6447
22.023588,340.0641
22.034458,340.0641
22.063578,338.40002
22.07528,338.40002
22.101404,338.62823
22.111256,338.62823
22.143967,338.72583
22.153862,338.72583
22.182915,339.80328
22.193134,339.80328
22.221487,339.01642
22.231703,339.01642
22.26319,338.43054
22.273386,338.43054
22.303667,338.5769
22.314203,338.5769
22.342676,337.65753
22.354322,337.65753
22.382011,336.80328
22.392742,336.80328
22.423582,335.87653
22.435144,335.87653
22.463734,335.51898
22.47481,335.51898
22.502308,334.15875
22.512234,334.15875
22.544428,334.36768
22.555235,334.36768
22.581871,334.6269
22.592358,334.6269
22.621687,334.59418
22.63162,334.59418
22.663548,334.625
22.67437,334.625
22.702013,333.125
22.712454,333.125
22.74407,332.8261
22.757055,332.8261
22.78297,332.2182
22.797022,332.2182
22.823656,331.89795
22.834177,331.89795
22.861479,331.34546
22.872139,331.34546
22.903297,331.0
22.913979,331.0
22.944447,330.5893
22.957726,330.5893
22.98292,330.15686
22.993065,330.15686
23.024265,329.09375
23.035835,329.09375
23.063522,328.72223
23.076859,328.72223
23.102001,328.8269
23.113205,328.8269
23.145273,327.4386
23.167765,327.4386
23.198875,327.74548
23.222841,326.7143
23.233688,326.7143
23.26256,328.43054
23.273117,328.43054
23.303066,326.39392
23.314102,326.39392
23.34232,325.33868
23.35317,325.33868
23.38189,326.25806
23.39264,326.25806
23.4223,324.91937
23.433191,324.91937
23.461716,324.41937
23.47226,324.41937
23.503166,324.41937
23.51358,324.41937
23.5432,322.68854
23.554176,322.68854
23.583778,323.16132
23.59413,323.16132
23.621706,323.1972
23.632177,323.1972
23.662792,323.1972
23.67335,323.1972
23.70345,322.94202
23.715425,322.94202
23.742336,322.22034
23.752728,322.22034
23.784561,321.7857
23.798424,321.7857
23.824848,321.8772
23.836184,321.8772
23.863152,322.92535
23.87686,322.92535
23.90283,321.6491
23.916895,321.6491
23.942072,321.45612
23.952362,321.45612
23.982845,321.45612
23.993567,321.45612
24.021446,320.62
24.032207,320.62
24.06264,320.30615
24.076342,320.30615
24.102898,320.7895
24.113066,320.7895
24.144018,320.7895
24.155321,320.7895
24.187065,323.15387
24.197077,323.15387
24.221863,323.15387
24.232008,323.15387
24.263224,323.54688
24.273922,323.54688
24.302223,321.73212
24.312332,321.73212
24.342512,320.3714
24.353207,320.3714
24.38268,320.4286
24.393473,320.4286
24.422308,320.9865
24.434036,320.9865
24.462788,320.9865
24.473621,320.9865
24.503365,320.22058
24.513792,320.22058
24.541874,320.22058
24.554998,320.22058
24.58265,320.10297
24.592724,320.10297
24.623177,320.26154
24.633484,320.26154
24.664093,318.56665
24.67404,318.56665
24.702747,318.44263
24.71305,318.44263
24.742739,318.5345
24.753853,318.5345
24.783255,318.5345
24.794453,318.5345
24.826658,318.5345
24.838182,318.5345
24.88,318.49152
24.903856,318.49152
24.92,318.49152
24.957336,318.49152
24.968046,318.49152
25.0006,319.60608
25.024267,319.67743
25.036152,319.67743
25.063343,319.48334
25.075655,319.48334
25.10281,320.17462
25.113062,320.17462
25.14267,318.70178
25.152868,318.70178
25.182512,318.56897
25.192719,318.56897
25.221746,318.8871
25.232605,318.8871
25.26255,318.8871
25.273384,318.8871
25.302557,318.59613
25.316624,318.59613
25.343971,319.34003
25.357258,319.34003
25.38223,319.14813
25.39369,319.14813
25.421476,319.14813
25.431234,319.14813
25.46223,319.50983
25.47219,319.50983
25.50396,319.41998
25.515158,319.41998
25.541874,319.2373
25.552788,319.2373
25.582855,319.2373
25.59295,319.2373
25.6226,319.7826
25.632595,319.7826
25.66597,319.7826
25.676144,319.7826
25.702362,319.89392
25.717705,319.89392
25.74326,319.89392
25.754435,319.89392
25.783175,319.37097
25.793161,319.37097
25.826248,319.37097
25.836617,319.37097
25.863144,319.61646
25.873552,319.61646
25.903454,319.61646
25.916649,319.61646
25.94204,319.63513
25.953703,319.63513
25.985128,319.63513
25.995598,319.63513
26.021833,319.11108
26.035637,319.11108
26.063684,319.11108
26.07474,319.11108
26.102186,318.96875
26.11278,318.96875
26.142687,318.96875
26.152687,318.96875
26.185541,319.06555
26.19956,319.06555
26.222878,319.14038
26.233624,319.14038
26.263903,318.62964
26.277903,318.62964
26.303041,318.47272
26.314884,318.47272
26.342228,319.47272
26.35448,319.47272
26.383213,318.8269
26.396442,318.8269
26.425365,318.8269
26.440947,318.8269
26.473408,318.8269
26.505531,318.78845
26.51539,318.78845
26.54207,318.78845
26.55327,318.78845
26.583372,318.61108
26.593668,318.61108
26.624458,318.61108
26.635683,318.61108
26.664448,318.52832
26.674898,318.52832
26.705912,318.52832
26.72076,318.52832
26.752132,318.3036
26.783768,318.3036
26.79343,318.3036
26.824217,318.61902
26.834526,318.61902
26.862467,318.79633
26.872776,318.79633
26.902176,319.45764
26.91316,319.45764
26.941374,319.71698
26.951439,319.71698
26.984982,319.09436
26.994907,319.09436
27.021643,319.77356
27.031914,319.77356
27.062809,321.15625
27.073856,321.15625
27.101036,321.45905
27.112892,321.45905
27.142086,321.79364
27.153889,321.79364
27.185429,321.1228
27.195341,321.1228
27.222458,322.94116
27.233358,322.94116
27.263042,324.2143
27.273478,324.2143
27.304068,325.05798
27.314135,325.05798
27.343777,323.7705
27.355326,323.7705
27.383318,324.43372
27.393877,324.43372
27.421242,325.2785
27.432259,325.2785
27.462515,323.403
27.473011,323.403
27.502779,324.93652
27.512869,324.93652
27.542036,325.13464
27.553104,325.13464
27.583347,326.0
27.593296,326.0
27.62225,327.9322
27.632004,327.9322
27.663692,328.09998
27.673601,328.09998
27.702839,327.0755
27.712849,327.0755
27.749239,328.0351
27.759491,328.0351
27.786324,328.4754
27.798777,328.4754
27.826952,329.4828
27.837486,329.4828
27.862595,330.34003
27.873413,330.34003
27.902325,331.07275
27.912386,331.07275
27.942781,333.22412
27.955835,333.22412
27.982513,333.50793
27.992443,333.50793
28.022396,330.5185
28.035141,330.5185
28.062914,332.0526
28.073282,332.0526
28.10224,332.4179
28.112572,332.4179
28.142864,333.03638
28.153252,333.03638
28.183277,335.03076
28.193705,335.03076
28.22215,335.0
28.23599,335.0
28.26274,335.41937
28.277294,335.41937
28.30284,336.7353
28.312878,336.7353
28.342178,338.01392
28.354025,338.01392
28.382635,338.12677
28.394,338.12677
28.421741,337.42426
28.434572,337.42426
28.463282,339.36737
28.473724,339.36737
28.504513,338.8615
28.515226,338.8615
28.542122,339.29578
28.552746,339.29578
28.583603,339.7273
28.593668,339.7273
28.626078,340.8302
28.639862,340.8302
28.66518,341.36206
28.675806,341.36206
28.702036,342.4776
28.712496,342.4776
28.743053,341.44067
28.757206,341.44067
28.783596,341.7091
28.797924,341.7091
28.823437,343.03387
28.833384,343.03387
28.863966,342.64
28.87441,342.64
28.904696,343.73016
28.915121,343.73016
28.941765,344.30157
28.95249,344.30157
28.983332,345.7083
28.995432,345.7083
29.024586,345.9643
29.035349,345.9643
29.061699,345.8261
29.072647,345.8261
29.101917,346.46295
29.111778,346.46295
29.145391,345.7755
29.156214,345.7755
29.18255,347.5091
29.197145,347.5091
29.222399,347.4912
29.233414,347.4912
29.262665,347.614
29.273308,347.614
29.302681,348.46155
29.31299,348.46155
29.342798,346.36957
29.353497,346.36957
29.382725,347.50946
29.39406,347.50946
29.42242,347.89093
29.436388,347.89093
29.462616,346.9077
29.473063,346.9077
29.503895,346.9077
29.513535,346.9077
29.5429,347.39685
29.553516,347.39685
29.582848,347.1754
29.593983,347.1754
29.62195,349.4535
29.632221,349.4535
29.663773,347.9367
29.675438,347.9367
29.702787,348.65625
29.713066,348.65625
29.743309,349.01562
29.754005,349.01562
29.784723,349.06555
29.795725,349.06555
29.823309,350.38354
29.835249,350.38354
29.86183,351.4308
29.87239,351.4308
29.902206,351.58826
29.912796,351.58826
29.94234,351.4474
29.953056,351.4474
29.98308,351.4474
29.994865,351.4474
30.021917,350.77924
30.034954,350.77924
30.062551,350.8026
30.073069,350.8026
30.102776,351.16394
30.113245,351.16394
30.145206,351.0161
30.157349,351.0161
30.18339,351.22034
30.19779,351.22034
30.222326,351.22034
30.235909,351.22034
30.262968,350.79486
30.273397,350.79486
30.30422,350.79486
30.314266,350.79486
30.343477,350.26923
30.354832,350.26923
30.382244,350.26923
30.392857,350.26923
30.42268,351.25677
30.435108,351.25677
30.463905,351.25677
30.474924,351.25677
30.505962,351.01282
30.515833,351.01282
30.542732,351.01282
30.55351,351.01282
30.58326,351.04108
30.59346,351.04108
30.623152,351.04108
30.632978,351.04108
30.662663,350.20587
30.674217,350.20587
30.702682,350.08698
30.715197,350.08698
30.742985,350.14288
30.75844,350.14288
30.783894,350.14288
30.797882,350.14288
30.823627,350.3023
30.833942,350.3023
30.862349,350.37347
30.875854,350.37347
30.902672,350.6269
30.913376,350.6269
30.943474,350.6269
30.95431,350.6269
30.983782,350.6269
30.995289,350.6269
31.022484,350.56946
31.033503,350.56946
31.061708,349.403
31.072933,349.403
31.102901,349.403
31.112862,349.403
31.142508,349.4737
31.15577,349.4737
31.18309,349.22076
31.192976,349.22076
31.22142,349.15277
31.234903,349.15277
31.263554,348.93243
31.274462,348.93243
31.30332,348.68054
31.313744,348.68054
31.34327,348.68054
31.354694,348.68054
31.382547,349.35486
31.394846,349.35486
31.424488,349.35486
31.436527,349.35486
31.465721,349.32788
31.478405,349.32788
31.502813,349.41937
31.512844,349.41937
31.542173,349.40912
31.552792,349.40912
31.584091,349.40912
31.596556,349.40912
31.62279,349.19403
31.632555,349.19403
31.662226,348.25
31.672913,348.25
31.70327,348.29034
31.71364,348.29034
31.742548,348.29034
31.753735,348.29034
31.78447,348.18646
31.794935,348.18646
31.824177,348.3871
31.835035,348.3871
31.867369,348.6338
31.877434,348.6338
31.902584,348.6338
31.912987,348.6338
31.9455,348.38232
31.956547,348.38232
31.988186,348.38232
31.998848,348.38232
32.02546,348.65277
32.035866,348.65277
32.08,348.52112
32.111423,348.52112
32.12,348.52112
32.16,348.52112
32.179424,348.52112
32.2112,348.23187
32.24,348.23187
32.263863,348.13232
32.274776,348.13232
32.3018,347.83563
32.312775,347.83563
32.34451,348.69696
32.357075,348.69696
32.381817,348.82092
32.392727,348.82092
32.422825,349.47827
32.433346,349.47827
32.462692,348.97296
32.473186,348.97296
32.50685,348.9853
32.520344,348.9853
32.548004,348.95587
32.55868,348.95587
32.582134,347.79712
32.59193,347.79712
32.622585,347.79712
32.633068,347.79712
32.665905,347.7763
32.675972,347.7763
32.703716,347.7763
32.713486,347.7763
32.74414,347.15253
32.75535,347.15253
32.7837,346.90625
32.794308,346.90625
32.823368,347.57318
32.836605,347.57318
32.862717,347.0714
32.873478,347.0714
32.902527,346.6184
32.912697,346.6184
32.943466,345.56964
32.95411,345.56964
32.984276,346.3214
32.993988,346.3214
33.022736,346.10767
33.03342,346.10767
33.0633,345.1961
33.074303,345.1961
33.1027,345.5714
33.112682,345.5714
33.14317,345.1129
33.154854,345.1129
33.182896,345.2923
33.193073,345.2923
33.223663,344.74243
33.23471,344.74243
33.2641,344.1964
33.277878,344.1964
33.302917,343.67743
33.31252,343.67743
33.342514,343.37836
33.354595,343.37836
33.38237,345.12823
33.393375,345.12823
33.422794,343.338
33.432972,343.338
33.46375,342.37286
33.476864,342.37286
33.507084,342.1695
33.52194,342.1695
33.551968,341.81537
33.58282,341.39026
33.59366,341.39026
33.621803,339.90002
33.632103,339.90002
33.665733,339.5147
33.67627,339.5147
33.702576,338.92755
33.712734,338.92755
33.7437,339.07318
33.7565,339.07318
33.783386,338.5741
33.79294,338.5741
33.828094,338.6087
33.842274,338.6087
33.871563,338.8161
33.90262,338.8933
33.91287,338.8933
33.942513,339.30884
33.95558,339.30884
33.983047,337.59375
33.992928,337.59375
34.02136,337.42188
34.034534,337.42188
34.063225,336.34375
34.077385,336.34375
34.10168,336.2154
34.11167,336.2154
34.147816,335.7013
34.158577,335.7013
34.1826,336.55695
34.1928,336.55695
34.222572,335.29413
34.23339,335.29413
34.26371,333.87036
34.274258,333.87036
34.302803,335.0
34.31236,335.0
34.342552,333.5
34.353134,333.5
34.383057,332.4167
34.393963,332.4167
34.422554,333.40985
34.436066,333.40985
34.464077,333.1786
34.474678,333.1786
34.50508,333.59613
34.515617,333.59613
34.54251,333.7273
34.553005,333.7273
34.582405,331.03705
34.593575,331.03705
34.622955,329.61224
34.633198,329.61224
34.66341,329.98114
34.673344,329.98114
34.702606,331.0
34.712505,331.0
34.74357,330.1975
34.753952,330.1975
34.78278,329.59418
34.79294,329.59418
34.828976,328.7619
34.83889,328.7619
34.86267,328.6515
34.876366,328.6515
34.902325,328.0926
34.91302,328.0926
34.941875,328.30908
34.95228,328.30908
34.983868,327.4267
34.999645,327.4267
35.023254,327.10297
35.034225,327.10297
35.062706,326.26154
35.07813,326.26154
35.103786,326.27118
35.114098,326.27118
35.142296,326.07574
35.156536,326.07574
35.18221,325.71832
35.193085,325.71832
35.222458,324.54413
35.233345,324.54413
35.26309,323.17743
35.27379,323.17743
35.302406,324.01367
35.311935,324.01367
35.34467,324.03278
35.35585,324.03278
35.38172,322.39624
35.392536,322.39624
35.42255,321.5714
35.4359,321.5714
35.46331,321.8246
35.478706,321.8246
35.50307,323.29633
35.51655,323.29633
35.542854,323.46002
35.55417,323.46002
35.583397,324.5
35.593376,324.5
35.62258,322.5536
35.632668,322.5536
35.66341,321.68518
35.673,321.68518
35.707226,320.59998
35.717915,320.59998
35.74252,320.59998
35.75615,320.59998
35.784172,319.9167
35.7942,319.9167
35.82506,319.9167
35.839752,319.9167
35.86269,319.32654
35.874676,319.32654
35.90276,320.19147
35.91325,320.19147
35.943005,319.44897
35.95384,319.44897
35.985313,318.55554
35.99632,318.55554
36.022728,320.34998
36.035423,320.34998
36.062103,320.25806
36.072655,320.25806
36.102165,317.89093
36.1148,317.89093
36.142338,317.89093
36.153484,317.89093
36.186584,318.1549
36.196655,318.1549
36.2221,318.68
36.235718,318.68
36.262344,318.52704
36.272923,318.52704
36.302265,318.52704
36.312943,318.52704
36.343765,318.22858
36.354057,318.22858
36.382286,318.6582
36.39614,318.6582
36.426094,318.55
36.438297,318.55
36.463367,318.55
36.47585,318.55
36.50309,318.36108
36.515266,318.36108
36.541687,318.36108
36.552013,318.36108
36.5837,318.14288
36.5943,318.14288
36.623154,317.81335
36.633896,317.81335
36.662468,317.94806
36.67256,317.94806
36.702873,317.94806
36.71318,317.94806
36.743637,318.0395
36.75453,318.0395
36.78374,318.0395
36.796703,318.0395
36.82632,317.1781
36.837852,317.1781
36.864647,317.1781
36.875053,317.1781
36.902462,317.21918
36.912647,317.21918
36.94178,317.21918
36.95215,317.21918
36.982723,317.27026
36.996407,317.27026
37.0224,317.4627
37.033123,317.4627
37.06279,317.4179
37.07657,317.4179
37.10255,317.4179
37.112774,317.4179
37.14248,318.05713
37.152386,318.05713
37.184456,318.05713
37.195526,318.05713
37.221684,317.59998
37.235645,317.59998
37.263046,317.59998
37.27713,317.59998
37.30257,317.53522
37.31244,317.53522
37.34283,317.4179
37.35313,317.4179
37.382553,318.56525
37.39339,318.56525
37.421867,318.56525
37.431633,318.56525
37.462704,317.8615
37.476276,317.8615
37.503716,317.79413
37.513893,317.79413
37.542385,317.83582
37.55294,317.83582
37.584106,317.83582
37.594658,317.83582
37.622967,318.22223
37.637157,318.22223
37.663998,318.22223
37.678226,318.22223
37.702553,318.59998
37.713425,318.59998
37.742676,318.59998
37.753174,318.59998
37.785664,318.70148
37.79646,318.70148
37.8235,318.70148
37.83609,318.70148
37.862152,318.7647
37.87284,318.7647
37.90403,318.7647
37.91449,318.7647
37.942707,318.21313
37.953545,318.21313
37.982475,317.71667
37.992744,317.71667
38.02231,318.93848
38.032753,318.93848
38.062607,318.68658
38.07355,318.68658
38.102585,318.43835
38.112526,318.43835
38.142323,318.43835
38.15275,318.43835
38.186375,318.625
38.196373,318.625
38.221897,319.0597
38.232544,319.0597
38.26339,318.8933
38.277203,318.8933
38.302326,318.8933
38.31229,318.8933
38.343086,317.987
38.353714,317.987
38.383934,318.39728
38.39459,318.39728
38.423004,318.4762
38.437218,318.4762
38.4636,318.5692
38.476746,318.5692
38.503483,318.0122
38.513676,318.0122
38.54269,318.0122
38.554314,318.0122
38.583076,318.43054
38.5931,318.43054
38.622353,318.5185
38.63229,318.5185
38.6652,318.21252
38.674763,318.21252
38.707146,318.21252
38.716972,318.21252
38.743843,319.2273
38.75559,319.2273
38.784267,319.2273
38.794224,319.2273
38.832516,319.61902
38.84,319.61902
38.865665,318.9508
38.87851,318.9508
38.902008,318.7586
38.911808,318.7586
38.94172,319.4151
38.95178,319.4151
38.98306,319.28845
38.9946,319.28845
39.022076,321.16418
39.036972,321.16418
39.062523,322.20587
39.073006,322.20587
39.102406,321.7755
39.112255,321.7755
39.14438,321.05554
39.159435,321.05554
39.18391,321.82355
39.194782,321.82355
39.22215,322.9016
39.23295,322.9016
39.26308,323.80328
39.273575,323.80328
39.30266,324.3485
39.312996,324.3485
39.34573,323.93652
39.356464,323.93652
39.38155,324.70422
39.396954,324.70422
39.42382,324.78876
39.433887,324.78876
39.46262,326.51318
39.47304,326.51318
39.50393,325.70312
39.513565,325.70312
39.542427,324.63336
39.553223,324.63336
39.583706,325.8305
39.59381,325.8305
39.62205,325.66156
39.631554,325.66156
39.663425,326.02942
39.674004,326.02942
39.702583,327.07355
39.71278,327.07355
39.74188,328.55072
39.752174,328.55072
39.78317,329.32434
39.792934,329.32434
39.826763,330.25757
39.837322,330.25757
39.86288,330.7
39.87336,330.7
39.902794,330.87933
39.913696,330.87933
39.94185,331.75
39.952545,331.75
39.981384,332.63635
39.991516,332.63635
40.02285,331.34485
40.033092,331.34485
40.063934,331.88678
40.078335,331.88678
40.10235,333.98505
40.11723,333.98505
40.14538,333.46667
40.156105,333.46667
40.181847,334.38232
40.196247,334.38232
40.22247,334.79663
40.23271,334.79663
40.26271,335.90912
40.273666,335.90912
40.303314,336.52942
40.317265,336.52942
40.343594,336.15875
40.35382,336.15875
40.381348,336.10907
40.39155,336.10907
40.422523,336.66248
40.435837,336.66248
40.463078,337.3875
40.47837,337.3875
40.50666,336.36365
40.516785,336.36365
40.544186,337.17645
40.558224,337.17645
40.582962,337.3239
40.59305,337.3239
40.622623,337.44446
40.63234,337.44446
40.662766,337.88574
40.673218,337.88574
40.702206,338.40277
40.71577,338.40277
40.74245,340.4912
40.75325,340.4912
40.784523,341.64
40.795444,341.64
40.82419,340.03076
40.834213,340.03076
40.86286,341.03076
40.876804,341.03076
40.90315,342.2807
40.913406,342.2807
40.94246,341.98572
40.95564,341.98572
40.984997,341.4259
40.99568,341.4259
41.02248,343.50983
41.033085,343.50983
41.062534,344.98334
41.07312,344.98334
41.10343,345.2143
41.113533,345.2143
41.142326,346.0
41.152283,346.0
41.182514,346.18842
41.193047,346.18842
41.222023,346.3269
41.23275,346.3269
41.26185,346.63263
41.27432,346.63263
41.303364,348.10962
41.31406,348.10962
41.342274,347.76056
41.356274,347.76056
41.38331,347.25397
41.396233,347.25397
41.424282,348.7077
41.435932,348.7077
41.466175,347.65057
41.47854,347.65057
41.50589,347.73682
41.51584,347.73682
41.542576,349.1494
41.552685,349.1494
41.5828,349.01263
41.59276,349.01263
41.626644,350.69116
41.63704,350.69116
41.66218,350.403
41.67214,350.403
41.702114,351.89288
41.71215,351.89288
41.742832,350.7237
41.75381,350.7237
41.782974,351.5238
41.79379,351.5238
41.829044,351.60297
41.838802,351.60297
41.862675,352.11426
41.87681,352.11426
41.901966,352.44446
41.913433,352.44446
41.9424,352.28357
41.952953,352.28357
41.98273,352.28357
41.99804,352.28357
42.022316,353.10767
42.03356,353.10767
42.062702,352.5714
42.07356,352.5714
42.103115,352.63495
42.113544,352.63495
42.14329,352.63495
42.153996,352.63495
42.18307,352.75385
42.195133,352.75385
42.222954,352.7619
42.235764,352.7619
42.26274,352.72583
42.273453,352.72583
42.30326,352.72583
42.3136,352.72583
42.344643,354.30615
42.354946,354.30615
42.387104,354.90698
42.397217,354.90698
42.42214,352.9286
42.432205,352.9286
42.46216,353.5373
42.47737,353.5373
42.506073,353.4203
42.51738,353.4203
42.542114,353.37683
42.5529,353.37683
42.582592,354.34998
42.596447,354.34998
42.622635,354.34998
42.63208,354.34998
42.663925,353.0204
42.675354,353.0204
42.702045,352.63263
42.715298,352.63263
42.744564,353.8269
42.75524,353.8269
42.78598,353.69812
42.796017,353.69812
42.823418,354.17645
42.834965,354.17645
42.862724,354.17645
42.87591,354.17645
42.902966,352.58618
42.916477,352.58618
42.941982,352.0
42.956467,352.0
42.96,352.0
43.0,351.9474
43.01716,351.9474
43.04,352.0161
43.073666,352.6286
43.103497,352.61426
43.11322,352.61426
43.141922,351.34424
43.15192,351.34424
43.18205,351.10168
43.192207,351.10168
43.22153,351.0833
43.235886,351.0833
43.263355,351.0833
43.27371,351.0833
43.30241,351.31146
43.311977,351.31146
43.342793,351.15253
43.352844,351.15253
43.384552,352.2245
43.39653,352.2245
43.421787,352.0208
43.43548,352.0208
43.46236,352.26
43.4736,352.26
43.50271,352.26
43.512157,352.26
43.543213,351.5
43.5536,351.5
43.582455,351.32727
43.595425,351.32727
43.62241,351.66132
43.635574,351.66132
43.663685,351.66132
43.673504,351.66132
43.70605,351.4032
43.715897,351.4032
43.74192,351.89392
43.754757,351.89392
43.785767,351.89062
43.800785,351.89062
43.8238,351.89062
43.83387,351.89062
43.861664,352.05768
43.87234,352.05768
43.903366,352.34424
43.916157,352.34424
43.941998,351.32654
43.953136,351.32654
43.982033,351.125
43.992012,351.125
44.02243,350.05658
44.032993,350.05658
44.063744,350.05658
44.074215,350.05658
44.10228,349.84283
44.11208,349.84283
44.143444,350.41174
44.153873,350.41174
44.18199,349.91528
44.193447,349.91528
44.222176,349.91528
44.23278,349.91528
44.262375,350.23438
44.2736,350.23438
44.304417,350.23438
44.319622,350.23438
44.345768,349.50616
44.357136,349.50616
44.38242,349.3333
44.397034,349.3333
44.422832,349.3333
44.432873,349.3333
44.46368,349.3333
44.479218,349.3333
44.507233,349.71997
44.51785,349.71997
44.542538,349.71997
44.557617,349.71997
44.58313,349.41333
44.592983,349.41333
44.6232,349.41333
44.633057,349.41333
44.663067,349.25
44.674557,349.25
44.70229,349.25
44.71247,349.25
44.741867,349.14667
44.753525,349.14667
44.7841,349.0
44.79745,349.0
44.824543,349.2683
44.835773,349.2683
44.861397,349.2683
44.87188,349.2683
44.90324,348.4048
44.91368,348.4048
44.942722,348.13794
44.955624,348.13794
44.983566,347.0263
44.99371,347.0263
45.021923,345.91302
45.03255,345.91302
45.062584,345.64178
45.073204,345.64178
45.101677,345.1233
45.112,345.1233
45.142597,346.5102
45.15216,346.5102
45.183407,346.95917
45.19364,346.95917
45.221516,345.7636
45.23302,345.7636
45.26236,344.4792
45.274776,344.4792
45.3035,342.38892
45.314068,342.38892
45.342514,343.07812
45.352722,343.07812
45.38267,343.71234
45.397102,343.71234
45.42243,343.2152
45.43237,343.2152
45.462162,342.48834
45.473465,342.48834
45.50349,342.5443
45.513348,342.5443
45.54332,341.32758
45.55424,341.32758
45.58354,341.3333
45.597076,341.3333
45.621742,342.3333
45.632057,342.3333
45.66337,342.0
45.673965,342.0
45.705692,341.1964
45.71576,341.1964
45.74169,340.77966
45.752808,340.77966
45.782967,340.01447
45.792763,340.01447
45.826195,338.8806
45.83683,338.8806
45.861927,339.5
45.872326,339.5
45.902878,339.82434
45.91507,339.82434
45.942524,339.71832
45.95374,339.71832
45.982525,338.62823
45.992104,338.62823
46.022526,337.84283
46.03501,337.84283
46.063007,336.73016
46.07367,336.73016
46.10256,334.62317
46.113068,334.62317
46.142822,335.2895
46.15469,335.2895
46.182602,335.4458
46.194305,335.4458
46.222645,334.95947
46.23398,334.95947
46.261707,332.89362
46.27225,332.89362
46.30265,334.27454
46.312374,334.27454
46.343052,334.19672
46.353638,334.19672
46.38233,332.3333
46.394646,332.3333
46.425232,332.0
46.436985,332.0
46.464607,332.9516
46.475536,332.9516
46.505096,333.18463
46.516537,333.18463
46.541855,332.5893
46.55199,332.5893
46.58312,330.73077
46.596607,330.73077
46.623436,330.3108
46.638336,330.3108
46.66175,329.1905
46.67218,329.1905
46.704716,329.11108
46.71453,329.11108
46.742603,328.5417
46.756824,328.5417
46.783245,327.44897
46.796402,327.44897
46.823677,328.40625
46.834988,328.40625
46.86341,329.1194
46.87785,329.1194
46.90319,327.90625
46.914818,327.90625
46.944366,327.81158
46.955997,327.81158
46.98415,327.5692
46.99459,327.5692
47.02272,326.04547
47.033634,326.04547
47.06283,325.68964
47.078327,325.68964
47.103565,325.0
47.11681,325.0
47.14191,326.36987
47.152683,326.36987
47.182735,325.79486
47.193356,325.79486
47.221172,325.68573
47.231377,325.68573
47.262196,324.51392
47.27524,324.51392
47.302753,325.325
47.312565,325.325
47.344032,323.91302
47.35428,323.91302
47.38329,324.21332
47.397503,324.21332
47.422512,323.35712
47.432545,323.35712
47.46267,324.70734
47.472763,324.70734
47.50341,322.91357
47.513245,322.91357
47.542603,322.98413
47.55346,322.98413
47.583336,322.0161
47.593296,322.0161
47.62366,322.75
47.634827,322.75
47.66413,322.75
47.67457,322.75
47.705093,321.0
47.71486,321.0
47.746834,321.66156
47.75693,321.66156
47.78177,321.13232
47.791405,321.13232
47.824303,321.13232
47.837017,321.13232
47.861816,322.2
47.876286,322.2
47.903008,320.7846
47.916546,320.7846
47.943188,320.40912
47.95354,320.40912
47.982307,320.40912
47.992302,320.40912
48.022163,320.20288
48.0327,320.20288
48.06205,320.0448
48.072815,320.0448
48.101917,319.83868
48.11278,319.83868
48.142586,319.83868
48.154175,319.83868
48.18288,319.5965
48.195164,319.5965
48.22261,319.60345
48.232994,319.60345
48.261623,319.5
48.27308,319.5
48.302666,319.5
48.3126,319.5
48.342876,319.0968
48.352707,319.0968
48.382496,319.30157
48.39294,319.30157
48.42243,319.29034
48.43244,319.29034
48.462357,319.29034
48.477642,319.29034
48.50334,319.18182
48.513428,319.18182
48.54248,319.18182
48.55309,319.18182
48.5833,319.4308
48.59337,319.4308
48.622204,319.4308
48.632046,319.4308
48.662952,319.125
48.673687,319.125
48.703148,319.125
48.713192,319.125
48.741787,319.2
48.752735,319.2
48.783325,319.2
48.793262,319.2
48.825108,318.61816
48.836853,318.61816
48.86162,319.0
48.87283,319.0
48.903103,318.93616
48.91335,318.93616
48.942093,318.93616
48.954365,318.93616
48.981976,319.0625
48.99193,319.0625
49.023113,318.32654
49.033825,318.32654
49.06264,318.0625
49.07321,318.0625
49.102463,318.0625
49.116722,318.0625
49.143185,317.1579
49.153454,317.1579
49.186375,317.1579
49.196457,317.1579
49.222305,317.45905
49.23651,317.45905
49.262764,317.45905
49.276043,317.45905
49.306995,318.69696
49.317204,318.69696
49.342735,318.69696
49.35322,318.69696
49.383648,318.84723
49.394028,318.84723
49.423195,318.84723
49.433342,318.84723
49.46353,318.84723
49.473965,318.84723
49.50247,318.2143
49.512817,318.2143
49.543056,318.47223
49.553577,318.47223
49.582657,318.47223
49.592968,318.47223
49.622807,318.81036
49.634056,318.81036
49.663357,318.81036
49.673267,318.81036
49.702053,318.96295
49.71245,318.96295
49.743816,318.96295
49.755257,318.96295
49.78511,319.12726
49.795334,319.12726
49.823483,319.12726
49.833664,319.12726
49.861626,318.81818
49.87193,318.81818
49.902664,318.81818
49.913464,318.81818
49.942234,319.0182
49.95235,319.0182
49.982063,319.0182
49.992844,319.0182
50.022774,319.9583
50.033215,319.9583
50.06221,319.9583
50.072594,319.9583
50.10343,319.72058
50.11346,319.72058
50.14584,319.72058
50.157036,319.72058
50.18342,319.1695
50.193317,319.1695
50.22248,319.36664
50.232986,319.36664
50.262573,319.65576
50.273594,319.65576
50.302734,319.65576
50.31253,319.65576
50.343037,320.0351
50.35329,320.0351
50.382515,320.20367
50.393414,320.20367
50.422726,320.05884
50.43481,320.05884
50.462727,320.05884
50.47386,320.05884
50.503693,319.67926
50.51361,319.67926
50.542778,319.67926
50.553352,319.67926
50.582783,319.05
50.596977,319.05
50.622303,319.05
50.63628,319.05
50.662857,319.05
50.67598,319.05
50.70276,319.19672
50.712578,319.19672
50.742287,319.60345
50.75754,319.60345
50.784416,319.60345
50.79462,319.60345
50.824577,319.62067
50.835487,319.62067
50.861874,319.42108
50.872616,319.42108
50.90425,319.55933
50.91553,319.55933
50.943775,319.55737
50.955677,319.55737
50.982605,319.81665
50.993477,319.81665
51.0226,320.22583
51.032753,320.22583
51.06275,321.4839
51.073505,321.4839
51.103374,319.339
51.11349,319.339
51.14635,320.2414
51.157623,320.2414
51.182392,320.64288
51.19308,320.64288
51.22175,320.9107
51.23486,320.9107
51.262257,321.35614
51.273033,321.35614
51.30378,322.80328
51.317875,322.80328
51.34209,321.0769
51.355026,321.0769
51.383186,321.01923
51.394787,321.01923
51.42585,322.06897
51.437748,322.06897
51.46442,324.46875
51.47703,324.46875
51.50312,325.338
51.517384,325.338
51.54275,322.90564
51.552937,322.90564
51.58309,324.25
51.593147,324.25
51.623116,325.25
51.6328,325.25
51.66256,326.07574
51.673054,326.07574
51.703117,325.15094
51.713142,325.15094
51.74289,326.12964
51.754387,326.12964
51.78367,326.62122
51.79913,326.62122
51.82512,327.51514
51.840008,327.51514
51.862015,326.68335
51.872635,326.68335
51.902954,327.6875
51.916218,327.6875
51.942673,328.5323
51.953156,328.5323
51.982716,330.13336
51.993046,330.13336
52.02295,328.22784
52.033424,328.22784
52.061584,330.36987
52.07666,330.36987
52.105347,329.55737
52.115696,329.55737
52.14386,329.75
52.154385,329.75
52.18411,329.7541
52.195107,329.7541
52.222324,330.79224
52.232967,330.79224
52.26214,332.38184
52.272545,332.38184
52.30376,332.35712
52.313477,332.35712
52.342472,332.46295
52.352814,332.46295
52.385002,332.9839
52.3955,332.9839
52.42157,332.25
52.431282,332.25
52.463146,333.53845
52.47476,333.53845
52.503872,334.8219
52.513824,334.8219
52.543194,335.8551
52.55358,335.8551
52.582047,335.831
52.595398,335.831
52.622593,335.9726
52.635292,335.9726
52.664295,336.13635
52.676144,336.13635
52.702015,336.34833
52.71218,336.34833
52.744328,338.39392
52.755898,338.39392
52.78365,337.41772
52.795887,337.41772
52.823513,336.71014
52.838493,336.71014
52.862778,337.19116
52.873226,337.19116
52.902557,338.55554
52.91262,338.55554
52.945217,338.71234
52.959206,338.71234
52.983265,338.73975
52.993263,338.73975
53.022808,338.63934
53.033367,338.63934
53.065613,339.10962
53.075756,339.10962
53.103313,340.34247
53.11376,340.34247
53.142696,341.85883
53.152626,341.85883
53.18225,341.8214
53.19286,341.8214
53.223106,343.02502
53.233612,343.02502
53.262234,343.80414
53.272804,343.80414
53.304047,343.597
53.313877,343.597
53.342075,343.6667
53.35282,343.6667
53.382294,344.62903
53.39294,344.62903
53.422478,344.88525
53.432808,344.88525
53.462418,344.51392
53.473385,344.51392
53.50289,344.22223
53.51279,344.22223
53.543365,346.7561
53.55644,346.7561
53.583042,346.5185
53.59657,346.5185
53.62298,346.339
53.633457,346.339
53.662052,347.0274
53.67736,347.0274
53.70283,347.7284
53.712685,347.7284
53.741634,348.0
53.751877,348.0
53.78255,347.2923
53.792233,347.2923
53.823395,348.54413
53.833168,348.54413
53.862663,348.46478
53.873543,348.46478
53.902885,348.8553
53.913284,348.8553
53.94246,349.77612
53.955612,349.77612
53.98364,349.77612
53.993515,349.77612
54.02256,350.70587
54.033146,350.70587
54.064075,351.53247
54.074047,351.53247
54.10177,351.12372
54.11159,351.12372
54.143475,351.28918
54.156033,351.28918
54.18296,351.2558
54.193726,351.2558
54.22252,351.45264
54.23295,351.45264
54.26287,351.55554
54.273396,351.55554
54.305656,351.55554
54.315403,351.55554
54.34251,353.01447
54.35296,353.01447
54.382996,353.01447
54.39687,353.01447
54.422375,350.9583
54.43236,350.9583
54.46392,350.9583
54.476387,350.9583
54.5062,350.9583
54.516148,350.9583
54.542076,350.9583
54.553734,350.9583
54.58282,351.30988
54.594105,351.30988
54.6224,351.30988
54.63211,351.30988
54.662216,349.6338
54.6726,349.6338
54.70438,349.6338
54.714413,349.6338
54.743687,349.52856
54.759033,349.52856
54.78352,349.8333
54.798954,349.8333
54.827705,349.5606
54.83805,349.5606
54.8627,349.71643
54.873283,349.71643
54.902615,351.53162
54.913532,351.53162
54.943962,351.53162
54.956486,351.53162
54.98267,351.53162
54.995808,351.53162
55.024673,351.34998
55.035614,351.34998
55.062477,350.59998
55.07909,350.59998
55.104877,350.59998
55.11855,350.59998
55.142673,350.56714
55.15405,350.56714
55.18307,349.94366
55.19794,349.94366
55.222546,350.2564
55.237007,350.2564
55.26516,350.2564
55.279453,350.2564
55.304146,350.12823
55.318516,350.12823
55.344753,350.12823
55.356827,350.12823
55.383656,349.65387
55.394794,349.65387
55.423233,349.65387
55.43449,349.65387
55.463432,349.37933
55.47436,349.37933
55.506237,348.88892
55.51718,348.88892
55.54454,349.44116
55.55957,349.44116
55.588417,349.5857
55.598717,349.5857
55.63221,348.74628
55.647488,348.74628
55.68268,348.91302
55.711853,349.2923
55.743347,349.2923
55.754513,349.2923
55.784904,348.20288
55.795242,348.20288
55.82913,348.20288
55.839798,348.20288
55.872032,349.49054
55.88645,349.49054
55.92,349.35297
55.950264,349.5088
55.983078,349.5088
55.992718,349.5088
56.021763,349.61017
56.03508,349.61017
56.0701,349.5965
56.109886,349.4909
56.12,349.4909
56.143715,349.4909
56.154503,349.4909
56.18256,349.4286
56.198006,349.4286
56.22174,349.55554
56.23237,349.55554
56.262318,349.83636
56.273327,349.83636
56.30321,348.75
56.31396,348.75
56.342297,347.32837
56.35231,347.32837
56.38138,348.3731
56.39293,348.3731
56.423897,348.3731
56.43649,348.3731
56.463455,348.19696
56.475742,348.19696
56.50396,347.23438
56.51385,347.23438
56.54381,347.9322
56.553574,347.9322
56.58232,348.01697
56.592163,348.01697
56.623947,348.03333
56.633686,348.03333
56.66378,348.17743
56.67816,348.17743
56.705242,348.17743
56.7153,348.17743
56.74573,347.60712
56.75688,347.60712
56.785576,347.60712
56.795418,347.60712
56.82364,347.8947
56.8344,347.8947
56.86496,347.8947
56.875378,347.8947
56.902603,348.43396
56.912613,348.43396
56.942772,346.56897
56.95311,346.56897
56.983093,347.5714
56.99249,347.5714
57.0222,347.4677
57.03705,347.4677
57.062004,347.95587
57.076714,347.95587
57.106403,347.1286
57.119904,347.1286
57.14234,344.94202
57.152344,344.94202
57.181988,344.91046
57.192467,344.91046
57.223373,345.87695
57.2372,345.87695
57.26291,344.2295
57.27655,344.2295
57.30285,344.11597
57.312946,344.11597
57.34201,344.64703
57.352352,344.64703
57.38537,344.46588
57.399708,344.46588
57.42267,343.88
57.43299,343.88
57.46205,342.24615
57.474316,342.24615
57.506004,342.01562
57.51606,342.01562
57.549984,341.4583
57.563004,341.4583
57.590073,341.25757
57.622925,342.5464
57.6366,342.5464
57.66243,341.8421
57.672665,341.8421
57.703224,340.32812
57.713364,340.32812
57.74212,341.35822
57.752434,341.35822
57.782444,339.85333
57.79389,339.85333
57.823853,340.22668
57.835052,340.22668
57.862083,339.75903
57.872746,339.75903
57.902985,338.51807
57.91329,338.51807
57.941963,337.7895
57.953495,337.7895
57.983425,338.29266
57.992973,338.29266
58.023552,338.2198
58.03597,338.2198
58.062145,336.62354
58.072884,336.62354
58.102234,337.41412
58.113335,337.41412
58.142204,336.30334
58.152733,336.30334
58.182972,337.20654
58.19356,337.20654
58.22163,336.1031
58.23255,336.1031
58.262436,335.09375
58.27612,335.09375
58.30279,334.1228
58.312523,334.1228
58.342186,333.2838
58.352432,333.2838
58.36779,333.2838
58.394306,332.8553
58.40582,332.8553
58.433365,334.23285
58.462345,333.89886
58.473446,333.89886
58.502792,333.37836
58.516407,333.37836
58.542473,332.8553
58.552914,332.8553
58.583122,331.74664
58.59547,331.74664
58.623035,332.0122
58.633835,332.0122
58.662785,331.7027
58.673782,331.7027
58.70588,331.53424
58.715958,331.53424
58.744675,330.9054
58.75662,330.9054
58.78482,330.35614
58.795895,330.35614
58.824688,329.97223
58.83539,329.97223
58.86228,329.28168
58.872864,329.28168
58.901924,329.4156
58.911713,329.4156
58.94335,328.86365
58.954304,328.86365
58.982857,328.27692
58.99232,328.27692
59.022987,328.34998
59.033234,328.34998
59.06218,327.3012
59.077827,327.3012
59.102283,328.6087
59.112778,328.6087
59.143883,328.2152
59.15555,328.2152
59.181538,326.81818
59.19234,326.81818
59.22231,325.01697
59.232468,325.01697
59.262108,325.30646
59.27238,325.30646
59.30284,325.16925
59.312744,325.16925
59.342903,325.9342
59.353928,325.9342
59.382618,325.6081
59.393066,325.6081
59.422142,324.14703
59.432465,324.14703
59.46255,324.03278
59.472713,324.03278
59.505245,324.13562
59.51899,324.13562
59.543934,324.9655
59.558018,324.9655
59.581802,324.9123
59.59186,324.9123
59.624718,324.66132
59.634945,324.66132
59.665848,323.27942
59.675663,323.27942
59.702415,321.65515
59.712734,321.65515
59.742744,320.82257
59.753048,320.82257
59.78225,320.5714
59.79216,320.5714
59.828377,320.0923
59.838585,320.0923
59.86225,319.66132
59.872993,319.66132
59.902557,319.67566
59.913094,319.67566
59.941326,320.95654
59.952023,320.95654
59.98336,319.5606
59.993343,319.5606
60.02141,320.32434
60.031456,320.32434
60.062557,320.32434
60.07351,320.32434
60.103424,320.56964
60.113472,320.56964
60.145306,319.7353
60.156174,319.7353
60.18289,319.1667
60.19374,319.1667
60.223076,319.25354
60.233845,319.25354
60.26255,319.26758
60.273586,319.26758
60.30395,319.26758
60.314163,319.26758
60.34158,319.20752
60.351746,319.20752
60.383537,318.64062
60.397217,318.64062
60.423206,319.28125
60.433445,319.28125
60.46249,319.28125
60.4746,319.28125
60.50598,319.08698
60.516808,319.08698
60.54289,319.46576
60.553123,319.46576
60.582073,319.86664
60.592224,319.86664
60.625286,319.86664
60.638737,319.86664
60.662323,320.18182
60.673298,320.18182
60.703342,320.0
60.71372,320.0
60.742363,320.0
60.754234,320.0
60.78528,320.0
60.79546,320.0
60.824745,320.03528
60.836628,320.03528
60.86254,319.81012
60.87324,319.81012
60.88,319.81012