0.16,455.4375
0.2,455.2771
0.24,455.2716
0.28,455.2716
0.32,455.2716
0.36,454.96155
0.4,455.0
0.44,455.0
0.48,455.0
0.52,454.81708
0.56,454.81708
0.6,454.81708
0.64,454.81708
0.68,455.09875
0.72,455.2
0.76,455.2
0.8,454.98767
0.84,455.21252
0.88,455.6941
0.92,455.66266
0.96,456.92706
1.0,457.6786
1.02937,457.6786
1.0647608,459.7561
1.0954088,462.17072
1.12,464.8451
1.1507733,465.91028
1.162529,465.91028
1.1906915,466.8
1.2245028,468.18665
1.2392788,468.18665
1.2630768,469.39746
1.2745956,469.39746
1.3049524,470.70514
1.3171064,470.70514
1.3428935,470.6579
1.3574232,470.6579
1.3825228,471.90668
1.3963772,471.90668
1.4231087,472.76318
1.4350556,472.76318
1.4620845,473.50726
1.4736285,473.50726
1.502979,474.6579
1.5151241,474.6579
1.544069,475.6941
1.5561192,475.6941
1.5835905,476.4231
1.5956359,476.4231
1.6235611,477.3095
1.6387545,477.3095
1.6627831,477.40912
1.6749938,477.40912
1.7022521,478.81335
1.7140982,478.81335
1.7435236,480.22894
1.7586687,480.22894
1.7828009,481.253
1.794149,481.253
1.8272393,481.29486
1.8389305,481.29486
1.8625865,482.69318
1.877909,482.69318
1.9032811,484.3412
1.9146662,484.3412
1.9434335,485.3647
1.954701,485.3647
1.982775,486.7619
1.994762,486.7619
2.0284336,488.28088
2.043649,488.28088
2.076931,489.3117
2.08,489.3117
2.12,490.11237
2.1533976,490.11237
2.183705,491.36902
2.2139885,491.95605
2.244226,493.06818
2.2765026,493.90912
2.3063333,494.68817
2.3176541,494.68817
2.3418827,496.34064
2.3530474,496.34064
2.3689194,496.34064
2.4014163,498.22473
2.4369884,499.8506
2.4627016,501.6977
2.4741979,501.6977
2.504247,503.04877
2.5162864,503.04877
2.5433004,504.6125
2.5599494,504.6125
2.5874777,505.7931
2.5997124,505.7931
2.6237383,507.71265
2.6349795,507.71265
2.6629825,508.85895
2.675128,508.85895
2.7044613,510.9367
2.7166574,510.9367
2.743157,511.64288
2.7549114,511.64288
2.7829354,513.81396
2.7945,513.81396
2.8298779,515.5955
2.862671,517.3158
2.8749764,517.3158
2.9052873,518.2341
2.9185462,518.2341
2.944287,520.48865
2.95915,520.48865
2.9840143,522.48865
2.9958944,522.48865
3.024039,525.05615
3.0398371,525.05615
3.067883,526.55054
3.0849068,526.55054
3.117795,527.5213
3.1439786,527.8837
3.1573322,527.8837
3.1884267,527.9878
3.2003772,527.9878
3.2276719,527.9878
3.2390656,527.9878
3.2626889,528.7738
3.2736,528.7738
3.3044229,528.4045
3.317645,528.4045
3.344745,528.631
3.3591795,528.631
3.3833241,528.34784
3.3980236,528.34784
3.4229383,528.31915
3.4390879,528.31915
3.4626133,527.7341
3.476484,527.7341
3.502674,527.17206
3.5146022,527.17206
3.5420976,526.9802
3.5536962,526.9802
3.5828185,526.01044
3.5945663,526.01044
3.622574,525.53
3.6342862,525.53
3.6626983,524.3012
3.673965,524.3012
3.7026234,525.3647
3.715899,525.3647
3.743435,524.2292
3.758029,524.2292
3.7825675,524.9709
3.796024,524.9709
3.8264043,525.47473
3.8374965,525.47473
3.8623989,525.7234
3.8738096,525.7234
3.9042487,526.31464
3.915843,526.31464
3.9422998,526.1818
3.953755,526.1818
3.982641,525.5765
3.997351,525.5765
4.04,525.3956
4.0789456,524.17523
4.111558,523.0606
4.122349,523.0606
4.1500235,522.0516
4.182701,522.05206
4.194782,522.05206
4.2240195,520.94684
4.2353144,520.94684
4.2628117,520.5106
4.2742963,520.5106
4.302982,519.9294
4.314701,519.9294
4.3422346,520.44446
4.358098,520.44446
4.3830047,519.9268
4.3986897,519.9268
4.4297314,520.6882
4.44,520.6882
4.467027,520.0
4.4787464,520.0
4.502541,520.2941
4.5153346,520.2941
4.5424805,519.7931
4.553604,519.7931
4.5834174,520.2143
4.599557,520.2143
4.6277366,519.09784
4.639274,519.09784
4.6627474,519.27954
4.6738815,519.27954
4.7028804,518.5
4.714974,518.5
4.743302,517.869
4.754638,517.869
4.791684,517.7528
4.8254733,515.94385
4.8376646,515.94385
4.8624325,515.6706
4.8733463,515.6706
4.9035273,515.4651
4.9180646,515.4651
4.944018,514.34485
4.95872,514.34485
4.993028,513.8261
5.0042872,513.8261
5.031439,513.84045
5.063307,514.1889
5.075697,514.1889
5.1032,513.5955
5.1143785,513.5955
5.144206,513.4828
5.1554036,513.4828
5.1828756,512.7262
5.1947355,512.7262
5.224326,513.02246
5.2395034,513.02246
5.2638993,512.4421
5.27513,512.4421
5.3056946,511.6778
5.3166986,511.6778
5.342934,511.69666
5.3542376,511.69666
5.382966,511.3778
5.3943596,511.3778
5.423881,511.7826
5.439153,511.7826
5.4623375,510.3222
5.4775624,510.3222
5.5035768,510.11237
5.515478,510.11237
5.542587,510.4536
5.5539575,510.4536
5.587118,510.03027
5.598807,510.03027
5.622305,509.7843
5.633547,509.7843
5.6630073,509.95654
5.6764026,509.95654
5.703234,509.86206
5.7158766,509.86206
5.7438974,509.9425
5.759555,509.9425
5.786244,509.9425
5.7975626,509.9425
5.8247447,510.06976
5.840744,510.06976
5.870318,510.75
5.903908,511.1667
5.9186954,511.1667
5.94374,510.9367
5.95807,510.9367
5.9826303,510.75
5.9944916,510.75
6.023816,510.92773
6.035293,510.92773
6.0633874,511.08643
6.074863,511.08643
6.1025844,511.2
6.1154995,511.2
6.1432586,510.9286
6.157115,510.9286
6.1828504,510.9286
6.1944747,510.9286
6.22659,510.85883
6.238359,510.85883
6.2623234,510.85883
6.273898,510.85883
6.3046517,511.16095
6.3212137,511.16095
6.3555384,511.13635
6.382459,511.16095
6.3947964,511.16095
6.4249606,511.28918
6.4364624,511.28918
6.4630218,511.8977
6.474279,511.8977
6.504764,511.73407
6.5166345,511.73407
6.5439887,511.90912
6.556545,511.90912
6.5835805,511.43182
6.5950074,511.43182
6.622765,510.44446
6.6356735,510.44446
6.662682,510.44446
6.674218,510.44446
6.703262,512.01135
6.7160044,512.01135
6.7432685,511.98834
6.7540903,511.98834
6.786838,510.67902
6.7982635,510.67902
6.829457,510.79266
6.841033,510.79266
6.870276,510.60254
6.9037557,510.65057
6.9147305,510.65057
6.943031,509.2
6.954045,509.2
6.9831715,508.1875
7.0000668,508.1875
7.027554,506.7763
7.0386834,506.7763
7.06317,505.32
7.074496,505.32
7.0896635,505.32
7.108352,505.32
7.12,505.12164
7.14489,505.12164
7.1717525,505.31036
7.1955266,503.9643
7.2,503.9643
7.232245,503.22498
7.2460113,503.22498
7.2733064,502.41858
7.30343,501.95404
7.3180447,501.95404
7.3443727,501.4828
7.3559837,501.4828
7.382301,500.9359
7.3937335,500.9359
7.423062,499.41248
7.434044,499.41248
7.4629335,498.95
7.4741898,498.95
7.503192,498.2439
7.5164447,498.2439
7.544265,498.013
7.5583224,498.013
7.5825024,496.66278
7.593412,496.66278
7.625436,496.42694
7.636469,496.42694
7.662374,495.36707
7.673541,495.36707
7.703924,494.60974
7.715751,494.60974
7.744835,494.08643
7.757407,494.08643
7.7844357,493.36
7.797186,493.36
7.828662,491.91028
7.8394575,491.91028
7.86278,492.29633
7.8739514,492.29633
7.9066076,491.84998
7.921652,491.84998
7.956202,491.0617
7.982749,490.37207
7.9941936,490.37207
8.023345,489.7317
8.037046,489.7317
8.062869,489.2625
8.073938,489.2625
8.10332,488.68
8.1143055,488.68
8.142838,487.94446
8.159297,487.94446
8.183784,486.82715
8.195659,486.82715
8.224529,485.3924
8.23635,485.3924
8.262577,484.92682
8.274444,484.92682
8.302985,483.72974
8.314975,483.72974
8.3436775,482.7647
8.354949,482.7647
8.382604,482.65387
8.394236,482.65387
8.424237,481.3333
8.435883,481.3333
8.46276,481.029
8.474467,481.029
8.504685,480.2055
8.516093,480.2055
8.543628,478.6081
8.560119,478.6081
8.583793,477.60272
8.596051,477.60272
8.622462,476.6377
8.636556,476.6377
8.662266,476.35138
8.673313,476.35138
8.703484,475.93335
8.717599,475.93335
8.74766,475.09857
8.758818,475.09857
8.786225,474.52856
8.797305,474.52856
8.822939,473.92957
8.834031,473.92957
8.863898,473.44446
8.875978,473.44446
8.902359,472.8816
8.91343,472.8816
8.94373,472.22974
8.954539,472.22974
8.982602,471.7162
8.997601,471.7162
9.023263,471.2055
9.037816,471.2055
9.063183,471.20288
9.075202,471.20288
9.102452,470.84418
9.113725,470.84418
9.149142,469.3803
9.182423,468.6129
9.196882,468.6129
9.224393,469.18182
9.236101,469.18182
9.2620325,467.83075
9.273295,467.83075
9.304085,467.37683
9.316718,467.37683
9.341914,467.2143
9.353025,467.2143
9.382343,467.50793
9.393732,467.50793
9.423572,465.8333
9.434391,465.8333
9.462614,465.9403
9.4765625,465.9403
9.502108,464.1228
9.517073,464.1228
9.542117,463.71667
9.552877,463.71667
9.582963,462.875
9.594421,462.875
9.626265,462.69354
9.637898,462.69354
9.662618,462.01538
9.673702,462.01538
9.702101,461.89233
9.714018,461.89233
9.743283,461.8125
9.7576065,461.8125
9.782954,461.4839
9.794149,461.4839
9.822868,461.31146
9.834055,461.31146
9.86263,461.31146
9.873632,461.31146
9.90254,460.807
9.913373,460.807
9.946786,460.68964
9.958212,460.68964
9.982327,460.30157
9.994281,460.30157
10.022879,459.31744
10.034058,459.31744
10.062872,459.55933
10.074419,459.55933
10.103149,459.34485
10.114159,459.34485
10.14603,459.46155
10.157221,459.46155
10.1820345,459.13794
10.194395,459.13794
10.223342,458.66156
10.234181,458.66156
10.262389,458.67212
10.27407,458.67212
10.306548,458.73132
10.317785,458.73132
10.3419895,458.73132
10.35787,458.73132
10.383007,458.80304
10.394745,458.80304
10.4331875,458.80304
10.445756,458.80304
10.477867,458.9552
10.491253,458.9552
10.52,458.9552
10.55113,458.55713
10.563427,458.55713
10.593748,458.30988
10.623061,458.29578
10.635251,458.29578
10.66334,458.29578
10.679477,458.29578
10.7044935,458.2353
10.717123,458.2353
10.742946,458.0147
10.757321,458.0147
10.78311,458.27692
10.794098,458.27692
10.826816,458.27692
10.837351,458.27692
10.864324,458.17908
10.878579,458.17908
10.904982,458.17908
10.916228,458.17908
10.942438,457.67145
10.954179,457.67145
10.98281,457.67145
10.994711,457.67145
11.02893,457.94446
11.040123,457.94446
11.066971,459.0857
11.078694,459.0857
11.109722,459.74628
11.143916,460.8714
11.157632,460.8714
11.182868,462.09723
11.195878,462.09723
11.225377,463.52856
11.239929,463.52856
11.263627,465.7121
11.275152,465.7121
11.302637,468.12305
11.315212,468.12305
11.343194,470.70178
11.355469,470.70178
11.38219,472.6667
11.393283,472.6667
11.422795,474.98358
11.4334955,474.98358
11.46246,475.11108
11.4737215,475.11108
11.506227,475.10168
11.517715,475.10168
11.5428,475.22583
11.553869,475.22583
11.592232,475.57355
11.6,475.57355
11.62714,475.73773
11.638161,475.73773
11.668755,475.79688
11.6842165,475.79688
11.7123785,475.79688
11.748774,475.8333
11.7602625,475.8333
11.783303,475.22223
11.79524,475.22223
11.8246765,474.88892
11.838572,474.88892
11.862623,474.87878
11.873885,474.87878
11.907307,475.50848
11.91833,475.50848
11.94337,475.27118
11.954163,475.27118
11.981828,475.25452
11.99565,475.25452
12.024593,475.4583
12.035731,475.4583
12.063318,475.13727
12.074629,475.13727
12.102679,474.45282
12.118127,474.45282
12.142365,474.0196
12.155852,474.0196
12.187239,473.68628
12.198578,473.68628
12.24,473.20337
12.28,473.26788
12.310477,473.26788
12.358831,472.60376
12.370444,472.60376
12.399899,471.98212
12.424208,471.98212
12.438603,471.98212
12.46773,471.98212
12.479651,471.98212
12.5049095,471.98212
12.516653,471.98212
12.542496,472.0185
12.553142,472.0185
12.582235,473.01587
12.593249,473.01587
12.622896,472.98303
12.639587,472.98303
12.663215,472.98303
12.674692,472.98303
12.703315,473.4386
12.718309,473.4386
12.74314,473.4483
12.757387,473.4483
12.782364,474.60657
12.794974,474.60657
12.823048,474.82355
12.837413,474.82355
12.86286,476.06555
12.878099,476.06555
12.905917,476.36737
12.918698,476.36737
12.945865,477.15002
12.960791,477.15002
12.9884,477.5763
13.003682,477.5763
13.03859,477.73682
13.064454,479.0517
13.076154,479.0517
13.102575,478.14545
13.116883,478.14545
13.145733,480.23212
13.156858,480.23212
13.182124,480.18518
13.194065,480.18518
13.224022,482.14288
13.238762,482.14288
13.262351,482.9016
13.27566,482.9016
13.304084,484.56897
13.319975,484.56897
13.342972,484.93335
13.35408,484.93335
13.38206,485.82257
13.3932705,485.82257
13.424548,487.41815
13.438941,487.41815
13.46222,488.48077
13.47379,488.48077
13.510347,489.30188
13.5216675,489.30188
13.551123,490.2727
13.582729,490.96295
13.595457,490.96295
13.623613,491.84003
13.635323,491.84003
13.662526,493.11322
13.673571,493.11322
13.703799,493.81818
13.717981,493.81818
13.743299,495.13208
13.7562685,495.13208
13.783914,495.96002
13.797994,495.96002
13.823835,497.74548
13.835473,497.74548
13.862895,499.08618
13.874233,499.08618
13.902186,500.0536
13.91464,500.0536
13.943075,501.2295
13.954079,501.2295
13.98175,501.54413
13.993264,501.54413
14.022286,503.03125
14.033082,503.03125
14.062852,503.5077
14.073651,503.5077
14.10209,505.3714
14.113928,505.3714
14.142979,506.38806
14.154259,506.38806
14.183052,507.05084
14.197739,507.05084
14.223222,508.73016
14.233892,508.73016
14.261975,509.82257
14.273487,509.82257
14.303245,511.0678
14.317896,511.0678
14.342678,512.20337
14.353401,512.20337
14.382805,513.89703
14.393725,513.89703
14.422646,515.0154
14.43628,515.0154
14.4618435,517.127
14.476536,517.127
14.503233,518.73016
14.514907,518.73016
14.544325,519.41815
14.556636,519.41815
14.583608,520.3871
14.594781,520.3871
14.626433,521.85486
14.642891,521.85486
14.670305,523.75385
14.70272,524.0333
14.714305,524.0333
14.743381,524.7846
14.754108,524.7846
14.782838,525.6719
14.794186,525.6719
14.823166,526.7143
14.834171,526.7143
14.862477,527.2742
14.87347,527.2742
14.90369,528.7
14.914747,528.7
14.942662,529.3889
14.954373,529.3889
14.983037,529.85
14.9950695,529.85
15.022736,531.2787
15.033963,531.2787
15.063255,532.3182
15.075027,532.3182
15.102076,533.53125
15.114218,533.53125
15.143222,533.9836
15.15497,533.9836
15.182044,535.0517
15.193908,535.0517
15.224092,534.8421
15.235627,534.8421
15.262417,535.6226
15.276259,535.6226
15.302528,535.6226
15.314954,535.6226
15.343224,534.7833
15.357449,534.7833
15.382299,534.96295
15.394375,534.96295
15.425054,534.80884
15.435549,534.80884
15.461865,534.1094
15.473068,534.1094
15.50262,533.9846
15.51406,533.9846
15.542321,533.9048
15.553006,533.9048
15.5828705,533.87933
15.59881,533.87933
15.623811,533.8421
15.638238,533.8421
15.662891,533.7455
15.674183,533.7455
15.702154,534.2258
15.713639,534.2258
15.747333,533.35596
15.761142,533.35596
15.790649,533.39655
15.825867,533.1961
15.840726,533.1961
15.863581,533.7647
15.8748045,533.7647
15.902466,533.0
15.913213,533.0
15.943674,532.12067
15.954657,532.12067
15.982541,532.39685
15.994009,532.39685
16.02272,532.44617
16.033648,532.44617
16.062603,531.73334
16.074299,531.73334
16.101952,531.62714
16.113905,531.62714
16.142542,530.9778
16.153706,530.9778
16.182758,531.1739
16.199036,531.1739
16.224705,529.8823
16.239157,529.8823
16.263105,529.661
16.276106,529.661
16.30252,529.92065
16.31411,529.92065
16.343138,530.15515
16.354158,530.15515
16.383015,528.64514
16.394613,528.64514
16.428663,528.8281
16.440367,528.8281
16.462744,528.34247
16.474092,528.34247
16.505222,528.5946
16.517017,528.5946
16.542173,528.4865
16.552929,528.4865
16.583664,527.6667
16.595053,527.6667
16.626015,527.3333
16.637264,527.3333
16.662714,527.5833
16.673843,527.5833
16.702974,526.6857
16.717798,526.6857
16.742973,526.2895
16.753878,526.2895
16.782417,526.62823
16.793903,526.62823
16.823008,526.29333
16.834002,526.29333
16.863583,526.6479
16.874733,526.6479
16.902565,525.9459
16.913496,525.9459
16.945898,526.0789
16.957369,526.0789
16.983244,525.6667
16.99536,525.6667
17.026741,525.0139
17.038177,525.0139
17.064436,525.7
17.07627,525.7
17.10348,524.2
17.114523,524.2
17.142765,524.39703
17.154198,524.39703
17.181671,523.5846
17.193197,523.5846
17.226042,524.10297
17.23748,524.10297
17.26209,523.4407
17.274252,523.4407
17.30414,523.60345
17.316887,523.60345
17.34321,523.67926
17.354832,523.67926
17.382421,523.67926
17.393572,523.67926
17.422821,524.7755
17.433767,524.7755
17.462692,523.0847
17.47649,523.0847
17.502354,522.4286
17.51369,522.4286
17.542416,522.53845
17.55714,522.53845
17.585464,522.17645
17.596529,522.17645
17.622286,522.17645
17.634134,522.17645
17.662886,521.19403
17.674072,521.19403
17.703072,521.19403
17.715693,521.19403
17.743835,520.7759
17.754877,520.7759
17.782585,521.38184
17.793854,521.38184
17.823242,520.9524
17.83437,520.9524
17.862778,520.3623
17.874687,520.3623
17.913671,520.25
17.925974,520.25
17.957088,520.1818
17.982992,519.1071
17.99467,519.1071
18.022703,520.1406
18.033554,520.1406
18.06336,519.20636
18.07453,519.20636
18.10242,518.8551
18.114042,518.8551
18.143803,519.2436
18.157587,519.2436
18.181787,519.2436
18.19377,519.2436
18.22288,518.8461
18.234081,518.8461
18.264652,518.3803
18.277157,518.3803
18.30234,518.1268
18.31373,518.1268
18.343287,518.375
18.354658,518.375
18.382912,518.5441
18.394718,518.5441
18.423162,518.83826
18.434122,518.83826
18.462473,518.1791
18.474304,518.1791
18.503754,518.1791
18.51557,518.1791
18.542528,517.74243
18.554285,517.74243
18.584036,518.23285
18.596064,518.23285
18.622768,517.6462
18.634747,517.6462
18.662243,517.7121
18.676834,517.7121
18.702358,517.57355
18.714163,517.57355
18.74373,517.5352
18.754343,517.5352
18.782368,516.5278
18.793976,516.5278
18.824669,515.7647
18.835638,515.7647
18.86278,514.5846
18.874031,514.5846
18.902477,514.84375
18.915783,514.84375
18.946709,513.918
18.961252,513.918
18.990438,513.0857
19.022142,511.8333
19.033232,511.8333
19.066067,511.1842
19.077976,511.1842
19.102545,510.726
19.117317,510.726
19.142826,509.4154
19.154047,509.4154
19.182093,508.11768
19.19334,508.11768
19.224329,508.3014
19.238432,508.3014
19.26245,506.81427
19.273798,506.81427
19.30418,506.34723
19.318966,506.34723
19.3426,505.67566
19.353443,505.67566
19.382647,505.38806
19.394175,505.38806
19.42265,505.44
19.433928,505.44
19.462568,505.17908
19.474104,505.17908
19.503618,504.22858
19.515154,504.22858
19.543785,503.35065
19.554848,503.35065
19.583012,502.42645
19.593977,502.42645
19.622225,501.95453
19.638885,501.95453
19.66361,500.4355
19.6748,500.4355
19.702637,500.60938
19.714079,500.60938
19.74743,499.92645
19.758614,499.92645
19.783087,499.40625
19.794434,499.40625
19.827492,498.64386
19.838245,498.64386
19.862858,497.78125
19.873707,497.78125
19.903145,496.84003
19.914019,496.84003
19.947838,495.34723
19.96216,495.34723
19.990515,495.1831
20.022125,493.79712
20.033522,493.79712
20.06313,493.6892
20.075884,493.6892
20.1022,491.89026
20.116842,491.89026
20.145267,491.84418
20.156782,491.84418
20.18213,490.93335
20.19738,490.93335
20.226059,490.52502
20.2377,490.52502
20.261934,489.45947
20.274218,489.45947
20.303877,488.7237
20.316017,488.7237
20.341698,487.94287
20.353792,487.94287
20.38196,486.96344
20.393074,486.96344
20.423143,486.7442
20.434692,486.7442
20.46222,485.75677
20.473518,485.75677
20.502262,484.64935
20.515526,484.64935
20.543089,483.55408
20.553759,483.55408
20.585295,482.53748
20.598463,482.53748
20.622032,482.07593
20.634157,482.07593
20.662298,480.8875
20.673773,480.8875
20.703741,480.40002
20.715405,480.40002
20.742924,479.57892
20.754095,479.57892
20.782246,479.49274
20.794203,479.49274
20.823244,478.64386
20.834877,478.64386
20.86254,478.28986
20.87368,478.28986
20.903057,477.49255
20.91427,477.49255
20.946781,476.27942
20.95816,476.27942
20.983238,475.8
20.995321,475.8
21.027042,475.25
21.037983,475.25
21.063057,473.75385
21.074938,473.75385
21.10346,473.01788
21.114721,473.01788
21.146393,472.65216
21.1579,472.65216
21.182798,471.92645
21.1953,471.92645
21.224804,471.3125
21.241537,471.3125
21.276657,470.5323
21.303123,470.26154
21.316053,470.26154
21.342173,469.49274
21.353178,469.49274
21.383404,469.75
21.394756,469.75
21.44,469.0857
21.458094,469.0857
21.48,468.7857
21.495834,468.7857
21.532951,466.92188
21.561453,466.3
21.584234,465.96826
21.59569,465.96826
21.623102,466.2
21.63475,466.2
21.662008,465.09436
21.673317,465.09436
21.68914,465.09436
21.72254,465.14038
21.75146,464.1667
21.78223,463.54413
21.793913,463.54413
21.829128,463.69843
21.840494,463.69843
21.863873,463.68256
21.875309,463.68256
21.90258,463.4762
21.91377,463.4762
21.94776,463.4762
21.961788,463.4762
21.990627,462.53424
22.02252,463.01263
22.034113,463.01263
22.06313,462.8108
22.075068,462.8108
22.102259,462.91547
22.1169,462.91547
22.14329,462.7027
22.157125,462.7027
22.1841,462.7027
22.200874,462.7027
22.231524,462.97144
22.267841,462.97144
22.28225,462.97144
22.310743,462.69012
22.342442,462.69012
22.354181,462.69012
22.382853,462.61768
22.393991,462.61768
22.424124,462.61768
22.435287,462.61768
22.461678,462.0
22.472874,462.0
22.503458,462.0
22.517391,462.0
22.54273,462.1449
22.553612,462.1449
22.583895,461.98553
22.596539,461.98553
22.62247,462.1739
22.634064,462.1739
22.663347,462.1739
22.674765,462.1739
22.702274,461.92535
22.71413,461.92535
22.742992,461.92535
22.753973,461.92535
22.782724,462.1385
22.794333,462.1385
22.82672,462.1385
22.842606,462.1385
22.875458,462.26086
22.903513,462.26086
22.915762,462.26086
22.946033,461.6269
22.958769,461.6269
22.982454,461.6269
22.994215,461.6269
23.023436,461.7857
23.034506,461.7857
23.064018,461.7857
23.075945,461.7857
23.102951,461.9375
23.117838,461.9375
23.14435,461.9375
23.158125,461.9375
23.182068,461.9077
23.193111,461.9077
23.222723,461.9077
23.235779,461.9077
23.26295,461.43475
23.274363,461.43475
23.308565,460.90277
23.32172,460.90277
23.351019,460.89612
23.382776,460.8919
23.395998,460.8919
23.423012,460.80597
23.434343,460.80597
23.46256,460.80597
23.474241,460.80597
23.503115,460.80597
23.514492,460.80597
23.54425,460.80597
23.555607,460.80597
23.58334,460.83582
23.596514,460.83582
23.622911,461.11426
23.637566,461.11426
23.662825,461.45715
23.674429,461.45715
23.703228,461.45715
23.717464,461.45715
23.743946,461.17645
23.75489,461.17645
23.78194,461.17645
23.796003,461.17645
23.828184,461.13043
23.838873,461.13043
23.862484,461.13043
23.87568,461.13043
23.902042,461.18182
23.913164,461.18182
23.944239,461.18182
23.95492,461.18182
23.981825,461.18182
23.993565,461.18182
24.023952,461.43286
24.035515,461.43286
24.063084,461.60297
24.074434,461.60297
24.101524,461.60297
24.112877,461.60297
24.143345,461.5797
24.157413,461.5797
24.183315,461.5797
24.1949,461.5797
24.223177,461.18463
24.234451,461.18463
24.261898,461.28125
24.273966,461.28125
24.302595,461.44116
24.314182,461.44116
24.344276,461.44116
24.355764,461.44116
24.382362,461.18842
24.39372,461.18842
24.422575,461.18842
24.433836,461.18842
24.463188,461.73132
24.477266,461.73132
24.50547,462.12122
24.52184,462.12122
24.55164,462.73132
24.583094,462.73132
24.596115,462.73132
24.622257,462.96106
24.633995,462.96106
24.662731,462.96106
24.67374,462.96106
24.703794,462.96002
24.715363,462.96002
24.743624,463.21332
24.754477,463.21332
24.783365,462.97296
24.79478,462.97296
24.823889,462.97333
24.834982,462.97333
24.862576,463.89612
24.87372,463.89612
24.90311,464.5244
24.917889,464.5244
24.942013,464.96106
24.95291,464.96106
24.987555,466.21796
25.0044,466.21796
25.031065,466.68573
25.064114,468.31946
25.075092,468.31946
25.101786,470.28168
25.113607,470.28168
25.143934,472.0417
25.15568,472.0417
25.182154,473.65277
25.193464,473.65277
25.223322,475.6081
25.234428,475.6081
25.262688,476.71997
25.2776,476.71997
25.30421,478.49353
25.318903,478.49353
25.34249,479.72498
25.353897,479.72498
25.382647,480.8875
25.395218,480.8875
25.422998,481.81818
25.433916,481.81818
25.462658,483.23682
25.474445,483.23682
25.503418,483.96106
25.518179,483.96106
25.543703,485.3108
25.55446,485.3108
25.58276,486.19482
25.598997,486.19482
25.623325,486.2857
25.635096,486.2857
25.663727,487.2237
25.675585,487.2237
25.7032,488.3291
25.717537,488.3291
25.742643,488.96387
25.753664,488.96387
25.781902,490.2469
25.793068,490.2469
25.824934,491.30377
25.838694,491.30377
25.86937,492.10126
25.881172,492.10126
25.911198,493.4156
25.943228,495.0
25.954603,495.0
25.981728,496.90668
25.993052,496.90668
26.0238,497.82666
26.034786,497.82666
26.064297,499.65216
26.076464,499.65216
26.102737,502.97058
26.115778,502.97058
26.142826,505.029
26.154297,505.029
26.183851,508.4853
26.199902,508.4853
26.225243,511.4286
26.236341,511.4286
26.263027,513.23883
26.275023,513.23883
26.303349,515.30884
26.315245,515.30884
26.342363,516.69116
26.35808,516.69116
26.382742,517.67163
26.394596,517.67163
26.422457,518.68494
26.433968,518.68494
26.46221,520.0685
26.476587,520.0685
26.503773,521.74646
26.515385,521.74646
26.542639,523.1268
26.553425,523.1268
26.5831,524.6479
26.594563,524.6479
26.622421,526.66235
26.636805,526.66235
26.663761,528.38464
26.67617,528.38464
26.702568,529.86304
26.71391,529.86304
26.7434,531.3333
26.75434,531.3333
26.783264,532.93506
26.7974,532.93506
26.826159,534.93506
26.837168,534.93506
26.862507,535.9722
26.877426,535.9722
26.903708,536.2286
26.918003,536.2286
26.944212,536.6986
26.955221,536.6986
26.98268,537.1429
26.993795,537.1429
27.024624,537.78204
27.038597,537.78204
27.063097,538.5135
27.074999,538.5135
27.101679,538.30554
27.113256,538.30554
27.143986,538.2466
27.155453,538.2466
27.183107,538.2466
27.194973,538.2466
27.22386,538.2466
27.234663,538.2466
27.262524,538.30664
27.275295,538.30664
27.302767,538.1
27.31457,538.1
27.341843,537.8333
27.352812,537.8333
27.382648,537.4
27.393595,537.4
27.421974,536.9865
27.434258,536.9865
27.463232,536.662
27.477287,536.662
27.504362,535.2162
27.516504,535.2162
27.543167,535.1842
27.558184,535.1842
27.581808,534.9474
27.594013,534.9474
27.622307,533.9722
27.633884,533.9722
27.662827,533.2
27.673767,533.2
27.7036,533.0822
27.716257,533.0822
27.742462,531.24677
27.757174,531.24677
27.782076,531.4684
27.797028,531.4684
27.822117,530.6883
27.832832,530.6883
27.864027,529.94806
27.876282,529.94806
27.90624,529.72
27.922813,529.72
27.95703,529.0571
27.983139,528.76056
27.995256,528.76056
28.023966,528.4054
28.035326,528.4054
28.063232,527.7353
28.075407,527.7353
28.101694,527.0959
28.115261,527.0959
28.14324,526.5
28.154755,526.5
28.182558,525.9589
28.194038,525.9589
28.22363,526.3684
28.235153,526.3684
28.262602,526.3684
28.273909,526.3684
28.303722,526.1829
28.31526,526.1829
28.341944,525.8875
28.353825,525.8875
28.383902,525.9595
28.395086,525.9595
28.422045,526.0132
28.43373,526.0132
28.462782,526.03845
28.474049,526.03845
28.503286,524.96106
28.514658,524.96106
28.543516,524.6709
28.554876,524.6709
28.582369,524.4625
28.595266,524.4625
28.622852,523.8553
28.634888,523.8553
28.664616,524.0
28.676142,524.0
28.702507,523.6539
28.71719,523.6539
28.743097,522.55225
28.754023,522.55225
28.783016,522.19696
28.794535,522.19696
28.82391,521.831
28.837324,521.831
28.866545,521.4545
28.87814,521.4545
28.902887,521.5844
28.919369,521.5844
28.943708,521.19446
28.955128,521.19446
28.982267,521.4459
28.994164,521.4459
29.02253,520.8028
29.033413,520.8028
29.062927,520.26086
29.07502,520.26086
29.101715,520.0484
29.116426,520.0484
29.142572,519.75757
29.154325,519.75757
29.181738,519.38354
29.192902,519.38354
29.223255,518.8461
29.234274,518.8461
29.262238,518.4935
29.276623,518.4935
29.303345,517.56
29.315855,517.56
29.342947,517.42645
29.357288,517.42645
29.384335,517.8421
29.395239,517.8421
29.42208,517.6
29.43339,517.6
29.46389,517.0833
29.475058,517.0833
29.503435,517.05884
29.514837,517.05884
29.54313,516.6197
29.554028,516.6197
29.584078,516.70667
29.597872,516.70667
29.6,516.70667
29.64,517.49335
29.662418,517.49335
29.703547,516.0789
29.72,516.1795
29.76,516.62024
29.774048,516.62024
29.8,516.62024
29.829006,516.5897
29.839548,516.5897
29.865257,516.5132
29.876255,516.5132
29.904816,516.13336
29.92097,516.13336
29.951801,515.60565
29.983692,515.1286
29.995853,515.1286
30.025383,515.22534
30.036674,515.22534
30.064333,515.39685
30.07545,515.39685
30.103758,515.03125
30.114897,515.03125
30.14749,514.34485
30.158459,514.34485
30.18665,514.2143
30.198402,514.2143
30.225954,514.87274
30.237034,514.87274
30.26411,514.6727
30.275614,514.6727
30.306036,514.1404
30.32,514.1404
30.353851,514.1404
30.36,513.7759
30.397043,513.7759
30.4,513.1385
30.44,513.43286
30.48,512.7284
30.500921,512.7284
30.555574,510.7215
30.566898,510.7215
30.59578,510.40002
30.623436,509.74323
30.635305,509.74323
30.665234,508.971
30.676834,508.971
30.70315,509.2464
30.71442,509.2464
30.744991,509.3288
30.757845,509.3288
30.783989,508.57745
30.794994,508.57745
30.824427,508.57745
30.835285,508.57745
30.86685,508.04413
30.88145,508.04413
30.91311,508.1875
30.944305,507.05884
30.959103,507.05884
30.983957,505.82812
30.99581,505.82812
31.04,505.01562
31.08,504.55225
31.102123,504.55225
31.153023,502.42645
31.16,502.42645
31.194862,501.50818
31.230799,500.83075
31.241661,500.83075
31.27307,500.18054
31.306755,499.08105
31.317556,499.08105
31.343756,498.52173
31.356594,498.52173
31.383818,498.19446
31.396349,498.19446
31.42478,497.53845
31.43595,497.53845
31.464237,497.403
31.478268,497.403
31.50404,496.10297
31.515451,496.10297
31.544037,496.12677
31.558638,496.12677
31.583607,495.18518
31.59669,495.18518
31.623377,494.48077
31.638182,494.48077
31.664,493.3333
31.675634,493.3333
31.703485,493.10907
31.718164,493.10907
31.74486,492.87012
31.755674,492.87012
31.78396,491.96002
31.795258,491.96002
31.824978,490.95776
31.835783,490.95776
31.86424,490.43243
31.875372,490.43243
31.904747,488.88892
31.915749,488.88892
31.943499,488.7121
31.955544,488.7121
31.983551,486.85962
31.995415,486.85962
32.025234,486.84613
32.03611,486.84613
32.064075,486.66174
32.07563,486.66174
32.10389,485.75757
32.118176,485.75757
32.144966,485.54932
32.15626,485.54932
32.186867,484.09857
32.202957,484.09857
32.238033,483.98633
32.26555,483.68494
32.276684,483.68494
32.30338,483.35938
32.314854,483.35938
32.344173,482.45312
32.35952,482.45312
32.38716,481.9649
32.398975,481.9649
32.424145,481.22412
32.435055,481.22412
32.46407,480.86884
32.478474,480.86884
32.504753,480.0625
32.51966,480.0625
32.544167,479.25806
32.55735,479.25806
32.583042,478.89703
32.594196,478.89703
32.624737,477.46033
32.635723,477.46033
32.664055,477.07465
32.67563,477.07465
32.703323,475.0645
32.715054,475.0645
32.744312,473.4483
32.75706,473.4483
32.784977,472.40985
32.797756,472.40985
32.823845,471.65002
32.83821,471.65002
32.86421,470.4032
32.87648,470.4032
32.90586,469.85938
32.91826,469.85938
32.94499,469.61902
32.95877,469.61902
32.984898,468.37878
33.00055,468.37878
33.037098,467.27417
33.065678,467.2464
33.07706,467.2464
33.103584,466.48334
33.114994,466.48334
33.143734,466.0185
33.15493,466.0185
33.18513,465.11108
33.197056,465.11108
33.226128,464.81036
33.237698,464.81036
33.26486,464.71667
33.276207,464.71667
33.30434,463.95386
33.31599,463.95386
33.34379,463.7
33.35512,463.7
33.38393,463.28333
33.39511,463.28333
33.42358,463.21875
33.43446,463.21875
33.463856,462.5763
33.475082,462.5763
33.503853,462.71875
33.515217,462.71875
33.54445,461.23077
33.555763,461.23077
33.58348,461.60938
33.594933,461.60938
33.624588,461.33868
33.635574,461.33868
33.664738,461.2182
33.67659,461.2182
33.704445,461.27777
33.717136,461.27777
33.7438,460.4035
33.758766,460.4035
33.78403,460.2
33.795773,460.2
33.828228,459.18335
33.839546,459.18335
33.864723,459.15387
33.87584,459.15387
33.90393,458.98248
33.915993,458.98248
33.943417,458.86792
33.954426,458.86792
33.983784,457.88336
33.995426,457.88336
34.02515,458.0
34.039246,458.0
34.064865,458.20288
34.080177,458.20288
34.104977,458.5714
34.11637,458.5714
34.144096,458.44263
34.155632,458.44263
34.183483,458.11664
34.194916,458.11664
34.225876,457.48486
34.237015,457.48486
34.264965,458.07935
34.27688,458.07935
34.303734,457.0182
34.315304,457.0182
34.344692,457.0182
34.356243,457.0182
34.383972,455.98486
34.39527,455.98486
34.423042,456.0597
34.43428,456.0597
34.463413,455.9403
34.475323,455.9403
34.50363,455.91046
34.515007,455.91046
34.54479,456.32
34.559086,456.32
34.584328,455.98248
34.59572,455.98248
34.62375,455.08618
34.635143,455.08618
34.662933,455.14545
34.67385,455.14545
34.705498,454.96362
34.717396,454.96362
34.744637,455.0196
34.755577,455.0196
34.783592,455.5091
34.794594,455.5091
34.824345,455.35297
34.83816,455.35297
34.863914,455.125
34.875023,455.125
34.903633,456.44067
34.914734,456.44067
34.94435,455.52728
34.95559,455.52728
34.984867,455.4259
34.996414,455.4259
35.029316,455.7818
35.04091,455.7818
35.07211,455.56897
35.104572,455.78687
35.115612,455.78687
35.14674,455.44263
35.15776,455.44263
35.18432,455.7857
35.1959,455.7857
35.226185,455.9032
35.237732,455.9032
35.264076,454.98438
35.27588,454.98438
35.305187,455.45453
35.3167,455.45453
35.34348,455.5
35.354897,455.5
35.38383,455.5161
35.395416,455.5161
35.424427,455.2857
35.43958,455.2857
35.46416,455.2857
35.47547,455.2857
35.50422,455.4237
35.51553,455.4237
35.543842,455.4815
35.55481,455.4815
35.583836,454.9107
35.59595,454.9107
35.62424,454.9107
35.636078,454.9107
35.66364,453.8125
35.67487,453.8125
35.703865,453.81818
35.717865,453.81818
35.744473,454.52728
35.755585,454.52728
35.784042,454.52728
35.795452,454.52728
35.825672,454.48834
35.836624,454.48834
35.864017,454.86536
35.875114,454.86536
35.90418,455.8
35.918736,455.8
35.944294,456.13635
35.95533,456.13635
35.984524,456.55933
35.996334,456.55933
36.02522,457.4483
36.03731,457.4483
36.0646,457.4386
36.07583,457.4386
36.104374,458.13043
36.11882,458.13043
36.144047,458.0484
36.15558,458.0484
36.183914,458.35486
36.197956,458.35486
36.2248,459.13562
36.24121,459.13562
36.271523,459.50745
36.30417,459.4483
36.31877,459.4483
36.34631,459.7818
36.36049,459.7818
36.384293,460.1754
36.39705,460.1754
36.42681,460.76086
36.43818,460.76086
36.46365,461.41028
36.474808,461.41028
36.504654,461.3684
36.516914,461.3684
36.54574,460.94543
36.5573,460.94543
36.58426,461.63263
36.59549,461.63263
36.62924,463.26086
36.640366,463.26086
36.664913,464.09088
36.68171,464.09088
36.713436,463.5
36.74398,465.05554
36.75634,465.05554
36.78483,465.34045
36.796555,465.34045
36.826756,466.6964
36.837708,466.6964
36.86369,466.76666
36.87481,466.76666
36.9039,469.2381
36.916813,469.2381
36.945984,470.9464
36.957005,470.9464
36.983593,473.0
36.99528,473.0
37.02623,475.74628
37.03769,475.74628
37.064598,478.1905
37.07942,478.1905
37.10345,481.0833
37.115337,481.0833
37.145546,482.96667
37.15769,482.96667
37.183838,484.17188
37.19602,484.17188
37.224865,485.33844
37.23716,485.33844
37.264008,486.2069
37.275063,486.2069
37.30363,487.12726
37.315895,487.12726
37.345505,488.9787
37.357777,488.9787
37.385235,490.0196
37.39905,490.0196
37.423706,491.47272
37.438538,491.47272
37.464355,492.73584
37.4757,492.73584
37.5037,493.50946
37.515335,493.50946
37.545902,495.1778
37.561695,495.1778
37.599087,496.2105
37.629692,497.25
37.641468,497.25
37.671864,497.79547
37.704098,498.91302
37.715633,498.91302
37.74514,501.29633
37.75606,501.29633
37.784,503.12
37.79573,503.12
37.824306,504.98248
37.841827,504.98248
37.872566,506.98248
37.905647,508.60608
37.922203,508.60608
37.963223,510.54547
37.99387,511.7077
38.02488,513.7286
38.036034,513.7286
38.06385,515.4
38.07496,515.4
38.10332,516.56525
38.115185,516.56525
38.144314,516.85
38.156105,516.85
38.184246,517.04614
38.195984,517.04614
38.226665,518.9464
38.238052,518.9464
38.26432,521.1017
38.275936,521.1017
38.30327,522.8644
38.314713,522.8644
38.344986,524.27454
38.356094,524.27454
38.38381,526.1132
38.394867,526.1132
38.423923,526.5781
38.43516,526.5781
38.466442,525.2857
38.477478,525.2857
38.505974,524.9077
38.51784,524.9077
38.5439,525.2787
38.554707,525.2787
38.58443,524.7368
38.598427,524.7368
38.62403,525.8358
38.636173,525.8358
38.664185,525.5397
38.675697,525.5397
38.7036,525.1129
38.71703,525.1129
38.74367,525.1061
38.758194,525.1061
38.784233,525.0615
38.79526,525.0615
38.825172,525.0615
38.836678,525.0615
38.86736,525.7231
38.879417,525.7231
38.906326,525.7121
38.917145,525.7121
38.94411,526.23883
38.955177,526.23883
38.984863,526.07574
38.996624,526.07574
39.025955,526.42255
39.040085,526.42255
39.064827,526.662
39.07711,526.662
39.10456,527.52057
39.115654,527.52057
39.143974,527.52057
39.155582,527.52057
39.18381,527.7719
39.1952,527.7719
39.225212,526.8197
39.236298,526.8197
39.26389,526.55554
39.276474,526.55554
39.305878,526.54285
39.317513,526.54285
39.343506,525.7049
39.354397,525.7049
39.384247,525.7031
39.39633,525.7031
39.425148,526.2286
39.439915,526.2286
39.46486,526.4643
39.47611,526.4643
39.50463,525.72
39.51967,525.72
39.544632,525.5195
39.555264,525.5195
39.58326,524.5949
39.595,524.5949
39.631115,524.3182
39.66907,523.3
39.680542,523.3
39.71718,522.35486
39.74598,520.9403
39.757557,520.9403
39.783848,520.8525
39.794975,520.8525
39.825825,520.9828
39.837147,520.9828
39.864956,520.2308
39.879696,520.2308
39.903946,519.9048
39.9196,519.9048
39.94678,520.23883
39.95788,520.23883
39.98368,520.8571
39.9952,520.8571
40.024143,520.87836
40.036148,520.87836
40.064697,521.0
40.075832,521.0
40.10373,520.8472
40.12,520.8472
40.148296,521.57355
40.159454,521.57355
40.186047,520.32355
40.19744,520.32355
40.224537,519.59375
40.2411,519.59375
40.27307,519.62665
40.30451,520.1268
40.316334,520.1268
40.34361,518.8
40.35757,518.8
40.383793,518.4595
40.39525,518.4595
40.42424,518.1711
40.438507,518.1711
40.463642,517.53625
40.47553,517.53625
40.50389,517.2222
40.51624,517.2222
40.545235,517.0714
40.55654,517.0714
40.583874,516.5373
40.595207,516.5373
40.625923,516.1268
40.63753,516.1268
40.66436,516.025
40.675728,516.025
40.70496,515.01587
40.72191,515.01587
40.756622,515.1091
40.785225,515.1774
40.7982,515.1774
40.825027,515.1774
40.836273,515.1774
40.86389,514.8148
40.87498,514.8148
40.903404,514.8889
40.914272,514.8889
40.947063,514.53845
40.95825,514.53845
40.983643,514.53845
40.995876,514.53845
41.0252,514.7647
41.036423,514.7647
41.064293,514.3095
41.075684,514.3095
41.105232,514.6531
41.116165,514.6531
41.144577,514.7347
41.15654,514.7347
41.18483,514.54346
41.196377,514.54346
41.226696,514.7292
41.24288,514.7292
41.271564,514.8281
41.305363,514.8281
41.316544,514.8281
41.34413,514.8281
41.355682,514.8281
41.38394,514.9839
41.39572,514.9839
41.424862,514.64
41.435986,514.64
41.466114,514.64
41.477646,514.64
41.508205,514.7727
41.519592,514.7727
41.544586,514.8823
41.559692,514.8823
41.583977,514.8182
41.59557,514.8182
41.6236,514.8125
41.63561,514.8125
41.664246,513.4375
41.675938,513.4375
41.70436,513.4375
41.71907,513.4375
41.74408,513.4898
41.75542,513.4898
41.78419,513.4423
41.79782,513.4423
41.824898,513.73334
41.83598,513.73334
41.864273,513.2683
41.879566,513.2683
41.90522,512.5
41.91624,512.5
41.948044,511.81036
41.959602,511.81036
41.984592,511.30304
41.999573,511.30304
42.027084,511.48572
42.038746,511.48572
42.064533,511.85486
42.075916,511.85486
42.103214,511.45
42.11523,511.45
42.146294,511.3333
42.157406,511.3333
42.1835,511.3333
42.195625,511.3333
42.224224,511.30304
42.23913,511.30304
42.26419,511.30304
42.27644,511.30304
42.30479,510.661
42.31711,510.661
42.344627,510.661
42.359173,510.661
42.384304,510.52545
42.400658,510.52545
42.42509,510.2069
42.43621,510.2069
42.463238,510.06348
42.47507,510.06348
42.504387,510.06348
42.51935,510.06348
42.549717,509.0161
42.562523,509.0161
42.591705,509.11664
42.6234,509.0
42.638386,509.0
42.664295,509.0
42.676056,509.0
42.70365,508.55884
42.715576,508.55884
42.7437,509.05
42.75502,509.05
42.783745,509.6053
42.79516,509.6053
42.823986,507.65625
42.83521,507.65625
42.864822,507.68573
42.87719,507.68573
42.907833,505.29413
42.92126,505.29413
42.956112,504.4737
42.984653,504.7143
42.996082,504.7143
43.02541,504.0204
43.036816,504.0204
43.06473,503.3947
43.07679,503.3947
43.103615,503.31146
43.115086,503.31146
43.144115,501.98486
43.156742,501.98486
43.183468,501.82
43.19692,501.82
43.22395,500.7727
43.236755,500.7727
43.263565,500.386
43.278744,500.386
43.30354,500.2157
43.321453,500.2157
43.352726,498.69232
43.383747,498.94446
43.396263,498.94446
43.42977,497.75
43.440983,497.75
43.471832,497.23077
43.50395,496.44183
43.515377,496.44183
43.545406,496.7727
43.556664,496.7727
43.58345,494.73334
43.59547,494.73334
43.623497,493.90912
43.635345,493.90912
43.663933,494.56525
43.67522,494.56525
43.70595,493.06
43.72,493.06
43.751648,493.06
43.76,493.06
43.8,491.53967
43.84,490.4839
43.867233,490.4839
43.89595,490.54688
43.92,490.10345
43.931446,490.10345
43.959515,489.4167
43.984715,488.47998
44.000546,488.47998
44.024933,487.88892
44.036236,487.88892
44.064724,487.3731
44.076065,487.3731
44.103764,487.14923
44.115536,487.14923
44.144756,486.7846
44.160694,486.7846
44.196163,486.25
44.2251,485.35822
44.236794,485.35822
44.265068,484.73846
44.278545,484.73846
44.303795,483.97223
44.31576,483.97223
44.344845,483.5846
44.356407,483.5846
44.38393,482.75385
44.39883,482.75385
44.424282,481.75342
44.435356,481.75342
44.46424,481.39392
44.478157,481.39392
44.50539,481.10938
44.52009,481.10938
44.54588,480.51514
44.557095,480.51514
44.585266,479.22388
44.5976,479.22388
44.628273,479.08453
44.663273,478.47998
44.674488,478.47998
44.704807,478.32
44.716793,478.32
44.743565,478.0597
44.754894,478.0597
44.78425,479.01752
44.795742,479.01752
44.82728,478.19403
44.83798,478.19403
44.86454,478.87933
44.875214,478.87933
44.90525,478.1129
44.916214,478.1129
44.94414,477.36365
44.955936,477.36365
44.983368,476.50745
44.9962,476.50745
45.02342,475.17462
45.034294,475.17462
45.06497,474.75806
45.076344,474.75806
45.103714,474.51392
45.11491,474.51392
45.144077,473.88892
45.155415,473.88892
45.183945,473.17645
45.1972,473.17645
45.225536,473.3125
45.240654,473.3125
45.263954,472.6986
45.27501,472.6986
45.30462,472.10608
45.319485,472.10608
45.344833,471.6515
45.355995,471.6515
45.38515,471.1286
45.401108,471.1286
45.438557,469.87878
45.46577,470.01538
45.47834,470.01538
45.51275,468.48486
45.54596,467.98553
45.557236,467.98553
45.585976,467.5238
45.599293,467.5238
45.627808,467.8197
45.63929,467.8197
45.664402,466.65576
45.67589,466.65576
45.70374,465.87097
45.715363,465.87097
45.74383,465.18518
45.754784,465.18518
45.78365,465.17242
45.794918,465.17242
45.825718,463.65082
45.84005,463.65082
45.865555,462.8615
45.877037,462.8615
45.90467,461.6667
45.9192,461.6667
45.94496,460.9375
45.955738,460.9375
45.98409,459.38
45.99862,459.38
46.023754,459.90564
46.034676,459.90564
46.064426,459.03174
46.075504,459.03174
46.103466,458.6667
46.115093,458.6667
46.143955,457.3333
46.155693,457.3333
46.183964,457.17145
46.195255,457.17145
46.223938,456.61768
46.23534,456.61768
46.26336,456.2647
46.27464,456.2647
46.30403,456.11475
46.318436,456.11475
46.344845,455.0172
46.35609,455.0172
46.384197,455.18646
46.395527,455.18646
46.42358,455.14514
46.438194,455.14514
46.46345,453.76923
46.475304,453.76923
46.50424,453.76923
46.518433,453.76923
46.54619,453.4054
46.55795,453.4054
46.583282,453.59998
46.594624,453.59998
46.624893,451.95917
46.636772,451.95917
46.66376,452.4815
46.675423,452.4815
46.703465,451.4048
46.71788,451.4048
46.747097,451.09998
46.75813,451.09998
46.78407,450.96002
46.79532,450.96002
46.82528,450.98077
46.839912,450.98077
46.864952,449.92157
46.876045,449.92157
46.90405,448.59998
46.915455,448.59998
46.943783,449.10767
46.955215,449.10767
46.983322,449.10767
46.99539,449.10767
47.024887,449.17462
47.03872,449.17462
47.064487,448.7846
47.07808,448.7846
47.10384,448.3692
47.115593,448.3692
47.14452,448.50726
47.158604,448.50726
47.183605,448.08954
47.196926,448.08954
47.226036,448.08954
47.23717,448.08954
47.263126,448.49182
47.274746,448.49182
47.30616,447.74646
47.317345,447.74646
47.344753,447.36505
47.35642,447.36505
47.387016,447.45312
47.39916,447.45312
47.4247,446.6949
47.436195,446.6949
47.463966,446.2281
47.475582,446.2281
47.503696,445.79688
47.515457,445.79688
47.545288,445.58063
47.556816,445.58063
47.583824,445.2931
47.595284,445.2931
47.624855,445.4355
47.640083,445.4355
47.664886,445.78687
47.676075,445.78687
47.704258,445.33868
47.71686,445.33868
47.743793,445.31744
47.755127,445.31744
47.783672,445.31744
47.797874,445.31744
47.82449,445.09436
47.83562,445.09436
47.863842,444.89832
47.87566,444.89832
47.907883,444.05768
47.920506,444.05768
47.956985,443.8269
47.98408,444.09802
47.99578,444.09802
48.024174,444.5
48.037514,444.5
48.06449,443.94232
48.076653,443.94232
48.10414,443.88678
48.1156,443.88678
48.145824,443.82812
48.15968,443.82812
48.18404,443.82812
48.195385,443.82812
48.22377,443.5323
48.234768,443.5323
48.26391,443.58728
48.274998,443.58728
48.304863,444.02942
48.31657,444.02942
48.344543,444.02942
48.355625,444.02942
48.38417,443.6667
48.395588,443.6667
48.42384,443.6667
48.439667,443.6667
48.463985,443.5373
48.475365,443.5373
48.50411,443.45587
48.516308,443.45587
48.544804,444.39685
48.556156,444.39685
48.583298,444.5161
48.595024,444.5161
48.62804,445.3
48.638794,445.3
48.66589,445.3
48.67781,445.3
48.704105,445.2838
48.71861,445.2838
48.744392,445.71997
48.758846,445.71997
48.7839,445.69446
48.795334,445.69446
48.825855,445.68494
48.840286,445.68494
48.86506,446.2
48.87629,446.2
48.904095,446.0952
48.91512,446.0952
48.944435,447.25928
48.956062,447.25928
48.98341,447.37708
48.99559,447.37708
49.024986,447.73334
49.03962,447.73334
49.064983,448.4286
49.07619,448.4286
49.1037,448.88464
49.117317,448.88464
49.14437,450.4386
49.155582,450.4386
49.183937,452.22412
49.198547,452.22412
49.22711,452.96667
49.238354,452.96667
49.263462,455.17462
49.274693,455.17462
49.30615,456.9231
49.32096,456.9231
49.34519,457.3
49.356792,457.3
49.384296,458.79712
49.397945,458.79712
49.42465,460.08698
49.439568,460.08698
49.464245,461.64935
49.47532,461.64935
49.503555,463.16418
49.5149,463.16418
49.544754,464.1449
49.55562,464.1449
49.583485,464.65576
49.59474,464.65576
49.623653,466.01642
49.63798,466.01642
49.665462,466.54547
49.679787,466.54547
49.70371,467.7826
49.715736,467.7826
49.74384,468.6269
49.754803,468.6269
49.783405,469.9677
49.795177,469.9677
49.827415,472.46155
49.83838,472.46155
49.864494,473.82355
49.87532,473.82355
49.903347,474.41815
49.91896,474.41815
49.945312,475.15002
49.956345,475.15002
49.98451,476.43335
49.996185,476.43335
50.024353,477.8261
50.035545,477.8261
50.08,479.15717
50.095528,479.15717
50.12,480.55383
50.153877,482.6087
50.184624,483.74194
50.19634,483.74194
50.22712,485.47827
50.238396,485.47827
50.263763,487.17188
50.275475,487.17188
50.304276,489.16394
50.31596,489.16394
50.344616,491.16394
50.355843,491.16394
50.38343,492.75757
50.39485,492.75757
50.424606,494.8871
50.43576,494.8871
50.465046,496.74243
50.47638,496.74243
50.503582,498.26154
50.514812,498.26154
50.54425,500.46155
50.555016,500.46155
50.58385,500.9677
50.595097,500.9677
50.624474,503.27417
50.63635,503.27417
50.663597,503.59375
50.67443,503.59375
50.703526,504.60712
50.715168,504.60712
50.744625,505.7273
50.75565,505.7273
50.78393,505.67743
50.795174,505.67743
50.827713,506.66174
50.83908,506.66174
50.86511,507.3333
50.87598,507.3333
50.903778,509.17908
50.91485,509.17908
50.94473,510.1045
50.955677,510.1045
50.98462,511.80554
50.999176,511.80554
51.02526,511.9452
51.03948,511.9452
51.06436,513.5606
51.07541,513.5606
51.10433,514.6923
51.118958,514.6923
51.144684,516.2923
51.15878,516.2923
51.184258,516.3485
51.19558,516.3485
51.22536,517.6667
51.24184,517.6667
51.27338,517.6429
51.305107,519.81134
51.316612,519.81134
51.344185,520.59015
51.355415,520.59015
51.385155,522.1212
51.397003,522.1212
51.423492,523.7719
51.434628,523.7719
51.464066,524.94543
51.48061,524.94543
51.51342,526.7541
51.547314,528.42426
51.55878,528.42426
51.586647,529.0213
51.597843,529.0213
51.623634,530.322
51.635376,530.322
51.664455,529.05884
51.6758,529.05884
51.703926,529.66
51.716442,529.66
51.74912,530.04
51.76208,530.04
51.79151,529.7091
51.82538,528.80853
51.84115,528.80853
51.86553,527.913
51.876965,527.913
51.903248,528.6731
51.91507,528.6731
51.943775,528.0217
51.956768,528.0217
51.983757,527.21875
51.995216,527.21875
52.025368,527.23914
52.03687,527.23914
52.06372,527.04346
52.07542,527.04346
52.103962,527.53705
52.11561,527.53705
52.14531,526.2951
52.15679,526.2951
52.184204,525.98303
52.197704,525.98303
52.224037,526.1132
52.23471,526.1132
52.264202,526.1132
52.27845,526.1132
52.30496,525.7547
52.32203,525.7547
52.352535,525.6607
52.384247,524.975
52.395657,524.975
52.426723,525.2778
52.43738,525.2778
52.466732,524.02704
52.47802,524.02704
52.50464,523.3778
52.519253,523.3778
52.544346,523.17145
52.555252,523.17145
52.58458,522.7895
52.595737,522.7895
52.624954,522.925
52.636623,522.925
52.664207,522.925
52.67581,522.925
52.703335,522.2895
52.714813,522.2895
52.743774,521.8605
52.754967,521.8605
52.78491,522.0238
52.796547,522.0238
52.830353,521.2857
52.843742,521.2857
52.87291,520.8095
52.90588,520.8095
52.918377,520.8095
52.94594,521.2683
52.95969,521.2683
52.984886,521.093
53.001514,521.093
53.036755,520.3333
53.06378,520.3333
53.075336,520.3333
53.10385,520.7778
53.11564,520.7778
53.145927,520.6539
53.157402,520.6539
53.183662,519.86
53.19501,519.86
53.228268,519.61536
53.23957,519.61536
53.263573,518.95
53.279575,518.95
53.308876,518.95
53.324844,518.95
53.356956,518.775
53.386166,518.7805
53.399895,518.7805
53.426704,519.913
53.43739,519.913
53.463715,519.9423
53.474823,519.9423
53.503403,519.56366
53.5151,519.56366
53.54348,519.7321
53.554188,519.7321
53.583916,519.45
53.59781,519.45
53.625248,519.24194
53.63661,519.24194
53.66476,517.4915
53.675823,517.4915
53.70483,517.4915
53.71676,517.4915
53.744312,517.69446
53.75509,517.69446
53.7855,517.2
53.798492,517.2
53.82864,517.76056
53.8395,517.76056
53.865593,517.76056
53.877666,517.76056
53.90425,517.25
53.91543,517.25
53.944088,516.7241
53.95839,516.7241
53.985764,516.4
54.002598,516.4
54.033527,516.4091
54.064667,516.2941
54.07721,516.2941
54.10352,516.08954
54.11502,516.08954
54.14456,516.1746
54.155983,516.1746
54.184227,516.1746
54.196007,516.1746
54.2242,516.6667
54.234737,516.6667
54.264217,515.5781
54.27776,515.5781
54.32,515.25
54.36,515.661
54.4,515.70734
54.44,515.13727
54.45435,515.13727
54.483356,514.7551
54.51436,513.12726
54.545513,514.1228
54.561302,514.1228
54.58807,513.53705
54.601616,513.53705
54.636623,513.6604
54.664043,513.6604
54.675644,513.6604
54.70462,513.5781
54.71646,513.5781
54.744286,512.3051
54.756023,512.3051
54.784817,512.7959
54.802303,512.7959
54.83878,511.9649
54.866653,511.35822
54.88125,511.35822
54.913387,509.4754
54.944252,509.971
54.955597,509.971
54.984787,509.74243
54.99657,509.74243
55.02485,508.8108
55.039803,508.8108
55.064667,507.86957
55.076733,507.86957
55.103706,506.9853
55.115757,506.9853
55.143776,505.7213
55.15551,505.7213
55.183407,505.2143
55.19577,505.2143
55.2237,503.34283
55.236492,503.34283
55.26307,503.36108
55.27437,503.36108
55.30354,502.6076
55.31658,502.6076
55.343903,501.98682
55.355713,501.98682
55.384808,500.87878
55.397182,500.87878
55.423855,500.5
55.439034,500.5
55.464405,499.88574
55.47594,499.88574
55.504025,498.43286
55.51814,498.43286
55.544197,498.6515
55.55514,498.6515
55.583893,497.5185
55.59617,497.5185
55.6239,496.09998
55.635162,496.09998
55.665203,495.91174
55.676384,495.91174
55.704754,495.74194
55.718407,495.74194
55.747814,495.08826
55.761017,495.08826
55.795837,493.5714
55.825092,493.41382
55.836693,493.41382
55.864285,493.24194
55.880325,493.24194
55.908566,492.93445
55.919735,492.93445
55.944458,492.59998
55.958004,492.59998
55.984554,492.16132
56.00021,492.16132
56.02525,491.79034
56.036495,491.79034
56.06359,490.07465
56.074753,490.07465
56.103035,489.77466
56.114616,489.77466
56.14475,488.62964
56.158787,488.62964
56.188248,488.0923
56.227432,487.44067
56.239296,487.44067
56.26536,487.12067
56.277775,487.12067
56.30383,487.25
56.32108,487.25
56.362507,485.9107
56.38769,485.96228
56.399384,485.96228
56.43025,484.88232
56.464684,483.9839
56.47935,483.9839
56.507133,484.1905
56.521877,484.1905
56.554283,483.59998
56.585655,482.59418
56.600212,482.59418
56.632233,481.71014
56.644276,481.71014
56.67644,481.05884
56.71015,481.11768
56.721603,481.11768
56.75372,480.7083
56.784615,479.77332
56.798916,479.77332
56.827984,479.38574
56.843132,479.38574
56.87846,478.4154
56.90587,477.40002
56.916996,477.40002
56.945705,475.88135
56.95804,475.88135
56.990635,475.30646
57.002644,475.30646
57.033703,473.98334
57.04,473.98334
57.069847,473.77777
57.08149,473.77777
57.118385,472.89392
57.146008,473.24658
57.15949,473.24658
57.18902,472.48718
57.200108,472.48718
57.231255,472.06848
57.242912,472.06848
57.27244,471.8933
57.30477,471.59723
57.3166,471.59723
57.34543,471.14667
57.360516,471.14667
57.385353,470.2464
57.396538,470.2464
57.42852,469.7077
57.439507,469.7077
57.464703,468.04224
57.47574,468.04224
57.503593,466.0
57.515217,466.0
57.54537,465.83075
57.55704,465.83075
57.58358,465.60315
57.595,465.60315
57.6237,465.93848
57.643856,465.93848
57.672462,464.22058
57.70521,464.35382
57.717815,464.35382
57.74369,463.4762
57.754776,463.4762
57.783215,462.3485
57.79407,462.3485
57.825058,461.13116
57.836227,461.13116
57.865643,461.2459
57.878174,461.2459
57.90736,460.0172
57.91977,460.0172
57.947556,459.7091
57.960995,459.7091
57.99625,458.11902
58.02417,459.24323
58.035244,459.24323
58.064037,459.46936
58.075188,459.46936
58.103146,460.1778
58.11501,460.1778
58.145584,459.0816
58.156834,459.0816
58.18412,458.84003
58.195343,458.84003
58.224113,458.4286
58.234955,458.4286
58.263176,457.625
58.277416,457.625
58.30398,457.52002
58.315186,457.52002
58.348644,457.2456
58.359783,457.2456
58.383907,456.74194
58.3993,456.74194
58.42622,456.3051
58.439243,456.3051
58.46705,454.96722
58.47875,454.96722
58.509346,454.58618
58.520832,454.58618
58.55493,454.1579
58.58507,455.32812
58.59929,455.32812
58.62619,454.26984
58.63818,454.26984
58.669357,453.94116
58.680603,453.94116
58.705734,453.77777
58.71788,453.77777
58.744045,453.59015
58.759293,453.59015
58.784534,453.69232
58.79916,453.69232
58.835506,453.13794
58.87737,453.339
58.917,452.61664
58.92,452.61664
58.952106,452.4909
58.965786,452.4909
59.001423,452.4909
59.04569,451.62
59.06965,451.62
59.083057,451.62
59.1205,451.7292
59.14528,451.8261
59.159695,451.8261
59.19215,452.3958
59.227837,452.3958
59.239193,452.3958
59.263023,453.06665
59.274223,453.06665
59.304195,453.06665
59.318005,453.06665
59.343857,452.75555
59.354527,452.75555
59.383186,452.14288
59.39409,452.14288
59.424297,451.15216
59.43589,451.15216
59.463516,451.15216
59.474724,451.15216
59.5052,450.4773
59.518597,450.4773
59.544,450.4773
59.554882,450.4773
59.58393,450.30615
59.598053,450.30615
59.624973,451.6875
59.636982,451.6875
59.66571,451.65216
59.68076,451.65216
59.716206,453.2245
59.745644,451.3778
59.75767,451.3778
59.784943,451.34045
59.798717,451.34045
59.82639,451.10907
59.837692,451.10907
59.865036,451.0182
59.87603,451.0182
59.90405,450.98248
59.915867,450.98248
59.943615,450.9828
59.95538,450.9828
59.983494,451.0926
59.994858,451.0926
60.02378,450.9184
60.035046,450.9184
60.069214,451.14545
60.083145,451.14545
60.115845,451.14545
60.144413,450.64703
60.15576,450.64703
60.185078,450.64703
60.196735,450.64703
60.22496,450.69385
60.23593,450.69385
60.264133,450.69385
60.275776,450.69385
60.30353,450.675
60.315536,450.675
60.345352,450.67444
60.356674,450.67444
60.384117,450.1579
60.396038,450.1579
60.425537,450.1579
60.436806,450.1579
60.4642,450.0714
60.47614,450.0714
60.5043,450.0714
60.516705,450.0714
60.545177,450.1053
60.55624,450.1053
60.58312,450.61108
60.594707,450.61108
60.62474,450.73682
60.637787,450.73682
60.664288,450.73682
60.674885,450.73682
60.703453,450.8
60.71446,450.8
60.745625,450.88892
60.756374,450.88892
60.784042,450.70215
60.79522,450.70215
60.82485,451.18365
60.836563,451.18365
60.86535,451.14062
60.87688,451.14062
60.903316,451.67145
60.915024,451.67145
60.947468,452.20966
60.95896,452.20966
60.984337,452.96613
60.999104,452.96613
61.02498,453.01666
61.03848,453.01666
61.06396,454.19354
61.07711,454.19354
61.103664,454.62262
61.115047,454.62262
61.14417,456.40002
61.158638,456.40002
61.185566,456.65454
61.200733,456.65454
61.232784,458.0345
61.26326,458.74072
61.27746,458.74072
61.305096,460.26227
61.317383,460.26227
61.344524,459.7719
61.356384,459.7719
61.384335,461.5
61.39579,461.5
61.42489,462.64148
61.43624,462.64148
61.46352,463.82
61.4754,463.82
61.508472,464.4483
61.519516,464.4483
61.54663,464.5323
61.562294,464.5323
61.586018,465.71185
61.597107,465.71185
61.62439,466.06897
61.635925,466.06897
61.66503,467.42188
61.67922,467.42188
61.705788,468.12305
61.720432,468.12305
61.74485,468.7121
61.75562,468.7121
61.78361,470.16418
61.794918,470.16418
61.82482,470.06665
61.8388,470.06665
61.864014,471.14703
61.875137,471.14703
61.903507,471.89655
61.91478,471.89655
61.94393,473.30157
61.955402,473.30157
61.983433,473.8333
61.99488,473.8333
62.024067,475.77588
62.035,475.77588
62.06429,476.59998
62.077225,476.59998
62.103024,477.7049
62.114597,477.7049
62.144676,479.2857
62.156296,479.2857
62.186127,480.77777
62.197937,480.77777
62.22387,482.0
62.23484,482.0
62.26317,483.81665
62.27447,483.81665
62.32,484.3509
62.36,486.5714
62.379757,486.5714
62.414722,488.0769
62.44495,489.19672
62.47885,489.8
62.503723,491.82812
62.514748,491.82812
62.544804,492.2453
62.5555,492.2453
62.583797,493.74628
62.59539,493.74628
62.625046,494.2917
62.636913,494.2917
62.66478,494.96362
62.67662,494.96362
62.704403,495.49152
62.721252,495.49152
62.75212,497.26788
62.783485,498.38574
62.79476,498.38574
62.825638,498.92188
62.836697,498.92188
62.86487,499.57745
62.876823,499.57745
62.905907,499.2838
62.922062,499.2838
62.95747,499.4375
62.98429,501.1667
62.996178,501.1667
63.025883,501.61816
63.04138,501.61816
63.078205,502.61194
63.105774,503.4655
63.11686,503.4655
63.145348,503.7292
63.15671,503.7292
63.18421,504.73016
63.19622,504.73016
63.22799,506.3871
63.239063,506.3871
63.263874,507.36066
63.277584,507.36066
63.30492,510.49182
63.32141,510.49182
63.357937,511.49255
63.384094,511.49255
63.39786,511.49255
63.423817,511.64703
63.43577,511.64703
63.463253,511.14667
63.47425,511.14667
63.50468,511.35712
63.515953,511.35712
63.544155,511.35712
63.554924,511.35712
63.584103,510.97333
63.59606,510.97333
63.623924,510.09332
63.636642,510.09332
63.664047,509.74664
63.674957,509.74664
63.70449,508.86664
63.715958,508.86664
63.74371,509.18182
63.75505,509.18182
63.78388,508.91547
63.79519,508.91547
63.82642,508.6892
63.837524,508.6892
63.8644,508.3333
63.875225,508.3333
63.903816,508.31342
63.91863,508.31342
63.94692,507.726
63.957993,507.726
63.98577,507.71014
64.00373,507.71014
64.032295,506.8036
64.06495,506.65387
64.07595,506.65387
64.103134,506.12067
64.11493,506.12067
64.14404,506.83606
64.1558,506.83606
64.18331,506.14813
64.19454,506.14813
64.22455,505.71643
64.2357,505.71643
64.263405,505.92645
64.27575,505.92645
64.30483,505.5345
64.31625,505.5345
64.343925,505.52728
64.35487,505.52728
64.38352,504.81818
64.39552,504.81818
64.42434,504.81818
64.43615,504.81818
64.46428,504.35852
64.475525,504.35852
64.5048,504.14813
64.5166,504.14813
64.543655,504.3269
64.55508,504.3269
64.584625,504.3269
64.59808,504.3269
64.62343,503.46033
64.637634,503.46033
64.66447,504.70966
64.67642,504.70966
64.7042,503.77417
64.71737,503.77417
64.74669,503.40985
64.75936,503.40985
64.78406,503.19354
64.801605,503.19354
64.83806,502.83826
64.86462,502.67163
64.87952,502.67163
64.903755,502.80304
64.9151,502.80304
64.94519,502.4259
64.9561,502.4259
64.9841,502.45764
64.99554,502.45764
65.02674,501.59186
65.04095,501.59186
65.06544,501.9737
65.0768,501.9737
65.10443,502.04254
65.116,502.04254
65.14489,501.71112
65.156166,501.71112
65.18323,500.10712
65.194725,500.10712
65.22507,500.9474
65.235794,500.9474
65.26319,499.80768
65.277,499.80768
65.30644,500.7895
65.318184,500.7895
65.346634,498.9107
65.357635,498.9107
65.383934,498.9107
65.3952,498.9107
65.42399,499.07812
65.43516,499.07812
65.46322,498.91382
65.47451,498.91382
65.50422,498.80328
65.5155,498.80328
65.543816,498.29688
65.55822,498.29688
65.58348,497.2951
65.59461,497.2951
65.6276,497.09723
65.63855,497.09723
65.66588,497.0
65.67996,497.0
65.70457,496.8421
65.716255,496.8421
65.744026,496.386
65.75516,496.386
65.7835,495.63263
65.79479,495.63263
65.827156,495.75
65.8414,495.75
65.873055,495.80432
65.90334,495.46344
65.915016,495.46344
65.94565,495.64288
65.95729,495.64288
65.98428,495.62744
65.995674,495.62744
66.024704,495.5417
66.036026,495.5417
66.06434,494.7826
66.0754,494.7826
66.10425,495.13116
66.11592,495.13116
66.14356,493.80768
66.154686,493.80768
66.183914,493.80768
66.19509,493.80768
66.22413,494.2727
66.23547,494.2727
66.26314,493.7857
66.27449,493.7857
66.30366,495.03925
66.31499,495.03925
66.345276,495.125
66.359566,495.125
66.38367,495.3261
66.394745,495.3261
66.42417,495.3261
66.43547,495.3261
66.46503,495.5854
66.47621,495.5854
66.50779,495.325
66.51976,495.325
66.54512,494.06
66.55632,494.06
66.58385,493.9535
66.59522,493.9535
66.62384,494.8947
66.63544,494.8947
66.663956,494.8947
66.67501,494.8947
66.704094,494.91895
66.71541,494.91895
66.74556,494.91895
66.75811,494.91895
66.78507,495.26318
66.796616,495.26318
66.82913,495.26318
66.840225,495.26318
66.86617,493.97498
66.88043,493.97498
66.904785,494.2647
66.91633,494.2647
66.94687,495.5
66.95857,495.5
66.984436,492.8485
66.9959,492.8485
67.02593,491.70734
67.03711,491.70734
67.06488,492.35712
67.07668,492.35712
67.10312,489.74548
67.115166,489.74548
67.14445,489.46002
67.15838,489.46002
67.18414,489.46155
67.19969,489.46155
67.23896,488.63635
67.28,487.64813
67.29502,487.64813
67.32,487.3333
67.35592,486.925
67.36745,486.925
67.39646,485.96295
67.42473,485.87097
67.4377,485.87097
67.46426,484.54388
67.47518,484.54388
67.50407,484.4394
67.515205,484.4394
67.54375,484.0597
67.55483,484.0597
67.58344,483.70587
67.59707,483.70587
67.623634,483.34998
67.63804,483.34998
67.664696,482.73242
67.67565,482.73242
67.7037,482.18463
67.71521,482.18463
67.745224,481.52545
67.75637,481.52545
67.7845,481.18182
67.795906,481.18182
67.8287,480.82855
67.84027,480.82855
67.86566,480.53625
67.880844,480.53625
67.91813,479.6607
67.96,479.49182
67.991875,479.22223
68.002464,479.22223
68.03183,478.74548
68.06447,477.34326
68.07554,477.34326
68.10393,477.54547
68.116165,477.54547
68.14404,476.5373
68.15523,476.5373
68.18428,475.94287
68.19581,475.94287
68.22335,475.01666
68.2347,475.01666
68.26343,474.1905
68.27545,474.1905
68.305336,473.2069
68.31691,473.2069
68.34509,473.0923
68.36029,473.0923
68.38402,473.7143
68.39514,473.7143
68.423935,472.54388
68.43684,472.54388
68.46449,472.0
68.476456,472.0
68.5141,471.74243
68.52571,471.74243
68.55024,471.01447
68.5936,470.5849
68.62949,470.19672
68.6443,470.19672
68.67239,470.08063
68.70414,469.01562
68.71575,469.01562
68.744354,468.67212
68.75668,468.67212
68.78376,468.49255
68.79829,468.49255
68.828865,468.57812
68.83972,468.57812
68.86539,467.58063
68.877556,467.58063
68.90382,467.59015
68.91549,467.59015
68.9451,466.0678
68.9565,466.0678
68.98555,465.43475
68.99733,465.43475
69.02411,463.9773
69.03521,463.9773
69.065796,463.83868
69.0784,463.83868
69.104355,463.44263
69.11669,463.44263
69.14425,463.05084
69.15547,463.05084
69.18495,461.45
69.19637,461.45
69.22512,462.0484
69.23675,462.0484
69.26365,461.46667
69.27497,461.46667
69.30613,460.48077
69.319214,460.48077
69.34747,460.41815
69.359566,460.41815
69.38423,459.64813
69.39616,459.64813
69.42428,459.6604
69.43592,459.6604
69.464066,460.32812
69.47538,460.32812
69.50429,459.61902
69.5156,459.61902
69.543495,461.88098
69.55467,461.88098
69.58447,461.7857
69.59561,461.7857
69.623314,462.0185
69.63538,462.0185
69.66407,460.58002
69.67533,460.58002
69.70489,460.0741
69.72169,460.0741
69.75273,460.14038
69.7835,460.03387
69.79439,460.03387
69.82427,459.15686
69.83507,459.15686
69.86793,459.7818
69.87906,459.7818
69.90611,459.21155
69.91743,459.21155
69.9437,458.76923
69.95499,458.76923
69.98439,458.13794
69.99801,458.13794
70.02644,457.75757
70.03816,457.75757
70.06384,457.45905
70.07507,457.45905
70.10502,456.88525
70.116394,456.88525
70.14458,456.9839
70.1591,456.9839
70.18453,456.9839
70.19637,456.9839
70.223564,457.19672
70.2347,457.19672
70.26343,457.19672
70.27475,457.19672
70.30448,456.62067
70.31631,456.62067
70.34573,456.62067
70.360245,456.62067
70.3838,456.56665
70.39519,456.56665
70.4243,456.56665
70.4398,456.56665
70.46456,456.34692
70.4759,456.34692
70.50406,456.7959
70.515114,456.7959
70.54459,456.35187
70.55581,456.35187
70.58316,456.23212
70.59497,456.23212
70.62376,456.75
70.63562,456.75
70.6663,456.02002
70.67738,456.02002
70.704956,455.43103
70.72119,455.43103
70.75195,455.43103
70.78408,454.62744
70.79546,454.62744
70.82494,454.62744
70.83876,454.62744
70.8638,454.549
70.874886,454.549
70.903755,454.549
70.91554,454.549
70.94388,454.13336
70.9556,454.13336
70.98436,454.13336
70.99692,454.13336
71.027214,453.13562
71.038795,453.13562
71.06945,453.2456
71.10421,453.29266
71.11869,453.29266
71.14602,453.29266
71.15727,453.29266
71.18379,452.9655
71.19494,452.9655
71.22474,452.9655
71.2358,452.9655
71.26324,452.94
71.27483,452.94
71.30549,452.94
71.31899,452.94
71.34559,453.18182
71.36009,453.18182
71.38414,453.7414
71.39512,453.7414
71.42681,453.0536
71.44172,453.0536
71.47297,453.0536
71.50509,452.46002
71.517365,452.46002
71.54352,452.6905
71.5546,452.6905
71.58392,451.97827
71.5949,451.97827
71.62405,452.23407
71.6354,452.23407
71.66543,451.84088
71.67871,451.84088
71.704735,451.617
71.71755,451.617
71.74393,452.3158
71.754974,452.3158
71.78302,452.3158
71.79434,452.3158
71.82435,452.5227
71.83562,452.5227
71.865364,452.44684
71.87639,452.44684
71.903885,452.14636
71.91606,452.14636
71.944084,451.97498
71.955376,451.97498
71.98443,452.2093
71.99554,452.2093
72.023895,451.51062
72.03547,451.51062
72.065475,451.15997
72.07677,451.15997
72.10308,451.15997
72.11491,451.15997
72.144485,450.8333
72.15625,450.8333
72.18453,450.60608
72.19596,450.60608
72.22735,449.53064
72.23936,449.53064
72.26404,449.53064
72.27542,449.53064
72.30416,449.6964
72.31565,449.6964
72.34688,449.55554
72.36105,449.55554
72.391685,448.79034
72.42396,448.79034
72.4358,448.79034
72.464096,449.48334
72.47548,449.48334
72.50349,449.48334
72.51574,449.48334
72.54764,449.41937
72.56203,449.41937
72.592674,449.41937
72.624504,450.0484
72.6359,450.0484
72.66427,450.0484
72.67595,450.0484
72.704025,451.2
72.715645,451.2
72.74426,451.6604
72.75531,451.6604
72.783646,451.0952
72.79467,451.0952
72.82873,452.0968
72.83967,452.0968
72.86465,451.06525
72.87622,451.06525
72.9073,452.7069
72.92017,452.7069
72.94733,453.03998
72.959526,453.03998
72.984184,455.15625
72.99602,455.15625
73.02472,456.98212
73.03623,456.98212
73.0641,457.55554
73.07515,457.55554
73.10373,458.5833
73.11882,458.5833
73.143715,459.9032
73.155266,459.9032
73.18317,460.43396
73.1943,460.43396
73.22316,461.85712
73.23598,461.85712
73.26343,462.60345
73.27776,462.60345
73.304565,463.75928
73.316,463.75928
73.34643,464.88135
73.35782,464.88135
73.38313,466.53333
73.394554,466.53333
73.424385,468.11664
73.43572,468.11664
73.46392,469.61768
73.47495,469.61768
73.50447,471.13562
73.518845,471.13562
73.54882,473.32758
73.562454,473.32758
73.59183,474.6383
73.624146,475.2041
73.635765,475.2041
73.66434,476.96155
73.67558,476.96155
73.70361,477.59088
73.71598,477.59088
73.743866,478.46033
73.75513,478.46033
73.784164,479.45905
73.79544,479.45905
73.82592,479.6053
73.83702,479.6053
73.86377,481.48572
73.87471,481.48572
73.90451,481.38892
73.91537,481.38892
73.946526,483.55316
73.9577,483.55316
73.98388,484.16364
73.99507,484.16364
74.02403,485.5833
74.034836,485.5833
74.065346,487.9483
74.07716,487.9483
74.10358,489.0
74.11512,489.0
74.14414,489.27777
74.15869,489.27777
74.18426,490.03772
74.19584,490.03772
74.24,491.10345
74.262856,491.10345
74.28,491.9107
74.32,493.5172
74.34232,493.5172
74.3699,494.8214
74.393616,495.84906
74.4,495.84906
74.43007,497.03705
74.44098,497.03705
74.47147,498.8333
74.504684,500.8333
74.51645,500.8333
74.54468,502.70367
74.55972,502.70367
74.58473,503.8871
74.596,503.8871
74.62787,505.3871
74.64,505.3871
74.66598,507.30304
74.67741,507.30304
74.70342,509.7
74.71471,509.7
74.74673,511.9355
74.75759,511.9355
74.784134,511.70422
74.79522,511.70422
74.825226,513.56525
74.836205,513.56525
74.868256,513.23334
74.8795,513.23334
74.90423,513.49207
74.91623,513.49207
74.944244,513.7213
74.95926,513.7213
74.98436,513.7213
74.99563,513.7213
75.02457,513.5273
75.03956,513.5273
75.06646,513.84485
75.07877,513.84485
75.10387,512.55554
75.11543,512.55554
75.144775,511.5714
75.156685,511.5714
75.18425,511.0185
75.19633,511.0185
75.22498,510.75806
75.23715,510.75806
75.2636,509.9167
75.275116,509.9167
75.304436,509.42426
75.31655,509.42426
75.3478,507.8485
75.36014,507.8485
75.38382,507.35382
75.3951,507.35382
75.42376,505.70966
75.43837,505.70966
75.46392,505.17188
75.47488,505.17188
75.50751,504.6731
75.5217,504.6731
75.55207,504.7143
75.58375,505.05768
75.595406,505.05768
75.62337,504.23883
75.63496,504.23883
75.66525,505.78845
75.676544,505.78845
75.70356,505.78845
75.718315,505.78845
75.74461,504.28003
75.75553,504.28003
75.78333,503.93103
75.79769,503.93103
75.826294,503.5517
75.83729,503.5517
75.8634,503.5517
75.874146,503.5517
75.908844,503.55933
75.922585,503.55933
75.95208,503.55933
75.98474,503.27118
75.996086,503.27118
76.02459,503.37036
76.03573,503.37036
76.06532,503.20367
76.07794,503.20367
76.1038,501.9245
76.11541,501.9245
76.14408,502.44
76.15567,502.44
76.18438,501.9322
76.19612,501.9322
76.22426,500.7857
76.235466,500.7857
76.263084,499.96155
76.27427,499.96155
76.30337,500.1579
76.31473,500.1579
76.348625,500.1579
76.359924,500.1579
76.38539,499.375
76.39771,499.375
76.42385,499.51166
76.43561,499.51166
76.46398,498.4359
76.475845,498.4359
76.504654,498.13336
76.51643,498.13336
76.54535,496.3958
76.56089,496.3958
76.5912,496.3958
76.62346,497.74548
76.63582,497.74548
76.66537,496.91302
76.67721,496.91302
76.70403,496.3333
76.715355,496.3333
76.74409,497.2273
76.75508,497.2273
76.78333,497.1667
76.794945,497.1667
76.82615,497.1667
76.83757,497.1667
76.86382,496.7857
76.87829,496.7857
76.90342,496.8125
76.91529,496.8125
76.944984,496.2923
76.95639,496.2923
76.98416,496.50818
76.99788,496.50818
77.026505,497.24323
77.03763,497.24323
77.06421,497.0959
77.07766,497.0959
77.10436,497.2237
77.11658,497.2237
77.14431,497.72583
77.155525,497.72583
77.18469,497.7
77.19667,497.7
77.22488,497.7
77.235825,497.7
77.26401,497.7
77.27545,497.7
77.30798,498.4792
77.32162,498.4792
77.353584,497.5263
77.383575,497.8125
77.394554,497.8125
77.42406,499.0
77.43521,499.0
77.46356,498.98486
77.47693,498.98486
77.503876,499.1515
77.5151,499.1515
77.54448,499.1515
77.557144,499.1515
77.58382,499.5088
77.59971,499.5088
77.6236,499.3393
77.634995,499.3393
77.66548,497.9123
77.67656,497.9123
77.705246,497.9123
77.718925,497.9123
77.74535,498.64514
77.7605,498.64514
77.784294,498.64514
77.79519,498.64514
77.826256,498.2456
77.83705,498.2456
77.8653,498.4483
77.877426,498.4483
77.90627,498.65717
77.91856,498.65717
77.946556,498.38232
77.95935,498.38232
77.984665,497.97015
77.99626,497.97015
78.0252,498.25372
78.03627,498.25372
78.06442,497.873
78.07571,497.873
78.10497,497.873
78.11678,497.873
78.147064,498.16925
78.15839,498.16925
78.18442,498.16925
78.19592,498.16925
78.22742,498.36505
78.23871,498.36505
78.26711,497.86206
78.27828,497.86206
78.30369,497.91382
78.31508,497.91382
78.34528,497.91382
78.35653,497.91382
78.3836,497.91382
78.394936,497.91382
78.42366,497.70966
78.43509,497.70966
78.463936,497.95312
78.47492,497.95312
78.50358,497.7846
78.514626,497.7846
78.543335,498.02856
78.55463,498.02856
78.58396,497.61768
78.595314,497.61768
78.62493,498.04547
78.63648,498.04547
78.66383,498.04547
78.674866,498.04547
78.70335,497.7619
78.71494,497.7619
78.744415,497.1875
78.75583,497.1875
78.78368,496.1458
78.7948,496.1458
78.8251,496.1228
78.83934,496.1228
78.86724,496.20367
78.87995,496.20367
78.90473,494.2373
78.91586,494.2373
78.944435,493.08618
78.956055,493.08618
78.984245,493.9355
78.998055,493.9355
79.02443,493.54095
79.0357,493.54095
79.063995,492.68964
79.07577,492.68964
79.10311,491.92755
79.11513,491.92755
79.1448,491.03387
79.15603,491.03387
79.183975,490.0492
79.19553,490.0492
79.22782,489.3125
79.23895,489.3125
79.26368,488.45905
79.27478,488.45905
79.30634,488.50745
79.31829,488.50745
79.34642,487.19696
79.35792,487.19696
79.38355,486.7705
79.40012,486.7705
79.42736,485.42108
79.44228,485.42108
79.473564,485.39343
79.50489,484.9649
79.5161,484.9649
79.54701,484.63934
79.55841,484.63934
79.58352,482.5357
79.59553,482.5357
79.62514,482.7857
79.64161,482.7857
79.67239,482.0816
79.70328,481.52002
79.71661,481.52002
79.74633,480.84375
79.757385,480.84375
79.78407,480.65997
79.79568,480.65997
79.823784,480.2931
79.83544,480.2931
79.86412,479.84906
79.87515,479.84906
79.90715,479.2143
79.91815,479.2143
79.94348,478.81818
79.95469,478.81818
79.98339,478.3
79.99609,478.3
80.02407,478.68182
80.03521,478.68182
80.06591,476.9245
80.07756,476.9245
80.10305,477.2807
80.11491,477.2807
80.1452,476.68964
80.157455,476.68964
80.183334,476.16278
80.1949,476.16278
80.2236,476.29547
80.23499,476.29547
80.2629,476.1667
80.27414,476.1667
80.30442,475.5
80.321434,475.5
80.352646,475.44446
80.38439,473.2174
80.39574,473.2174
80.42521,472.53027
80.4407,472.53027
80.46476,472.2
80.47609,472.2
80.50356,471.85712
80.5159,471.85712
80.54557,470.69232
80.556595,470.69232
80.58438,470.625
80.59589,470.625
80.624146,469.75
80.63993,469.75
80.66551,468.93652
80.67673,468.93652
80.70413,467.56714
80.71552,467.56714
80.744125,467.07935
80.755005,467.07935
80.76,467.07935