0.12,211.18182
0.16,212.1731
0.2,212.27454
0.24,214.91669
0.28,216.0
0.32,207.2727
0.36,215.0
0.4,212.36108
0.44,213.87805
0.48,213.87805
0.52,212.79999
0.56,214.7174
0.6,215.17072
0.64,210.41174
0.68,210.41174
0.72,211.84442
0.76,211.84442
0.8,217.16669
0.84,210.58539
0.88,209.94873
0.91982615,208.29999
0.9309141,208.29999
0.95639807,210.32611
0.9808005,209.63635
0.99112016,209.63635
1.0210159,211.79169
1.0314473,211.79169
1.0614599,209.93878
1.071612,209.93878
1.101491,210.09436
1.1116829,210.09436
1.1411117,213.5122
1.1551454,213.5122
1.1812549,212.1842
1.1913671,212.1842
1.2210683,207.57574
1.2312826,207.57574
1.2610787,208.36584
1.2711782,208.36584
1.3010948,211.7174
1.3112488,211.7174
1.3445171,213.06
1.3546479,213.06
1.3806063,210.91669
1.3910106,210.91669
1.4219722,211.87177
1.4323943,211.87177
1.4622458,214.54053
1.4729052,214.54053
1.5019917,218.06976
1.5121453,218.06976
1.5409379,218.44446
1.5551482,218.44446
1.5809932,214.7857
1.5911663,214.7857
1.620935,218.28949
1.6310514,218.28949
1.6615134,217.61108
1.6717559,217.61108
1.701108,220.86206
1.7112542,220.86206
1.740932,220.17645
1.7510815,220.17645
1.7807877,219.08698
1.7908907,219.08698
1.8213711,224.79999
1.831542,224.79999
1.8610415,220.64001
1.8712585,220.64001
1.9010072,222.9643
1.9147246,222.9643
1.9413402,221.73529
1.955615,221.73529
1.9809511,224.70734
1.9910195,224.70734
2.0205364,225.73077
2.0307245,225.73077
2.0614789,226.34784
2.0718892,226.34784
2.1012082,223.08698
2.111552,223.08698
2.1420743,227.08002
2.1522493,227.08002
2.180587,220.6842
2.1904545,220.6842
2.2218728,225.57141
2.231732,225.57141
2.261479,232.79999
2.2716525,232.79999
2.3008409,230.58331
2.310829,230.58331
2.3409774,224.92859
2.3508763,224.92859
2.380744,225.08331
2.3906944,225.08331
2.421271,226.67859
2.4312067,226.67859
2.461784,228.47058
2.471709,228.47058
2.5010657,231.70966
2.5111337,231.70966
2.541601,232.14581
2.5518432,232.14581
2.5810661,231.10529
2.591182,231.10529
2.6207073,231.51721
2.6308048,231.51721
2.662396,233.70367
2.6757126,233.70367
2.7010465,232.86108
2.7115767,232.86108
2.7410998,233.89581
2.75106,233.89581
2.7806897,233.95831
2.79401,233.95831
2.8216486,233.0263
2.8350785,233.0263
2.8610086,234.18182
2.8743901,234.18182
2.9015768,235.93475
2.9146798,235.93475
2.9414065,233.12823
2.9519563,233.12823
2.9807124,237.15387
2.9903872,237.15387
3.0209262,237.193
3.0308964,237.193
3.061079,239.45947
3.073673,239.45947
3.1007454,240.17499
3.1106403,240.17499
3.1413617,240.5
3.150985,240.5
3.1808019,241.35895
3.190706,241.35895
3.220973,240.15387
3.2343974,240.15387
3.2610981,242.52002
3.2710555,242.52002
3.3010192,241.46155
3.310835,241.46155
3.3408356,242.9032
3.3542302,242.9032
3.3810415,242.55554
3.3909492,242.55554
3.4209003,243.93549
3.4309118,243.93549
3.460945,243.46875
3.474815,243.46875
3.5012455,245.37036
3.5110507,245.37036
3.5407758,242.05884
3.5508301,242.05884
3.5817726,243.88232
3.5915432,243.88232
3.6215558,244.34375
3.631674,244.34375
3.6611605,245.37036
3.6714733,245.37036
3.7012427,244.63635
3.7110882,244.63635
3.740965,243.33331
3.7509937,243.33331
3.7813888,245.54547
3.7911649,245.54547
3.8211205,247.54547
3.8311408,247.54547
3.8613408,246.70001
3.8712957,246.70001
3.9011383,249.0
3.9113822,249.0
3.9412231,248.20001
3.951482,248.20001
3.9880977,248.30304
3.9981852,248.30304
4.0205317,248.16669
4.03252,248.16669
4.061293,249.42108
4.0713067,249.42108
4.101555,252.44446
4.111392,252.44446
4.1410694,249.52942
4.1508465,249.52942
4.1807337,247.63159
4.1906304,247.63159
4.221615,248.61536
4.231484,248.61536
4.261337,252.63635
4.271103,252.63635
4.301038,254.56525
4.31117,254.56525
4.341127,251.84375
4.3512635,251.84375
4.381341,251.12
4.395214,251.12
4.4214,250.2121
4.4312963,250.2121
4.46144,250.23529
4.471538,250.23529
4.501033,252.41461
4.514584,252.41461
4.5412283,252.0
4.5513973,252.0
4.581841,251.55817
4.5918837,251.55817
4.620882,251.41461
4.630883,251.41461
4.6610165,250.5484
4.6710663,250.5484
4.701125,250.84851
4.711039,250.84851
4.741503,253.05884
4.751293,253.05884
4.78173,252.32654
4.7915645,252.32654
4.8211074,252.94873
4.831063,252.94873
4.861143,253.56818
4.871109,253.56818
4.9011602,253.59998
4.911054,253.59998
4.941169,252.38
4.9510694,252.38
4.980774,252.31708
4.990865,252.31708
5.0206704,252.64105
5.030669,252.64105
5.06147,252.59998
5.071292,252.59998
5.1027,252.59998
5.1137443,252.59998
5.1424255,253.46509
5.15822,253.46509
5.1868653,252.41461
5.1974697,252.41461
5.220722,251.88464
5.2305393,251.88464
5.2610993,249.66669
5.2710075,249.66669
5.3009014,251.06451
5.310805,251.06451
5.3410025,251.31427
5.3512797,251.31427
5.3807096,251.66669
5.3908496,251.66669
5.4209323,253.2558
5.431171,253.2558
5.4607086,253.21997
5.474272,253.21997
5.5008554,252.23254
5.5111084,252.23254
5.541792,252.46344
5.551814,252.46344
5.5810995,251.94739
5.5910535,251.94739
5.621179,250.40002
5.63091,250.40002
5.6614575,250.71997
5.6731114,250.71997
5.700866,253.65387
5.710761,253.65387
5.7417974,253.68
5.7516513,253.68
5.7819085,253.06897
5.7917547,253.06897
5.821198,253.40002
5.8311157,253.40002
5.860977,251.64288
5.87086,251.64288
5.901188,253.70587
5.911152,253.70587
5.9409914,254.23077
5.9542136,254.23077
5.9810815,253.5769
5.9910803,253.5769
6.021513,251.89655
6.031405,251.89655
6.061174,250.73529
6.070978,250.73529
6.1009173,253.65118
6.110742,253.65118
6.1407747,254.16217
6.1505294,254.16217
6.180927,255.05768
6.190649,255.05768
6.220785,257.12122
6.2305107,257.12122
6.2606792,256.7143
6.270687,256.7143
6.300991,256.9048
6.310692,256.9048
6.3414598,252.85419
6.3513637,252.85419
6.381247,253.4314
6.3911715,253.4314
6.421051,249.83331
6.4308066,249.83331
6.461725,249.44
6.471465,249.44
6.501219,250.98041
6.5110316,250.98041
6.5410132,249.33331
6.5511484,249.33331
6.581793,251.80951
6.591515,251.80951
6.6208396,250.03027
6.6304045,250.03027
6.6608057,249.4524
6.67056,249.4524
6.7008734,250.18604
6.7104797,250.18604
6.7409205,251.92859
6.7560735,251.92859
6.7809277,250.72919
6.7906294,250.72919
6.820988,249.26318
6.830931,249.26318
6.8610034,248.58002
6.870903,248.58002
6.9010525,248.43243
6.910906,248.43243
6.9407725,250.77777
6.950718,250.77777
6.9806724,249.54999
6.9903436,249.54999
7.0205817,250.01611
7.0325437,250.01611
7.060912,252.03925
7.074241,252.03925
7.0853963,252.03925
7.102663,252.03925
7.12,248.54095
7.1391573,248.54095
7.16,243.98413
7.186892,245.0597
7.1991825,245.0597
7.221505,243.4516
7.232575,243.4516
7.2610707,242.03448
7.270967,242.03448
7.301156,244.74072
7.3108234,244.74072
7.3413277,242.33331
7.3511076,242.33331
7.381205,243.06384
7.3909802,243.06384
7.420857,240.03333
7.4307237,240.03333
7.4609323,239.93103
7.4705353,239.93103
7.5009627,236.38464
7.510978,236.38464
7.5407157,237.51166
7.5507736,237.51166
7.58059,238.61108
7.590435,238.61108
7.620653,237.83331
7.6303434,237.83331
7.66339,237.0
7.676785,237.0
7.700589,236.7442
7.7139287,236.7442
7.740998,233.93024
7.7506433,233.93024
7.7816467,233.3125
7.791345,233.3125
7.821087,232.13513
7.83098,232.13513
7.860798,235.94446
7.8706064,235.94446
7.9016027,234.7879
7.9150386,234.7879
7.941776,232.82928
7.951771,232.82928
7.9811172,231.12122
7.994774,231.12122
8.020604,232.07843
8.034068,232.07843
8.061225,230.11627
8.071102,230.11627
8.101168,232.54053
8.110897,232.54053
8.141397,231.8919
8.1511965,231.8919
8.180736,231.21051
8.1903715,231.21051
8.220906,228.70001
8.230669,228.70001
8.260765,230.65387
8.27061,230.65387
8.309993,233.5263
8.320839,233.5263
8.352869,226.7619
8.380677,229.30554
8.390361,229.30554
8.421042,225.73077
8.430745,225.73077
8.461062,226.65216
8.470579,226.65216
8.500869,228.29266
8.510479,228.29266
8.541038,226.15997
8.551046,226.15997
8.580695,227.4231
8.590536,227.4231
8.620913,220.52002
8.630472,220.52002
8.661173,228.65216
8.670927,228.65216
8.700972,229.125
8.710676,229.125
8.741014,223.7857
8.750859,223.7857
8.780852,220.26086
8.7942,220.26086
8.824349,224.93335
8.834051,224.93335
8.861762,224.23077
8.871674,224.23077
8.900945,227.09375
8.91073,227.09375
8.940836,227.0
8.950525,227.0
8.980667,225.5
8.990348,225.5
9.021221,224.15997
9.031103,224.15997
9.061487,223.85712
9.071275,223.85712
9.101152,225.67859
9.110986,225.67859
9.1412,223.375
9.150796,223.375
9.181533,219.75
9.191154,219.75
9.221009,224.79309
9.230841,224.79309
9.260937,223.4643
9.270684,223.4643
9.300766,221.57892
9.312471,221.57892
9.341044,220.27502
9.350787,220.27502
9.381397,219.0357
9.391147,219.0357
9.421397,218.0
9.431234,218.0
9.460565,213.90479
9.470108,213.90479
9.500714,212.83331
9.510492,212.83331
9.540754,215.91895
9.55072,215.91895
9.581207,213.06061
9.590887,213.06061
9.62056,217.34375
9.630121,217.34375
9.66072,213.94116
9.670385,213.94116
9.700782,213.45715
9.710598,213.45715
9.741305,213.53125
9.751014,213.53125
9.781947,214.26831
9.79172,214.26831
9.821266,214.58063
9.831476,214.58063
9.860988,217.5263
9.870848,217.5263
9.90089,217.31708
9.910645,217.31708
9.940938,214.67273
9.950611,214.67273
9.980754,215.43396
9.99411,215.43396
10.020748,213.96973
10.030507,213.96973
10.061295,214.09998
10.071087,214.09998
10.101945,215.61108
10.112852,215.61108
10.142827,215.88574
10.154796,215.88574
10.181517,211.75
10.19144,211.75
10.221051,213.27026
10.230851,213.27026
10.260693,210.52942
10.2705555,210.52942
10.300703,213.63043
10.3104,213.63043
10.34129,216.42621
10.351199,216.42621
10.381339,216.67188
10.3909855,216.67188
10.4211645,213.33868
10.4310465,213.33868
10.461087,214.10144
10.474774,214.10144
10.501166,215.06152
10.514709,215.06152
10.541446,215.08063
10.551175,215.08063
10.583508,215.4231
10.593626,215.4231
10.6207905,215.77356
10.634591,215.77356
10.662361,212.5102
10.675812,212.5102
10.701515,213.66669
10.715868,213.66669
10.741533,212.5625
10.751179,212.5625
10.781416,211.70001
10.790846,211.70001
10.820775,213.8269
10.83046,213.8269
10.861559,213.96075
10.871337,213.96075
10.901634,215.16327
10.911384,215.16327
10.94128,215.53845
10.951063,215.53845
10.980992,214.35712
10.990734,214.35712
11.020917,214.56097
11.034636,214.56097
11.061502,215.0213
11.073983,215.0213
11.101446,214.74072
11.112378,214.74072
11.142438,216.46875
11.156524,216.46875
11.181489,214.5227
11.1951475,214.5227
11.221605,215.69446
11.234849,215.69446
11.261416,213.8913
11.273756,213.8913
11.301857,211.53491
11.311502,211.53491
11.341419,211.53491
11.351049,211.53491
11.380984,208.93475
11.3907,208.93475
11.420637,207.40741
11.430387,207.40741
11.460914,212.5686
11.470444,212.5686
11.501974,212.34882
11.511779,212.34882
11.540874,213.72919
11.55084,213.72919
11.581346,212.40424
11.591192,212.40424
11.620917,210.73334
11.630478,210.73334
11.661567,210.57776
11.67139,210.57776
11.701235,212.90198
11.710993,212.90198
11.740766,212.32611
11.750621,212.32611
11.78055,211.6604
11.790094,211.6604
11.820814,211.1087
11.830521,211.1087
11.860848,212.44928
11.870563,212.44928
11.900948,216.8039
11.910729,216.8039
11.94153,211.64178
11.951345,211.64178
11.980861,211.54236
11.990416,211.54236
12.020801,213.56451
12.030626,213.56451
12.060911,211.44
12.070727,211.44
12.100917,215.04443
12.115619,215.04443
12.141194,210.96228
12.150786,210.96228
12.180907,211.73334
12.190651,211.73334
12.220718,213.08063
12.230629,213.08063
12.260687,216.65002
12.270468,216.65002
12.300537,218.18182
12.310263,218.18182
12.340731,216.86047
12.350413,216.86047
12.380536,215.56757
12.390212,215.56757
12.420924,220.0
12.430559,220.0
12.460707,219.43243
12.470255,219.43243
12.500914,222.79999
12.5106,222.79999
12.540925,220.04169
12.550741,220.04169
12.580845,218.70453
12.59042,218.70453
12.621283,220.22583
12.630951,220.22583
12.664719,223.05713
12.67457,223.05713
12.700707,223.17645
12.710409,223.17645
12.740745,219.32
12.750468,219.32
12.7813835,222.16669
12.790933,222.16669
12.820815,214.90625
12.83053,214.90625
12.861695,217.86487
12.874659,217.86487
12.901535,221.7857
12.915159,221.7857
12.94144,216.95831
12.951071,216.95831
12.980799,223.73914
12.99021,223.73914
13.020727,222.66669
13.030467,222.66669
13.060864,224.0
13.070593,224.0
13.10089,226.81818
13.110581,226.81818
13.141198,223.44446
13.150825,223.44446
13.180925,223.45001
13.190782,223.45001
13.221577,225.65002
13.23135,225.65002
13.261661,230.11108
13.271477,230.11108
13.301362,226.61108
13.311085,226.61108
13.340875,228.42108
13.350514,228.42108
13.380621,229.25
13.3903265,229.25
13.42141,230.36108
13.431135,230.36108
13.460904,226.875
13.470508,226.875
13.501267,229.90002
13.510955,229.90002
13.5412035,230.72412
13.55123,230.72412
13.581295,232.41174
13.590885,232.41174
13.621122,234.59998
13.630789,234.59998
13.660981,230.74194
13.670643,230.74194
13.700613,232.89471
13.710346,232.89471
13.740741,233.2273
13.750657,233.2273
13.780521,231.09088
13.790093,231.09088
13.820936,234.5
13.830649,234.5
13.860902,235.41382
13.870618,235.41382
13.900728,236.17645
13.910432,236.17645
13.94163,245.45453
13.951515,245.45453
13.980628,240.82611
13.990282,240.82611
14.020804,238.79309
14.03316,238.79309
14.060992,240.16132
14.070703,240.16132
14.1007595,243.35999
14.113991,243.35999
14.141141,239.375
14.150916,239.375
14.181002,241.79999
14.190782,241.79999
14.220754,239.75
14.23048,239.75
14.261696,244.59998
14.271452,244.59998
14.301478,242.05884
14.311106,242.05884
14.341418,244.04547
14.353929,244.04547
14.381467,246.4815
14.391078,246.4815
14.420755,244.75757
14.430553,244.75757
14.460726,244.54547
14.4704685,244.54547
14.501044,246.36664
14.510795,246.36664
14.540691,242.79413
14.550711,242.79413
14.580833,244.85419
14.590558,244.85419
14.621495,247.3125
14.631337,247.3125
14.661002,245.54285
14.670734,245.54285
14.701137,247.40002
14.710852,247.40002
14.740757,249.20514
14.750481,249.20514
14.780496,247.58002
14.790009,247.58002
14.820835,245.16278
14.830584,245.16278
14.860762,246.7174
14.870503,246.7174
14.900741,247.33331
14.9105015,247.33331
14.940772,249.61536
14.950802,249.61536
14.980577,246.9375
14.990194,246.9375
15.021775,248.36584
15.032014,248.36584
15.061619,246.40741
15.071354,246.40741
15.102353,247.4762
15.113267,247.4762
15.142632,247.25641
15.157289,247.25641
15.182165,247.25641
15.1918,247.25641
15.220898,248.9867
15.230827,248.9867
15.260788,250.0741
15.270424,250.0741
15.301295,252.60376
15.311163,252.60376
15.3410635,253.1698
15.35067,253.1698
15.380834,252.41272
15.390606,252.41272
15.42077,250.75
15.43059,250.75
15.460741,249.23077
15.470398,249.23077
15.50125,249.38464
15.510875,249.38464
15.54121,249.17859
15.551236,249.17859
15.581579,249.68182
15.591281,249.68182
15.620749,250.39471
15.63044,250.39471
15.660892,250.4054
15.670651,250.4054
15.700854,249.82758
15.710454,249.82758
15.740898,250.58539
15.75056,250.58539
15.780542,249.19446
15.790068,249.19446
15.820715,249.69568
15.830439,249.69568
15.860688,249.8772
15.870514,249.8772
15.901483,248.61365
15.911237,248.61365
15.941885,247.69385
15.9516,247.69385
15.980798,248.31372
15.990553,248.31372
16.020788,248.72095
16.030607,248.72095
16.060808,248.7143
16.07063,248.7143
16.100681,254.03705
16.110516,254.03705
16.14091,255.48279
16.150438,255.48279
16.180525,254.82611
16.190235,254.82611
16.22077,254.9259
16.2307,254.9259
16.261011,251.4737
16.270752,251.4737
16.300766,249.5476
16.31055,249.5476
16.34117,253.4773
16.350847,253.4773
16.381445,252.76471
16.394981,252.76471
16.421425,252.97675
16.43161,252.97675
16.46138,251.58826
16.471184,251.58826
16.50102,252.5625
16.51065,252.5625
16.540783,251.0
16.55076,251.0
16.580584,249.85297
16.590311,249.85297
16.621527,250.58331
16.631119,250.58331
16.661066,249.53333
16.67078,249.53333
16.700998,250.4909
16.710653,250.4909
16.74067,252.25
16.750446,252.25
16.780657,251.64447
16.790283,251.64447
16.82081,250.90387
16.830484,250.90387
16.8607,250.64001
16.870575,250.64001
16.901865,250.1778
16.911533,250.1778
16.941484,251.42108
16.95129,251.42108
16.98156,249.66669
16.99136,249.66669
17.024942,248.1795
17.035563,248.1795
17.060831,250.67566
17.070557,250.67566
17.100428,251.35895
17.110123,251.35895
17.140926,252.45453
17.15065,252.45453
17.181517,251.60608
17.191263,251.60608
17.220888,254.33826
17.230719,254.33826
17.260761,256.37836
17.270653,256.37836
17.300726,252.62793
17.31044,252.62793
17.340824,255.33331
17.350582,255.33331
17.384373,252.16132
17.394285,252.16132
17.420504,251.61902
17.430391,251.61902
17.461582,251.64288
17.471155,251.64288
17.501295,251.45947
17.510983,251.45947
17.541042,250.46155
17.550913,250.46155
17.581394,252.97998
17.591135,252.97998
17.620739,254.35999
17.630407,254.35999
17.660791,254.48389
17.670582,254.48389
17.700802,251.1087
17.710567,251.1087
17.740915,250.56525
17.750753,250.56525
17.781044,250.61224
17.790596,250.61224
17.821129,249.68085
17.830915,249.68085
17.861206,251.06897
17.871033,251.06897
17.9009,250.14893
17.910744,250.14893
17.941195,251.30768
17.95105,251.30768
17.980766,251.97437
17.990519,251.97437
18.02052,249.6842
18.030268,249.6842
18.060966,246.5686
18.074404,246.5686
18.100803,249.88232
18.110579,249.88232
18.140602,251.0
18.150192,251.0
18.181267,246.52002
18.191034,246.52002
18.22099,247.88
18.230726,247.88
18.261572,247.60974
18.271675,247.60974
18.301266,248.94116
18.310925,248.94116
18.340672,248.55103
18.3505,248.55103
18.38051,248.5238
18.390316,248.5238
18.420824,249.31146
18.43057,249.31146
18.460527,248.88464
18.470348,248.88464
18.500538,248.47455
18.510231,248.47455
18.541122,247.61816
18.551134,247.61816
18.581064,247.67273
18.59084,247.67273
18.620796,247.29999
18.6304,247.29999
18.660984,247.74579
18.670622,247.74579
18.700504,247.3393
18.710182,247.3393
18.740734,247.87756
18.750523,247.87756
18.781385,248.98358
18.790955,248.98358
18.820673,246.6377
18.830563,246.6377
18.860683,245.0
18.870409,245.0
18.901077,248.41028
18.910942,248.41028
18.941414,247.8913
18.9513,247.8913
18.980682,247.59088
18.990398,247.59088
19.020845,248.7843
19.03076,248.7843
19.060896,246.85248
19.074043,246.85248
19.100384,245.80261
19.109993,245.80261
19.140917,245.09998
19.150509,245.09998
19.181791,245.0893
19.19139,245.0893
19.221178,244.0755
19.230904,244.0755
19.260923,243.01752
19.270641,243.01752
19.301235,243.67694
19.310982,243.67694
19.340702,242.97998
19.350462,242.97998
19.38065,243.7846
19.390425,243.7846
19.420715,242.59088
19.430595,242.59088
19.46081,243.96667
19.470573,243.96667
19.500473,240.52942
19.510334,240.52942
19.540728,239.04877
19.550745,239.04877
19.58122,239.95746
19.591059,239.95746
19.620907,237.12244
19.630503,237.12244
19.66112,238.64703
19.670769,238.64703
19.70084,238.7174
19.71053,238.7174
19.740702,238.87878
19.75042,238.87878
19.78058,237.48053
19.790144,237.48053
19.820791,238.48529
19.83044,238.48529
19.860765,237.71698
19.870478,237.71698
19.900597,237.15558
19.910719,237.15558
19.941633,237.22583
19.951422,237.22583
19.981274,236.61365
19.990986,236.61365
20.020838,231.43903
20.030663,231.43903
20.061007,232.25531
20.070686,232.25531
20.101757,232.8205
20.11262,232.8205
20.142859,233.57776
20.153378,233.57776
20.182137,230.80853
20.191956,230.80853
20.220955,231.97778
20.230782,231.97778
20.260775,235.37207
20.270603,235.37207
20.300636,234.56665
20.310368,234.56665
20.340717,233.83673
20.350447,233.83673
20.380762,233.47168
20.39057,233.47168
20.420738,230.65308
20.430618,230.65308
20.46077,231.17389
20.470455,231.17389
20.500572,232.67743
20.510185,232.67743
20.540854,229.97919
20.550835,229.97919
20.58097,228.74512
20.59092,228.74512
20.620678,224.13892
20.630404,224.13892
20.661186,227.4737
20.670824,227.4737
20.700779,229.46155
20.710457,229.46155
20.740786,224.5625
20.750517,224.5625
20.78069,226.92108
20.790182,226.92108
20.820755,226.26001
20.83049,226.26001
20.861622,227.2273
20.871416,227.2273
20.900854,226.59259
20.91061,226.59259
20.940674,225.2273
20.95046,225.2273
20.980635,227.55554
20.993908,227.55554
21.020784,227.9375
21.03059,227.9375
21.060797,228.64862
21.070621,228.64862
21.100693,229.7727
21.110369,229.7727
21.140593,225.0
21.150469,225.0
21.181543,226.75
21.19135,226.75
21.221115,225.21619
21.23086,225.21619
21.26123,226.72412
21.271063,226.72412
21.301134,226.55554
21.310833,226.55554
21.341032,225.9259
21.350792,225.9259
21.384926,224.0
21.394794,224.0
21.420322,224.16669
21.430191,224.16669
21.460539,221.41669
21.470194,221.41669
21.500937,223.1795
21.510614,223.1795
21.540737,220.58972
21.550642,220.58972
21.580751,221.79999
21.5905,221.79999
21.620462,219.93939
21.630087,219.93939
21.66061,217.79169
21.670324,217.79169
21.701643,220.19354
21.71141,220.19354
21.741922,220.03125
21.751696,220.03125
21.780842,222.14288
21.790535,222.14288
21.820835,222.61536
21.830523,222.61536
21.860733,221.25
21.870546,221.25
21.90077,220.875
21.910473,220.875
21.941029,218.97437
21.950714,218.97437
21.980728,217.32434
21.990486,217.32434
22.020533,216.97827
22.030258,216.97827
22.061054,217.38776
22.070724,217.38776
22.100634,218.4524
22.111288,218.4524
22.14129,219.56097
22.150955,219.56097
22.180826,215.96552
22.190577,215.96552
22.220621,213.02502
22.230545,213.02502
22.260653,213.72223
22.270437,213.72223
22.301262,215.23254
22.311357,215.23254
22.34125,218.59998
22.350958,218.59998
22.381828,216.96771
22.391348,216.96771
22.42071,213.83331
22.430656,213.83331
22.460545,216.46155
22.470224,216.46155
22.500586,213.69232
22.510292,213.69232
22.54148,213.7857
22.551418,213.7857
22.580925,215.35712
22.590666,215.35712
22.620638,213.34613
22.630344,213.34613
22.660748,213.71997
22.670492,213.71997
22.700626,213.58331
22.710318,213.58331
22.740961,214.9643
22.750774,214.9643
22.7808,215.74194
22.790396,215.74194
22.821377,214.87097
22.831293,214.87097
22.860718,215.9737
22.870504,215.9737
22.900755,218.45831
22.910786,218.45831
22.94071,218.37036
22.950472,218.37036
22.980759,216.35297
22.990547,216.35297
23.020706,217.0
23.030579,217.0
23.060814,218.04547
23.070698,218.04547
23.101372,218.34283
23.112837,218.34283
23.140747,218.93182
23.1504,218.93182
23.180626,219.27399
23.190405,219.27399
23.221088,219.03705
23.23082,219.03705
23.260496,216.40002
23.270157,216.40002
23.301214,215.36365
23.311058,215.36365
23.340548,215.48279
23.350245,215.48279
23.38054,217.58331
23.390308,217.58331
23.420748,219.62067
23.430616,219.62067
23.460915,216.60529
23.470638,216.60529
23.50099,216.95123
23.510704,216.95123
23.541542,215.21051
23.551554,215.21051
23.58071,215.96002
23.590488,215.96002
23.620562,214.33331
23.630247,214.33331
23.660738,217.54999
23.670454,217.54999
23.700483,215.67566
23.71013,215.67566
23.740849,213.83331
23.750511,213.83331
23.780527,217.16217
23.793903,217.16217
23.821218,216.72974
23.830942,216.72974
23.861256,214.35138
23.87106,214.35138
23.90144,215.20691
23.911058,215.20691
23.940817,214.28125
23.950598,214.28125
23.981073,215.05554
23.99078,215.05554
24.02059,211.92859
24.030485,211.92859
24.060972,212.5
24.07077,212.5
24.10069,213.26923
24.110296,213.26923
24.140806,215.18921
24.150496,215.18921
24.180927,214.67743
24.190662,214.67743
24.22081,214.6875
24.230803,214.6875
24.261034,217.11426
24.270721,217.11426
24.300705,216.70367
24.310377,216.70367
24.340677,213.08698
24.35042,213.08698
24.380701,215.4815
24.390516,215.4815
24.42076,218.08105
24.430687,218.08105
24.460817,214.7143
24.470343,214.7143
24.50101,215.70367
24.510687,215.70367
24.54061,214.09998
24.55064,214.09998
24.581419,216.74359
24.591467,216.74359
24.620861,216.68964
24.630497,216.68964
24.660889,215.83331
24.670671,215.83331
24.7008,215.66669
24.710497,215.66669
24.740679,213.9773
24.750349,213.9773
24.781382,213.9773
24.79103,213.9773
24.820768,211.79999
24.830421,211.79999
24.860916,211.13892
24.87078,211.13892
24.901201,213.11768
24.910845,213.11768
24.940744,213.6842
24.951189,213.6842
24.983341,211.66669
24.993023,211.66669
25.021048,215.46875
25.030804,215.46875
25.060862,219.42859
25.071053,219.42859
25.101404,219.5625
25.112305,219.5625
25.143997,219.9375
25.1547,219.9375
25.180874,217.57892
25.19069,217.57892
25.22092,217.36108
25.230766,217.36108
25.260553,216.35712
25.270138,216.35712
25.300652,216.06384
25.310432,216.06384
25.340782,218.54999
25.3506,218.54999
25.38064,217.4815
25.390429,217.4815
25.421196,219.94116
25.43106,219.94116
25.460842,220.4375
25.470497,220.4375
25.50071,221.82758
25.51043,221.82758
25.541275,221.55768
25.55123,221.55768
25.580683,223.79071
25.590425,223.79071
25.62111,227.5484
25.630777,227.5484
25.661251,227.76666
25.671003,227.76666
25.70073,225.24323
25.710455,225.24323
25.740707,223.21277
25.750443,223.21277
25.7805,227.15912
25.790142,227.15912
25.820768,227.7619
25.830452,227.7619
25.860851,227.59375
25.870667,227.59375
25.900715,230.2857
25.910482,230.2857
25.940758,228.69696
25.950626,228.69696
25.980768,231.19232
25.990536,231.19232
26.020699,232.875
26.034132,232.875
26.061037,234.38635
26.070843,234.38635
26.100492,234.18921
26.110226,234.18921
26.140577,233.25
26.15099,233.25
26.180561,234.53125
26.190233,234.53125
26.220673,234.03229
26.230425,234.03229
26.260963,233.87177
26.270681,233.87177
26.301752,235.03638
26.311357,235.03638
26.341253,235.6222
26.350971,235.6222
26.380651,236.25
26.390396,236.25
26.421373,236.0
26.43117,236.0
26.461267,237.10254
26.471071,237.10254
26.500586,238.52942
26.510353,238.52942
26.54077,237.27026
26.550707,237.27026
26.58085,241.79413
26.590643,241.79413
26.620596,240.94287
26.630219,240.94287
26.660564,240.52002
26.670328,240.52002
26.70072,239.13159
26.710587,239.13159
26.74087,242.30615
26.75109,242.30615
26.780905,242.39215
26.79102,242.39215
26.821032,241.2727
26.83094,241.2727
26.860868,242.18604
26.870638,242.18604
26.900759,243.4762
26.910603,243.4762
26.94077,244.36206
26.9505,244.36206
26.980782,247.8222
26.990614,247.8222
27.020817,246.36365
27.030624,246.36365
27.060942,248.44897
27.071035,248.44897
27.10097,248.25531
27.11085,248.25531
27.14124,246.09998
27.15468,246.09998
27.180244,245.96552
27.19023,245.96552
27.221045,244.96002
27.230745,244.96002
27.260927,244.82855
27.27055,244.82855
27.30051,249.35553
27.310173,249.35553
27.341866,248.55261
27.351524,248.55261
27.380869,249.16132
27.390482,249.16132
27.420776,247.90247
27.43054,247.90247
27.460648,248.75
27.470333,248.75
27.500912,248.57141
27.510605,248.57141
27.540789,249.08105
27.550785,249.08105
27.582893,250.04877
27.592525,250.04877
27.621372,249.64581
27.631018,249.64581
27.660833,249.7619
27.67048,249.7619
27.70102,247.90479
27.71071,247.90479
27.740963,250.47498
27.750832,250.47498
27.781082,250.26831
27.790646,250.26831
27.821062,251.89746
27.830729,251.89746
27.86092,250.28003
27.870726,250.28003
27.901388,249.28888
27.916836,249.28888
27.940886,250.0
27.950758,250.0
27.983818,250.68518
27.993448,250.68518
28.0207,247.0857
28.03048,247.0857
28.060833,247.4773
28.070656,247.4773
28.100552,250.09375
28.110218,250.09375
28.140795,248.52942
28.150568,248.52942
28.18099,248.65515
28.190783,248.65515
28.22101,248.10712
28.230556,248.10712
28.260567,248.4054
28.270657,248.4054
28.300655,249.13513
28.310421,249.13513
28.340862,250.66669
28.350538,250.66669
28.380669,252.81158
28.390423,252.81158
28.420649,250.98212
28.430353,250.98212
28.460619,250.55103
28.470335,250.55103
28.50069,252.03387
28.510508,252.03387
28.54081,253.71185
28.552546,253.71185
28.582111,253.25
28.591814,253.25
28.621017,252.90479
28.630625,252.90479
28.660976,249.4878
28.670624,249.4878
28.700775,249.0
28.710651,249.0
28.740778,252.46002
28.750572,252.46002
28.780762,252.63043
28.790419,252.63043
28.820948,251.625
28.830536,251.625
28.860847,251.52502
28.870565,251.52502
28.900646,250.10254
28.910393,250.10254
28.94142,249.36584
28.951063,249.36584
28.981451,250.19568
28.991112,250.19568
29.02178,249.94116
29.0315,249.94116
29.061329,252.32758
29.071144,252.32758
29.10061,252.32758
29.11026,252.32758
29.142431,251.22223
29.153017,251.22223
29.185665,251.73682
29.195734,251.73682
29.22081,252.87323
29.230652,252.87323
29.261808,251.33899
29.27453,251.33899
29.30169,251.60297
29.311363,251.60297
29.341265,251.89795
29.351059,251.89795
29.380583,252.69812
29.390293,252.69812
29.421293,251.94
29.431084,251.94
29.461111,252.75
29.47109,252.75
29.500877,251.29547
29.510698,251.29547
29.541061,252.02173
29.551214,252.02173
29.582052,251.0
29.592022,251.0
29.620728,252.65454
29.630177,252.65454
29.660986,252.27118
29.670763,252.27118
29.700766,253.78845
29.710287,253.78845
29.740692,250.37036
29.750364,250.37036
29.780666,253.04346
29.79033,253.04346
29.820866,253.85297
29.830673,253.85297
29.860748,254.76086
29.870918,254.76086
29.900887,254.27502
29.910755,254.27502
29.940964,252.32355
29.95066,252.32355
29.985796,254.42426
29.99584,254.42426
30.021063,253.625
30.03132,253.625
30.061464,253.3617
30.071669,253.3617
30.10124,254.53845
30.11234,254.53845
30.141603,253.86884
30.15559,253.86884
30.185398,253.26532
30.195002,253.26532
30.220545,253.86151
30.23057,253.86151
30.260723,255.74072
30.270477,255.74072
30.301765,255.7818
30.31229,255.7818
30.340815,256.63892
30.350565,256.63892
30.380651,258.05713
30.391413,258.05713
30.422966,256.9259
30.433554,256.9259
30.463207,255.72546
30.473375,255.72546
30.502459,255.04254
30.51228,255.04254
30.541782,255.04254
30.551943,255.04254
30.581911,253.78949
30.591482,253.78949
30.620676,252.69232
30.63026,252.69232
30.661255,254.61017
30.67086,254.61017
30.700811,254.03925
30.710604,254.03925
30.740685,255.5625
30.750435,255.5625
30.780874,254.23077
30.79048,254.23077
30.82156,255.5
30.832169,255.5
30.862833,256.19446
30.873154,256.19446
30.902668,254.3111
30.912777,254.3111
30.941954,253.0968
30.951967,253.0968
30.98128,250.18518
30.991442,250.18518
31.022543,249.7544
31.033998,249.7544
31.061329,250.10907
31.071016,250.10907
31.10057,249.19446
31.110298,249.19446
31.140846,248.37836
31.150688,248.37836
31.180473,248.1795
31.190277,248.1795
31.220654,250.43549
31.231026,250.43549
31.261017,247.41669
31.271719,247.41669
31.303291,247.41174
31.31336,247.41174
31.340614,244.34998
31.350742,244.34998
31.382349,245.60345
31.392532,245.60345
31.423138,244.29999
31.433098,244.29999
31.461937,244.60345
31.471472,244.60345
31.500877,243.0
31.510551,243.0
31.540834,243.0
31.55127,243.0
31.580818,240.7857
31.590534,240.7857
31.620703,243.72339
31.63096,243.72339
31.66503,243.29785
31.674921,243.29785
31.7009,242.88525
31.71075,242.88525
31.741844,240.64288
31.751558,240.64288
31.781094,238.52942
31.79069,238.52942
31.821247,239.89362
31.83089,239.89362
31.860771,240.0
31.870562,240.0
31.900955,240.15625
31.910671,240.15625
31.940794,237.36841
31.950548,237.36841
31.980568,235.04999
31.990238,235.04999
32.020718,241.24323
32.030746,241.24323
32.062737,240.1228
32.072586,240.1228
32.10223,237.29266
32.111954,237.29266
32.14167,236.58142
32.15157,236.58142
32.181053,238.08105
32.191017,238.08105
32.220913,239.5
32.230633,239.5
32.260635,233.66669
32.2703,233.66669
32.30065,234.34998
32.310364,234.34998
32.340614,235.65216
32.350372,235.65216
32.38116,233.19354
32.39097,233.19354
32.421257,232.76593
32.431065,232.76593
32.46064,233.3913
32.47043,233.3913
32.500656,230.54346
32.510414,230.54346
32.54083,229.0
32.550816,229.0
32.580555,230.36584
32.59023,230.36584
32.620564,231.13043
32.630238,231.13043
32.661022,231.79486
32.671394,231.79486
32.701366,230.64862
32.71119,230.64862
32.741306,231.1842
32.751305,231.1842
32.781326,229.56757
32.790974,229.56757
32.821693,231.30554
32.83133,231.30554
32.86052,228.26471
32.87032,228.26471
32.900536,227.09521
32.910236,227.09521
32.940735,227.47498
32.95048,227.47498
32.980827,226.87805
32.990826,226.87805
33.021336,226.66669
33.031075,226.66669
33.06391,227.0357
33.073624,227.0357
33.102184,227.63635
33.11214,227.63635
33.141457,227.42108
33.151073,227.42108
33.18129,224.29169
33.1909,224.29169
33.22092,224.29169
33.23378,224.29169
33.262863,222.87878
33.273563,222.87878
33.302402,221.95001
33.312466,221.95001
33.342888,219.95453
33.353283,219.95453
33.382915,221.53333
33.397427,221.53333
33.42267,223.7143
33.432926,223.7143
33.46292,222.87878
33.473385,222.87878
33.50251,219.21051
33.51288,219.21051
33.54258,223.62067
33.552513,223.62067
33.581726,223.5357
33.595585,223.5357
33.62147,222.13513
33.63132,222.13513
33.6613,222.0769
33.670925,222.0769
33.700947,220.73334
33.710796,220.73334
33.740993,220.16669
33.750732,220.16669
33.780483,220.56757
33.790096,220.56757
33.8207,224.64862
33.83044,224.64862
33.86188,216.77417
33.872147,216.77417
33.902027,219.10529
33.911915,219.10529
33.941692,220.05554
33.95215,220.05554
33.98117,220.36841
33.990944,220.36841
34.021675,221.5
34.031284,221.5
34.06087,220.64514
34.07058,220.64514
34.10097,223.26532
34.11067,223.26532
34.140633,222.5
34.150307,222.5
34.18088,220.32501
34.190628,220.32501
34.220608,222.93549
34.234234,222.93549
34.26135,218.41174
34.27113,218.41174
34.300503,220.90479
34.310085,220.90479
34.341,219.5
34.352802,219.5
34.38082,218.18604
34.39055,218.18604
34.420464,217.41174
34.430088,217.41174
34.460857,216.61292
34.470497,216.61292
34.500923,214.13892
34.510582,214.13892
34.540623,217.3778
34.55055,217.3778
34.581318,222.23529
34.591103,222.23529
34.62051,222.25
34.63015,222.25
34.660534,218.58826
34.670227,218.58826
34.70047,219.13159
34.71012,219.13159
34.74094,219.22223
34.75068,219.22223
34.781242,217.90247
34.79143,217.90247
34.822906,217.44116
34.832924,217.44116
34.86167,216.53125
34.871544,216.53125
34.901623,213.29169
34.911495,213.29169
34.940865,214.23077
34.95073,214.23077
34.980946,217.79169
34.99079,217.79169
35.021385,218.14288
35.03136,218.14288
35.06161,216.81079
35.074856,216.81079
35.10147,216.35297
35.112236,216.35297
35.14218,220.84613
35.156822,220.84613
35.183372,220.125
35.193226,220.125
35.22191,221.72498
35.234642,221.72498
35.261105,221.61365
35.27133,221.61365
35.3006,218.75928
35.310345,218.75928
35.340954,220.32434
35.354748,220.32434
35.382027,219.89093
35.391903,219.89093
35.42115,219.60974
35.430965,219.60974
35.460907,217.12122
35.47067,217.12122
35.500893,219.35297
35.51059,219.35297
35.54113,220.0857
35.55117,220.0857
35.582886,218.96875
35.5927,218.96875
35.62125,220.06061
35.630962,220.06061
35.6611,218.57141
35.67078,218.57141
35.700825,219.39288
35.710598,219.39288
35.74075,219.93335
35.750687,219.93335
35.780754,218.875
35.790466,218.875
35.82077,218.4516
35.83048,218.4516
35.860806,220.54547
35.87057,220.54547
35.901497,220.27905
35.911186,220.27905
35.941322,219.04169
35.951065,219.04169
35.981644,219.93939
35.9913,219.93939
36.02083,217.91302
36.030712,217.91302
36.060894,215.22223
36.07066,215.22223
36.101276,217.26831
36.110973,217.26831
36.140816,215.72412
36.150913,215.72412
36.180775,218.31708
36.19376,218.31708
36.223248,216.18518
36.237,216.18518
36.26092,216.09998
36.272938,216.09998
36.30132,220.2143
36.31075,220.2143
36.341385,217.53845
36.35124,217.53845
36.38121,217.0357
36.391087,217.0357
36.421364,215.5
36.43118,215.5
36.461426,215.5
36.47116,215.5
36.501118,215.88892
36.510822,215.88892
36.541325,214.38098
36.55126,214.38098
36.584057,214.1875
36.593758,214.1875
36.620808,217.86664
36.630474,217.86664
36.660885,218.70587
36.670746,218.70587
36.700947,222.76923
36.71077,222.76923
36.742844,221.07141
36.753475,221.07141
36.78283,220.90479
36.79294,220.90479
36.823257,224.0
36.83385,224.0
36.862347,224.2143
36.873096,224.2143
36.90252,219.72919
36.91302,219.72919
36.94273,220.62164
36.953392,220.62164
36.984478,220.89746
36.995182,220.89746
37.02203,221.16217
37.036823,221.16217
37.062813,219.64581
37.07501,219.64581
37.102287,220.45453
37.112446,220.45453
37.14206,221.10529
37.152493,221.10529
37.18288,224.43182
37.19304,224.43182
37.222034,225.84998
37.232246,225.84998
37.261585,225.96155
37.274975,225.96155
37.300823,226.38464
37.310436,226.38464
37.34069,226.7619
37.350403,226.7619
37.38059,230.11108
37.390297,230.11108
37.420475,229.84851
37.43019,229.84851
37.460865,231.23077
37.470543,231.23077
37.50103,232.73077
37.510696,232.73077
37.541016,231.65002
37.55093,231.65002
37.58071,234.4762
37.5903,234.4762
37.6207,230.14288
37.63045,230.14288
37.661137,230.68182
37.670803,230.68182
37.70135,234.33331
37.711018,234.33331
37.74098,231.72974
37.750767,231.72974
37.78127,235.51166
37.79108,235.51166
37.8238,236.55817
37.83397,236.55817
37.86126,236.40002
37.870853,236.40002
37.901318,240.16669
37.91143,240.16669
37.941235,235.7273
37.950916,235.7273
37.981247,237.22223
37.990917,237.22223
38.02113,238.1842
38.03092,238.1842
38.063915,237.0
38.07457,237.0
38.10192,236.52777
38.11246,236.52777
38.143543,239.34613
38.153988,239.34613
38.182816,240.74469
38.193134,240.74469
38.222355,240.66669
38.232796,240.66669
38.262497,242.80554
38.27346,242.80554
38.30347,242.74286
38.31789,242.74286
38.341877,244.76666
38.354042,244.76666
38.382706,245.82611
38.392723,245.82611
38.422245,243.70734
38.43334,243.70734
38.46309,248.0213
38.473137,248.0213
38.501663,245.84784
38.511604,245.84784
38.54175,248.73529
38.552254,248.73529
38.58297,248.77081
38.593357,248.77081
38.62226,248.42859
38.63232,248.42859
38.677284,248.19641
38.718376,248.5614
38.733494,248.5614
38.76,250.28888
38.793518,250.20929
38.803917,250.20929
38.839622,251.53845
38.878082,252.13336
38.88,252.13336
38.92,252.40002
38.943024,252.40002
38.980217,251.12
39.013363,253.0
39.03954,251.10254
39.04,251.10254
39.08,254.32434
39.09262,254.32434
39.12058,251.51282
39.142742,253.45453
39.156536,253.45453
39.1836,255.12964
39.194023,255.12964
39.2223,257.08698
39.23259,257.08698
39.267445,256.36365
39.28297,256.36365
39.318863,258.3125
39.344284,259.11108
39.35835,259.11108
39.38716,257.58142
39.401184,257.58142
39.429523,255.46808
39.460808,258.38892
39.4706,258.38892
39.503952,257.7091
39.514767,257.7091
39.542385,260.0
39.553875,260.0
39.582558,258.84003
39.59744,258.84003
39.621937,257.8333
39.632015,257.8333
39.662914,257.56897
39.67279,257.56897
39.70157,258.18365
39.711456,258.18365
39.741882,259.41815
39.75249,259.41815
39.782322,257.6053
39.798145,257.6053
39.822163,257.4359
39.832047,257.4359
39.86213,257.9787
39.873173,257.9787
39.90459,257.5526
39.915436,257.5526
39.949783,257.19568
39.96,257.19568
39.991596,256.4167
40.024113,258.175
40.03849,258.175
40.079056,256.7381
40.111145,256.4314
40.12277,256.4314
40.155956,258.57892
40.18592,259.36108
40.198627,259.36108
40.225834,258.64148
40.238766,258.64148
40.268745,260.76923
40.280296,260.76923
40.30308,258.03125
40.31655,258.03125
40.34358,259.79486
40.35502,259.79486
40.38342,260.08826
40.397663,260.08826
40.420864,254.90002
40.434486,254.90002
40.465374,257.3095
40.47663,257.3095
40.503914,255.375
40.517036,255.375
40.54513,255.61536
40.555775,255.61536
40.582027,256.6786
40.595047,256.6786
40.636307,254.80646
40.64,254.80646
40.68,254.38708
40.694794,254.38708
40.72,255.0816
40.732536,255.0816
40.76332,253.75
40.786324,253.3421
40.80069,253.3421
40.82237,256.0
40.833572,256.0
40.862114,256.87878
40.87596,256.87878
40.901928,254.52942
40.91228,254.52942
40.944885,252.4762
40.955856,252.4762
40.983456,256.2453
40.99518,256.2453
41.028633,258.05554
41.04158,258.05554
41.079376,256.36584
41.10227,256.36584
41.114056,256.36584
41.140366,257.10254
41.15546,257.10254
41.184338,257.18604
41.19414,257.18604
41.221992,256.45453
41.232475,256.45453
41.267952,256.1875
41.279392,256.1875
41.31101,255.74194
41.341465,257.65625
41.35293,257.65625
41.381565,257.31647
41.39259,257.31647
41.44,257.47888
41.455,257.47888
41.491962,255.375
41.52,255.5091
41.54398,258.26666
41.557144,258.26666
41.58118,257.58618
41.5951,257.58618
41.622562,257.03027
41.638084,257.03027
41.672466,257.44263
41.68508,257.44263
41.718365,256.9828
41.732952,256.9828
41.75962,257.02856
41.787807,256.47998
41.801144,256.47998
41.833652,256.93335
41.862843,255.98212
41.876877,255.98212
41.90343,254.86792
41.91575,254.86792
41.944733,255.66669
41.954796,255.66669
41.98423,254.44739
41.99725,254.44739
42.02619,257.2121
42.036266,257.2121
42.06148,258.0
42.076355,258.0
42.112896,258.81482
42.125282,258.81482
42.156372,260.25
42.18989,256.73682
42.204193,256.73682
42.24,259.59998
42.264473,256.8214
42.27883,256.8214
42.30215,260.36664
42.317833,260.36664
42.345547,257.8095
42.356464,257.8095
42.385746,259.125
42.39859,259.125
42.430454,259.61664
42.443806,259.61664
42.46998,258.91937
42.483715,258.91937
42.519592,255.19354
42.545048,254.5
42.55602,254.5
42.5824,256.625
42.595943,256.625
42.62772,257.0
42.64081,257.0
42.67211,256.98303
42.701504,256.2182
42.7113,256.2182
42.748405,258.029
42.758785,258.029
42.782932,257.1786
42.79993,257.1786
42.830967,258.14
42.845963,258.14
42.881516,257.22223
42.91634,258.3095
42.953384,258.07843
42.9642,258.07843
42.99262,259.65308
43.02531,256.70587
43.0377,256.70587
43.061836,258.02777
43.075428,258.02777
43.10353,257.09088
43.117767,257.09088
43.142715,255.5
43.15312,255.5
43.194786,254.80951
43.20998,254.80951
43.238777,254.4516
43.271954,257.06665
43.28,257.06665
43.309544,251.17072
43.34281,253.23999
43.356026,253.23999
43.385517,251.04346
43.399113,251.04346
43.42721,251.66669
43.439262,251.66669
43.46549,249.97998
43.478596,249.97998
43.50701,250.63043
43.519817,250.63043
43.550865,246.36957
43.563423,246.36957
43.59788,246.85999
43.632286,243.5625
43.666782,244.5476
43.677505,244.5476
43.702053,246.34088
43.714108,246.34088
43.744892,243.10345
43.75843,243.10345
43.785103,243.96667
43.800488,243.96667
43.834324,243.3125
43.870605,243.68182
43.88145,243.68182
43.90306,242.11108
43.913208,242.11108
43.941067,238.79413
43.950737,238.79413
43.981636,238.6875
43.991608,238.6875
44.02116,238.12122
44.031307,238.12122
44.06131,236.66669
44.071976,236.66669
44.10126,237.5
44.11131,237.5
44.14139,237.02502
44.151157,237.02502
44.18125,236.61536
44.191517,236.61536
44.221386,235.72974
44.231846,235.72974
44.262066,235.31915
44.272392,235.31915
44.301598,231.86047
44.311478,231.86047
44.3414,234.0357
44.351315,234.0357
44.38165,235.73077
44.395523,235.73077
44.421276,230.2857
44.431366,230.2857
44.461582,230.37933
44.471325,230.37933
44.50814,230.4231
44.519238,230.4231
44.542114,231.6286
44.552273,231.6286
44.582615,233.125
44.59292,233.125
44.62086,229.90247
44.630875,229.90247
44.661873,228.9143
44.67184,228.9143
44.704525,227.64703
44.71432,227.64703
44.74348,232.31818
44.75369,232.31818
44.780674,230.16669
44.79046,230.16669
44.82231,226.41669
44.832508,226.41669
44.861412,229.0
44.87357,229.0
44.901756,227.76471
44.91202,227.76471
44.94216,225.48279
44.952072,225.48279
44.981056,224.56665
44.990868,224.56665
45.022457,226.0
45.03293,226.0
45.061832,226.7143
45.071907,226.7143
45.102238,225.5
45.11707,225.5
45.14457,229.61536
45.155922,229.61536
45.18354,226.57892
45.193665,226.57892
45.23328,222.29413
45.243244,222.29413
45.273537,224.86206
45.30171,225.06665
45.3115,225.06665
45.342007,224.79309
45.351692,224.79309
45.381897,223.9375
45.392292,223.9375
45.42153,219.07141
45.431953,219.07141
45.46202,223.73334
45.47184,223.73334
45.501984,224.59998
45.512005,224.59998
45.54511,220.75
45.55561,220.75
45.58072,219.57892
45.590538,219.57892
45.62279,224.0
45.633183,224.0
45.661556,224.55554
45.671204,224.55554
45.701946,220.4815
45.711956,220.4815
45.741993,225.64703
45.753643,225.64703
45.782032,221.2381
45.791874,221.2381
45.82323,222.0
45.8334,222.0
45.862022,218.95831
45.871872,218.95831
45.901485,221.25
45.915665,221.25
45.941666,217.05554
45.95152,217.05554
45.980873,214.6842
45.990578,214.6842
46.02105,215.09998
46.035126,215.09998
46.06173,214.49017
46.07182,214.49017
46.102085,215.15387
46.112125,215.15387
46.141556,213.81537
46.15127,213.81537
46.18151,216.82141
46.192097,216.82141
46.221462,215.55554
46.23161,215.55554
46.261497,216.12769
46.271454,216.12769
46.301674,214.70367
46.31158,214.70367
46.34153,213.15094
46.354034,213.15094
46.382835,213.43634
46.392605,213.43634
46.42108,213.73334
46.43111,213.73334
46.462845,213.383
46.478783,213.383
46.501827,214.75928
46.512047,214.75928
46.543262,213.09375
46.55653,213.09375
46.58229,216.54169
46.595104,216.54169
46.62134,214.65387
46.631218,214.65387
46.660988,210.93475
46.670944,210.93475
46.702225,213.4516
46.71256,213.4516
46.742207,209.7547
46.752213,209.7547
46.78108,211.46509
46.790733,211.46509
46.82123,214.33331
46.83144,214.33331
46.861816,214.10638
46.87213,214.10638
46.901962,211.14288
46.911926,211.14288
46.941994,211.26831
46.95251,211.26831
46.981304,214.0
46.991173,214.0
47.020996,214.17645
47.03174,214.17645
47.061447,215.62164
47.071312,215.62164
47.1026,214.63635
47.11268,214.63635
47.14116,210.2121
47.150833,210.2121
47.18193,210.03705
47.19181,210.03705
47.222107,209.23077
47.23238,209.23077
47.261806,213.64862
47.271828,213.64862
47.301643,210.07892
47.31145,210.07892
47.34188,212.3125
47.352665,212.3125
47.38176,211.29169
47.39208,211.29169
47.421265,211.36737
47.431507,211.36737
47.461376,209.90002
47.471195,209.90002
47.502136,210.4878
47.512012,210.4878
47.542053,212.04999
47.552204,212.04999
47.581467,213.16669
47.59141,213.16669
47.621147,211.83783
47.631493,211.83783
47.661503,212.13513
47.671307,212.13513
47.70237,215.16669
47.712242,215.16669
47.743702,214.51611
47.753757,214.51611
47.78168,213.125
47.79156,213.125
47.821556,213.9231
47.83163,213.9231
47.861538,212.51923
47.872166,212.51923
47.902443,211.19049
47.912437,211.19049
47.941372,212.47498
47.951923,212.47498
47.98122,211.13336
47.991127,211.13336
48.02115,205.42108
48.03465,205.42108
48.06204,205.95453
48.072178,205.95453
48.10238,205.33331
48.112843,205.33331
48.141293,209.9524
48.152824,209.9524
48.181408,208.45715
48.191395,208.45715
48.22154,208.85297
48.232006,208.85297
48.26179,214.09521
48.271893,214.09521
48.302155,216.18518
48.312363,216.18518
48.342125,212.90625
48.351902,212.90625
48.381676,213.88
48.391956,213.88
48.42121,212.65851
48.431023,212.65851
48.461525,211.86664
48.471245,211.86664
48.502117,211.82141
48.511967,211.82141
48.542126,210.89288
48.552505,210.89288
48.581863,209.73914
48.5917,209.73914
48.62212,213.72974
48.632057,213.72974
48.661526,211.9643
48.67143,211.9643
48.702465,211.23077
48.7124,211.23077
48.744896,212.75
48.755928,212.75
48.78107,216.52777
48.792828,216.52777
48.821213,217.26471
48.831207,217.26471
48.86116,216.5185
48.871387,216.5185
48.901512,213.97296
48.911777,213.97296
48.942467,212.86792
48.95383,212.86792
48.980946,212.79547
48.990604,212.79547
49.021263,212.26831
49.03189,212.26831
49.062466,213.85455
49.072704,213.85455
49.10227,215.14288
49.11242,215.14288
49.141575,215.55768
49.15166,215.55768
49.18234,216.10907
49.192272,216.10907
49.222336,214.69232
49.23262,214.69232
49.262005,221.5357
49.27325,221.5357
49.303764,218.41815
49.313778,218.41815
49.341244,216.83331
49.35123,216.83331
49.38224,222.09088
49.392185,222.09088
49.42168,219.73999
49.43196,219.73999
49.461506,218.8039
49.471375,218.8039
49.502003,221.33331
49.51171,221.33331
49.542362,221.0
49.552834,221.0
49.58206,223.38464
49.592247,223.38464
49.621933,222.10205
49.631668,222.10205
49.661503,223.16669
49.675182,223.16669
49.701946,226.16132
49.71217,226.16132
49.74147,224.83331
49.751713,224.83331
49.78135,228.71875
49.790947,228.71875
49.82168,229.84998
49.831665,229.84998
49.861843,226.3158
49.872272,226.3158
49.902092,225.7547
49.91215,225.7547
49.941887,227.65118
49.952297,227.65118
49.98144,228.65717
49.99148,228.65717
50.021145,227.86206
50.031666,227.86206
50.062756,231.65002
50.072887,231.65002
50.10306,231.18518
50.117165,231.18518
50.14275,231.53125
50.153225,231.53125
50.18362,232.46875
50.19392,232.46875
50.22209,231.5263
50.234932,231.5263
50.261868,234.5238
50.27396,234.5238
50.302322,232.66669
50.312134,232.66669
50.341797,234.39288
50.351498,234.39288
50.381523,237.0476
50.392418,237.0476
50.42115,236.20001
50.431225,236.20001
50.461014,236.7879
50.470764,236.7879
50.50158,240.47223
50.511395,240.47223
50.54159,238.11902
50.552017,238.11902
50.581333,236.58063
50.59116,236.58063
50.62093,238.93475
50.63085,238.93475
50.66144,239.08887
50.6715,239.08887
50.701817,242.12122
50.711716,242.12122
50.742256,243.55884
50.75242,243.55884
50.781464,243.91302
50.791176,243.91302
50.821575,242.05554
50.832657,242.05554
50.861103,242.77777
50.871384,242.77777
50.902084,245.14813
50.915535,245.14813
50.942184,243.0968
50.95236,243.0968
50.98153,246.75555
50.99128,246.75555
51.021233,248.11108
51.03222,248.11108
51.06171,245.0
51.071976,245.0
51.10173,245.95557
51.111732,245.95557
51.141808,245.5
51.151512,245.5
51.18486,245.9231
51.194534,245.9231
51.220894,245.39532
51.231163,245.39532
51.262356,246.08508
51.27244,246.08508
51.302135,249.13953
51.312073,249.13953
51.341644,247.25
51.35122,247.25
51.381454,250.0263
51.391518,250.0263
51.421375,250.68292
51.431347,250.68292
51.460876,248.09998
51.470837,248.09998
51.50172,247.64514
51.511513,247.64514
51.542156,248.13635
51.552517,248.13635
51.581146,249.0
51.591003,249.0
51.62214,250.2143
51.63207,250.2143
51.665718,253.0
51.676163,253.0
51.702045,253.14288
51.711807,253.14288
51.741665,255.66669
51.75517,255.66669
51.784306,255.11627
51.794662,255.11627
51.82112,255.5238
51.831326,255.5238
51.86109,252.43634
51.871265,252.43634
51.90216,253.2157
51.912315,253.2157
51.94188,250.92157
51.951626,250.92157
51.981766,251.72498
51.991478,251.72498
52.021168,251.43182
52.031647,251.43182
52.061245,251.57574
52.07158,251.57574
52.10196,250.71051
52.11202,250.71051
52.141026,251.8302
52.1505,251.8302
52.18198,253.65308
52.192036,253.65308
52.22205,253.2857
52.232468,253.2857
52.262283,251.55103
52.272423,251.55103
52.30271,252.46552
52.313255,252.46552
52.341393,253.55103
52.35117,253.55103
52.381447,253.07892
52.39166,253.07892
52.421997,253.67389
52.43214,253.67389
52.46135,254.1695
52.471252,254.1695
52.501892,252.43243
52.511646,252.43243
52.54236,252.84314
52.552673,252.84314
52.581665,251.64703
52.591644,251.64703
52.621155,252.03998
52.633137,252.03998
52.661407,252.41815
52.671776,252.41815
52.701897,252.63464
52.71261,252.63464
52.74159,253.02441
52.751736,253.02441
52.785137,251.47272
52.79493,251.47272
52.820927,250.67645
52.83108,250.67645
52.86171,251.625
52.87196,251.625
52.902176,252.55884
52.91212,252.55884
52.941998,253.29633
52.951836,253.29633
52.981293,252.81482
52.99117,252.81482
53.021122,252.0
53.03421,252.0
53.071957,250.42859
53.082764,250.42859
53.108322,250.42859
53.14089,251.35138
53.150616,251.35138
53.181984,250.62164
53.19211,250.62164
53.221474,253.54901
53.233738,253.54901
53.26129,252.91113
53.271343,252.91113
53.301437,252.48938
53.311134,252.48938
53.341164,252.11902
53.351337,252.11902
53.381645,251.06976
53.391766,251.06976
53.421734,250.57141
53.43175,250.57141
53.461132,250.8205
53.470814,250.8205
53.501324,249.2143
53.511505,249.2143
53.54291,253.68628
53.555325,253.68628
53.5885,254.08002
53.599995,254.08002
53.626225,253.67389
53.641228,253.67389
53.672234,253.6222
53.701763,254.34882
53.712986,254.34882
53.74318,252.79169
53.754337,252.79169
53.784176,251.90002
53.797142,251.90002
53.825977,252.22498
53.837536,252.22498
53.863697,250.9524
53.87608,250.9524
53.904846,252.46808
53.91795,252.46808
53.942955,255.59998
53.95427,255.59998
53.98323,254.72412
53.996918,254.72412
54.02328,254.79071
54.03403,254.79071
54.06533,254.69385
54.080128,254.69385
54.102497,254.67346
54.116123,254.67346
54.14373,253.89362
54.1552,253.89362
54.185074,255.25714
54.198967,255.25714
54.22219,253.02777
54.233025,253.02777
54.26216,254.62793
54.27667,254.62793
54.303894,254.77417
54.31728,254.77417
54.34169,253.5
54.353027,253.5
54.38297,253.87805
54.395832,253.87805
54.42201,253.3125
54.433453,253.3125
54.46222,252.14038
54.47274,252.14038
54.504383,254.62744
54.51882,254.62744
54.54806,254.52173
54.55961,254.52173
54.582882,254.15912
54.59329,254.15912
54.623314,253.88678
54.633568,253.88678
54.661884,255.56061
54.67245,255.56061
54.70156,254.30768
54.712208,254.30768
54.743145,253.01349
54.75421,253.01349
54.783916,254.53027
54.79762,254.53027
54.824196,253.0
54.836514,253.0
54.865887,252.2381
54.876457,252.2381
54.9027,249.56451
54.91365,249.56451
54.946247,251.98553
54.961254,251.98553
54.992878,248.87805
55.021523,249.73077
55.033886,249.73077
55.068214,249.81818
55.082382,249.81818
55.116234,246.91937
55.15035,248.60657
55.165848,248.60657
55.206657,247.7619
55.236984,246.96924
55.261692,246.66235
55.273758,246.66235
55.30455,243.90698
55.318245,243.90698
55.34408,245.7174
55.35599,245.7174
55.38347,247.90387
55.396507,247.90387
55.422283,245.2923
55.435604,245.2923
55.462986,242.7027
55.47381,242.7027
55.505028,242.1961
55.51868,242.1961
55.54385,240.40741
55.55744,240.40741
55.584957,241.37256
55.596127,241.37256
55.62427,239.40424
55.638027,239.40424
55.670853,239.40814
55.68227,239.40814
55.713024,238.7049
55.74315,237.88135
55.756233,237.88135
55.782543,238.69696
55.795593,238.69696
55.82792,237.66669
55.842644,237.66669
55.8695,235.09088
55.90105,234.0
55.91207,234.0
55.942745,236.66669
55.953213,236.66669
55.981915,234.32611
55.99592,234.32611
56.02163,236.80646
56.031807,236.80646
56.064003,231.2857
56.07698,231.2857
56.103077,229.09375
56.1175,229.09375
56.146946,231.97296
56.160465,231.97296
56.18458,232.03448
56.198807,232.03448
56.224667,232.0857
56.236637,232.0857
56.263107,227.86047
56.274036,227.86047
56.302498,230.05884
56.313393,230.05884
56.345585,228.5946
56.3559,228.5946
56.38364,227.19354
56.39386,227.19354
56.422565,223.56525
56.434406,223.56525
56.46373,226.12903
56.4743,226.12903
56.50309,224.4231
56.516342,224.4231
56.541046,224.875
56.555355,224.875
56.581387,225.88232
56.591362,225.88232
56.62157,224.11108
56.631317,224.11108
56.662422,223.39532
56.675083,223.39532
56.701004,224.68182
56.711205,224.68182
56.742664,226.79169
56.753113,226.79169
56.781246,225.08331
56.791115,225.08331
56.825264,224.61902
56.8356,224.61902
56.86118,226.63159
56.87176,226.63159
56.901234,225.0
56.911865,225.0
56.94209,222.5
56.95317,222.5
56.981323,221.0
56.991154,221.0
57.02172,223.5
57.0316,223.5
57.061363,223.57141
57.075207,223.57141
57.10115,223.84613
57.111088,223.84613
57.14194,221.72223
57.158504,221.72223
57.182392,220.58826
57.192192,220.58826
57.221695,220.06897
57.231808,220.06897
57.262203,219.64288
57.272594,219.64288
57.301067,218.57892
57.310886,218.57892
57.341854,220.4762
57.35164,220.4762
57.381447,218.41174
57.3914,218.41174
57.421448,222.56665
57.431377,222.56665
57.462505,216.0
57.47527,216.0
57.50154,215.73334
57.51184,215.73334
57.54199,216.39392
57.55225,216.39392
57.581944,214.06061
57.591915,214.06061
57.621277,215.57501
57.63106,215.57501
57.661613,215.97675
57.67204,215.97675
57.701298,215.04169
57.711746,215.04169
57.741753,214.81079
57.751846,214.81079
57.78168,216.30615
57.791603,216.30615
57.82261,214.87177
57.836407,214.87177
57.86228,215.17242
57.87232,215.17242
57.901833,214.89655
57.912205,214.89655
57.94249,219.0
57.9525,219.0
57.982414,217.85712
57.99226,217.85712
58.021606,213.42224
58.031693,213.42224
58.061142,213.65625
58.07175,213.65625
58.101086,213.37836
58.113018,213.37836
58.142212,213.20514
58.152023,213.20514
58.182144,212.29999
58.191948,212.29999
58.222023,211.69232
58.232048,211.69232
58.26128,213.61902
58.27114,213.61902
58.301407,214.25
58.311176,214.25
58.341743,213.81818
58.351612,213.81818
58.381443,213.04346
58.39153,213.04346
58.421516,215.30304
58.43135,215.30304
58.461166,212.33331
58.473915,212.33331
58.50163,213.52002
58.514843,213.52002
58.542522,213.08331
58.553226,213.08331
58.581993,214.63635
58.591938,214.63635
58.621113,213.0476
58.630905,213.0476
58.661316,215.14813
58.673576,215.14813
58.702324,216.5517
58.712746,216.5517
58.741924,217.75757
58.751965,217.75757
58.782387,218.25
58.79212,218.25
58.8223,210.95001
58.832184,210.95001
58.8615,211.13892
58.874313,211.13892
58.901688,213.0
58.911816,213.0
58.942085,212.63336
58.95191,212.63336
58.981644,215.69232
58.991413,215.69232
59.02159,219.34613
59.03139,219.34613
59.061756,215.16669
59.072155,215.16669
59.102894,214.88232
59.113514,214.88232
59.141933,217.70831
59.15167,217.70831
59.182323,216.0
59.191956,216.0
59.221527,214.5238
59.231586,214.5238
59.262157,210.85712
59.272366,210.85712
59.301918,211.6842
59.311764,211.6842
59.34156,210.70001
59.35133,210.70001
59.38223,212.84613
59.39207,212.84613
59.42166,210.83331
59.431564,210.83331
59.461,215.66669
59.470833,215.66669
59.501705,215.66669
59.511967,215.66669
59.542416,214.0741
59.552578,214.0741
59.581657,214.73682
59.591694,214.73682
59.621372,217.3158
59.631207,217.3158
59.665115,216.77777
59.675278,216.77777
59.701374,214.05261
59.711536,214.05261
59.741844,214.66669
59.75183,214.66669
59.78205,210.4231
59.791805,210.4231
59.821938,209.7826
59.83167,209.7826
59.861835,211.7619
59.87215,211.7619
59.901463,209.90912
59.911552,209.90912
59.94189,209.23077
59.951668,209.23077
59.981495,209.23077
59.991333,209.23077
60.021748,211.45831
60.031536,211.45831
60.061924,209.91302
60.072353,209.91302
60.10212,210.5357
60.115433,210.5357
60.14426,210.59259
60.15823,210.59259
60.182243,211.2414
60.19228,211.2414
60.221474,211.32
60.231335,211.32
60.26173,212.47998
60.271866,212.47998
60.301224,209.625
60.310955,209.625
60.341675,210.33331
60.35156,210.33331
60.381855,212.21051
60.392017,212.21051
60.42542,210.76001
60.435318,210.76001
60.46122,211.32
60.471107,211.32
60.501617,211.15387
60.51234,211.15387
60.541718,210.71997
60.55227,210.71997
60.581547,210.58331
60.595608,210.58331
60.62134,211.79413
60.631084,211.79413
60.662098,210.20831
60.67217,210.20831
60.703575,212.84613
60.71336,212.84613
60.74143,211.29633
60.751717,211.29633
60.78235,211.0769
60.792156,211.0769
60.821537,210.71796
60.83188,210.71796
60.86174,212.0263
60.872234,212.0263
60.901398,215.41174
60.91163,215.41174
60.942844,214.25
60.9528,214.25
60.98175,209.40625
60.991577,209.40625
61.02257,210.17859
61.032413,210.17859
61.061874,210.78381
61.072266,210.78381
61.102,208.52173
61.111828,208.52173
61.141647,210.93103
61.151302,210.93103
61.181473,211.7143
61.191357,211.7143
61.221497,208.78381
61.231323,208.78381
61.26189,210.0
61.271904,210.0
61.30092,209.84003
61.31104,209.84003
61.34244,210.0769
61.35223,210.0769
61.382248,211.33331
61.392235,211.33331
61.421593,210.54053
61.431324,210.54053
61.46129,210.20587
61.472034,210.20587
61.501526,211.08887
61.514503,211.08887
61.54218,217.21875
61.552624,217.21875
61.58277,213.53845
61.593178,213.53845
61.621506,215.84003
61.631298,215.84003
61.66227,216.04877
61.672127,216.04877
61.702217,217.40002
61.71322,217.40002
61.743027,216.31818
61.753082,216.31818
61.780983,217.91998
61.790768,217.91998
61.822853,221.09998
61.833656,221.09998
61.861595,221.2727
61.871742,221.2727
61.90107,221.64288
61.911133,221.64288
61.94163,222.0
61.951714,222.0
61.981236,221.41382
61.991016,221.41382
62.021824,221.89471
62.0318,221.89471
62.061565,221.96295
62.071968,221.96295
62.10259,224.39026
62.11564,224.39026
62.141697,225.52942
62.151558,225.52942
62.181324,226.82501
62.191322,226.82501
62.221478,226.42499
62.234978,226.42499
62.26208,225.79309
62.271988,225.79309
62.301197,227.47223
62.310898,227.47223
62.341534,229.05884
62.351414,229.05884
62.381527,228.86664
62.391396,228.86664
62.421562,229.23334
62.431355,229.23334
62.461403,230.76471
62.471363,230.76471
62.501503,230.79071
62.511677,230.79071
62.541668,231.0
62.55213,231.0
62.5819,233.56757
62.59211,233.56757
62.621212,234.15558
62.631058,234.15558
62.661026,235.54169
62.67214,235.54169
62.70132,236.91492
62.711395,236.91492
62.741753,237.83331
62.755615,237.83331
62.781643,238.77142
62.791344,238.77142
62.826256,237.0263
62.836235,237.0263
62.86109,237.42426
62.871418,237.42426
62.901627,239.12244
62.91195,239.12244
62.94235,240.73077
62.952133,240.73077
62.982143,239.42108
62.992,239.42108
63.022022,240.36066
63.031857,240.36066
63.061207,240.19354
63.07119,240.19354
63.101795,241.44446
63.11154,241.44446
63.14157,240.46155
63.151268,240.46155
63.18135,242.22223
63.191254,242.22223
63.22151,241.32855
63.231457,241.32855
63.2628,242.04224
63.272892,242.04224
63.300667,244.16174
63.310814,244.16174
63.341972,244.193
63.351704,244.193
63.381466,244.5
63.391266,244.5
63.421383,244.13483
63.431206,244.13483
63.461178,246.34723
63.4711,246.34723
63.502144,245.69568
63.515953,245.69568
63.54203,246.33752
63.55209,246.33752
63.582806,246.43372
63.592995,246.43372
63.62087,246.83502
63.63065,246.83502
63.661366,247.09998
63.67244,247.09998
63.70207,246.70642
63.71192,246.70642
63.742073,246.45795
63.752316,246.45795
63.782284,247.65424
63.79209,247.65424
63.82251,247.45715
63.832405,247.45715
63.86185,246.01099
63.871914,246.01099
63.90119,246.55206
63.911255,246.55206
63.9422,245.66669
63.952335,245.66669
63.982014,246.10785
63.99179,246.10785
64.02182,246.2627
64.0315,246.2627
64.06181,246.87396
64.07549,246.87396
64.10161,248.61292
64.111275,248.61292
64.14256,249.14752
64.15759,249.14752
64.181755,249.16132
64.19151,249.16132
64.22336,249.39728
64.233345,249.39728
64.26134,247.7273
64.271126,247.7273
64.30116,248.04999
64.31098,248.04999
64.34217,246.74194
64.352066,246.74194
64.381546,246.80432
64.39136,246.80432
64.422264,246.67145
64.4321,246.67145
64.46096,246.77307
64.47079,246.77307
64.50152,245.93817
64.51177,245.93817
64.542076,246.0
64.55205,246.0
64.58199,245.85077
64.59194,245.85077
64.62141,246.35663
64.63121,246.35663
64.66483,246.51367
64.67471,246.51367
64.70087,246.35864
64.71126,246.35864
64.74157,248.17645
64.75159,248.17645
64.78165,247.58002
64.79133,247.58002
64.82166,247.54633
64.83134,247.54633
64.86169,247.64148
64.875244,247.64148
64.9014,246.64447
64.91158,246.64447
64.94159,246.72339
64.951385,246.72339
65.0,247.77356
65.01367,247.77356
65.04,248.53333
65.064964,247.16669
65.07662,247.16669
65.101494,246.93054
65.11264,246.93054
65.14402,246.7143
65.15585,246.7143
65.18268,246.56665
65.19278,246.56665
65.22142,246.29895
65.23132,246.29895
65.261284,246.79999
65.27122,246.79999
65.301056,246.98999
65.31079,246.98999
65.34197,246.89471
65.351685,246.89471
65.38126,246.62207
65.39123,246.62207
65.421875,246.56696
65.43167,246.56696
65.46176,245.73334
65.471794,245.73334
65.501526,245.71155
65.51179,245.71155
65.54168,246.23389
65.557144,246.23389
65.58178,246.3471
65.59183,246.3471
65.63009,245.58777
65.64383,245.58777
65.67159,246.11511
65.7014,246.81818
65.711464,246.81818
65.741936,246.03772
65.75207,246.03772
65.78159,245.7431
65.79127,245.7431
65.82338,246.06195
65.8332,246.06195
65.86122,246.78674
65.8716,246.78674
65.90104,246.66943
65.91124,246.66943
65.94179,248.1731
65.95173,248.1731
65.98127,247.33777
65.99101,247.33777
66.02172,246.28674
66.035126,246.28674
66.061356,246.26276
66.07119,246.26276
66.10133,246.89508
66.11122,246.89508
66.142456,246.79266
66.15224,246.79266
66.18235,246.85529
66.19221,246.85529
66.2215,247.1709
66.231415,247.1709
66.26127,246.80371
66.271515,246.80371
66.30118,247.05261
66.31098,247.05261
66.342094,247.59998
66.35196,247.59998
66.38135,247.67273
66.39133,247.67273
66.421486,247.65717
66.43138,247.65717
66.461555,247.25928
66.47293,247.25928
66.50176,247.90912
66.511665,247.90912
66.54167,247.40253
66.55175,247.40253
66.581764,247.47168
66.59159,247.47168
66.62225,247.03546
66.63203,247.03546
66.66261,246.11853
66.67259,246.11853
66.70162,246.10449
66.71188,246.10449
66.74252,246.87415
66.75251,246.87415
66.7819,246.76282
66.79172,246.76282
66.82219,246.97943
66.832115,246.97943
66.861565,246.20282
66.872025,246.20282
66.90148,246.33087
66.911476,246.33087
66.94179,246.6695
66.951675,246.6695
66.98154,245.47223
66.99129,245.47223
67.02182,244.4245
67.03156,244.4245
67.06152,243.98248
67.07167,243.98248
67.101074,242.10083
67.11103,242.10083
67.14179,242.71588
67.15139,242.71588
67.18241,240.03479
67.192024,240.03479
67.22241,239.906
67.23246,239.906
67.262955,239.66669
67.27337,239.66669
67.30437,239.0
67.316475,239.0
67.344475,237.78479
67.35556,237.78479
67.38344,238.94519
67.39637,238.94519
67.42365,237.0813
67.43517,237.0813
67.463165,234.81708
67.47434,234.81708
67.50558,234.2525
67.516685,234.2525
67.54411,234.57758
67.557526,234.57758
67.58195,234.55432
67.59507,234.55432
67.62396,233.28998
67.64094,233.28998
67.66784,232.17273
67.68099,232.17273
67.70325,231.95123
67.71313,231.95123
67.74415,231.8913
67.75418,231.8913
67.78212,229.92914
67.792435,229.92914
67.82681,229.74335
67.83897,229.74335
67.86168,228.5227
67.872086,228.5227
67.90165,228.55072
67.91209,228.55072
67.94325,227.3125
67.95335,227.3125
67.98353,226.0
67.99492,226.0
68.02441,225.5122
68.03555,225.5122
68.062584,225.22449
68.07485,225.22449
68.1039,225.53998
68.115456,225.53998
68.14443,222.76831
68.15647,222.76831
68.184265,222.38
68.19825,222.38
68.22304,221.29578
68.23397,221.29578
68.26323,222.35364
68.27724,222.35364
68.30554,221.79663
68.316444,221.79663
68.34807,221.93335
68.35908,221.93335
68.38282,220.71643
68.39412,220.71643
68.42148,220.9259
68.43201,220.9259
68.462,219.92859
68.472496,219.92859
68.50293,218.45612
68.515526,218.45612
68.54763,218.17645
68.55845,218.17645
68.5832,217.36841
68.59855,217.36841
68.62337,217.11108
68.63361,217.11108
68.661575,215.88464
68.674446,215.88464
68.703125,215.80768
68.71316,215.80768
68.74099,215.82977
68.75314,215.82977
68.78199,214.7586
68.792145,214.7586
68.82244,213.8393
68.83245,213.8393
68.86431,213.59613
68.879486,213.59613
68.90219,213.73529
68.913055,213.73529
68.94671,213.18988
68.95992,213.18988
68.98263,213.09613
68.99264,213.09613
69.02273,212.59015
69.037605,212.59015
69.0615,212.42621
69.07213,212.42621
69.101006,212.03448
69.11074,212.03448
69.14151,212.0
69.151276,212.0
69.18221,212.12
69.19198,212.12
69.2217,210.76086
69.23161,210.76086
69.26245,210.28333
69.272316,210.28333
69.303345,209.94739
69.31363,209.94739
69.34282,209.57776
69.35256,209.57776
69.38167,209.05359
69.39143,209.05359
69.42194,209.95654
69.43166,209.95654
69.46152,209.16437
69.47136,209.16437
69.50136,207.75
69.51146,207.75
69.541695,208.44305
69.55194,208.44305
69.584274,208.42621
69.59769,208.42621
69.62091,208.02856
69.63228,208.02856
69.66155,208.16669
69.6717,208.16669
69.70258,207.76318
69.71531,207.76318
69.74215,207.2857
69.75216,207.2857
69.781624,207.39655
69.791504,207.39655
69.82233,206.68182
69.83562,206.68182
69.86136,206.45001
69.87164,206.45001
69.90186,206.22223
69.912056,206.22223
69.94261,206.20367
69.9524,206.20367
69.98171,205.90002
69.991486,205.90002
70.02167,206.35999
70.03142,206.35999
70.06133,206.06122
70.07192,206.06122
70.102356,206.29999
70.11304,206.29999
70.14387,205.9143
70.15764,205.9143
70.18335,205.79309
70.19416,205.79309
70.22247,206.01697
70.23247,206.01697
70.26157,206.28333
70.27192,206.28333
70.30105,206.15997
70.31092,206.15997
70.34274,206.29169
70.35423,206.29169
70.3828,205.40479
70.392845,205.40479
70.421524,204.85962
70.43132,204.85962
70.46096,205.26154
70.4708,205.26154
70.50167,205.2727
70.51168,205.2727
70.5418,205.06665
70.552025,205.06665
70.582756,204.98114
70.59277,204.98114
70.6217,204.72546
70.63157,204.72546
70.661644,205.51923
70.67195,205.51923
70.701294,204.95557
70.711555,204.95557
70.74193,204.79224
70.75213,204.79224
70.78146,204.79999
70.79127,204.79999
70.82222,204.32355
70.83222,204.32355
70.86149,204.32306
70.871796,204.32306
70.88,204.32306
70.88,204.32306