0.24659228,245.20001
0.25815582,245.20001
0.27332693,245.20001
0.29675832,245.20001
0.30775493,245.20001
0.32946914,246.83331
0.34584716,246.83331
0.36058143,246.83331
0.3786752,253.0
0.39483848,253.0
0.4126171,253.0
0.42867172,253.0
0.44486943,252.2857
0.46272027,252.2857
0.4773049,252.2857
0.49692616,252.2857
0.5114129,252.2857
0.52921855,254.33331
0.546358,254.33331
0.56141573,254.33331
0.5793559,254.33331
0.5948006,254.33331
0.61347777,255.75
0.6283247,255.75
0.6444248,255.0
0.6624134,255.0
0.6781588,255.0
0.6963393,252.09088
0.7112801,252.09088
0.7292442,252.09088
0.74626875,252.09088
0.7613147,252.09088
0.78012097,253.18182
0.7951442,253.18182
0.8127303,253.18182
0.8275356,253.18182
0.843687,254.125
0.86339474,254.125
0.87777025,254.125
0.89662486,254.125
0.9122097,254.125
0.9286454,253.59998
0.94500923,253.59998
0.96185714,253.59998
0.97900546,253.59998
0.99575156,253.59998
1.0126668,250.79999
1.0270894,250.79999
1.0443236,249.5
1.062504,249.5
1.0777813,249.5
1.0958717,249.5
1.1110511,249.5
1.1302904,248.57141
1.143903,248.57141
1.1605546,248.57141
1.1796705,250.0
1.1946465,250.0
1.2125462,250.0
1.2273482,250.0
1.2478108,248.44446
1.2620912,248.44446
1.2773626,248.44446
1.2964847,249.14288
1.3123109,249.14288
1.3288531,250.77777
1.34535,250.77777
1.3614478,250.77777
1.3794557,250.77777
1.3943517,250.77777
1.4135034,249.57141
1.4275131,249.57141
1.4443088,249.57141
1.4626833,249.57141
1.477729,249.57141
1.496624,250.0
1.5117642,250.0
1.5280962,250.0
1.5449685,250.0
1.5608895,250.0
1.5796347,251.59998
1.5958457,251.59998
1.6132802,251.59998
1.6288292,251.59998
1.6460979,252.0
1.6622322,252.0
1.6790822,252.0
1.6969697,252.0
1.7107902,252.0
1.7281678,252.0
1.7445211,252.0
1.7614603,252.0
1.7793431,252.88892
1.7942665,252.88892
1.8124161,252.81818
1.8273772,252.81818
1.8439137,252.81818
1.8626235,252.81818
1.877351,252.81818
1.8955774,251.90002
1.9115733,251.90002
1.9285867,251.90002
1.9454851,251.90002
1.9619315,251.90002
1.9782841,253.5
1.9947699,253.5
2.0121105,252.33331
2.0278971,252.33331
2.0439565,253.42859
2.061685,253.42859
2.0775642,253.42859
2.0964546,253.42859
2.1113982,253.42859
2.1278052,253.14288
2.1463063,253.14288
2.1611516,253.14288
2.1799536,253.14288
2.195016,253.14288
2.2127173,254.64288
2.2274604,254.64288
2.2449064,254.64288
2.262264,254.64288
2.277276,254.64288
2.2956407,254.88892
2.3124306,254.88892
2.330737,254.88892
2.3452795,254.88892
2.3626351,254.88892
2.3794088,256.0
2.3951268,256.0
2.4165344,255.09998
2.4292,255.09998
2.4468043,254.08331
2.4617834,254.08331
2.4774895,254.08331
2.4958825,254.08331
2.5109751,254.08331
2.5272899,253.90912
2.5446196,253.90912
2.5610418,253.90912
2.5797048,253.125
2.5944052,253.125
2.6129448,251.875
2.6284986,251.875
2.6449652,251.25
2.6619978,251.25
2.6784432,251.25
2.695372,253.63635
2.7115595,253.63635
2.728816,255.40002
2.7454667,255.40002
2.760837,255.40002
2.7785656,257.0769
2.7946613,257.0769
2.8125017,258.0
2.8274713,258.0
2.8437266,259.8
2.8612247,259.8
2.8780398,259.8
2.8968282,259.54547
2.9110863,259.54547
2.9272819,257.59998
2.9447145,257.59998
2.9618776,257.59998
2.9798326,261.5
2.993927,261.5
3.0126565,259.22223
3.027495,259.22223
3.043843,259.625
3.0612235,259.625
3.078641,259.625
3.0955815,259.4286
3.1120825,259.4286
3.1280682,260.3
3.1464217,260.3
3.1612823,260.3
3.1789608,264.3333
3.1944273,264.3333
3.2130427,264.5714
3.2278402,264.5714
3.244389,258.5
3.2622046,258.5
3.2794352,258.5
3.296139,260.0
3.3108137,260.0
3.3288836,263.40002
3.3446295,263.40002
3.3609865,263.40002
3.3790693,264.1667
3.3951209,264.1667
3.4127798,264.125
3.4279895,264.125
3.445956,265.625
3.4619946,265.625
3.477943,265.625
3.4952497,267.40002
3.5115469,267.40002
3.5285063,266.81818
3.5461905,266.81818
3.5610354,266.81818
3.5789523,266.88892
3.5947852,266.88892
3.611791,267.5
3.6287215,267.5
3.6459322,266.9286
3.661602,266.9286
3.6777515,266.9286
3.6957946,267.8333
3.711793,267.8333
3.7269619,268.90002
3.7467182,268.90002
3.7621117,268.90002
3.7800567,269.09088
3.796026,269.09088
3.8119512,270.5
3.8276544,270.5
3.8439298,271.7143
3.8624444,271.7143
3.8776236,271.7143
3.895542,269.90912
3.910606,269.90912
3.929738,270.69232
3.9437244,270.69232
3.9608192,270.69232
3.979559,270.625
3.9945426,270.625
4.012653,272.2
4.028702,272.2
4.0436487,273.14288
4.061138,273.14288
4.0779915,273.14288
4.0951037,271.73334
4.11151,271.73334
4.1282873,272.5714
4.145416,272.5714
4.1611443,272.5714
4.178985,272.2
4.195224,272.2
4.21241,272.8
4.2282505,272.8
4.24475,271.5833
4.2625794,271.5833
4.27783,271.5833
4.2952285,271.22223
4.310664,271.22223
4.328109,271.22223
4.345544,271.22223
4.360772,271.22223
4.3796015,271.1667
4.394767,271.1667
4.4135785,272.5833
4.42773,272.5833
4.4439287,271.36365
4.462769,271.36365
4.47693,271.36365
4.4968395,270.90002
4.5107603,270.90002
4.531656,273.0
4.543831,273.0
4.5609007,273.0
4.5797257,273.25
4.5947356,273.25
4.61244,275.2857
4.628494,275.2857
4.6436143,275.2857
4.6621556,275.2857
4.677948,275.2857
4.6971507,275.0
4.71168,275.0
4.735393,275.0
4.7448964,275.0
4.761138,275.0
4.7784824,275.5
4.795526,275.5
4.8129916,275.5
4.8282404,275.5
4.8459096,276.9375
4.8623443,276.9375
4.8792562,276.9375
4.8963065,276.17645
4.9115114,276.17645
4.9284587,276.45453
4.9448094,276.45453
4.9626064,276.45453
4.9802785,276.45453
4.994886,276.45453
5.0126204,274.8333
5.0283356,274.8333
5.044374,275.5714
5.0621805,275.5714
5.078344,275.5714
5.097183,275.0
5.111302,275.0
5.133846,275.0
5.146423,275.0
5.1614876,275.0
5.1793227,275.0
5.195118,275.0
5.2121387,277.7143
5.2282643,277.7143
5.2445726,278.0
5.2622185,278.0
5.277322,278.0
5.295756,277.90002
5.312268,277.90002
5.3302145,274.75
5.3444796,274.75
5.361033,274.75
5.380236,276.55554
5.395241,276.55554
5.4124174,277.40002
5.4282136,277.40002
5.4449587,277.4286
5.4625406,277.4286
5.4778547,277.4286
5.494923,278.4286
5.511613,278.4286
5.530294,276.75
5.544454,276.75
5.561078,276.75
5.5800996,277.6667
5.594445,277.6667
5.6133833,277.6667
5.6285396,277.6667
5.6443863,274.44446
5.661529,274.44446
5.678412,274.44446
5.69548,274.44446
5.712434,274.44446
5.729963,276.4286
5.74413,276.4286
5.7605147,276.4286
5.7792306,274.7273
5.7953005,274.7273
5.8124623,275.625
5.828474,275.625
5.8459754,275.625
5.8625793,275.625
5.879604,275.625
5.8965077,274.5
5.9118605,274.5
5.9285626,270.25
5.944829,270.25
5.9626026,270.25
5.980389,271.25
5.996047,271.25
6.0134206,276.1667
6.0281076,276.1667
6.0444093,276.1667
6.0631013,276.1667
6.077279,276.1667
6.0970955,276.125
6.111305,276.125
6.128985,275.8333
6.1452155,275.8333
6.1614747,275.8333
6.1793995,273.88892
6.1948657,273.88892
6.213025,274.55554
6.2280054,274.55554
6.2460938,274.125
6.2612057,274.125
6.277894,274.125
6.295848,272.4286
6.312011,272.4286
6.327135,274.3333
6.34604,274.3333
6.3604507,274.3333
6.379326,273.25
6.3954353,273.25
6.413201,271.2
6.4276457,271.2
6.444932,271.0
6.462744,271.0
6.4779515,271.0
6.4967117,271.0
6.511642,271.0
6.530211,273.0
6.545553,273.0
6.561282,273.0
6.579246,275.6667
6.5950346,275.6667
6.6120887,270.7143
6.628115,270.7143
6.6443377,270.0
6.661913,270.0
6.6769686,270.0
6.6970706,269.22223
6.711177,269.22223
6.7287188,269.22223
6.7450714,269.22223
6.762402,269.22223
6.779295,267.8333
6.7952623,267.8333
6.812334,267.8333
6.827647,267.8333
6.844211,270.0
6.8608932,270.0
6.8771696,270.0
6.8962164,273.4286
6.910018,273.4286
6.928379,273.3333
6.94465,273.3333
6.9620934,273.3333
6.979101,274.0
6.9939294,274.0
7.0129333,272.7143
7.026838,272.7143
7.0440464,272.7143
7.061701,272.7143
7.078051,272.7143
7.0953836,272.7143
7.11132,272.7143
7.1305494,268.2
7.1439447,268.2
7.161697,268.2
7.1790357,264.3333
7.1943245,264.3333
7.2119164,264.3333
7.2280097,264.3333
7.2449546,271.25
7.262045,271.25
7.277526,271.25
7.2965283,271.6667
7.3106465,271.6667
7.33002,267.1667
7.344719,267.1667
7.3616056,267.1667
7.3795385,267.5714
7.395133,267.5714
7.4122863,269.90912
7.428232,269.90912
7.444875,269.90912
7.4627376,269.90912
7.4783173,269.90912
7.498036,269.0
7.5110416,269.0
7.5284095,271.0
7.546648,271.0
7.561143,271.0
7.579303,266.9167
7.594906,266.9167
7.6128435,271.375
7.628941,271.375
7.645753,270.59998
7.6620436,270.59998
7.67828,270.59998
7.6973414,270.59998
7.711426,270.59998
7.7305107,271.6667
7.7446394,271.6667
7.7616878,271.6667
7.780486,271.6667
7.7946925,271.6667
7.8127875,270.59998
7.827817,270.59998
7.844881,270.59998
7.8628507,270.59998
7.876958,270.59998
7.89631,270.3333
7.910836,270.3333
7.9274874,270.3333
7.9447546,270.3333
7.9627266,270.3333
7.97939,268.22223
7.9956975,268.22223
8.012694,269.3333
8.028702,269.3333
8.044785,272.0
8.062478,272.0
8.077722,272.0
8.095717,271.0
8.111868,271.0
8.1290045,269.6667
8.146509,269.6667
8.161916,269.6667
8.17971,269.6667
8.193597,269.6667
8.211996,269.40002
8.227742,269.40002
8.244678,269.3
8.262569,269.3
8.277841,269.3
8.2954035,267.90002
8.310995,267.90002
8.328498,267.90002
8.345317,267.90002
8.361241,267.90002
8.379363,270.45453
8.395346,270.45453
8.413019,270.45453
8.428162,270.45453
8.446071,269.0
8.463047,269.0
8.477776,269.0
8.495848,269.0
8.511275,269.0
8.528961,268.45453
8.54541,268.45453
8.560761,268.45453
8.579694,271.44446
8.59467,271.44446
8.6129265,270.88892
8.628011,270.88892
8.645968,270.8
8.662802,270.8
8.677296,270.8
8.696409,270.0
8.71086,270.0
8.728632,270.40002
8.7442255,270.40002
8.761019,270.40002
8.779683,270.2
8.793908,270.2
8.812553,269.0
8.82769,269.0
8.844851,266.85712
8.862626,266.85712
8.879365,266.85712
8.896373,265.6875
8.911509,265.6875
8.942364,269.5
8.953642,269.5
8.970092,262.0
8.984991,262.0
9.00202,262.0
9.020717,268.0
9.034647,268.0
9.053147,265.75
9.067743,265.75
9.086413,263.40002
9.102163,263.40002
9.1184845,263.40002
9.135783,263.9167
9.151577,263.9167
9.16782,265.85712
9.185056,265.85712
9.20273,265.85712
9.219623,264.0
9.23464,264.0
9.2525835,261.4167
9.268304,261.4167
9.284939,261.25
9.302593,261.25
9.317877,261.25
9.334928,261.73334
9.35084,261.73334
9.369228,262.23077
9.386479,262.23077
9.402213,262.23077
9.419951,260.6667
9.434325,260.6667
9.453086,262.0
9.469345,262.0
9.485829,259.0833
9.502135,259.0833
9.518,259.0833
9.53648,258.93335
9.550596,258.93335
9.56803,259.90912
9.585863,259.90912
9.60277,259.90912
9.619476,258.0833
9.635769,258.0833
9.65348,258.55554
9.667696,258.55554
9.686595,259.14288
9.702249,259.14288
9.718297,259.14288
9.736825,256.81818
9.752418,256.81818
9.768686,256.81818
9.787034,256.81818
9.801115,256.81818
9.819679,257.2353
9.835311,257.2353
9.853106,256.4167
9.868165,256.4167
9.884394,257.6667
9.903327,257.6667
9.917145,257.6667
9.935976,254.66669
9.952758,254.66669
9.968755,253.5
9.986374,253.5
10.007912,253.5
10.020434,251.64288
10.035336,251.64288
10.060081,251.46667
10.07047,251.46667
10.085005,251.46667
10.103458,251.46667
10.118953,251.46667
10.13681,251.92859
10.151668,251.92859
10.170658,253.08331
10.184795,253.08331
10.202036,253.08331
10.221014,254.75
10.234815,254.75
10.252924,254.64288
10.268379,254.64288
10.285952,253.76923
10.304149,253.76923
10.31828,253.76923
10.337857,254.125
10.352337,254.125
10.370491,252.11108
10.386505,252.11108
10.402727,252.11108
10.420195,251.9231
10.43584,251.9231
10.454005,253.7273
10.469291,253.7273
10.48724,252.44446
10.503363,252.44446
10.520008,252.44446
10.535936,250.63635
10.552882,250.63635
10.570823,251.0
10.586052,251.0
10.60292,251.0
10.619827,249.66669
10.636076,249.66669
10.65852,252.41669
10.670793,252.41669
10.689721,251.88892
10.704494,251.88892
10.720281,251.88892
10.737485,251.7273
10.753162,251.7273
10.768585,251.7273
10.787831,251.7273
10.802145,251.7273
10.820029,249.85712
10.835732,249.85712
10.853068,250.70001
10.868083,250.70001
10.885893,250.70001
10.903579,250.70001
10.918445,250.70001
10.936462,251.14288
10.952174,251.14288
10.969623,251.14288
10.984997,251.14288
11.002763,251.14288
11.020701,253.0
11.035621,253.0
11.0546,252.0
11.069527,252.0
11.08637,252.0
11.1030855,252.0
11.119508,252.0
11.137238,252.5
11.152128,252.5
11.172802,248.81818
11.186198,248.81818
11.202415,248.81818
11.220923,247.75
11.236582,247.75
11.254063,245.42859
11.269977,245.42859
11.286827,245.42859
11.303512,245.42859
11.3194475,245.42859
11.337466,245.0
11.3521185,245.0
11.369608,244.18182
11.384638,244.18182
11.401546,244.18182
11.419896,249.36365
11.435466,249.36365
11.452487,249.36365
11.469539,249.36365
11.486343,248.42859
11.502492,248.42859
11.518489,248.42859
11.537448,248.66669
11.552472,248.66669
11.570312,248.66669
11.585552,248.66669
11.601545,248.66669
11.621378,248.66669
11.6347885,248.66669
11.654618,251.11108
11.669677,251.11108
11.686306,251.11108
11.703656,251.11108
11.719659,251.11108
11.737253,251.25
11.751796,251.25
11.770216,251.25
11.785683,251.25
11.802728,251.25
11.821504,249.75
11.83669,249.75
11.854362,250.125
11.87049,250.125
11.886951,253.0
11.903464,253.0
11.91962,253.0
11.93676,253.0
11.952313,253.0
11.970058,253.0
11.98667,253.0
12.001722,253.0
12.01936,249.84613
12.035651,249.84613
12.0526495,249.20001
12.068715,249.20001
12.086623,249.20001
12.102412,249.20001
12.120606,249.20001
12.13633,249.20001
12.15201,249.20001
12.168633,249.20001
12.187179,249.20001
12.2033615,248.8125
12.221149,248.8125
12.237359,248.8125
12.254153,248.8125
12.270111,248.8125
12.28761,248.8125
12.303994,248.8125
12.320021,248.8125
12.339826,248.8125
12.35397,248.8125
12.370945,251.7143
12.386787,251.7143
12.403957,251.0
12.420687,251.0
12.436795,251.0
12.45457,251.7143
12.4707775,251.7143
12.486247,251.40002
12.503357,251.40002
12.518241,251.40002
12.536142,251.83331
12.553226,251.83331
12.570881,251.875
12.585739,251.875
12.602828,251.83331
12.620791,251.83331
12.63653,251.83331
12.654322,251.83331
12.669407,251.83331
12.686562,252.33331
12.703455,252.33331
12.720038,252.33331
12.737051,252.0
12.753233,252.0
12.770707,252.25
12.785991,252.25
12.802242,252.25
12.82012,252.25
12.836231,252.25
12.853313,251.0
12.868815,251.0
12.886078,251.0
12.903185,251.0
12.919011,251.0
12.937197,253.0
12.951979,253.0
12.968435,253.0
12.987194,253.0
13.00258,253.0
13.021131,251.0
13.035623,251.0
13.053619,250.83331
13.069688,250.83331
13.086257,252.0
13.102475,252.0
13.120322,252.0
13.136613,252.0
13.152997,252.0
13.169626,250.83331
13.185358,250.83331
13.202968,250.83331
13.220282,248.7143
13.235711,248.7143
13.254177,248.0
13.268741,248.0
13.285987,248.125
13.303602,248.125
13.318877,248.125
13.335781,246.5
13.352713,246.5
13.370119,247.57141
13.386894,247.57141
13.403983,249.16669
13.420762,249.16669
13.435727,249.16669
13.452795,249.16669
13.469837,249.16669
13.486466,246.5
13.503028,246.5
13.519936,246.5
13.536942,246.5
13.55323,246.5
13.570867,249.40002
13.584992,249.40002
13.602558,249.40002
13.621513,249.40002
13.636509,249.40002
13.65342,249.40002
13.669559,249.40002
13.686004,249.79999
13.703745,249.79999
13.719908,249.79999
13.736894,249.33331
13.752618,249.33331
13.769956,248.5
13.785894,248.5
13.803034,253.5
13.821088,253.5
13.836253,253.5
13.854017,253.5
13.868885,253.5
13.886602,253.33331
13.902866,253.33331
13.918825,253.33331
13.937109,253.33331
13.9525795,253.33331
13.970655,253.33331
13.985692,253.33331
14.002797,253.33331
14.020353,253.20001
14.035207,253.20001
14.053265,253.20001
14.068325,253.20001
14.085868,253.20001
14.103052,253.20001
14.11825,253.20001
14.137656,253.20001
14.152823,253.20001
14.171474,253.20001
14.184806,253.20001
14.202917,252.5
14.220585,252.5
14.235091,252.5
14.254941,252.5
14.26937,252.5
14.2859955,250.7143
14.304605,250.7143
14.319785,250.7143
14.337696,250.7143
14.352854,250.7143
14.370033,247.75
14.386982,247.75
14.4032755,247.75
14.420916,247.75
14.435311,247.75
14.453352,250.40002
14.469456,250.40002
14.487292,249.0
14.502996,249.0
14.519091,249.0
14.537877,248.79999
14.553342,248.79999
14.570547,248.79999
14.585092,248.79999
14.603385,248.79999
14.620694,247.14288
14.636644,247.14288
14.6534815,247.14288
14.6689205,247.14288
14.686441,248.33331
14.702922,248.33331
14.719845,248.33331
14.737237,244.75
14.752596,244.75
14.771628,253.5
14.786338,253.5
14.803204,253.5
14.818895,254.40002
14.835959,254.40002
14.853264,254.66669
14.868245,254.66669
14.886586,253.125
14.90313,253.125
14.919156,253.125
14.937228,254.625
14.952636,254.625
14.975042,255.66669
14.987845,255.66669
15.00375,254.88892
15.0211935,254.88892
15.035791,254.88892
15.053345,254.57141
15.06842,254.57141
15.086336,256.7
15.102759,256.7
15.119195,256.7
15.136469,256.5
15.152461,256.5
15.171116,257.8333
15.18538,257.8333
15.202059,257.8333
15.219785,258.7
15.236351,258.7
15.253533,259.0
15.269774,259.0
15.285991,260.11108
15.303449,260.11108
15.318454,260.11108
15.337804,257.2
15.352955,257.2
15.370067,259.0
15.386024,259.0
15.403289,260.61536
15.420912,260.61536
15.435094,260.61536
15.453753,260.44446
15.469959,260.44446
15.486483,265.0
15.502695,265.0
15.519866,265.0
15.536888,266.25
15.553291,266.25
15.570585,266.5
15.584899,266.5
15.603405,267.59998
15.620317,267.59998
15.636476,267.59998
15.652271,268.125
15.668823,268.125
15.6860075,268.875
15.703119,268.875
15.719519,268.875
15.736658,269.0
15.752653,269.0
15.771069,269.0
15.78528,269.0
15.803401,267.1667
15.820982,267.1667
15.834827,267.1667
15.854372,268.5625
15.869412,268.5625
15.886461,270.73334
15.902952,270.73334
15.918581,270.73334
15.936324,271.14288
15.951667,271.14288
15.96994,272.09088
15.985972,272.09088
16.002363,272.09088
16.020203,271.6667
16.036207,271.6667
16.052883,271.4167
16.069042,271.4167
16.085846,273.81818
16.10272,273.81818
16.119001,273.81818
16.136944,271.53333
16.15235,271.53333
16.168476,273.36365
16.186737,273.36365
16.202845,275.3333
16.220451,274.0833
16.2357,274.0833
16.252956,276.0
16.268818,276.0
16.284899,274.875
16.302643,274.875
16.319054,274.875
16.336884,276.93335
16.352074,276.93335
16.368498,273.75
16.38721,273.75
16.403513,273.75
16.4213,273.75
16.436333,273.75
16.454277,272.14288
16.469343,272.14288
16.48643,272.14288
16.502983,272.14288
16.51817,272.14288
16.537199,271.25
16.553173,271.25
16.569736,271.25
16.585161,271.25
16.602528,271.25
16.61959,274.0
16.63657,274.0
16.653551,276.75
16.669624,276.75
16.686077,280.5
16.703714,280.5
16.719913,280.5
16.736612,280.5
16.751396,280.5
16.770275,276.59998
16.786556,276.59998
16.80147,276.59998
16.820103,279.5
16.835445,279.5
16.853376,277.88892
16.868439,277.88892
16.886372,278.3333
16.90282,278.3333
16.920105,278.3333
16.937023,279.6667
16.95273,279.6667
16.970158,279.6667
16.986193,279.6667
17.003145,273.375
17.02074,273.375
17.034834,273.375
17.052664,274.25
17.068922,274.25
17.0861,276.75
17.102528,276.75
17.118696,276.75
17.13702,276.75
17.153051,276.75
17.16844,273.5
17.186724,273.5
17.202168,273.5
17.219767,269.2
17.235512,269.2
17.25297,277.5
17.268799,277.5
17.28789,277.5
17.304632,277.5
17.31896,277.5
17.336954,274.0
17.352224,274.0
17.370405,277.0
17.38665,277.0
17.40197,277.0
17.420856,277.59998
17.435965,277.59998
17.452974,276.59998
17.468025,276.59998
17.486263,279.6667
17.503258,279.6667
17.519197,279.6667
17.537304,278.85712
17.553322,278.85712
17.570662,274.40002
17.58531,274.40002
17.6022,274.40002
17.619396,274.40002
17.635996,274.40002
17.653414,280.0
17.66855,280.0
17.686071,273.46155
17.703194,273.46155
17.718199,273.46155
17.737398,275.2
17.752165,275.2
17.769333,274.4286
17.78671,274.4286
17.802988,274.4286
17.819578,272.7
17.835861,272.7
17.85274,272.7
17.869461,272.7
17.886253,274.9167
17.903513,274.9167
17.919369,274.9167
17.937048,272.2
17.95235,272.2
17.9715,275.2
17.985432,275.2
18.002588,275.2
18.020155,275.85712
18.035624,275.85712
18.053925,276.0
18.070555,276.0
18.08665,275.9167
18.103481,275.9167
18.118692,275.9167
18.136387,276.11108
18.152925,276.11108
18.17017,277.09998
18.186543,277.09998
18.203115,276.81818
18.219633,276.81818
18.234741,276.81818
18.252872,276.81818
18.26931,276.81818
18.2876,277.625
18.303022,277.625
18.318228,277.625
18.336077,277.625
18.352423,277.625
18.370571,277.2857
18.386526,277.2857
18.402754,277.2857
18.420156,277.2857
18.435524,277.2857
18.453886,277.38464
18.469934,277.38464
18.48603,277.38464
18.504423,277.38464
18.520004,277.38464
18.537601,277.36365
18.551573,277.36365
18.57007,277.36365
18.58648,277.36365
18.602505,277.36365
18.621181,275.875
18.636478,275.875
18.654003,275.875
18.66831,275.875
18.686665,275.5714
18.703882,275.5714
18.719564,275.5714
18.735836,273.8
18.75171,273.8
18.770485,277.4286
18.785658,277.4286
18.801561,277.4286
18.81982,277.4286
18.834843,277.4286
18.854013,277.3333
18.869614,277.3333
18.88676,274.77777
18.903019,274.77777
18.9197,274.77777
18.93728,275.88892
18.952549,275.88892
18.970518,275.5
18.984526,275.5
19.001478,275.5
19.021038,275.75
19.035473,275.75
19.053373,274.6667
19.068514,274.6667
19.086512,275.15387
19.102224,275.15387
19.118574,275.15387
19.13754,274.90912
19.151453,274.90912
19.169638,275.0
19.185114,275.0
19.208,275.0
19.221115,275.0
19.236101,275.0
19.25467,274.7857
19.268959,274.7857
19.286045,275.1667
19.304852,275.1667
19.319862,275.1667
19.337711,275.6667
19.352243,275.6667
19.370035,275.0833
19.386526,275.0833
19.403399,274.38464
19.420958,274.38464
19.436237,274.38464
19.45458,274.38464
19.47002,274.38464
19.486055,273.7
19.502794,273.7
19.519926,273.7
19.538036,274.0
19.553326,274.0
19.570414,274.1667
19.585249,274.1667
19.602793,274.1667
19.620825,274.2857
19.636806,274.2857
19.653835,273.0
19.669733,273.0
19.69617,272.38464
19.708569,272.38464
19.722025,272.38464
19.741034,273.90002
19.76866,273.90002
19.781555,273.90002
19.795317,273.90002
19.811497,273.875
19.827206,273.875
19.846079,273.875
19.861977,273.875
19.878576,273.875
19.895647,273.5
19.911133,273.5
19.92753,273.5
19.94522,273.5
19.961308,273.5
19.978312,273.4286
19.993916,273.4286
20.011944,272.3333
20.027613,272.3333
20.04418,271.75
20.06188,271.75
20.07781,271.75
20.096481,271.75
20.110851,271.75
20.130035,272.85712
20.144934,272.85712
20.16234,272.85712
20.178905,273.69232
20.194221,273.69232
20.21216,272.44446
20.227482,272.44446
20.245895,272.44446
20.261877,272.44446
20.277716,272.44446
20.296566,272.40002
20.311424,272.40002
20.33016,272.40002
20.345097,272.40002
20.360094,272.40002
20.380127,271.22223
20.394552,271.22223
20.41255,270.57892
20.429605,270.57892
20.443832,271.72223
20.463657,271.72223
20.476797,271.72223
20.49547,268.4286
20.511316,268.4286
20.527746,271.375
20.545502,271.375
20.560635,271.375
20.579414,270.59998
20.595093,270.59998
20.61261,268.69232
20.628883,268.69232
20.644968,267.13336
20.661556,267.13336
20.676712,267.13336
20.694765,267.2
20.711437,267.2
20.728048,267.14288
20.745918,267.14288
20.761354,267.14288
20.780077,266.5714
20.795246,266.5714
20.811695,265.84613
20.827396,265.84613
20.843498,264.4286
20.86146,264.4286
20.877459,264.4286
20.895506,264.4286
20.91141,264.4286
20.928764,266.77777
20.94518,266.77777
20.960485,266.77777
20.978409,264.81818
20.993885,264.81818
21.012037,263.59998
21.028618,263.59998
21.044544,262.05554
21.062307,262.05554
21.079088,262.05554
21.096884,262.05554
21.1122,262.05554
21.129183,260.7143
21.145536,260.7143
21.161005,260.7143
21.17964,260.2
21.194067,260.2
21.212742,259.7857
21.227976,259.7857
21.245068,260.53333
21.26181,260.53333
21.27726,260.53333
21.294886,260.6667
21.31136,260.6667
21.327213,259.0
21.345684,259.0
21.361065,259.0
21.380117,259.81818
21.394913,259.81818
21.412445,259.36365
21.427374,259.36365
21.4444,259.90002
21.461374,259.90002
21.477432,259.90002
21.49538,259.0
21.51071,259.0
21.528297,260.3333
21.54489,260.3333
21.561043,260.3333
21.578676,263.8
21.595053,263.8
21.611061,263.8
21.627209,263.8
21.645931,259.875
21.662058,259.875
21.67689,259.875
21.695414,259.2857
21.711302,259.2857
21.729963,260.81818
21.745071,260.81818
21.760267,260.81818
21.780123,260.81818
21.796154,260.81818
21.812128,259.0
21.829206,259.0
21.845097,259.0
21.861717,259.0
21.878494,259.0
21.89437,258.88892
21.911293,258.88892
21.929754,258.75
21.945585,258.75
21.960756,258.75
21.979904,259.375
21.995077,259.375
22.013206,260.14288
22.028118,260.14288
22.045038,256.3333
22.060646,256.3333
22.078268,256.3333
22.095366,257.54547
22.11192,257.54547
22.127974,256.7
22.145372,256.7
22.160387,256.7
22.17832,257.59998
22.195255,257.59998
22.212553,257.6667
22.227768,257.6667
22.245893,257.40002
22.262714,257.40002
22.27745,257.40002
22.29437,251.0
22.311548,251.0
22.328085,256.0
22.346056,256.0
22.361021,256.0
22.378216,255.44446
22.394062,255.44446
22.41276,255.75
22.426682,255.75
22.44425,255.75
22.462967,255.75
22.47733,255.75
22.496334,255.75
22.511944,255.75
22.52883,256.77777
22.54573,256.77777
22.561596,256.77777
22.579565,256.88892
22.594685,256.88892
22.612883,257.2857
22.627953,257.2857
22.645342,256.5
22.661839,256.5
22.677176,256.5
22.69611,256.81818
22.71087,256.81818
22.727413,254.83331
22.744566,254.83331
22.76092,254.83331
22.778988,253.0
22.79387,253.0
22.813284,253.0
22.828423,253.0
22.8459,252.25
22.862,252.25
22.87688,252.25
22.896406,252.25
22.910978,252.25
22.928028,253.625
22.945377,253.625
22.961906,253.625
22.978954,253.625
22.995096,253.625
23.012114,252.83331
23.028019,252.83331
23.046001,256.3333
23.060999,256.3333
23.077765,256.3333
23.094965,256.0
23.11209,256.0
23.14295,254.40002
23.156132,254.40002
23.169891,256.0
23.185837,256.0
23.202894,253.11108
23.220882,253.11108
23.235943,253.11108
23.254814,247.0
23.268755,247.0
23.286509,243.75
23.304129,243.75
23.319504,243.75
23.33741,250.75
23.351955,250.75
23.37056,250.75
23.385645,250.75
23.402338,250.75
23.42044,248.59998
23.435078,248.59998
23.452948,248.59998
23.468246,248.59998
23.486248,248.625
23.503784,248.625
23.51859,248.625
23.535898,248.625
23.553345,248.625
23.57031,252.5
23.585579,252.5
23.602165,252.5
23.620905,250.5
23.636698,250.5
23.652878,250.0
23.669203,250.0
23.686401,250.875
23.703072,250.875
23.718342,250.875
23.73628,247.0
23.752407,247.0
23.770212,247.0
23.786058,247.0
23.801975,247.0
23.819872,251.16669
23.83493,251.16669
23.852297,252.20001
23.868702,252.20001
23.88608,251.0
23.902596,251.0
23.919708,251.0
23.937265,251.0
23.951677,251.0
23.971275,255.66669
23.984928,255.66669
24.003622,252.20001
24.02023,252.20001
24.035915,252.20001
24.053617,251.59998
24.069382,251.59998
24.093071,250.20001
24.104948,250.20001
24.119118,250.20001
24.137056,249.25
24.152248,249.25
24.170467,249.33331
24.185608,249.33331
24.202717,249.33331
24.219393,252.66669
24.236923,252.66669
24.254698,248.59998
24.26951,248.59998
24.285988,253.25
24.304031,253.25
24.318079,253.25
24.336493,253.25
24.352392,253.25
24.370268,252.375
24.385738,252.375
24.402458,252.375
24.419765,252.375
24.434677,252.375
24.452967,252.375
24.46987,252.375
24.484974,252.375
24.502726,252.375
24.519539,252.375
24.535624,252.41669
24.551565,252.41669
24.57014,252.0
24.584988,252.0
24.602064,252.0
24.620028,251.625
24.634983,251.625
24.653135,251.75
24.668518,251.75
24.686878,252.54547
24.703506,252.54547
24.719925,252.54547
24.737267,252.54547
24.752436,252.54547
24.769623,251.23077
24.784916,251.23077
24.802416,251.23077
24.819664,251.23077
24.835884,251.23077
24.853104,248.55554
24.870222,248.55554
24.886786,248.55554
24.90226,248.55554
24.918623,248.55554
24.937445,249.5
24.951086,249.5
24.968609,249.5
24.98698,249.5
25.00237,249.5
25.019861,247.0
25.036121,247.0
25.05468,249.38464
25.068497,249.38464
25.086418,249.33331
25.102312,249.33331
25.118649,249.33331
25.136421,249.33331
25.151598,249.33331
25.16969,248.83331
25.184694,248.83331
25.202631,248.83331
25.21935,248.83331
25.235601,248.83331
25.252966,253.20001
25.267578,253.20001
25.284647,251.75
25.303263,251.75
25.31857,251.75
25.337357,251.90912
25.35181,251.90912
25.370007,250.54547
25.384867,250.54547
25.402546,250.54547
25.42051,253.375
25.435642,253.375
25.45263,251.59998
25.46946,251.59998
25.485863,251.59998
25.503372,251.59998
25.518476,251.59998
25.53655,251.59998
25.551487,251.59998
25.570112,251.58331
25.58502,251.58331
25.602644,251.58331
25.62066,251.58331
25.634558,251.58331
25.653526,251.45453
25.6686,251.45453
25.685892,251.45453
25.703445,251.45453
25.719572,251.45453
25.736477,250.5
25.751461,250.5
25.770462,250.5
25.78572,250.5
25.802818,250.5
25.820477,249.41174
25.834658,249.41174
25.853708,249.41174
25.868639,249.41174
25.884773,249.41174
25.902857,249.41174
25.919163,249.41174
25.936836,249.41174
25.952229,249.41174
25.968658,249.72223
25.985825,249.72223
26.002357,249.72223
26.019846,250.29413
26.035435,250.29413
26.053009,250.25
26.068151,250.25
26.085777,250.25
26.103779,250.25
26.119589,250.25
26.137238,251.5
26.151777,251.5
26.170067,251.13336
26.18515,251.13336
26.202131,251.13336
26.219706,250.92859
26.235138,250.92859
26.254124,251.0
26.268068,251.0
26.285734,249.20001
26.303848,249.20001
26.318977,249.20001
26.336897,249.20001
26.351885,249.20001
26.371035,251.66669
26.386353,251.66669
26.401007,251.66669
26.42062,253.16669
26.435373,253.16669
26.45313,250.61536
26.46931,250.61536
26.485985,249.81818
26.503178,249.81818
26.51915,249.81818
26.53619,249.63635
26.55235,249.63635
26.570314,253.0769
26.585854,253.0769
26.602734,253.0769
26.620108,254.42859
26.63609,254.42859
26.654907,254.55554
26.67023,254.55554
26.686829,252.875
26.703032,252.875
26.719109,252.875
26.73707,254.2143
26.752281,254.2143
26.77006,253.77777
26.785221,253.77777
26.802185,253.77777
26.8209,254.7143
26.83506,254.7143
26.854464,258.8
26.868282,258.8
26.887062,257.14288
26.902864,257.14288
26.918325,257.14288
26.937965,256.6667
26.951899,256.6667
26.970083,258.26666
26.986378,258.26666
27.002562,258.26666
27.020153,260.23077
27.035534,260.23077
27.053528,259.0769
27.069065,259.0769
27.086008,260.7857
27.103231,260.7857
27.118637,260.7857
27.135498,260.9375
27.15176,260.9375
27.170912,261.5714
27.186163,261.5714
27.20306,261.5714
27.219362,262.625
27.23646,262.625
27.25345,264.59998
27.269157,264.59998
27.285875,263.5833
27.302807,263.5833
27.31939,263.5833
27.3365,265.375
27.352102,265.375
27.369944,266.0
27.385607,266.0
27.40177,266.0
27.420658,267.1667
27.442804,267.1667
27.455729,266.45453
27.469957,266.45453
27.485823,269.2857
27.503017,269.2857
27.518839,269.2857
27.535479,268.59998
27.551949,268.59998
27.570717,264.8
27.585491,264.8
27.602436,264.8
27.62038,272.5
27.636648,272.5
27.653545,271.85712
27.669512,271.85712
27.686543,268.88892
27.70331,268.88892
27.719023,268.88892
27.737673,273.90002
27.752178,273.90002
27.769882,273.09088
27.785269,273.09088
27.801825,273.09088
27.819557,272.2353
27.836235,272.2353
27.853233,272.7857
27.86932,272.7857
27.887314,273.11108
27.903162,273.11108
27.918728,273.11108
27.937143,271.8
27.9518,271.8
27.970512,275.3333
27.985731,275.3333
28.003609,274.6875
28.020256,274.6875
28.035633,274.6875
28.05384,278.93335
28.069649,278.93335
28.084589,277.85712
28.10332,277.85712
28.119144,277.85712
28.13759,277.35712
28.151836,277.35712
28.170763,279.7647
28.18597,279.7647
28.2016,279.7647
28.220741,281.8
28.234652,281.8
28.252666,281.125
28.268621,281.125
28.288023,282.25
28.304497,282.25
28.319092,282.25
28.33686,282.25
28.351583,282.25
28.369774,282.3
28.38583,282.3
28.403269,282.3
28.42034,282.76923
28.436352,282.76923
28.452398,281.94116
28.469463,281.94116
28.486862,281.94116
28.503654,281.94116
28.51988,281.94116
28.53771,283.0
28.552826,283.0
28.57116,284.18182
28.586927,284.18182
28.602993,284.18182
28.619558,284.18182
28.63577,284.18182
28.653797,284.09998
28.66959,284.09998
28.686644,284.0
28.70399,284.0
28.718512,284.0
28.738398,284.0
28.752495,284.0
28.770653,283.5
28.78495,283.5
28.80164,283.5
28.82045,284.8
28.83564,284.8
28.852665,284.3
28.868565,284.3
28.885956,285.875
28.903406,285.875
28.918907,285.875
28.936754,283.59998
28.951746,283.59998
28.969763,285.5
28.984768,285.5
29.003126,282.8421
29.019384,282.8421
29.035593,282.8421
29.052729,283.6875
29.068583,283.6875
29.087378,284.85712
29.102476,284.85712
29.119482,284.85712
29.138042,284.85712
29.153423,284.85712
29.16886,286.14288
29.186043,286.14288
29.20286,284.625
29.220587,284.625
29.237192,284.625
29.254982,284.2
29.269081,284.2
29.285414,284.6667
29.303156,284.6667
29.319185,284.6667
29.33647,283.8333
29.352608,283.8333
29.370201,283.0
29.386395,283.0
29.40156,283.0
29.420374,284.90912
29.435862,284.90912
29.453178,282.7273
29.468445,282.7273
29.486845,282.7857
29.503302,282.7857
29.520002,282.7857
29.537056,282.5
29.554054,282.5
29.570019,284.7857
29.585968,284.7857
29.603361,285.90002
29.620232,285.90002
29.636408,285.90002
29.65312,285.7
29.668793,285.7
29.686419,286.3
29.703318,286.3
29.718487,286.3
29.73697,286.55554
29.752596,286.55554
29.770096,284.75
29.78624,284.75
29.802868,284.63635
29.820608,284.63635
29.835941,284.63635
29.853819,283.88892
29.86872,283.88892
29.886871,280.85712
29.902357,280.85712
29.919424,280.85712
29.937187,281.5
29.952946,281.5
29.970407,281.84613
29.98499,281.84613
30.002071,281.84613
30.019573,282.90002
30.035988,282.90002
30.053276,283.53845
30.06894,283.53845
30.085955,283.0714
30.103827,283.0714
30.12015,283.0714
30.137083,284.125
30.152044,284.125
30.1701,281.5714
30.185843,281.5714
30.202204,281.5714
30.22078,281.8333
30.235657,281.8333
30.254019,283.2
30.269043,283.2
30.286177,286.0
30.304527,286.0
30.318512,286.0
30.337795,281.25
30.352758,281.25
30.371523,281.0
30.38517,281.0
30.402296,281.0
30.41935,281.0
30.435595,281.0
30.453482,282.14288
30.469593,282.14288
30.486547,282.14288
30.502441,282.14288
30.519934,282.14288
30.536844,282.14288
30.552784,282.14288
30.570742,282.1667
30.585096,282.1667
30.60414,282.3333
30.620075,282.3333
30.63564,282.3333
30.654013,281.5714
30.669128,281.5714
30.686142,281.6667
30.703756,281.6667
30.718699,281.6667
30.736042,281.90002
30.752861,281.90002
30.770643,281.9286
30.786055,281.9286
30.804058,283.25
30.819868,283.25
30.835533,283.25
30.852573,281.59998
30.86873,281.59998
30.88726,278.6667
30.902367,278.6667
30.918509,278.6667
30.936531,281.0
30.951757,281.0
30.970951,277.8
30.985464,277.8
31.003283,277.8
31.021015,284.0
31.036366,284.0
31.052422,284.0
31.069462,284.0
31.086588,284.0
31.103157,284.0
31.118633,284.0
31.137491,284.0
31.152243,284.0
31.169683,284.0
31.185812,284.0
31.201984,284.0
31.220871,281.3333
31.23504,281.3333
31.257336,281.3333
31.27009,281.3333
31.287334,281.3333
31.303688,281.3333
31.31906,281.3333
31.336166,278.75
31.352612,278.75
31.370174,279.59998
31.386341,279.59998
31.40278,279.59998
31.4205,279.59998
31.43653,279.59998
31.453505,279.59998
31.468542,279.59998
31.48586,279.59998
31.50304,279.59998
31.51916,279.59998
31.538136,279.59998
31.554136,279.59998
31.570309,280.6667
31.587152,280.6667
31.603395,280.6667
31.620218,280.6667
31.635265,280.6667
31.65362,281.14288
31.669138,281.14288
31.686373,281.14288
31.702856,281.14288
31.719769,281.14288
31.735985,281.8
31.753248,281.8
31.770847,281.8
31.785952,281.8
31.802814,281.8
31.821493,281.0
31.836311,281.0
31.853453,281.0
31.869396,281.0
31.886143,280.90002
31.903267,280.90002
31.918724,280.90002
31.93638,280.90002
31.951908,280.90002
31.970818,280.90002
31.986095,280.90002
32.00302,280.46155
32.018997,280.46155
32.03513,280.46155
32.053062,281.55554
32.069527,281.55554
32.08714,281.55554
32.103592,281.55554
32.120174,281.55554
32.137814,281.0833
32.15252,281.0833
32.170113,281.0833
32.186222,281.0833
32.203465,281.0
32.221096,281.0
32.23615,281.0
32.2533,281.0
32.26937,281.0
32.286007,281.0
32.30527,281.0
32.31961,281.0
32.337437,280.5
32.352512,280.5
32.370583,281.4286
32.385773,281.4286
32.402958,281.4286
32.419678,281.4286
32.435837,281.4286
32.453556,279.59998
32.468685,279.59998
32.4859,279.3333
32.503822,279.3333
32.519897,279.3333
32.536938,281.6667
32.552933,281.6667
32.570564,281.6667
32.58514,281.6667
32.602535,281.6667
32.62029,280.55554
32.63574,280.55554
32.653225,278.5714
32.66933,278.5714
32.687477,277.5
32.703423,277.5
32.71839,277.5
32.736576,277.53333
32.75237,277.53333
32.77073,271.6667
32.784588,271.6667
32.802006,271.6667
32.82051,274.4286
32.83701,274.4286
32.85398,274.7143
32.86993,274.7143
32.887276,273.875
32.903862,273.875
32.918858,273.875
32.937176,275.4286
32.95325,275.4286
32.969006,274.8333
32.98686,274.8333
33.002968,276.75
33.02053,276.75
33.036392,276.75
33.05366,276.0
33.0697,276.0
33.087082,274.1667
33.10414,274.1667
33.120438,274.1667
33.13749,273.5
33.151566,273.5
33.169884,272.38464
33.18592,272.38464
33.202484,272.38464
33.221165,271.3333
33.23569,271.3333
33.253403,272.0
33.26875,272.0
33.28605,269.8
33.303642,269.8
33.31881,269.8
33.33703,264.0
33.352924,264.0
33.371723,273.0
33.385307,273.0
33.402912,271.5
33.421524,271.5
33.445267,271.5
33.457794,271.5
33.47168,271.5
33.488487,270.46155
33.50491,270.46155
33.520973,270.46155
33.53972,269.76923
33.55384,269.76923
33.57127,269.2857
33.58731,269.2857
33.604645,268.90912
33.623466,268.90912
33.638092,268.90912
33.655144,268.77777
33.671112,268.77777
33.689804,269.0
33.70494,269.0
33.72085,269.0
33.73863,267.76923
33.75442,267.76923
33.772312,266.7143
33.788418,266.7143
33.80404,270.75
33.821648,270.75
33.836975,270.75
33.85691,269.85712
33.87094,269.85712
33.887665,267.36365
33.905293,267.36365
33.921955,267.36365
33.939728,267.0
33.953537,267.0
33.972065,266.18182
33.98811,266.18182
34.005962,267.3333
34.020756,267.3333
34.037575,267.3333
34.055645,266.09088
34.071785,266.09088
34.088257,265.36365
34.10465,265.36365
34.121086,265.36365
34.13898,266.63635
34.155148,266.63635
34.171333,264.09088
34.188843,264.09088
34.204502,263.7
34.22195,263.7
34.237984,263.7
34.25672,264.44446
34.270905,264.44446
34.287376,262.55554
34.305134,262.55554
34.32124,262.55554
34.339203,263.3333
34.35443,263.3333
34.37333,264.35712
34.38889,264.35712
34.404675,261.86664
34.42134,261.86664
34.43664,261.86664
34.455738,262.23077
34.470947,262.23077
34.488037,261.09998
34.506077,261.09998
34.52029,261.09998
34.53834,261.40002
34.554188,261.40002
34.571323,261.81818
34.58888,261.81818
34.60497,261.35712
34.62205,261.35712
34.637684,261.35712
34.656487,261.1667
34.67211,261.1667
34.689293,259.81818
34.706272,259.81818
34.721966,259.81818
34.739944,259.81818
34.755505,259.81818
34.77229,260.55554
34.78858,260.55554
34.804585,260.55554
34.821884,260.55554
34.83787,260.55554
34.85465,258.9167
34.870995,258.9167
34.88825,259.2
34.904762,259.2
34.92074,259.2
34.939434,258.1667
34.95376,258.1667
34.97227,261.0833
34.988575,261.0833
35.004642,260.90912
35.022335,260.90912
35.037853,260.90912
35.056458,257.11108
35.070904,257.11108
35.08783,258.36365
35.10497,258.36365
35.12188,258.36365
35.13956,258.55554
35.154247,258.55554
35.172646,258.375
35.188053,258.375
35.205788,258.0
35.221573,258.0
35.238125,258.0
35.25619,259.4286
35.271152,259.4286
35.288563,261.5
35.305344,261.5
35.321102,261.5
35.339146,257.7273
35.354656,257.7273
35.372395,258.14288
35.38863,258.14288
35.40481,256.3333
35.42145,256.3333
35.43794,256.3333
35.45601,257.625
35.47106,257.625
35.48812,258.85712
35.50634,258.85712
35.5202,258.85712
35.538265,259.6667
35.554665,259.6667
35.573452,258.8333
35.588375,258.8333
35.60604,256.0
35.62225,256.0
35.638306,256.0
35.656406,255.20001
35.67116,255.20001
35.687397,255.20001
35.705326,255.20001
35.721264,255.20001
35.74016,255.42859
35.755432,255.42859
35.773155,256.0
35.787525,256.0
35.8046,255.55554
35.82229,255.55554
35.837082,255.55554
35.8556,255.55554
35.87158,255.55554
35.888416,252.57141
35.90463,252.57141
35.922226,252.57141
35.939972,254.0
35.954174,254.0
35.97138,253.9231
35.987583,253.9231
36.005928,254.0625
36.02258,254.0625
36.038292,254.0625
36.056145,252.7619
36.07134,252.7619
36.08879,252.52942
36.105118,252.52942
36.12074,252.52942
36.13949,251.59998
36.15431,251.59998
36.171776,251.90002
36.18801,251.90002
36.205994,253.29999
36.22081,253.29999
36.237682,253.29999
36.255672,254.125
36.271618,254.125
36.28825,253.5
36.30464,253.5
36.320797,253.5
36.340027,253.77777
36.354774,253.77777
36.373085,254.05884
36.388832,254.05884
36.404903,254.05884
36.4225,254.05884
36.438015,254.05884
36.45502,253.6875
36.470844,253.6875
36.495384,253.6875
36.506077,253.6875
36.52039,253.6875
36.540134,253.25
36.554157,253.25
36.570904,253.73334
36.58714,253.73334
36.60424,252.29413
36.621216,252.29413
36.637306,252.29413
36.656216,252.29413
36.67023,252.29413
36.687637,255.81818
36.704132,255.81818
36.720432,255.81818
36.74003,255.81818
36.755455,255.81818
36.77158,254.11108
36.788654,254.11108
36.80448,254.11108
36.822998,254.11108
36.83808,254.11108
36.854923,252.25
36.871376,252.25
36.890194,252.25
36.903816,252.25
36.921635,252.25
36.938477,251.53845
36.954433,251.53845
36.97279,251.61536
36.987923,251.61536
37.00624,256.125
37.021427,256.125
37.03748,256.125
37.054764,254.85712
37.07191,254.85712
37.088184,254.85712
37.104637,254.85712
37.122147,254.85712
37.139935,252.2727
37.154778,252.2727
37.172386,252.0
37.188606,252.0
37.20594,253.85712
37.221508,253.85712
37.238476,253.85712
37.2564,252.14288
37.271626,252.14288
37.28767,252.625
37.30514,252.625
37.320698,252.625
37.33769,253.58331
37.354168,253.58331
37.37209,252.2857
37.388702,252.2857
37.40511,250.91669
37.421646,250.91669
37.44613,251.70001
37.45854,251.70001
37.471912,251.70001
37.489902,253.5
37.50612,253.5
37.5217,253.5
37.539047,253.14288
37.555702,253.14288
37.573734,252.625
37.58794,252.625
37.606457,252.625
37.62309,252.625
37.638992,252.625
37.6558,251.88892
37.672485,251.88892
37.690308,251.88892
37.70532,251.88892
37.722637,251.88892
37.73963,251.36365
37.75574,251.36365
37.773643,251.36365
37.78844,251.36365
37.804916,252.42859
37.822594,252.42859
37.83778,252.42859
37.856678,252.42859
37.872353,252.42859
37.889946,251.11108
37.90538,251.11108
37.922436,251.11108
37.93908,251.11108
37.955555,251.11108
37.973648,252.42859
37.988594,252.42859
38.00708,250.5
38.022552,250.5
38.040062,250.5
38.057453,254.85712
38.07155,254.85712
38.08992,254.85712
38.106785,254.85712
38.122414,254.85712
38.140347,254.85712
38.15501,254.85712
38.17294,254.85712
38.187996,254.85712
38.205063,250.7273
38.22174,250.7273
38.238876,250.7273
38.2575,250.7273
38.2727,250.7273
38.288113,254.5
38.306427,254.5
38.321888,254.5
38.340103,254.63635
38.355843,254.63635
38.374157,253.875
38.38928,253.875
38.404945,250.0
38.42151,250.0
38.438206,250.0
38.458023,251.2857
38.471985,251.2857
38.48858,249.40002
38.506393,249.40002
38.52192,249.40002
38.541035,250.42859
38.555748,250.42859
38.572872,250.42859
38.587807,250.42859
38.60684,255.0
38.623287,255.0
38.639248,255.0
38.65741,255.20001
38.671978,255.20001
38.689793,257.59998
38.705215,257.59998
38.721237,257.59998
38.739426,256.0
38.755783,256.0
38.773293,252.9231
38.789494,252.9231
38.80621,253.2727
38.822617,253.2727
38.83899,253.2727
38.85819,254.11108
38.87331,254.11108
38.890736,255.52942
38.905163,255.52942
38.922268,255.52942
38.940914,255.66669
38.956345,255.66669
38.97319,259.0
38.989155,259.0
39.00616,258.36365
39.022243,258.36365
39.039352,258.36365
39.056923,260.375
39.07178,260.375
39.09041,259.25
39.10558,259.25
39.12294,259.09088
39.140877,259.09088
39.155495,259.09088
39.17285,264.14288
39.18876,264.14288
39.206,261.85712
39.22235,261.85712
39.238968,261.85712
39.257748,262.11768
39.27273,262.11768
39.289692,265.09998
39.305702,265.09998
39.32208,265.09998
39.340725,263.25
39.355007,263.25
39.373028,263.69232
39.388958,263.69232
39.406544,265.36365
39.422295,265.36365
39.438843,265.36365
39.462982,266.69232
39.47298,266.69232
39.490257,266.46667
39.505207,266.46667
39.522316,266.46667
39.540596,268.23077
39.555218,268.23077
39.57376,269.90002
39.588226,269.90002
39.605927,271.6667
39.62253,271.6667
39.6392,271.6667
39.65707,270.11768
39.671574,270.11768
39.69057,270.47058
39.70619,270.47058
39.72262,270.47058
39.740574,272.77777
39.75624,272.77777
39.7729,272.7273
39.789337,272.7273
39.80538,272.59998
39.822315,272.59998
39.838326,272.59998
39.856358,272.59998
39.87246,272.59998
39.88984,273.30768
39.906364,273.30768
39.922443,273.30768
39.940865,274.59998
39.955105,274.59998
39.973003,273.11108
39.98803,273.11108
40.00615,272.81818
40.022175,272.81818
40.039062,272.81818
40.057938,275.90002
40.073036,275.90002
40.089745,275.40002
40.10522,275.40002
40.122143,275.40002
40.139797,275.88892
40.155132,275.88892
40.17312,274.14288
40.189182,274.14288
40.206104,278.3
40.221737,278.3
40.238453,278.3
40.255157,277.2
40.27125,277.2
40.290764,278.45453
40.306892,278.45453
40.32169,278.45453
40.339725,279.2
40.355476,279.2
40.374084,277.8333
40.388477,277.8333
40.406036,278.0833
40.42323,278.0833
40.438354,278.0833
40.455578,279.90002
40.472523,279.90002
40.49056,279.90002
40.50548,279.90002
40.521564,279.90002
40.53907,279.90912
40.555763,279.90912
40.574337,281.09998
40.589165,281.09998
40.60685,279.75
40.62442,279.75
40.639263,279.75
40.65638,280.25
40.67251,280.25
40.690575,276.375
40.706047,276.375
40.722034,276.375
40.74073,276.375
40.75589,276.375
40.774364,277.90002
40.78939,277.90002
40.8049,278.9231
40.82278,278.9231
40.837986,278.9231
40.856915,278.40002
40.87215,278.40002
40.89044,277.8125
40.90644,277.8125
40.92373,276.11108
40.93926,276.11108
40.955532,276.11108
40.97353,276.11108
40.98976,276.11108
41.006,279.2
41.02257,279.2
41.038925,279.2
41.057602,279.3
41.073746,279.3
41.08989,281.3333
41.10697,281.3333
41.122456,281.3333
41.14099,275.7143
41.15518,275.7143
41.17276,278.5
41.189274,278.5
41.205933,278.5
41.222916,278.5
41.238495,278.5
41.255394,278.46667
41.27105,278.46667
41.289955,280.6667
41.306137,280.6667
41.32121,280.6667
41.339016,279.64288
41.355194,279.64288
41.373085,279.73334
41.388195,279.73334
41.40584,277.375
41.423714,277.375
41.437958,277.375
41.457104,277.375
41.470905,277.375
41.490078,276.22223
41.505318,276.22223
41.522316,276.22223
41.540203,276.22223
41.555336,276.22223
41.573246,278.0
41.5887,278.0
41.604862,278.0
41.623657,278.0
41.639706,278.0
41.65717,279.63635
41.672398,279.63635
41.689907,279.63635
41.70519,279.63635
41.72223,279.63635
41.739086,279.63635
41.75569,279.63635
41.77329,279.63635
41.78951,279.63635
41.80611,278.4167
41.82219,278.4167
41.839237,278.4167
41.858093,276.7
41.871353,276.7
41.890522,278.5
41.90599,278.5
41.922462,278.5
41.93946,276.09998
41.954727,276.09998
41.97364,278.0
41.987965,278.0
42.00706,279.7273
42.022785,279.7273
42.038486,279.7273
42.057377,279.6667
42.072422,279.6667
42.090466,279.59998
42.10543,279.59998
42.123158,279.5
42.1398,279.5
42.155437,279.5
42.172718,279.11108
42.188194,279.11108
42.206436,279.375
42.222992,279.375
42.23814,279.375
42.25661,279.375
42.272743,279.375
42.290066,278.9231
42.30601,278.9231
42.32203,278.9231
42.339394,278.9231
42.355118,278.9231
42.37322,278.3333
42.389378,278.3333
42.40666,278.7273
42.42318,278.7273
42.43842,278.7273
42.457375,276.6875
42.471813,276.6875
42.49053,276.6875
42.505436,276.6875
42.521484,276.6875
42.540085,277.14288
42.555546,277.14288
42.57343,277.15387
42.58875,277.15387
42.605076,278.13336
42.62384,278.13336
42.63899,278.13336
42.656116,278.13336
42.67262,278.13336
42.691216,277.9286
42.706783,277.9286
42.722088,277.9286
42.74076,277.9286
42.75466,277.9286
42.77342,278.0769
42.789375,278.0769
42.805866,278.0769
42.82325,278.0769
42.839302,278.0769
42.85709,277.7143
42.871906,277.7143
42.88986,277.7143
42.906193,277.7143
42.92234,277.7143
42.94008,277.7143
42.95537,277.7143
42.97434,277.7143
42.98903,277.7143
43.006016,277.2857
43.022217,277.2857
43.038357,277.2857
43.057354,276.84613
43.071297,276.84613
43.08991,278.0
43.10587,278.0
43.122326,278.0
43.14052,278.0
43.155716,278.0
43.172874,276.55554
43.18909,276.55554
43.206367,276.7273
43.223793,276.7273
43.238483,276.7273
43.25646,276.0
43.273247,276.0
43.290344,276.77777
43.30655,276.77777
43.321896,276.77777
43.339493,275.40002
43.354763,275.40002
43.37402,276.14288
43.38889,276.14288
43.40529,277.6667
43.42293,277.6667
43.438282,277.6667
43.4574,277.6667
43.47253,277.6667
43.49108,278.25
43.50529,278.25
43.521233,278.25
43.540085,278.25
43.555473,278.25
43.572777,274.5
43.587852,274.5
43.606,274.5
43.62449,274.5
43.638737,274.5
43.6566,270.0
43.672726,270.0
43.689957,270.0
43.706814,270.0
43.723217,273.75
43.74121,273.75
43.7547,273.75
43.77317,273.75
43.78852,273.75
43.806026,274.4167
43.82228,274.4167
43.83881,274.4167
43.855614,274.9286
43.8716,274.9286
43.89001,274.0
43.90546,274.0
43.922714,274.0
43.9392,273.875
43.955536,273.875
43.972683,274.75
43.988884,274.75
44.00635,272.7273
44.02238,272.7273
44.038704,272.7273
44.056522,274.44446
44.071636,274.44446
44.089813,273.5
44.104733,273.5
44.122105,273.5
44.141796,274.3
44.156124,274.3
44.174248,274.45453
44.19015,274.45453
44.20727,273.6667
44.22443,273.6667
44.23907,273.6667
44.25931,271.5
44.272903,271.5
44.297306,270.55554
44.306446,270.55554
44.32414,271.7273
44.34287,271.7273
44.35632,271.7273
44.374443,270.25
44.3904,270.25
44.412758,271.11108
44.424694,271.11108
44.44059,271.11108
44.45872,273.375
44.472973,273.375
44.49148,270.59998
44.50646,270.59998
44.522457,270.59998
44.540413,270.25
44.555454,270.25
44.57364,268.4286
44.58951,268.4286
44.60593,268.0
44.624622,268.0
44.639355,268.0
44.656593,267.59998
44.67241,267.59998
44.6919,270.6667
44.706253,270.6667
44.7244,269.3333
44.74006,269.3333
44.756485,269.3333
44.77361,265.11108
44.7897,265.11108
44.80657,264.90002
44.824596,264.90002
44.83937,264.90002
44.8575,262.75
44.872814,262.75
44.89136,263.75
44.90674,263.75
44.922768,263.75
44.941338,262.7857
44.955666,262.7857
44.97549,262.61536
44.990158,262.61536
45.00661,266.54547
45.02322,266.54547
45.040386,266.54547
45.060074,264.86664
45.07381,264.86664
45.096085,264.4737
45.106113,264.4737
45.123096,263.9167
45.14113,263.9167
45.156036,263.9167
45.17815,261.54547
45.191177,261.54547
45.206562,261.0625
45.223347,261.0625
45.23862,261.0625
45.25865,260.9375
45.27242,260.9375
45.29135,262.90912
45.30662,262.90912
45.32442,260.0833
45.341343,260.0833
45.356308,260.0833
45.37519,261.14288
45.39011,261.14288
45.406494,258.90912
45.423958,258.90912
45.439102,258.90912
45.457874,258.82355
45.471806,258.82355
45.49455,260.11108
45.50685,260.11108
45.52285,260.11108
45.541817,259.14288
45.556503,259.14288
45.57507,258.8333
45.58973,258.8333
45.606987,257.875
45.624443,257.875
45.638306,257.875
45.65738,256.90912
45.67225,256.90912
45.691372,258.54547
45.706295,258.54547
45.7233,258.0833
45.74209,258.0833
45.756115,258.0833
45.7739,256.8333
45.789948,256.8333
45.81204,256.90912
45.82488,256.90912
45.83939,256.90912
45.858253,255.88892
45.874126,255.88892
45.89165,253.41669
45.905827,253.41669
45.923214,254.20001
45.939438,254.20001
45.955837,254.20001
45.977543,253.625
45.989025,253.625
46.006405,255.0
46.024353,255.0
46.039593,255.0
46.05721,256.2
46.073658,256.2
46.09688,255.85712
46.10747,255.85712
46.124454,255.54547
46.141186,255.54547
46.156933,255.54547
46.17388,255.54547
46.188885,255.54547
46.20592,252.16669
46.22314,252.16669
46.23942,252.16669
46.257023,252.16669
46.27324,252.16669
46.2902,252.36365
46.30551,252.36365
46.322453,252.36365
46.34115,253.20001
46.35546,253.20001
46.374325,255.75
46.389256,255.75
46.406918,253.46667
46.42308,253.46667
46.440765,253.46667
46.457253,253.41174
46.472633,253.41174
46.490616,253.41174
46.50582,253.41174
46.523914,252.0
46.540493,252.0
46.55691,252.0
46.57382,253.46667
46.58943,253.46667
46.607117,253.2727
46.624958,253.2727
46.639767,253.2727
46.657017,253.7273
46.67296,253.7273
46.691746,253.7857
46.706947,253.7857
46.723064,254.18182
46.74077,254.18182
46.75615,254.18182
46.773186,253.90912
46.790195,253.90912
46.80594,253.90912
46.823288,253.90912
46.839233,253.90912
46.85707,253.07141
46.872204,253.07141
46.89073,251.33331
46.906387,251.33331
46.922455,251.33331
46.940353,253.33331
46.955444,253.33331
46.974594,252.57141
46.988888,252.57141
47.007484,251.59998
47.023525,251.59998
47.03977,251.59998
47.058506,251.29999
47.07291,251.29999
47.09071,252.11108
47.105907,252.11108
47.123386,252.11108
47.140095,252.11108
47.15578,252.11108
47.17276,253.875
47.189247,253.875
47.206554,253.875
47.224068,253.875
47.240063,253.875
47.257015,250.41669
47.272385,250.41669
47.2912,249.81818
47.305763,249.81818
47.322746,249.81818
47.341312,250.41669
47.35599,250.41669
47.373898,252.25
47.391426,252.25
47.40653,251.25
47.424313,251.25
47.4407,251.25
47.45831,251.25
47.47254,251.25
47.49121,252.42859
47.507584,252.42859
47.523518,252.42859
47.542023,252.42859
47.55646,252.42859
47.57354,248.83331
47.589523,248.83331
47.606846,254.66669
47.624424,254.66669
47.63961,254.66669
47.658405,250.79999
47.672558,250.79999
47.69021,250.70001
47.705364,250.70001
47.723938,250.70001
47.74141,250.63635
47.75633,250.63635
47.774456,250.63635
47.79052,250.63635
47.807384,250.70001
47.824,250.70001
47.839775,250.70001
47.8586,250.70001
47.873207,250.70001
47.891945,251.55554
47.90749,251.55554
47.92292,251.55554
47.941658,251.55554
47.956284,251.55554
47.9748,251.79999
47.989594,251.79999
48.00718,254.125
48.023632,254.125
48.039246,254.125
48.05748,254.0
48.07337,254.0
48.09014,254.0
48.105705,254.0
48.12353,254.125
48.140274,254.125
48.155487,254.125
48.17358,253.0
48.189114,253.0
48.206158,252.88892
48.22368,252.88892
48.23886,252.88892
48.257053,254.25
48.273342,254.25
48.291077,251.15387
48.30697,251.15387
48.323,251.15387
48.340313,251.58331
48.356136,251.58331
48.37341,251.375
48.38993,251.375
48.40673,251.375
48.424324,251.375
48.440754,251.375
48.4566,248.40002
48.472546,248.40002
48.489998,248.40002
48.507263,248.40002
48.52337,252.44446
48.541245,252.44446
48.556263,252.44446
48.573475,252.44446
48.58937,252.44446
48.60607,254.66669
48.624344,254.66669
48.640446,254.66669
48.657467,254.66669
48.673656,254.66669
48.691444,255.0
48.706562,255.0
48.723248,254.59998
48.741665,254.59998
48.75715,254.59998
48.773163,253.33331
48.789375,253.33331
48.806923,253.33331
48.824017,253.33331
48.83928,253.33331
48.856636,252.57141
48.874264,252.57141
48.891327,252.57141
48.905743,252.57141
48.93931,252.57141
48.952663,252.57141
48.966415,252.57141
48.98251,252.57141
48.9994,252.57141
49.016083,250.125
49.032505,250.125
49.049503,250.125
49.064705,250.125
49.08225,250.125
49.10087,250.125
49.114784,250.125
49.132954,251.0
49.14948,251.0
49.165485,249.53333
49.18303,249.53333
49.198288,249.53333
49.21703,249.53333
49.23166,249.53333
49.249985,252.26666
49.264877,252.26666
49.282177,252.26666
49.300476,250.94116
49.315174,250.94116
49.333973,252.90912
49.347942,252.90912
49.364574,254.88892
49.383316,254.88892
49.398502,254.88892
49.417473,253.09088
49.432632,253.09088
49.455467,253.61536
49.46877,253.61536
49.481205,253.61536
49.499714,254.90912
49.515026,254.90912
49.533142,254.79999
49.548027,254.79999
49.56577,253.59998
49.582664,253.59998
49.59789,253.59998
49.615993,253.59998
49.631725,253.59998
49.648163,255.40002
49.664803,255.40002
49.682514,255.40002
49.70022,255.25
49.71516,255.25
49.734543,252.91669
49.749683,252.91669
49.764603,252.91669
49.782963,252.91669
49.798237,252.91669
49.815205,252.75
49.832138,252.75
49.849567,252.75
49.864414,252.75
49.88181,252.75
49.89958,255.0
49.915558,255.0
49.93289,255.0
49.947803,255.0
49.965828,255.7143
49.982655,255.7143
49.99868,255.7143
50.01675,256.8
50.03064,256.8
50.04836,255.20001
50.066532,255.20001
50.08207,255.20001
50.09864,253.22223
50.114876,253.22223
50.131763,252.875
50.147854,252.875
50.165817,255.14288
50.183006,255.14288
50.198093,255.14288
50.215355,253.07141
50.23211,253.07141
50.250404,255.0
50.26552,255.0
50.282345,255.0
50.30007,254.70001
50.314224,254.70001
50.333164,257.2727
50.348568,257.2727
50.365852,256.8333
50.381905,256.8333
50.398834,256.8333
50.417946,257.3333
50.43244,257.3333
50.455425,257.1667
50.467888,257.1667
50.482624,257.1667
50.499523,257.54547
50.515476,257.54547
50.533775,260.0833
50.549026,260.0833
50.565975,260.11108
50.582577,260.11108
50.598118,260.11108
50.61645,262.8
50.632175,262.8
50.65032,261.3333
50.666187,261.3333
50.683186,262.6667
50.701035,262.6667
50.714733,262.6667
50.73336,265.0
50.74936,265.0
50.766,263.18182
50.782448,263.18182
50.798428,263.18182
50.817318,263.15387
50.832394,263.15387
50.848923,265.53845
50.866188,265.53845
50.88299,265.84613
50.900997,265.84613
50.91609,265.84613
50.93407,265.40002
50.94894,265.40002
50.966103,265.23077
50.98327,265.23077
50.999382,265.23077
51.01538,269.0833
51.03268,269.0833
51.04881,267.8
51.067177,267.8
51.081615,267.8
51.100338,268.86664
51.114624,268.86664
51.133434,271.0
51.147636,271.0
51.165855,271.2143
51.182087,271.2143
51.19855,271.2143
51.215527,271.53845
51.231503,271.53845
51.24794,271.53333
51.26684,271.53333
51.281006,271.53333
51.299232,271.86664
51.3153,271.86664
51.332367,272.59998
51.34877,272.59998
51.36602,273.0
51.381565,273.0
51.39921,273.0
51.418064,273.2
51.431652,273.2
51.449963,273.0
51.46517,273.0
51.48113,273.0
51.498974,273.7
51.515163,273.7
51.532406,273.7
51.548225,273.7
51.564636,273.5
51.582897,273.5
51.598335,273.5
51.616127,274.9231
51.6317,274.9231
51.649986,275.61536
51.66508,275.61536
51.682114,275.61536
51.70066,275.7273
51.715015,275.7273
51.73279,276.375
51.749355,276.375
51.76481,275.45453
51.782513,275.45453
51.79775,275.45453
51.81586,278.6667
51.83278,278.6667
51.84992,279.2
51.865837,279.2
51.882442,279.2
51.899216,279.22223
51.91616,279.22223
51.93339,280.09998
51.948563,280.09998
51.96612,280.77777
51.98296,280.77777
51.9982,280.77777
52.017117,281.5
52.031322,281.5
52.05015,280.4286
52.06424,280.4286
52.08285,280.4286
52.099472,280.4286
52.11459,280.4286
52.132954,280.375
52.149178,280.375
52.16677,280.375
52.18198,280.375
52.19847,280.375
52.217426,282.375
52.232285,282.375
52.249653,281.875
52.265343,281.875
52.281963,281.875
52.3007,283.2857
52.315662,283.2857
52.333908,284.0
52.3482,284.0
52.36602,282.25
52.38201,282.25
52.398235,282.25
52.416264,285.23077
52.4314,285.23077
52.455082,285.85712
52.46586,285.85712
52.481873,285.85712
52.499676,285.85712
52.51492,285.85712
52.53304,284.15387
52.549088,284.15387
52.565845,282.8
52.583,282.8
52.598373,282.8
52.61702,282.0
52.631443,282.0
52.650818,281.90002
52.66623,281.90002
52.681366,281.90002
52.70025,284.125
52.71437,284.125
52.7335,284.7273
52.747787,284.7273
52.76584,282.26666
52.78205,282.26666
52.799103,282.26666
52.816963,282.26666
52.832615,282.26666
52.84803,282.38464
52.865448,282.38464
52.88249,282.38464
52.89923,284.11108
52.916256,284.11108
52.933563,284.3333
52.94902,284.3333
52.966072,284.8333
52.98177,284.8333
52.99948,284.8333
53.015465,281.3333
53.0326,281.3333
53.04984,281.13336
53.06561,281.13336
53.08301,281.3333
53.099606,281.3333
53.115402,281.3333
53.13264,281.3333
53.148117,281.3333
53.165012,283.90002
53.183064,283.90002
53.19908,283.90002
53.21706,285.4286
53.232162,285.4286
53.251045,281.81818
53.265205,281.81818
53.282112,281.81818
53.29984,282.7857
53.31543,282.7857
53.33314,283.1667
53.348434,283.1667
53.36589,283.36365
53.38204,283.36365
53.399036,283.36365
53.4177,282.5625
53.43085,282.5625
53.44996,281.875
53.46496,281.875
53.48134,281.875
53.49877,281.0
53.51541,281.0
53.53342,281.0
53.549164,281.0
53.56444,281.0833
53.583157,281.0833
53.599182,281.0833
53.6169,281.0833
53.631115,281.0833
53.65021,280.9375
53.666214,280.9375
53.681595,280.9375
53.69894,283.7273
53.716076,283.7273
53.734226,281.05884
53.749485,281.05884
53.764957,281.05884
53.783554,281.05884
53.798862,281.05884
53.81801,280.77777
53.831722,280.77777
53.849926,280.375
53.865112,280.375
53.882137,280.375
53.90069,282.55554
53.914875,282.55554
53.93303,281.0
53.949303,281.0
53.96601,282.88892
53.98222,282.88892
53.99952,282.88892
54.017464,281.6667
54.032066,281.6667
54.049515,284.6667
54.064335,284.6667
54.082615,284.6667
54.098732,284.3333
54.11543,284.3333
54.133472,282.55554
54.147583,282.55554
54.166393,282.55554
54.182377,282.55554
54.19792,282.55554
54.21673,280.76923
54.232365,280.76923
54.25006,280.76923
54.264977,280.76923
54.281326,280.76923
54.30014,282.7273
54.314335,282.7273
54.33222,282.7273
54.34857,282.7273
54.366146,282.5833
54.382347,282.5833
54.398846,282.5833
54.415897,282.5833
54.431667,282.5833
54.45039,283.25
54.466454,283.25
54.481716,283.25
54.49963,283.25
54.51557,283.25
54.533318,282.53333
54.549564,282.53333
54.565926,282.5
54.581936,282.5
54.598984,282.5
54.61776,280.63635
54.632805,280.63635
54.64804,280.63635
54.666313,280.63635
54.68198,280.63635
54.700813,281.2727
54.716335,281.2727
54.733227,280.15387
54.748493,280.15387
54.766464,279.30768
54.782497,279.30768
54.799374,279.30768
54.81733,279.64288
54.83308,279.64288
54.849987,281.2727
54.86537,281.2727
54.881943,281.2727
54.900707,280.0833
54.915104,280.0833
54.934086,282.38464
54.948166,282.38464
54.96595,282.38464
54.981888,282.38464
54.998337,282.38464
55.015568,283.09088
55.032364,283.09088
55.04851,282.59998
55.065857,282.59998
55.082745,282.59998
55.099445,281.40002
55.115475,281.40002
55.13354,281.40002
55.148285,281.40002
55.16598,283.2
55.181953,283.2
55.198902,283.2
55.21757,283.2
55.231857,283.2
55.250076,283.1667
55.264847,283.1667
55.282158,283.1667
55.30092,283.1667
55.315136,283.1667
55.33224,283.5
55.34809,283.5
55.366528,283.5
55.382553,283.5
55.39855,283.5
55.416325,281.22223
55.43125,281.22223
55.450005,281.22223
55.466145,281.22223
55.481247,281.22223
55.49988,283.75
55.515045,283.75
55.53219,283.75
55.548546,283.75
55.564728,283.90912
55.583817,283.90912
55.59869,283.90912
55.61782,283.90912
55.631546,283.90912
55.648182,284.7273
55.665512,284.7273
55.682068,284.7273
55.700825,284.7273
55.71502,284.7273
55.73405,282.84613
55.74961,282.84613
55.76496,283.0
55.78362,283.0
55.79799,283.0
55.816666,284.22223
55.832794,284.22223
55.849934,284.22223
55.86572,284.22223
55.881832,284.22223
55.90061,284.88892
55.915913,284.88892
55.932854,284.88892
55.94862,284.88892
55.965973,282.9167
55.982353,282.9167
55.999134,282.9167
56.016094,282.75
56.03167,282.75
56.047962,283.53845
56.065453,283.53845
56.082542,283.53845
56.09832,283.53845
56.114506,283.53845
56.132454,282.75
56.14875,282.75
56.164536,282.75
56.181965,282.75
56.19886,282.75
56.216583,283.46155
56.231873,283.46155
56.250065,283.46155
56.26582,283.46155
56.28192,283.46155
56.30026,284.36365
56.315025,284.36365
56.332283,284.0
56.348755,284.0
56.36602,283.2727
56.38249,283.2727
56.399944,283.2727
56.415775,281.75
56.432423,281.75
56.4494,283.0
56.46665,283.0
56.481697,283.0
56.49991,283.0
56.516293,283.0
56.533257,283.0769
56.54937,283.0769
56.565483,282.7857
56.583755,282.7857
56.59792,282.7857
56.615967,282.63635
56.63101,282.63635
56.64998,283.2
56.66687,283.2
56.68116,283.2
56.69907,282.8
56.716305,282.8
56.734287,282.35712
56.749126,282.35712
56.764744,282.9167
56.78439,282.9167
56.79868,282.9167
56.81762,282.5714
56.83257,282.5714
56.849804,279.0
56.865448,279.0
56.881927,279.0
56.90081,280.06665
56.91478,280.06665
56.933456,279.5714
56.948982,279.5714
56.965916,280.5714
56.982433,280.5714
56.999683,280.5714
57.01733,277.9286
57.0317,277.9286
57.049538,276.9286
57.06442,276.9286
57.08312,276.8
57.100727,276.8
57.11446,276.8
57.13294,278.23077
57.149857,278.23077
57.166298,274.8
57.18266,274.8
57.19832,274.8
57.215332,275.6667
57.231544,275.6667
57.25061,274.46155
57.26595,274.46155
57.28216,274.46155
57.299057,274.0833
57.315094,274.0833
57.333015,273.5833
57.348343,273.5833
57.36449,274.09998
57.383156,274.09998
57.398468,274.09998
57.416443,275.0
57.432198,275.0
57.44974,275.0
57.4657,275.0
57.483192,273.40002
57.500423,273.40002
57.514835,273.40002
57.534355,273.40002
57.549397,273.40002
57.565502,273.14288
57.583073,273.14288
57.599026,273.14288
57.616238,273.9286
57.63208,273.9286
57.6502,273.18182
57.666267,273.18182
57.68224,273.18182
57.701115,272.90002
57.715416,272.90002
57.7335,272.40002
57.74842,272.40002
57.764816,271.85712
57.78434,271.85712
57.79926,271.85712
57.815376,273.30768
57.83301,273.30768
57.850197,271.88892
57.865463,271.88892
57.882736,271.88892
57.89935,272.3
57.91529,272.3
57.93375,272.2
57.94842,272.2
57.965866,273.85712
57.982002,273.85712
57.998123,273.85712
58.01671,269.88892
58.03192,269.88892
58.048412,269.0
58.06597,269.0
58.081318,269.0
58.099934,269.5
58.11546,269.5
58.13426,269.77777
58.14954,269.77777
58.166233,267.59998
58.18209,267.59998
58.198498,267.59998
58.21676,266.09998
58.23267,266.09998
58.249844,264.09998
58.265812,264.09998
58.282032,264.09998
58.298965,268.25
58.316242,268.25
58.334023,268.0
58.348232,268.0
58.366405,268.25
58.383026,268.25
58.399643,268.25
58.416378,266.40002
58.431576,266.40002
58.449696,266.3333
58.4666,266.3333
58.48241,266.3333
58.5004,266.25
58.51477,266.25
58.534172,268.2857
58.548943,268.2857
58.5659,266.8
58.58382,266.8
58.599277,266.8
58.615437,263.40002
58.63236,263.40002
58.650352,263.40002
58.665283,263.40002
58.682095,263.40002
58.699226,263.0
58.71562,263.0
58.734436,263.0
58.749233,263.0
58.766376,264.25
58.783936,264.25
58.79822,264.25
58.81623,266.7
58.83123,266.7
58.85,267.22223
58.86572,267.22223
58.882347,267.22223
58.900913,265.0
58.916126,265.0
58.932076,265.90912
58.949036,265.90912
58.96602,261.59998
58.982723,261.59998
58.997658,261.59998
59.015656,261.75
59.03199,261.75
59.04966,262.0
59.065563,262.0
59.082916,263.22223
59.099815,263.22223
59.114807,263.22223
59.132816,263.5
59.147835,263.5
59.165398,261.2727
59.183098,261.2727
59.198296,261.2727
59.215313,261.35712
59.231163,261.35712
59.249924,260.0
59.265945,260.0
59.28193,260.0
59.29886,259.2857
59.315765,259.2857
59.333897,260.5
59.348824,260.5
59.36603,260.2143
59.38253,260.2143
59.3976,260.2143
59.41601,258.0
59.431225,258.0
59.45069,264.3333
59.465107,264.3333
59.48162,264.3333
59.503075,259.7143
59.51507,259.7143
59.53507,259.7143
59.548737,259.7143
59.564953,259.93335
59.583622,259.93335
59.59868,259.93335
59.615757,259.13336
59.631737,259.13336
59.648468,258.8333
59.665768,258.8333
59.68255,258.8333
59.70199,258.1667
59.71568,258.1667
59.73429,260.8
59.74934,260.8
59.765987,259.0
59.783157,259.0
59.798183,259.0
59.81705,261.4286
59.831123,261.4286
59.849373,261.4286
59.86567,261.4286
59.881622,261.4286
59.899364,261.125
59.91601,261.125
59.932747,261.125
59.947918,261.125
59.966576,263.40002
59.98263,263.40002
59.997883,263.40002
60.015724,259.625
60.031956,259.625
60.04,259.625