0.3140998,0.0023223272404315686,0.0,10.0
0.3822134,0.0,0.06568068130052165,9.729245945086609
0.41507754,0.0018173010065688216,0.13320419234413283,9.46379053199723
0.44726813,0.007705684938262518,0.20252784496305792,9.203580385915526
0.5131065,0.017596606473200153,0.27360895098953975,8.948562132025183
0.54696935,0.031421520289503506,0.3464048222558026,8.698682395509863
0.5817808,0.049111881065291636,0.4208727705940833,8.453887801553241
0.64909166,0.07059914347869174,0.4969701078366122,8.214124975338992
0.68106925,0.09581476220781746,0.5746541458156261,7.979340542050791
0.71475405,0.124690191930796,0.6538821963633493,7.749481126872311
0.78139627,0.1571568873257437,0.7346115713120185,7.524493354987215
0.8157915,0.19314630307078506,0.8167995824938642,7.304323851579191
0.8480591,0.23258989384403914,0.9004035417411169,7.0889192418319
0.9475504,0.2754191143236304,0.9853807608860194,6.878226150929031
0.9809743,0.3215654191876753,1.0716885517607901,6.672191204054229
1.0487876,0.3709602631142954,1.1592842261976717,6.470761026391185
1.0808616,0.42353510078161544,1.2481250960288945,6.273882243123587
1.1137127,0.4792213868677543,1.3381684730866894,6.081501479435067
1.1823721,0.5379505760508339,1.4293716692032805,5.893565360509344
1.2151506,0.5996541230089731,1.521691996210917,5.710020511530048
1.2492112,0.6642634824202939,1.6150867659418169,5.530813557680883
1.3136787,0.7317101089629205,1.7095132902282169,5.355891124145526
1.3467771,0.8019254573149723,1.8049288809023538,5.185199836107613
1.3824694,0.8748409821545683,1.901290849796458,5.0186863187508495
1.4486369,0.95038813815983,1.9985565087427541,4.856297197258894
1.4799178,1.0284983800088823,2.0966831695734847,4.697979096815431
1.5150492,1.109103162379841,2.1956281441208803,4.54367864260412
1.6150007,1.1921339399508313,2.295348744217165,4.393342459808642
1.6469245,1.2775221673999715,2.3958022816945763,4.246917173612667
1.7140616,1.3651992994053839,2.49694606838535,4.104349409199875
1.7480812,1.4550967906451902,2.598737416121717,3.965585791753927
1.7811687,1.547146095797512,2.701133636735908,3.830572946458505
1.8476379,1.6412786695404686,2.8040920420601534,3.6992574984972766
1.8809355,1.7374259665521816,2.9075699439266893,3.571586073053917
1.9147898,1.8355194415107754,3.011524654167747,3.447505295312101
1.9820726,1.935490549094364,3.115913484615557,3.3269617904554964
2.0130188,2.0372707439810767,3.2206937471023496,3.2099021836677775
2.0479767,2.140791480849028,3.325822753460367,3.0962731001326267
2.1139095,2.2459842143763415,3.4312578155218283,2.986021165033705
2.1469207,2.3527803992411367,3.536956245118976,2.879093003554686
2.1823287,2.461111490121541,3.642875354084041,2.775435240879253
2.2799275,2.570908941695668,3.748972454249247,2.6749945021910655
2.3137999,2.6821042086416416,3.855204857446837,2.577717412673806
2.382094,2.794628745637584,3.961529875509042,2.483550597511142
2.4156284,2.908414007361614,4.067904820268086,2.3924406818867565
2.447256,3.0233914484918567,4.174287003556205,2.3043342909843085
2.5138526,3.139492523706428,4.280633737205637,2.2191780499874736
2.547063,3.2566486876834526,4.386902333048611,2.136918584079934
2.5826573,3.3747913951010493,4.493050102917359,2.057502518445357
2.646699,3.4938521006373424,4.599034358644111,1.9808764782674104
2.6811216,3.613762258970449,4.704812412061098,1.9069870887297762
2.7138922,3.734453324778496,4.810341575000561,1.8357809750161223
2.781197,3.855856752739596,4.915579159294721,1.7672047623101232
2.8155284,3.977903997531878,5.0204824767758245,1.7012050757954542
2.8475187,4.10052651383346,5.125008839276091,1.637728540655775
2.94708,4.223655756322461,5.229115558627756,1.5767217820747756
2.9817529,4.347223179677006,5.332759946663051,1.5181314252361235
3.0483646,4.471160238575213,5.435899315214213,1.4619040953234936
3.0798638,4.595398387695205,5.538490976113478,1.4079864175205459
3.112763,4.719869081715104,5.640492241193065,1.3563250170109629
3.1825986,4.844503775313028,5.741860422285216,1.3068665189784268
3.2143939,4.969233923167102,5.842552831222161,1.2595575486065902
3.247786,5.093990979955442,5.942526779836126,1.2143447310791429
3.3151162,5.218706400356172,6.041739579959352,1.1711746915797525
3.3480911,5.343311639047416,6.140148543424078,1.129994055292094
3.3812668,5.46773815070729,6.23771098206252,1.0907494473998345
3.448423,5.591917390013916,6.334384207706916,1.0533874930866418
3.4811938,5.715780811645419,6.430125532189501,1.0178548175362059
3.513228,5.839259870279916,6.524892267342501,0.9840980459321937
3.6151361,5.9622860205955295,6.618641724998159,0.9520638034582657
3.6465497,6.0847907172703835,6.711331216988705,0.9216987152981115
3.7140963,6.2067054149825935,6.802918055146362,0.8929494066353914
3.747437,6.327961568410283,6.8933595513033685,0.8657625026537948
3.7814891,6.448490632231575,6.982613017291961,0.8400846285369746
3.8472567,6.568224061124589,7.070635764944363,0.8158624094686131
3.8802829,6.687093309777625,7.157385106114248,0.7930424706601067
3.9139063,6.794794082721049,7.239933201544302,0.7664083545009142
3.981111,6.9018304978809875,7.320653407486297,0.7404764844558519
4.016103,7.009533096703136,7.399514526048113,0.7153190516033736
4.047216,7.116297025631975,7.4764661406404835,0.6907501255777159
4.114195,7.223185203044732,7.551471280127298,0.6667990766572642
4.147913,7.327276180028922,7.6244936224103075,0.6433924372405996
4.1817007,7.430709293014701,7.695498234361549,0.6191568858144345
4.2804236,7.53306502137187,7.7644622446825755,0.5956191239743437
4.313499,7.633357541756024,7.831362795096012,0.5727511006064362
4.381383,7.731498911084954,7.896156470457991,0.5499054686931064
4.413914,7.828148055721714,7.958790727309038,0.5281310136352867
4.4482985,7.927438450969808,8.019266569904891,0.5071806654643615
4.5144787,8.018804446943305,8.077553258337794,0.4852722622790606
4.54794,8.108402505050206,8.13362107918746,0.4642525605726526
4.58163,8.19554763282814,8.18744071181688,0.44414689814095765
4.6476684,8.283108651519838,8.238986056810257,0.4252137412893095
4.679737,8.37262632205115,8.28824344128158,0.4069909881450418
4.7143655,8.458497220860812,8.335209542728817,0.38951188625613964
4.7804823,8.545149849092546,8.379958186528487,0.37177244814531984
4.8156223,8.632634895668717,8.42237278055423,0.35488315319481745
4.848121,8.713518111758585,8.462453070418162,0.33855780078535014
4.9467263,8.793655387722671,8.50013809167123,0.3235117204006321
4.981357,8.869163571107354,8.535424166515034,0.308911082259189
5.048161,8.94715014992801,8.568298705097147,0.29494699499290034
5.0822783,9.015980438370926,8.598806918282651,0.2827447821374781
5.1140285,9.084250729239805,8.6269080850144,0.27075624247960933
5.1812286,9.1411733067512,8.652591022621847,0.25899408342923586
5.214497,9.198345822757675,8.67579589013666,0.24916842231592107
5.246417,9.249343436135128,8.696572038520873,0.23955910894381494
5.313887,9.294844579444606,8.714934414554564,0.22991758790926953
5.347683,9.341353503867275,8.730893989532865,0.22051095431705492
5.3818555,9.38386885345669,8.744463280960234,0.21118874194101275
5.4477057,9.42703605932995,8.755659467961397,0.2021641409573076
5.480217,9.465870213991494,8.76438986426649,0.1948365797912375
5.5141077,9.507142299886114,8.770714273789077,0.1875552812050674
5.616103,9.534618795129845,8.774686581993922,0.18013719686235505
5.647151,9.559178071320662,8.776257369282483,0.17290783266374338
5.7139416,9.585425021058956,8.775475866513549,0.1664486350509605
5.7478514,9.608049850091524,8.772359092085326,0.15986041711205554
5.7814717,9.626120319497502,8.766886071686432,0.1532767699189648
5.849696,9.643507624308972,8.759143594099518,0.14774708563518751
5.88074,9.662332300006936,8.749143406651214,0.14220087693554595
5.913729,9.671720104608838,8.736879074996034,0.13677321300180265
5.9822474,9.687967410909753,8.722409188902745,0.13071417281167802
6.015079,9.694835664919399,8.70578988585543,0.12477809376405086
6.0472274,9.702278494498138,8.687004458302503,0.11918743303164601
6.1132436,9.70670038149511,8.66611338899534,0.11297606706676311
6.1474094,9.70382566326032,8.643155470224906,0.10690677128226996
6.1814456,9.696925288286375,8.618190520704431,0.10125856729358096
6.2806168,9.68630887276631,8.591278064223967,0.09439283276716609
6.31376,9.670263160404378,8.562446709548896,0.0879913431646456
6.381579,9.652232361918994,8.531715469842206,0.08200885336544181
6.4152884,9.632952623119076,8.499157079114033,0.07447501298555946
6.4470277,9.610423889823101,8.464791967301826,0.06727386897113967
6.5145254,9.578992023588013,8.42865225764378,0.060689034946168986
6.547233,9.54929173224139,8.390856398387522,0.052723646225256764
6.5841975,9.51601669475201,8.351374332961274,0.045379049188646624
6.647913,9.47498936673815,8.31022957474237,0.038479605213142094
6.679906,9.43420577151239,8.26757459374707,0.031229089430396297
6.7141924,9.385128060372473,8.223348582844839,0.024591742938879044
6.7806334,9.339576494795113,8.177618282762284,0.01865586252823274
6.8142147,9.302332609085965,8.130512625659328,0.013301598341603448
6.84726,9.259140746683832,8.081988054272879,0.008671033806769606
6.947299,9.208936328702814,8.032107492680744,0.004798295110101103
6.9957085,9.160981324817627,7.980986327884669,0.0023405481710779726
7.0580773,9.114262106627551,7.928599672093665,0.000805762526944535
7.0913258,9.061899595794596,7.874986626174616,1.3429941780507739e-05
7.1260276,9.00694596202924,7.820250309377408,0.0
7.1908755,8.95102340965601,7.764365778986022,0.0008494367958167386
7.223466,8.896888679311777,7.707402787302958,0.0024926518123177684
7.259029,8.837570428299088,7.64934658731816,0.006082073926980127
7.3238106,8.781319605021677,7.59026934378244,0.010439168631258298
7.357053,8.722345294069786,7.5302292223667395,0.015605591104977317
7.3905034,8.659135184354804,7.469272632903524,0.021618222132157725
7.4579973,8.593159589129602,7.407415030506216,0.028460874861275916
7.491828,8.524466242271444,7.344693568910569,0.036171366611632894
7.5236955,8.455797761754766,7.280948388445286,0.045725400401509735
7.6245556,8.387794157231653,7.216347798639837,0.05874644359665146
7.658448,8.314713857305705,7.150971376095234,0.07199983241567738
7.7234898,8.234892589388881,7.084838629866957,0.08530631227352932
7.7564135,8.1619696639279,7.017810806076259,0.10345309220905186
7.7908144,8.087721479956096,6.950047351207784,0.12226500322847601
7.8588247,8.01033638762448,6.881506550964708,0.14203361690529237
7.8952026,7.9336213357217025,6.81217035945042,0.16286550088670826
7.923178,7.8533068213848045,6.742187899051162,0.18462412197069927
7.9908967,7.773250733489894,6.671662122915673,0.20736229018037117
8.023544,7.694519943097724,6.600538811212799,0.23119338154417324
8.057919,7.617897214235026,6.528988887437882,0.25597354985491405
8.124183,7.543710873501252,6.457022714226099,0.28164739640108544
8.1571865,7.461537231311811,6.384771694329845,0.3064586350286236
8.191097,7.377643440695385,6.312384158419299,0.33223364747756334
8.296808,7.297787610225716,6.239898647969794,0.35891826299613505
8.323622,7.218473848694045,6.167350582332938,0.38651228099271107
8.389903,7.133473527260074,6.094848897977335,0.4151248727770594
8.425482,7.049752249947458,6.0224508046849525,0.44448337011858496
8.4584675,6.96591399261637,5.950367968157176,0.47382168882117465
8.52501,6.882405362852228,5.878478289538484,0.5041482603732702
8.557123,6.797696191379771,5.806841091770772,0.5355575723526506
8.591258,6.715509688695401,5.735503856751484,0.5672149107655019
8.659258,6.632984841812601,5.664509355468628,0.5998375679794083
8.691449,6.5482211481960135,5.593904234657003,0.6336155414217681
8.723497,6.463923833268294,5.523861317349909,0.6674989267695616
8.790701,6.3784228125746925,5.454308179078892,0.7025087732894261
8.824115,6.291859362356173,5.385275727969336,0.7386203611942448
8.858795,6.208011560168305,5.31675872283047,0.7763832233473827
8.957162,6.12499438118988,5.248803906061548,0.815000065425506
8.989978,6.045003112665208,5.181380442043349,0.8541923714499364
9.05938,5.960093408442688,5.114402429813628,0.8949276470407738
9.091356,5.878133873889341,5.047899522060096,0.9355752278795786
9.124172,5.792405357988237,4.981834802513664,0.9768871915060406
9.191591,5.706603324040918,4.916215617303054,1.0195108700965423
9.224698,5.621343604154456,4.8510807094804775,1.062449291172498
9.258398,5.5342828203123275,4.78647757093812,1.1059561625803975
9.32299,5.450850135233604,4.722361667411714,1.1509443737772356
9.357251,5.367373580174915,4.658756072440578,1.198227895028722
9.391433,5.284874773982863,4.595629356551744,1.245878013469091
9.459241,5.198825305812051,4.533016550182176,1.294741767237217
9.492221,5.114585021820897,4.470946540977051,1.344943663907701
9.525653,5.032919809283894,4.409491996594638,1.3945954159737874
9.624207,4.949769083524236,4.348466238190662,1.444219695620143
9.658216,4.868329316109136,4.2880334783983685,1.493586283191577
9.724047,4.783717126668541,4.228223836606087,1.5424757431153193
9.756836,4.6989180618179445,4.1689816817987335,1.5907535867003257
9.790547,4.618033930605984,4.110403286730765,1.6367849735852615
9.858521,4.54191392799813,4.052547840245416,1.6822547977740696
9.891711,4.465337037698331,3.9953420085145215,1.7271339233566096
9.92379,4.384815897520532,3.9388229218713975,1.7712510043825238
9.989714,4.305859420215472,3.8830014982760988,1.8149607570514548
10.024311,4.234488168824854,3.8277956493045964,1.8581382925987222
10.058938,4.159430864098911,3.773400220199291,1.898433710535136
10.123308,4.084450452083636,3.719757803981133,1.9382771187384806
10.157464,4.011309973326006,3.66686477007198,1.9776592436379017
10.190201,3.942835439659534,3.6147014581414267,2.0132611781512577
10.296902,3.8699441274801396,3.5633030310319285,2.048461077379828
10.324164,3.8021271950345223,3.51266988423293,2.0832033672025156
10.390859,3.7357393765378952,3.4630052662922313,2.113908544017207
10.424663,3.661566277433328,3.414096249440196,2.1441639207899317
10.464382,3.5906358543953845,3.3658999737020414,2.1739775522272144
10.524807,3.5238916191569234,3.318572029535617,2.202374056394175
10.5579405,3.4604813440176283,3.2720010203079193,2.230401267259142
10.589526,3.3944044670739717,3.2261658202378634,2.2579583522249047
10.658016,3.3368876701356065,3.181249445627687,2.2841201526819472
10.691142,3.280060853182136,3.137115329904522,2.3100334229544393
10.723209,3.224209944975999,3.0937769545574416,2.3357517706229203
10.790368,3.1739840525962997,3.0513238965574296,2.361849108935526
10.825834,3.1225726882653864,3.0097410018273485,2.387602420000184
10.859471,3.073825198647109,2.9690891220448146,2.413064018910236
10.958542,3.0291489098034443,2.929462411271947,2.4388547563560956
10.992056,2.9864786002373367,2.890853081561394,2.4641530999783505
11.05892,2.935317523871444,2.8533208038698468,2.4890234450821613
11.097744,2.8904221851916247,2.8168519319893597,2.5144600061786546
11.123547,2.848948978155902,2.7815500780877755,2.5384470521074336
11.190462,2.8053944918542406,2.7474538950690244,2.561719750957949
11.224675,2.764038750121459,2.714571215092032,2.5856853024161577
11.258868,2.722990101407457,2.682962987530042,2.6088037234989296
11.323167,2.67986251730111,2.652687724795284,2.631050638187281
11.357427,2.641216458983403,2.623630522692877,2.6526503663885275
11.390596,2.5990069162417124,2.5959752695400726,2.675686954906724
11.4592705,2.5606842004732253,2.56971542759404,2.697895941701904
11.49213,2.523345575370368,2.5447463544701896,2.7194469954010496
11.52429,2.487728606102013,2.5212308099648837,2.7416909913327463
11.624175,2.4508799920590003,2.4992093737910923,2.762553873880998
11.659364,2.416406481549654,2.4785904977930175,2.7825455469228415
11.724179,2.388225192196659,2.4595047397972074,2.8043595545651288
11.7578335,2.363993710286732,2.4419606580486457,2.8253513573867326
11.789687,2.34236704191969,2.4259301930449473,2.845454609949511
11.859238,2.315204090938333,2.4115534985013314,2.863931534062013
11.8912735,2.2820582887557928,2.3988260252298046,2.881606584029237
11.924864,2.2579238501690364,2.387743720439731,2.898466864375819
11.990277,2.232948892177443,2.37825166622677,2.9147155070852513
12.024525,2.205983101428683,2.3704743202068737,2.929836351196533
12.059912,2.1778729387464524,2.364372848911585,2.944243741075372
12.124018,2.1570226715707235,2.360069728228481,2.9563888508803897
12.190314,2.1366404641246164,2.35756980675459,2.967883424225277
12.291973,2.121525086830167,2.3569196055315054,2.9782651650505696
12.323196,2.1038529444460745,2.358106112411308,2.985006287457512
12.390977,2.0885373873446356,2.361137681545244,2.9911276056979355
12.424917,2.0836317490731378,2.366028646929139,2.996685012088626
12.459007,2.076353328805618,2.372921921228699,2.997226043159887
12.523335,2.071119024945527,2.38173610094381,2.9968584915161562
12.557187,2.069065592045992,2.3924642614275253,2.9960610672422754
12.590688,2.0681266413556476,2.40522934257694,2.9943785990079563
12.65881,2.06749550610159,2.419918200254273,2.992178450214349
12.691635,2.0719116476954125,2.4365303624941577,2.9890464861707646
12.723778,2.073742101908463,2.455247890935457,2.982705278049625
12.789807,2.0814328601116587,2.4759984426700075,2.975398343345264
12.8235445,2.0901376145032833,2.4986987747187874,2.967559952183213
12.858978,2.098988420962994,2.5234696583932967,2.958586575847884
12.957327,2.1135690439349255,2.5502516105333544,2.9481777494213
12.990113,2.1313578897962606,2.5790595368963363,2.9372257896710257
13.05926,2.154336487844564,2.609942708165705,2.9270449563963874
13.09146,2.1761537259553614,2.6428123619152535,2.914693643967474
13.124384,2.198604163221829,2.6776848582167267,2.901480273686206
13.190619,2.2256882293297875,2.7146403436776256,2.887306477192228
13.224322,2.2498847974105605,2.753619296243377,2.8729507833634353
13.259373,2.2757059697826847,2.794571962444798,2.8577470754878376
13.323628,2.3028164840423804,2.8374866421125873,2.841485811242309
13.357732,2.3302083610707442,2.8824151079152474,2.825250362124148
13.38998,2.3592859203022734,2.929357512965568,2.8083755968487973
13.459485,2.3944964818741985,2.9782382808801304,2.790355060649012
13.4921055,2.4295035958451847,3.0290526112742215,2.773212824894169
13.52386,2.467478895010701,3.081781068720279,2.755187260588127
13.624429,2.5087505197805884,3.1363766130409774,2.7363925484136136
13.659423,2.551393573638854,3.1928527843600136,2.7195291324479745
13.723856,2.594580243793415,3.2512254939159244,2.702480388367377
13.756802,2.6436407896809104,3.3114675506224858,2.684796641584643
13.791033,2.6957433389700336,3.3734715791811096,2.6688429655433423
13.858701,2.7493252316060843,3.4372973993793874,2.6525846315589803
13.89103,2.805368710449665,3.5028832521751987,2.636512770932059
13.923937,2.860626541704405,3.570148292550874,2.622119123985145
13.98992,2.923866922610323,3.6391447413248676,2.6079407019048717
14.023678,2.9896121536895386,3.7098019726139793,2.5939437291300274
14.058212,3.049253733847555,3.7819579671545838,2.580355855523989
14.124108,3.1181735124916816,3.855663775510049,2.5670439952759803
14.156975,3.188321967013634,3.9308451701936375,2.553977315561786
14.191138,3.2584320893281054,4.007358255815797,2.5397833011514774
14.291886,3.325643074692421,4.085208525893205,2.525524011967652
14.325005,3.3958747492350008,4.16435188986016,2.511680754658173
14.390802,3.471324798940635,4.24465496283178,2.4974391018174433
14.4253845,3.5501006658830607,4.326114052182169,2.4835916847612816
14.458182,3.624409739351111,4.408653297766024,2.4703065604444308
14.523222,3.7025413449959745,4.492292811260625,2.4543414795484133
14.557211,3.7790476415650827,4.576946718015745,2.4390347672337716
14.590214,3.8517899587655835,4.6625072470259346,2.424439684526045
14.658865,3.927458263301797,4.748920311026655,2.409679894375457
14.69264,4.004676707955645,4.836154267256256,2.3957487521330036
14.723204,4.081949306675084,4.924178697138169,2.382648661257905
14.7913265,4.159790543680928,5.013135127115099,2.367632853721305
14.823513,4.238326143890781,5.102739356189158,2.3523080450433795
14.858112,4.317447465767893,5.1929830050020644,2.3375539722804914
14.956614,4.400506563098456,5.283795077131679,2.3242485591302833
14.990757,4.4811786105246325,5.37519146914871,2.3114591401900033
15.058943,4.556620777882937,5.467113018123854,2.299088781841768
15.096355,4.635609406466445,5.5596318115938015,2.2882797247097777
15.123061,4.717308508728709,5.652596923323959,2.2785674938784655
15.190622,4.799780762860645,5.746004524707675,2.269233840176584
15.224381,4.88147552052431,5.8396620894920215,2.261685396953457
15.259027,4.962872813991377,5.933590823073572,2.254323895203663
15.326349,5.04330048177958,6.027732552100989,2.2471611838942853
15.357366,5.121737859157178,6.1220547272763275,2.240691669267
15.391225,5.201528607740762,6.216403631217432,2.2354240149759486
15.459253,5.279706292828862,6.310752078709397,2.2304991907148874
15.49124,5.357651198413576,6.404980165509217,2.2260191266452423
15.524106,5.435917457991678,6.49908420197208,2.2218835898922222
15.624378,5.510156107055772,6.592999005077801,2.218052386254203
15.657584,5.585992745771102,6.686576499078962,2.214628049700027
15.723672,5.663518809769093,6.779692298735974,2.2127130250860927
15.758014,5.737950691363741,6.872345290705263,2.211180964797273
15.790249,5.811528782284069,6.964394563714667,2.2099679619916444
15.858122,5.885443058764994,7.055815715119624,2.210721273108558
15.891366,5.957108963781138,7.14646342298964,2.2118269577763274
15.924763,6.029558939226357,7.236193963819727,2.2131676786476002
15.990771,6.100325098971736,7.324890882210761,2.2165445971247513
16.02518,6.171774147089459,7.412550365868553,2.2201797840432023
16.059566,6.243932460023954,7.499022402543465,2.224096030928344
16.125036,6.315328373362495,7.584274095573696,2.2268140219265855
16.157133,6.385463028451677,7.668226230415433,2.229764276885154
16.190144,6.449729053415143,7.750808869446185,2.2330897654654165
16.292225,6.520875436377653,7.8320395626982355,2.234629264714126
16.323874,6.589128041915377,7.911788681610998,2.2364030546110634
16.391756,6.6575582011936945,7.9900242184419445,2.238320691213148
16.426367,6.724133234007174,8.066734973204357,2.2383532151490755
16.459547,6.791039809125685,8.141791162939729,2.2389287489748697
16.525982,6.857516366526846,8.215095343545352,2.239638015316343
16.558926,6.919778092858831,8.28663946667188,2.236667746591883
16.591106,6.980818905684194,8.356335687238598,2.2332209426234764
16.659248,7.041724496062591,8.42414173058036,2.229780400771106
16.691917,7.104093298452172,8.490038228080312,2.222373137243328
16.724245,7.165619579473063,8.553944655838876,2.2143952601241557
16.792032,7.221498731648902,8.615791881414827,2.2065368226689346
16.82471,7.279208838023166,8.675810961494056,2.1990089631642156
16.859806,7.331903303403054,8.733732174830065,2.1919895892060204
16.958303,7.392589443040037,8.789539342953573,2.185035840966775
16.99133,7.451183346844367,8.843357468560487,2.1788265489994996
17.058235,7.500269538379262,8.894994542089684,2.173233205080232
17.092466,7.551370905833988,8.944406975101092,2.167457939706185
17.124468,7.593488788891881,8.991692445672985,2.162828290598357
17.192514,7.640191665779072,9.036671424956994,2.1588716840199487
17.225418,7.6818218926641295,9.07936821079783,2.154496345513955
17.259876,7.714260412053301,9.119921355279798,2.1514418475620865
17.324524,7.753401912422559,9.158135439976824,2.1490951405670695
17.358913,7.789476870123732,9.193994836322851,2.1465359658821743
17.390965,7.825622259010571,9.227400527840302,2.1452823301129462
17.460005,7.851041815205562,9.258423341340118,2.1453651727691447
17.493235,7.8820362822130265,9.287086415355809,2.1449269317075577
17.525728,7.90548053791031,9.313316709204495,2.1458213621331206
17.62618,7.924988838630414,9.337119879853116,2.147903169474893
17.659803,7.947374481786476,9.358573216866656,2.149559646577326
17.72418,7.9678964407453154,9.377652151921062,2.1510604612122277
17.758095,7.9883245259589595,9.39429720776796,2.154167004769337
17.791359,8.00532482378237,9.408586122137068,2.156876551846276
17.858997,8.020613048298847,9.420523332477245,2.159610802269981
17.892408,8.035167543231232,9.430098347510134,2.1637849092816523
17.924322,8.043799763780449,9.43738384292769,2.167616201451076
17.992134,8.046603893523308,9.442366457226345,2.1711717302812272
18.024889,8.049590562787749,9.445074894899284,2.17291356091221
18.059916,8.051592841813106,9.44555708203179,2.1743667882779576
18.123974,8.047791858747628,9.443759202782491,2.1754930680369666
18.157825,8.04032317344968,9.439731921602604,2.1749467530858153
18.19196,8.036142861160489,9.43356491525203,2.1741898578820504
18.293404,8.033418432667029,9.425233255045615,2.1732386372994044
18.324274,8.02594712715202,9.414810788860253,2.1693583826988045
18.39221,8.013639419762056,9.402263796982085,2.1654046526627857
18.426046,8.004226622644957,9.387600278272107,2.1612268887375974
18.460817,7.991779028491085,9.370882734874966,2.1535359166751187
18.52424,7.972631595690284,9.352108708251196,2.1457305518904253
18.558065,7.962468254856779,9.331243453330785,2.138023006609394
18.591433,7.947830199591014,9.30859533364588,2.1300921819586147
18.659578,7.934471865915542,9.28391791939523,2.1211173940664834
18.692148,7.909237928866477,9.257273719966673,2.111953834849637
18.724077,7.888852966321891,9.228950255283666,2.1015363708513486
18.79239,7.865901310467329,9.198764263670018,2.090191097588363
18.826754,7.843876374977984,9.166786092397302,2.0789232526356423
18.858955,7.8109734848204475,9.133204605620755,2.0674350920614053
18.958336,7.779613030454354,9.09787898879893,2.054783219993424
18.990257,7.745253451354543,9.060861053290823,2.041837576105665
19.059168,7.714278132690585,9.022331281605377,2.029264952316464
19.092442,7.685893049809612,8.982136433976557,2.016723089859578
19.126032,7.659334956743778,8.940335978877929,2.003813911236617
19.191542,7.625687637323651,8.896980293933787,1.9904693902182615
19.225239,7.589823908218975,8.852076545747476,1.977504937534427
19.258352,7.554792549212378,8.805631372107182,1.9644089336507171
19.324898,7.520226908208841,8.757689281973255,1.9522000226820102
19.357687,7.481572376602764,8.708282831627038,1.940433699589351
19.390684,7.4498337132390064,8.657459658744262,1.92832787765813
19.458735,7.408818782491533,8.605204194187943,1.9161505422074145
19.492598,7.378172061388848,8.551531418043718,1.9053104675259247
19.525906,7.342827317233323,8.496490988913713,1.894398857151211
19.625362,7.303168376645953,8.440057596488705,1.884852799953052
19.659828,7.265451335529608,8.382337327767866,1.8785486795676132
19.726332,7.226729342328475,8.32342561664788,1.872408796172711
19.758448,7.187489014253584,8.263357611063855,1.8661908393319488
19.79119,7.146218824279056,8.202034257922534,1.8600725604887565
19.860025,7.104041485614617,8.139592024628277,1.8539192770100976
19.892757,7.059642234836654,8.07598875732668,1.8480518467630405
19.926464,7.016007553415557,8.011283874038153,1.8423923602208345
19.99106,6.967234069283157,7.945510113736155,1.8371871763776888
20.025389,6.92957527735761,7.87878177073582,1.832305475298014
20.057915,6.891078000533685,7.811084233703016,1.8279886086861552
20.125895,6.846305136699531,7.742488564762547,1.8239655630128717
20.158262,6.7999626579091785,7.672966253750446,1.8204000147773987
20.191929,6.754226088746168,7.6026877407332965,1.8140892214958542
20.2925,6.705363608474528,7.531702123763894,1.8084427566780799
20.324865,6.656853443208972,7.460072191066737,1.8032830612739679
20.391806,6.608473705895668,7.387793231311876,1.7985696335236268
20.425678,6.556269545416776,7.314935169251505,1.794371046443878
20.460188,6.505836455463592,7.24156139805879,1.7907543096668985
20.524689,6.451630018904845,7.167903647191836,1.7871000348223531
20.557405,6.398404434099463,7.093828200338424,1.7840314678271614
20.59161,6.346262496103437,7.019372270287435,1.7816033331359884
20.65983,6.291979244768018,6.944667332001182,1.77931415157549
20.692379,6.241839098895154,6.86969446182525,1.7777513129650988
20.725855,6.191891721326423,6.794519093625825,1.7771339835134927
20.792025,6.141252943218858,6.719260922668998,1.7779172435610333
20.82468,6.091991240152966,6.6438375963766925,1.7789603622883237
20.86013,6.038638439685917,6.5682407378954215,1.7806486610476282
20.9581,5.983230664579511,6.4925259599028635,1.7837811859722048
20.992065,5.930585281528843,6.416747296385284,1.7874987067912813
21.059866,5.8774972247882316,6.3408930934071615,1.7918260869754241
21.092249,5.8265842061178255,6.265080766782372,1.7974585388916906
21.124842,5.774711192504278,6.189235097645246,1.8027542014148654
21.191242,5.721462410945192,6.113396945698866,1.808314131749324
21.224272,5.668294545598596,6.037598014421076,1.8149302512733605
21.259125,5.61430449294512,5.96192480550503,1.82163117543804
21.326153,5.559534835671159,5.886399201938314,1.8285357698224562
21.358759,5.506643562179162,5.811023999624242,1.8372631912641986
21.391998,5.453052433517561,5.735899490027478,1.8468426246166896
21.46015,5.396730376546832,5.66105133964272,1.8568368057971778
21.493483,5.343437096891961,5.586497406578137,1.8685116228549459
21.52613,5.285486738550834,5.512320187365525,1.8819733144363817
21.625332,5.222485395494526,5.438571357556881,1.89547248823286
21.660477,5.160121238879771,5.365163319177677,1.9091227338413568
21.724466,5.098632461395721,5.292253200759052,1.9259109470186488
21.7582,5.038828498176403,5.219873048842407,1.9429178037430674
21.79295,4.979885365556848,5.148012205452521,1.9601399362169474
21.859098,4.922361925742974,5.076822125455638,1.9792365579544204
21.893368,4.863506312406074,5.006351871124091,1.998501793699657
21.925285,4.802740452514774,4.93655937709842,2.0179817652024776
21.992306,4.739852793637193,4.8675018556745115,2.0378401555774333
22.024984,4.67870105834379,4.799348439931735,2.0581970249468555
22.058943,4.616059084605841,4.732023052096046,2.079001662788672
22.126076,4.553215817300017,4.665725197401773,2.098438963947666
22.159048,4.496940947777036,4.600423625291098,2.118274663305045
22.192068,4.43804719209228,4.536162316274835,2.138565210462724
22.292864,4.375429245531032,4.4729806925644295,2.156075439920403
22.324734,4.312774206070411,4.4109176811753334,2.1740499527587147
22.391266,4.25473456761819,4.349993272470132,2.1925389365637122
22.42526,4.1936683459186765,4.2904290576417,2.207553022531713
22.460289,4.130439367420863,4.232168602272723,2.223191328329709
22.524792,4.058203118651945,4.175238762743656,2.2393967887683663
22.557669,3.9894975630252145,4.119830611794685,2.255711058815245
22.591532,3.930844351460937,4.065846754526115,2.272555181974314
22.659245,3.8696924715032344,4.013248563489041,2.2898172711750973
22.692406,3.8147920457548836,3.9622610453147806,2.307862112888929
22.724257,3.753332905260503,3.9127337884420683,2.3262807145316486
22.792078,3.696906331948102,3.8647072591811114,2.3450706533382832
22.824987,3.6417905980538685,3.8183174689355295,2.3649411989043094
22.858774,3.584987061653317,3.7734971517269886,2.384500229682944
22.957857,3.533076648386409,3.730294629804267,2.404130022301235
22.990622,3.482869123609356,3.688804073098762,2.424695747593729
23.059814,3.433503107655587,3.648991837571698,2.444414612482459
23.09252,3.3815463767256086,3.6109199702782617,2.4640510716778623
23.124592,3.3309484628712216,3.5745967998137442,2.485143053286935
23.193123,3.2841681182778726,3.540116376678661,2.5050752779031287
23.225874,3.2393248543415822,3.507458207384406,2.5247487124229533
23.25901,3.192602922657279,3.4766408937876894,2.545471870427616
23.326017,3.1453651480403892,3.447746260153551,2.5662822827060827
23.358162,3.103311897296516,3.420773215530936,2.5864400336359963
23.391323,3.063296621702629,3.395642056653313,2.606082013311546
23.46015,3.02107475067074,3.3724418185754454,2.6267464350553014
23.493181,2.978798849521863,3.3512326595883652,2.6467623955871273
23.52487,2.940986269104001,3.3319519337983983,2.6663106776943835
23.626987,2.9099179251689034,3.314640302989675,2.6869252639352923
23.660448,2.87317626418045,3.299363676376099,2.706764839605343
23.7249,2.8396746430320094,3.28605678539998,2.7261434592318388
23.757679,2.811042591519964,3.2748461876631603,2.7482913411810443
23.792591,2.790092597169606,3.2657573097358257,2.7699265052920192
23.858187,2.7649861477959163,3.2587471151448604,2.791133505287179
23.894722,2.7442228666137933,3.2539075727739104,2.815320809003488
23.925898,2.721098109898584,3.25130211488974,2.8391084428320132
23.992153,2.7013598466913793,3.2509301622272875,2.862580381546502
24.025875,2.6816206981643766,3.2526659633183312,2.8842711564375
24.124493,2.661817694306108,3.2565657192095565,2.905260530597663
24.158371,2.6414590680424377,3.2626074023879865,2.925481119277108
24.192278,2.626630929867825,3.2707407112756433,2.942838498231012
24.29256,2.6150793750575505,3.2810320057276323,2.9599029566576953
24.325256,2.6031946922600726,3.293446756976708,2.976650256519475
24.391174,2.5969234787965934,3.3080075814704446,2.9899521991389766
24.426077,2.594975249993237,3.3246830649804138,3.002801947337989
24.460262,2.5957827221661165,3.3434802957011325,3.0155804300596
24.524298,2.6020513533118534,3.3643566643396245,3.0250003245840213
24.55822,2.6024828792202426,3.3872793813511004,3.0339122870880284
24.59254,2.6076952182456767,3.4122554957471762,3.041891477312264
24.659908,2.611998615907273,3.439475616231195,3.0455070036034915
24.692999,2.6234955426991364,3.468643507564036,3.048370738331025
24.725136,2.6417773260355153,3.499795513765282,3.0506260694950798
24.792734,2.66462800003588,3.533052830571502,3.0492604172109123
24.82616,2.6839763938157644,3.568185903189211,3.0472276202064004
24.85999,2.7108425945471044,3.6052319587168764,3.0445381986894913
24.95898,2.741599052416959,3.6442715346232792,3.040530666094894
24.993013,2.7710909253850273,3.6851949182591874,3.034486870010591
25.059261,2.8033023223754863,3.7279809352060567,3.027704252074806
25.093237,2.840845647352581,3.772665412152582,3.0212045974037074
25.12457,2.8749028814185076,3.8191745250754843,3.0128469144290846
25.191334,2.912723855959362,3.8674756499563046,3.0036064950134023
25.225073,2.9562131746048372,3.91763423022221,2.9934050746171397
25.259102,2.9994662067502094,3.969584622386025,2.983049628225995
25.325941,3.0439808762551883,4.023300839352749,2.9718486968699347
25.358952,3.0932815784900862,4.078783583280727,2.959685452799734
25.390926,3.1434044634594818,4.136010308013824,2.9471695008890073
25.460083,3.1888035503377306,4.194926953548391,2.9338689412507795
25.492392,3.2390039614114245,4.25555197989297,2.919712653388445
25.52471,3.2935718929658617,4.317838311048622,2.9059793276933505
25.624523,3.350920882640413,4.381758648594746,2.891160006428705
25.660559,3.4118784661150965,4.447266964948206,2.8758168137252884
25.726564,3.4734146027241994,4.514346910229134,2.861661466418967
25.759079,3.5458374838516535,4.582976430203772,2.846995083357319
25.791862,3.612846796737262,4.653164890088686,2.831456506564161
25.859894,3.680296384547449,4.724731080705982,2.815162467233809
25.893833,3.7518652468228786,4.797708377717842,2.79854875825832
25.926003,3.837191511649296,4.872063118818102,2.7814773519973497
25.99116,3.916706450736072,4.947610849244864,2.765695537594017
26.026793,3.997161482837533,5.024377560642725,2.7496220780664715
26.06028,4.079542696065633,5.1022756043947775,2.733305903215675
26.124624,4.166768174143863,5.181177909001966,2.716643554315371
26.158144,4.25255231842214,5.261085746136523,2.6997457270435063
26.192408,4.341402672329355,5.341941090273453,2.6825638457675045
26.29332,4.426110748171734,5.423574116960919,2.662822076889459
26.326412,4.511900724112667,5.505996267318761,2.6429104567215953
26.392126,4.600592637451269,5.589137305797171,2.622875069208018
26.425404,4.690226453480941,5.672945245353747,2.6018336887251596
26.460108,4.783755757329441,5.75735520290998,2.580775082526089
26.525984,4.876018024269111,5.842323722497575,2.5597468765094544
26.558416,4.972915573242974,5.92787019637713,2.5369329511472185
26.592096,5.073516133070895,6.013830798077243,2.513944494000958
26.659374,5.172022910699932,6.100126144601341,2.4908320985711407
26.692783,5.276523315359579,6.186730208051384,2.4682212004867434
26.726395,5.371122809045269,6.2735936071016,2.4452940381883286
26.79324,5.4664791402393025,6.360666480343834,2.4220076601479827
26.827164,5.562614227123623,6.448029312617466,2.396027607106671
26.858374,5.657360474055734,6.535376607225656,2.3688072923718257
26.959694,5.7572472409799165,6.622613519420294,2.3410812798086433
26.993406,5.856243690138761,6.709627067905576,2.3140266666868707
27.060537,5.956032658887728,6.796391563024812,2.286493530911862
27.092129,6.055627329783543,6.8828479252148895,2.258397402165725
27.126064,6.158066355518711,6.969037319116866,2.2310533785550017
27.191278,6.264004359584068,7.054796603443467,2.203867016744179
27.225998,6.366346921732603,7.140098585404983,2.1761436508322167
27.260036,6.463902595327953,7.22478328258853,2.1493565560569023
27.325079,6.560920541293584,7.308870963169634,2.1218788624797567
27.357737,6.6597569027449905,7.392313295453242,2.0937090021958804
27.391443,6.758104695636729,7.475119841341605,2.0648306251026334
27.459883,6.85651202131457,7.557114643034009,2.0370398343663165
27.493835,6.957107044897192,7.638273622458401,2.0088801732923374
27.52546,7.0540651937320975,7.718418614514715,1.9803906223278236
27.627264,7.147553559688285,7.797564414205304,1.9515609728438954
27.65997,7.244727496601801,7.875657246859276,1.9224907276191052
27.725273,7.336089431826414,7.952613255593276,1.8931677162810672
27.758574,7.433182437620468,8.02824586336234,1.8647329320416577
27.792965,7.529564013159114,8.102590074918437,1.8362516162213596
27.860409,7.6243916378272685,8.175539828834111,1.807700505648134
27.893566,7.716620065133447,8.24697775078829,1.780665295973337
27.926323,7.808580051528616,8.316880646715056,1.7536241158123869
27.993376,7.899220740048609,8.385131867672966,1.7266569323330976
28.02653,7.987805026629307,8.451676324426233,1.6986062413693719
28.060688,8.074212877802548,8.516491917497168,1.6706521491541795
28.124784,8.16405756188302,8.579572649431952,1.6428751338055747
28.15927,8.252205179401617,8.64084918338197,1.6139587222433633
28.191727,8.335357028678464,8.700231554585915,1.5852348948445525
28.293736,8.41605223424279,8.757686022836893,1.5571498926420606
28.326305,8.500681914777816,8.813186783709773,1.5269394539317966
28.391712,8.57948756411038,8.866687521272313,1.497540918971302
28.425634,8.658441256874447,8.918178461783748,1.4690274793511486
28.460203,8.734479331186371,8.967608270007048,1.4388838073538943
28.524765,8.807354122127379,9.014896782457821,1.4097843297581616
28.557558,8.878261188689146,9.05999767759292,1.3818922492963086
28.592058,8.944065715379057,9.102952634296692,1.3522681759726842
28.65944,9.014744115337022,9.143665144943693,1.3236391286112617
28.692726,9.087032361041757,9.182115396972467,1.2960643465226986
28.725025,9.151693620490777,9.218318990177464,1.266860473945451
28.7921,9.210564970801402,9.252207369110879,1.2374970276639876
28.825274,9.276295986424564,9.283797070778139,1.2091182480987168
28.860767,9.337835251608128,9.31324915222207,1.1820443027976784
28.958267,9.394918558468005,9.34037530868326,1.1547281048264209
28.991318,9.448322978358426,9.365177302782733,1.1279549609866046
29.059294,9.497047380007057,9.387791386637735,1.1024593378145842
29.093094,9.544423255631079,9.408046995202676,1.076590037824168
29.124866,9.591632987526875,9.425963398676183,1.0511388222006803
29.191624,9.639895917451208,9.441618768102616,1.0278088629043685
29.225243,9.684623862908813,9.45491100098753,1.0058044849732612
29.259832,9.724431306013404,9.465828221791366,0.9841872106421286
29.32464,9.764681148053116,9.474481431754484,0.9645519013598186
29.358488,9.800850176799733,9.480735916857029,0.9461675582643203
29.391445,9.82730524929149,9.48460418512932,0.928160265806255
29.459476,9.85847424005582,9.486034029181722,0.9106788985584018
29.492718,9.887512921129755,9.485047839884015,0.8954960543582169
29.524837,9.914004798614764,9.481717089420318,0.8809219728632268
29.626797,9.930454575178418,9.475970303463358,0.8670028376440861
29.659822,9.947473906384472,9.467796451105842,0.8568598631542061
29.725065,9.960842408603902,9.457242055450363,0.8474541648316909
29.757904,9.978384491874523,9.444264597104123,0.8389407580928362
29.791922,9.992090985558704,9.428753755637915,0.8303813871062966
29.859093,9.993525752252674,9.410852808202348,0.8224629595676409
29.892633,9.999431972355849,9.390607260317998,0.8155121373621959
29.92421,10.0,9.367909351079117,0.8081051754181725
29.992025,9.999271432893606,9.342904799546943,0.8017219246423649
30.024435,9.99546599670637,9.315603196195338,0.7964100274747593
30.059114,9.985119959484548,9.285997715687127,0.7900588785493791
30.125889,9.973868790927213,9.25412342480048,0.7846227852434285
30.158382,9.95844809640757,9.219996315261332,0.7801806548804312
30.192308,9.944043003357526,9.18364037657973,0.7747908235116369
30.29302,9.927920181564334,9.14505894972857,0.7703482241926538
30.325926,9.914750121101392,9.104268935128198,0.7669205878134002
30.391129,9.894339711475933,9.06146721102654,0.7613463305915933
30.426165,9.87289065387004,9.016487005926821,0.7566398068324327
30.45959,9.844882023176458,8.969377200897535,0.7525100500921825
30.524603,9.81891859766972,8.92034418308738,0.7451447587049396
30.558233,9.792560215643634,8.869198341233195,0.7388197157796353
30.591383,9.759716292418151,8.815977527841493,0.7336536853219584
30.659475,9.729784434879441,8.760913085283352,0.7293958623861884
30.69301,9.694374073508133,8.703812158845885,0.7259165783440611
30.724915,9.659087834703778,8.64469657579171,0.7235521169602843
30.790993,9.622951656103236,8.583747409068653,0.7227195708438735
30.82616,9.575521116713514,8.520838217652793,0.722459134545182
30.859907,9.533788915421693,8.455962037649082,0.723155264197942
30.958998,9.49040184044314,8.389346730254738,0.7243378806517043
30.99246,9.443162260944943,8.320814710618997,0.7254778581548238
31.059956,9.384579299392794,8.250443157313644,0.7275405363239724
31.093897,9.33292168478692,8.178323452775937,0.7314120904852686
31.126091,9.277007002194667,8.10433622127035,0.7350185383875686
31.191944,9.217326060413392,8.028477179256909,0.7391638006082937
31.225407,9.16149913413627,7.950754734241449,0.7438167205770448
31.259436,9.108268859930256,7.871242673447535,0.7496692666381152
31.327618,9.054882758526999,7.789996249466912,0.7562370275298758
31.359436,8.993350933516096,7.7069751550209755,0.7636569683816796
31.391602,8.932361067764298,7.622329461347949,0.7740758098338181
31.45892,8.870139302579696,7.536105370076704,0.7850191912889298
31.493668,8.803328417428506,7.448353416189178,0.7964430866111394
31.52491,8.738900089310258,7.359048768553402,0.810016019049253
31.626524,8.671567563500643,7.268325930037098,0.8242482014507008
31.65982,8.598791050351014,7.176176981668355,0.8386249145812906
31.725002,8.52520808308933,7.082687659117547,0.85414601511086
31.758766,8.455104543508195,6.988023280547062,0.8704193270572689
31.792053,8.383004200679935,6.892283944187802,0.8875726860275841
31.859865,8.314077290131006,6.795403433777819,0.9073720202633767
31.893246,8.245854226952284,6.697670883358475,0.9279021770686622
31.92653,8.169367884523808,6.599034812225712,0.9494489786070145
31.993,8.094357411866358,6.49959803397913,0.9720095018533004
32.026115,8.01598045347541,6.399506395425839,0.9956421603782036
32.059322,7.935446555770514,6.298827842849035,1.0203733089861955
32.126274,7.852406415695781,6.197623500019882,1.0465104721331246
32.15873,7.767527349837874,6.096038434502626,1.0739657267351852
32.191647,7.682330473873902,5.9941990775447325,1.1025186248115402
32.29256,7.592173420569973,5.8922371922828605,1.128014057361389
32.325966,7.507310722451325,5.7901758302106385,1.1546497114125645
32.390827,7.424326231578305,5.688168372604795,1.182032649129737
32.426186,7.3424688003938865,5.586256648779442,1.2092552002004673
32.46029,7.259228740060063,5.484491657327033,1.2372797359607588
32.525074,7.174474063626346,5.38293773813894,1.2660711902296005
32.557648,7.089427192538652,5.281784756685674,1.2963760578977581
32.592205,7.002505956904193,5.180935124425335,1.3273518858723345
32.659744,6.920331307111459,5.080444877098693,1.3589239404645619
32.693104,6.840503666738373,4.980358784107143,1.391730597005583
32.725094,6.758641809801681,4.880721518833038,1.4250846186557904
32.792194,6.68137984856708,4.781590196031764,1.4590947013064985
32.8265,6.600821522801841,4.683086709533012,1.4942034358272707
32.85978,6.51830292309565,4.5852040571522465,1.5295421729261651
32.958584,6.43289447706169,4.48797710944164,1.5651893426516459
32.992657,6.348543206316677,4.391419946856428,1.6023034594683219
33.059788,6.26413544356752,4.295609620444247,1.6397304661427012
33.094086,6.17687437719071,4.200695925090833,1.677209326886603
33.125385,6.0779283430618785,4.106679257099387,1.7165761890835267
33.191708,5.984304693873428,4.013623918674821,1.7552585954427762
33.227287,5.893109030695266,3.9215941032244674,1.7935986625658016
33.260178,5.799336228399076,3.8305142835561776,1.833120613547113
33.326714,5.710445423363834,3.740585939369978,1.872137642258211
33.35802,5.619902252998069,3.651863719820589,1.9105327491344952
33.391575,5.518564833084773,3.5643335143949986,1.9484363664755935
33.461,5.4181988514805255,3.4781726238708592,1.9882035727478036
33.493076,5.32388759242437,3.393435490479032,2.0273761622098974
33.52682,5.230730300720519,3.310056402480126,2.065977013174674
33.625984,5.130299348503577,3.22816235410036,2.105589182176036
33.661087,5.030572942523628,3.1477986589621976,2.1445841327132684
33.725872,4.933725582351342,3.068910365215193,2.1826302197552465
33.758366,4.835923569076618,2.991598221484103,2.2197901318177813
33.791466,4.74402845581431,2.915945197013829,2.256427776793124
33.860935,4.644354878751098,2.8419154490485994,2.292459845553999
33.89413,4.543112016342574,2.7696317525363274,2.3264063798498062
33.926044,4.44548566519321,2.6990811190908617,2.3597540265977925
33.99223,4.3509449846961585,2.63030402304417,2.3925373143510975
34.025265,4.2618529385852355,2.5632917340067465,2.424488686115744
34.05997,4.1717928758405565,2.4981341346029877,2.4559694526540894
34.125854,4.080516810564532,2.434877799132955,2.4869712152437358
34.15831,3.9897256213165706,2.3736656939575753,2.514179667998704
34.191265,3.895870363683696,2.314479716193529,2.540916925268576
34.293083,3.802330251818839,2.2573641875391144,2.567276149075377
34.32431,3.7123825197823614,2.2023887397789226,2.590095943275385
34.391144,3.622089142712281,2.1495456809275324,2.6125449884536187
34.424873,3.539215485626587,2.098872498775088,2.634516391093203
34.46025,3.4599998545714494,2.050524535951016,2.6533270930040134
34.52582,3.3784624043757328,2.0044007263359904,2.671692343924823
34.558056,3.2998056354251175,1.9605149791075824,2.6895288445195624
34.590923,3.2211954000048357,1.918950514700551,2.7065647297294353
34.659683,3.142363022131479,1.8796105839347748,2.7232875461418207
34.692772,3.074571494390597,1.8425188342178003,2.739644940753919
34.724724,3.0010073591989506,1.8078677318294174,2.756408519880691
34.79196,2.9368103948526194,1.7755403445735056,2.772748416126193
34.82556,2.8748894120743818,1.7455458393788594,2.7886233681164088
34.859352,2.81310787507771,1.7179455386081635,2.8040398093535295
34.958702,2.7519937594336286,1.6927362312492582,2.81860917002139
34.992767,2.697013983639897,1.669924274565195,2.8325632609726195
35.06079,2.642724494834305,1.6495397897554354,2.847456296489344
35.093082,2.5919766720047814,1.6316053259783956,2.8608017200724163
35.126205,2.5408969466901246,1.6161005044719503,2.8733332435389647
35.19237,2.490945955366322,1.603111564088786,2.884903900249161
35.22565,2.4479236747054585,1.5925951485067924,2.896389888856265
35.259445,2.405818111165242,1.5845816773865729,2.9071612847473167
35.32625,2.3668866040743066,1.5789475241009732,2.9170721750830872
35.35899,2.327250258015274,1.57583324575469,2.9270063333788126
35.392315,2.2941447269255466,1.5752653885758108,2.9361958018181964
35.46036,2.259467427205504,1.5772504978334831,2.944591200958076
35.49299,2.227282962553627,1.581728225184419,2.954934254233496
35.524937,2.2012497276897083,1.5887435247530608,2.9644272066762802
35.624702,2.1771361396815077,1.5981662443008466,2.9731537398669405
35.659576,2.1517085618856426,1.6101306910485604,2.9837326488272655
35.724766,2.1362651401248365,1.624658719393422,2.9934087151569524
35.759113,2.1234837748695674,1.6417523376909318,3.002010435484089
35.792915,2.1128831792051814,1.661379546096523,3.010445629512446
35.85982,2.100951733423419,1.683539732724492,3.01827897094547
35.89237,2.084761315458687,1.7082651478351338,3.025035833212731
35.92601,2.0724924004819703,1.7355213094025954,3.031057761714519
36.026524,2.0663364301015346,1.7653264038214282,3.0366359791784743
36.061043,2.060351902413699,1.7976431547791656,3.0415607586984894
36.1267,2.0537507724833874,1.8324668176556187,3.04468306898089
36.157913,2.0523585547824506,1.8697807313743813,3.047448117645881
36.192078,2.0598414226141717,1.9096034606211516,3.0497037089150365
36.29308,2.073439018784866,1.9519220565041766,3.0491315079489967
36.326054,2.082020701196332,1.9967429425348089,3.048424440698107
36.39161,2.0930362204293926,2.044002353199132,3.047612827693732
36.425713,2.1052019414107006,2.093747099023608,3.042842589720573
36.45984,2.1217165561409628,2.145893915743545,3.0373709132614386
36.52519,2.143830710061255,2.2003847050128598,3.0313457868270435
36.558662,2.1655066983358897,2.2572307025679272,3.0221187207802425
36.591698,2.190514260512337,2.316315890157444,3.0120742297204206
36.660126,2.217342544597499,2.3776276080256937,3.001123997299152
36.693317,2.244936616593721,2.4412608422447586,2.989227112768369
36.726078,2.2778899138579205,2.5070551693291145,2.9766386416873183
36.793167,2.311982195274266,2.5748949171481272,2.9633555136741885
36.82579,2.347485878422538,2.64484985846106,2.9506208428317566
36.859344,2.3848026285189063,2.7167880543376177,2.936514660334579
36.95926,2.424564723232337,2.7906505476621506,2.921451807040225
36.992718,2.469849874923003,2.866506856172148,2.9053258742609196
37.060425,2.5222026899384167,2.9442888191705197,2.889212464461026
37.0936,2.5752512975889963,3.02391725894218,2.8726389130186667
37.126247,2.6310854284246212,3.105284666510203,2.855236277665849
37.191326,2.6868375889363234,3.188442716355135,2.8381290357843643
37.226936,2.7483904539591655,3.2732965848620386,2.8202165608965784
37.259464,2.80926274071344,3.3597702847491364,2.8013387688038334
37.32621,2.873637563794542,3.4477755300050963,2.7830638231686513
37.358887,2.945712475013888,3.5372459769480944,2.7644720597231727
37.393185,3.0190089935315885,3.628036206180842,2.7456049075299127
37.459633,3.0901172388989355,3.720177827357083,2.727450418412379
37.493237,3.1577955733881145,3.8136107018679866,2.709089482866622
37.525867,3.2271750606813625,3.9083068879032874,2.690467104088446
37.62623,3.30377598918291,4.004109994420337,2.672938973858252
37.660404,3.377500524599045,4.101022525245548,2.6554864129856
37.72591,3.4548049200976085,4.198908651974441,2.6383373128628027
37.758305,3.5379392705486206,4.297603939023309,2.624837402817519
37.79257,3.620310621744965,4.3971544168804,2.6116902119405254
37.86012,3.7001221118929015,4.497475509958214,2.5989047727663652
37.892494,3.7776556182587746,4.598400658916624,2.5865440601530465
37.92614,3.8598037396193563,4.69999694939698,2.5744141483371212
37.992046,3.942976964818012,4.802178273167684,2.562575602578013
38.02572,4.030821488069121,4.904789500053381,2.549698857789409
38.060097,4.1241593087526,5.007856829798513,2.5371997464140366
38.12456,4.213342826847991,5.1113276633066205,2.525131467874074
38.158413,4.301702780033664,5.2150168015591785,2.513718420772078
38.191463,4.396258193636822,5.31896356565408,2.502775901053708
38.29241,4.49453852029799,5.423032197119981,2.492249166903266
38.326088,4.5893363217070995,5.527222110452839,2.4790255685397704
38.393143,4.682164550264745,5.631512747485315,2.4663240080141087
38.426125,4.779382339834197,5.735848123332377,2.4541402471421794
38.460915,4.872480525536058,5.840198222725231,2.4415883142136923
38.525337,4.964856996604413,5.944480897295574,2.4296997887240996
38.559204,5.057231570723201,6.048677257178036,2.4184111037184817
38.591034,5.155538563375902,6.152939740209762,2.4081218574794843
38.659176,5.251952219286647,6.256973260129431,2.39741348267225
38.693718,5.349481138213095,6.360749811512834,2.387090161203545
38.72594,5.445638903455732,6.464242714351771,2.377801632684136
38.79249,5.540700920714654,6.567416778174036,2.368697327236475
38.825417,5.637287651917948,6.67018440804112,2.359803126073598
38.861065,5.738093973109815,6.772619042954645,2.3520297978247733
38.959198,5.835492931108869,6.874549700409447,2.3449354243860765
38.992077,5.93431523425676,6.975827364891433,2.337816834694318
39.05997,6.033107627749843,7.076325372660927,2.3316793758048764
39.09329,6.130726994306766,7.176046231692818,2.325509957400951
39.12585,6.224073813214726,7.274892522971448,2.3194073808720126
39.193317,6.319402947050886,7.372917035480384,2.3145990345943317
39.22457,6.409970558170478,7.469949793868384,2.310505057150098
39.259686,6.506787042981381,7.566009292838332,2.306243463620972
39.32642,6.601982707209206,7.66095813740742,2.3031469338878474
39.358776,6.693532835012818,7.7547547824582415,2.299597944917089
39.39218,6.782835954167147,7.847321325213144,2.2955884222176377
39.460243,6.870547273663449,7.938517783379992,2.2911488267950886
39.493496,6.96319233026057,8.02826285166716,2.2897509493176122
39.524975,7.049999657329935,8.116545405554234,2.2881333565644963
39.626347,7.136734939779771,8.203158470955328,2.286491677298342
39.660763,7.219388945083981,8.288116072464735,2.2864914349975116
39.725925,7.296132692600769,8.37140450367427,2.286434336203397
39.75812,7.3717622842048405,8.452928373666508,2.28632018346586
39.7925,7.4458618580519245,8.532597300890629,2.2846894703418887
39.860313,7.5211768282175635,8.610478019871543,2.283097344624571
39.893936,7.593157450217646,8.686487144932862,2.2814391744057994
39.926365,7.660138288977484,8.760617556554527,2.278109818531268
39.99173,7.726906140845753,8.832880143915455,2.274975815114855
40.02486,7.7864160504298034,8.90320270020518,2.271822756508963
40.059696,7.843098258020615,8.97157483240207,2.266742253384685
40.125874,7.9019338322610375,9.037952599747907,2.261615583498663
40.158836,7.958257666071438,9.102298447034139,2.2564432468290287
40.19086,8.013330922876886,9.164650978511313,2.2488958733633395
40.292995,8.069160049755023,9.224941441309774,2.241513206805176
40.324886,8.125488362626673,9.283087591934537,2.2343260792965918
40.391697,8.184663519972334,9.339101712513001,2.2236265570923996
40.42663,8.233608476833112,9.392924091638799,2.212609496390565
40.460407,8.278427637897959,9.444528340136696,2.2015310759763183
40.525024,8.322715037474172,9.494126101249941,2.1864914627932244
40.55875,8.362931736811213,9.54144981121319,2.171515843564945
40.59257,8.400950651576094,9.58648693207094,2.156696483390695
40.65949,8.445149234683521,9.629394575914013,2.14171017842685
40.69379,8.49416086108676,9.669944490713501,2.1256719134516127
40.724655,8.533574650768248,9.708112124680936,2.109469225648314
40.791206,8.566694460904415,9.744109249802223,2.092270170015986
40.825676,8.604419631066298,9.777733608317666,2.074219894410267
40.86026,8.64438961767755,9.808986537766868,2.055928435657613
40.959038,8.678919211901661,9.838041695857136,2.037995361069047
40.99212,8.70990776134841,9.864680122731553,2.0207982830868505
41.060074,8.733701703847386,9.888907825573297,2.0035682771511647
41.093346,8.767917270011107,9.910881800417418,1.986942298498977
41.12613,8.796441814669079,9.930419060554858,1.970937739225461
41.19288,8.823439110997194,9.947541633755565,1.9547026680234325
41.2253,8.850185668873408,9.962263247124943,1.9383183695366621
41.258846,8.870709324260226,9.974563645019588,1.9227092260290852
41.32586,8.888803835719122,9.984478194959767,1.907093349405069
41.359467,8.903678773379788,9.991985479966022,1.8923161809368383
41.391396,8.915440591412345,9.997072680322031,1.8804070355702422
41.459915,8.927925205834317,9.999736998422213,1.8685353187968694
41.4934,8.94494945491199,10.0,1.8563864687257092
41.52622,8.95759685667643,9.997793837621396,1.8457890954566256
41.62467,8.969179158961081,9.993168920433908,1.835394721003932
41.659866,8.973322451334463,9.986026348291217,1.8268885358407456
41.725903,8.970665782763168,9.976405155750374,1.8189138391123687
41.759327,8.970418736794667,9.964382677340021,1.8111171986237016
41.792343,8.96632384238022,9.949996503780154,1.8038599720011084
41.860386,8.960939888365873,9.933204767655408,1.7972108264647655
41.892956,8.95936648353869,9.914169119776448,1.7906694390733486
41.926888,8.945301629463044,9.892705346853424,1.7842872605334894
41.993553,8.938922256522599,9.868954734009412,1.7760620371512734
42.026188,8.91824207724369,9.84297297612039,1.7680854098750014
42.061016,8.894188439139151,9.814800150796314,1.7603541800436198
42.124954,8.878785038732728,9.78445234573235,1.7528640980797978
42.158657,8.859706362505431,9.751935852014277,1.745506427619608
42.19165,8.833923572305432,9.717131644576751,1.738579739175838
42.293015,8.811107735232191,9.680303111746145,1.7285541110960132
42.326603,8.786312525913909,9.64144750891139,1.7187548274732685
42.39264,8.754627613670644,9.600619136592464,1.7091827195460034
42.425995,8.728189057496747,9.557808509697017,1.6997539261951118
42.459774,8.693271425745465,9.513070319215045,1.6904865980882091
42.525776,8.657386382317714,9.466289718187818,1.6816260024427674
42.55894,8.618907013020278,9.417906228187427,1.673160644731272
42.59291,8.582076227482961,9.36771894972294,1.6647385235506884
42.659286,8.545211660205934,9.315781842850827,1.6566893476198454
42.693836,8.513759892944742,9.26214777045012,1.6487658705009725
42.72487,8.475908170728411,9.206850051601482,1.640233516455773
42.79133,8.439661232614483,9.149774197244422,1.6321091636859846
42.825863,8.397149109243848,9.091309210449804,1.6239191838679896
42.860756,8.355803857644524,9.031330598268887,1.6148270798423727
42.95904,8.313030369432004,8.969870783726643,1.6062589453207252
42.993076,8.266743552495312,8.90697406482198,1.597735231693532
43.06079,8.21705048003794,8.842685243047429,1.5899021210221345
43.095135,8.163648048122557,8.77695121062756,1.5820926632781824
43.12611,8.11452419402131,8.709921047204457,1.5747660038622784
43.19262,8.06451847633184,8.641638922902853,1.568959892555907
43.225765,8.012527111317844,8.572139452360794,1.5633258371182726
43.259678,7.958369287687108,8.501447640190515,1.557869717113368
43.325787,7.913403346374472,8.42953323239837,1.5532122280803176
43.358654,7.864787300125431,8.356384278468639,1.548765141871633
43.3934,7.8082666803568905,8.28211803517243,1.5447693474473045
43.461388,7.748821278956299,8.206730946691502,1.5434539608675355
43.49359,7.693334061303371,8.130290746862258,1.542220244605909
43.526505,7.631151830972269,8.05284677944822,1.5409912983919227
43.625668,7.568112262009006,7.9743588661706,1.5418401206713286
43.660164,7.503850287441537,7.894843581312156,1.543331473282182
43.72599,7.432003616866957,7.814439640297781,1.545318737713366
43.759262,7.369375928933049,7.733147747432449,1.5479822938683394
43.791542,7.3045267726306555,7.651116525357438,1.5515091009105655
43.86035,7.236407879724476,7.568412062301791,1.5562834171323803
43.892998,7.1668883238490295,7.485029187914898,1.5619212321646823
43.924805,7.094282881067613,7.400999064792519,1.568646120135433
43.992645,7.023955470325424,7.316539764310181,1.576203163042309
44.024654,6.9514958306148165,7.2317105684576815,1.5815659244690499
44.059464,6.881968908547328,7.146569664240925,1.5876091110111457
44.125004,6.814057580932557,7.061179769835998,1.5946021295975727
44.15854,6.74495576334547,6.975546902004611,1.602467880943637
44.191547,6.670190503270747,6.8896084483107245,1.611170363509059
44.293205,6.597450930567423,6.803580025514453,1.6206034144991293
44.325687,6.5241276478455505,6.717676677534198,1.630777242490465
44.392815,6.4501068783563,6.6317598120979735,1.6415978867028744
44.42575,6.376206771198011,6.545893486389735,1.6532818308802224
44.46101,6.303173627403612,6.460121288631756,1.6660102578417575
44.525993,6.229867284836556,6.3744991496896635,1.6795836421432382
44.559017,6.151622514326466,6.289115274624858,1.6939395924130474
44.592766,6.07221433355647,6.204155470984764,1.708813732788339
44.66038,5.991515119172128,6.119454786675061,1.7245074862729735
44.693947,5.911354261861911,6.035083593813625,1.7409545237107937
44.726395,5.8320869647456295,5.951017471795852,1.7580938248746298
44.791668,5.75251561737337,5.867263817313682,1.7762919256989778
44.824715,5.674988631655196,5.783894591570725,1.794461218159083
44.860214,5.594462883588581,5.701078947209769,1.8133633684187709
44.958805,5.509880472836505,5.6187644454679555,1.8320905693901335
44.99263,5.423418444994194,5.537007184565116,1.8507180236145928
45.060295,5.340542413858721,5.4558637709053395,1.8699927623797867
45.094406,5.257649445210654,5.375369965024046,1.8899335984375412
45.12754,5.1773175331687025,5.2955490910673015,1.9113894266078897
45.19312,5.098530758886358,5.216446041269981,1.9334474224436244
45.227043,5.0126999492689395,5.138117252651417,1.9569028986924715
45.25983,4.929403071913244,5.060576591057355,1.9817172454294707
45.327057,4.846972190485775,4.983870675596953,2.0068726630095965
45.36056,4.767984085536381,4.9080575147126995,2.0324430887971987
45.3936,4.678001680805338,4.833143876727439,2.0599005802174486
45.461353,4.584422137851628,4.759244543348353,2.087401845744182
45.498558,4.493337042429475,4.686331838879871,2.1177633221383725
45.527493,4.403529404815838,4.614430376284215,2.1500083219938313
45.627636,4.314187902958438,4.543649664171257,2.182293532633604
45.662754,4.23011642314833,4.4740118846760275,2.2163144623971225
45.728,4.146155241875613,4.405481496870086,2.2505344479387968
45.760998,4.064673961333436,4.338170040573174,2.284707493980198
45.79533,3.9786002426423357,4.271983321949101,2.3174189926534976
45.861477,3.892416086192684,4.206983871228539,2.3502495392276184
45.89545,3.8114052844092097,4.143272982117354,2.3828512453185766
45.927586,3.734416908100964,4.080890127566259,2.4135063674793638
45.995174,3.653141162536415,4.019741680485316,2.4441196829778002
46.02705,3.5718739321744026,3.959990656181974,2.4744520656417737
46.06137,3.495608120668726,3.9015973256919905,2.5027225216014792
46.127796,3.422095919734005,3.84455946971844,2.530829710673956
46.160343,3.3435351058065663,3.789041954445911,2.558799204327762
46.19446,3.2717397834176847,3.735124029183755,2.5845342229772523
46.295837,3.1989506642177026,3.6827410641530505,2.610032033671938
46.32689,3.1330023098955766,3.6319860778656547,2.6351672459376685
46.394066,3.05981443797473,3.582930545088217,2.6567113096688586
46.427414,2.986724632573616,3.535591561344336,2.677771781003143
46.462257,2.913263324400609,3.4899460814880974,2.6983938500533253
46.527847,2.844726929739188,3.446151426907642,2.715505077919345
46.560574,2.7802367295037254,3.4041624789303984,2.732306659244335
46.59445,2.716053322270736,3.3639992806620564,2.747760346916832
46.66176,2.647620828015991,3.3258210270316995,2.76269703829578
46.701096,2.5797264335832204,3.2895419004100575,2.7763333434692345
46.726437,2.5192173336187484,3.255164187183017,2.7887096641037874
46.795578,2.459418064320077,3.222926294082043,2.800330661152585
46.827682,2.3899720329451837,3.1926625255772665,2.810757397928598
46.8609,2.334144893480401,3.16436815571804,2.8212557458824987
46.962425,2.2825346967516826,3.138155449177612,2.8310715710781706
46.994778,2.2352984631791775,3.1139648490725036,2.840937631866454
47.06107,2.1874901320248354,3.0917784272208197,2.850717900011178
47.095524,2.1396477564288414,3.071696650144807,2.8596631568755106
47.128292,2.09838949234781,3.0536808127632638,2.868586744096167
47.193493,2.0590228116233638,3.0376697379558015,2.8779879764827125
47.227333,2.0206519457914665,3.0237917261003213,2.886241675888572
47.26108,1.9835237636112564,3.011967553618531,2.8947450104272723
47.327923,1.9489151822862356,3.00220498279865,2.9040494206658263
47.360725,1.913474331307567,2.9945774300972863,2.9122161107475004
47.39276,1.8796367450547906,2.9890361822311555,2.920661268663269
47.46386,1.8454843145841588,2.9855255067423596,2.9279899957881885
47.498627,1.8050680345529795,2.9841191609404336,2.9339225936389965
47.528137,1.7740125978760266,2.9848100147803964,2.9404834602297507
47.627224,1.745531494796999,2.987552648531188,2.9465288388776965
47.66108,1.7192638364656836,2.9924397125148534,2.951789015382635
47.727386,1.6932309549577933,2.9993890033756183,2.9590780747221723
47.760406,1.6706631804041723,3.008417720237245,2.965613483481491
47.7944,1.6548602401007955,3.019602679369559,2.97129807025369
47.860867,1.6417788961333246,3.032806020530539,2.9763530074627558
47.92758,1.627033174571844,3.048064807691717,2.9809095956423746
47.994274,1.6145612463668122,3.0654530793266743,2.9848973700164487
48.027225,1.6050756083151547,3.0848401385054416,2.9897570617349984
48.060852,1.5994449077088435,3.1062772550845703,2.9942644263215876
48.127724,1.5903907640209074,3.129767247583022,2.9984655838047023
48.16051,1.5874942448566416,3.155217708722457,3.001776875675272
48.193417,1.5899775965728866,3.1827068848032454,3.004340065440035
48.29451,1.5978662637528815,3.212202049446632,3.0061031527565496
48.327515,1.5985563663843505,3.24360080995221,3.0053766877357178
48.393936,1.6071709162218728,3.276981294199769,3.003749985346525
48.427486,1.61959318448325,3.312319117356076,3.0017548528226166
48.46081,1.633245656767283,3.349598485991512,2.999030796026741
48.527958,1.6495173577235143,3.3887694751064834,2.995991732867675
48.560974,1.6683933967418356,3.429814896688013,2.99294931085714
48.593956,1.6912919324142424,3.472801452743282,2.9872181027388045
48.661762,1.7207590892247357,3.517603612441214,2.980090271573892
48.69467,1.7558187322307486,3.5642379492737795,2.9721230104109657
48.729237,1.7913890538238206,3.6126469520779483,2.9637813652338503
48.79492,1.8274387911021366,3.66277582196822,2.9549629048239185
48.827957,1.8656238392132771,3.7145852004208066,2.9461747721619034
48.861416,1.9132300289048183,3.76828151456382,2.9326534364408015
48.961124,1.9615472648766825,3.8236765753059125,2.918822353707578
48.994095,2.0128958856804795,3.8807424143724307,2.9041171052114514
49.060562,2.069078427854391,3.9393979912884918,2.8883336440999208
49.09527,2.1288708486069305,3.999625922739093,2.871771404057769
49.12735,2.186982498548677,4.061132020088087,2.856031487670182
49.194126,2.2497418225613877,4.124475844535987,2.8393111298917524
49.228767,2.3121077715725353,4.189244027426201,2.822997124277882
49.261555,2.3851360871323526,4.255420606845536,2.805830478854596
49.327145,2.4646983846603474,4.32296893072433,2.787784375017457
49.361248,2.5393448309162094,4.391828898617376,2.7688387935967778
49.394073,2.6176318156020892,4.461905421497532,2.7493267783795434
49.462017,2.6997365816432217,4.533584552969782,2.728697280611768
49.495502,2.7784033912624313,4.6064629912840545,2.709118655855324
49.530716,2.8615462281963313,4.680540582450945,2.6890795814895574
49.62873,2.9540855892293374,4.755785232721149,2.6685654888588783
49.661274,3.0435453285541216,4.832154333184281,2.648031589069598
49.7283,3.136999584881318,4.909576154654404,2.627206624414728
49.75998,3.230729188546142,4.988382102965706,2.605715736105804
49.794212,3.325774110288249,5.068060257483232,2.5838550579559025
49.860687,3.425076848632969,5.148675383431617,2.562127750886227
49.895447,3.5192479383077067,5.230149488873382,2.5404065697571463
49.92812,3.616245942286094,5.312444278468678,2.5187700012475593
49.993877,3.7145006547830683,5.395510089136965,2.4969427512227322
50.027794,3.8101702553874532,5.479648627000411,2.474509792815987
50.06116,3.9067696464178465,5.56441726673446,2.452353655049646
50.128036,4.012404234828975,5.649768753895587,2.4304566191557697
50.16062,4.114380484085151,5.73565180737667,2.4075817462606093
50.194935,4.214346983613961,5.8220156344693965,2.3850811497446607
50.295063,4.319195886708099,5.908798634480304,2.3626113906923454
50.327415,4.4264073095151355,5.996184397369266,2.3409779050233444
50.393867,4.530982606855071,6.083876079529562,2.3194734481993144
50.42769,4.639259617731626,6.171852193983978,2.2980255805047056
50.461784,4.753880363218105,6.260038205490347,2.2775144976736996
50.528885,4.865273957785027,6.3484146855336565,2.2572441117731215
50.560307,4.968062584332415,6.4369619154990625,2.2372922284912407
50.594074,5.072303635231382,6.52584190980961,2.2182005484947607
50.662025,5.178366789722388,6.614780944218179,2.1991984866562966
50.695126,5.28463928440767,6.703688861332911,2.1796170880988783
50.728455,5.39041169722488,6.7924986551869,2.1610244081112437
50.7952,5.500662501665236,6.881206460041599,2.1425057026742715
50.828045,5.607538525379026,6.969733743897435,2.1241342340234293
50.86177,5.715007407533057,7.058166330547093,2.1068344290886323
50.960327,5.826720528670868,7.146334696774346,2.089610786587386
50.994705,5.927855496630041,7.234152862094346,2.0733627684603158
51.062233,6.029052911270676,7.3215147526505495,2.058294732503195
51.095776,6.130872337221656,7.40837681285741,2.0429412166250804
51.128223,6.233494709199496,7.4946499664811,2.0276815554516205
51.194576,6.335280575022821,7.580408532637437,2.0137186110643612
51.22788,6.434814385192722,7.665457501448278,1.9996097504263062
51.261528,6.538946255494558,7.749689733506217,1.987100488660608
51.331306,6.639882367702985,7.833021887794447,1.9763245678949568
51.361008,6.736366838551801,7.915466952252184,1.96539622133715
51.394554,6.830533743838994,7.996957987782501,1.9545173411674872
51.461693,6.925579455108608,8.077625256693661,1.9437221229729695
51.499115,7.017722673944671,8.15724401441636,1.9329877919988994
51.52749,7.106653133219588,8.235638868634416,1.9224626113411232
51.62703,7.193106923766583,8.312797506601187,1.9122866833835725
51.66174,7.274101293945399,8.38868150825051,1.902336129447913
51.729702,7.352036134914496,8.463229599451303,1.8925957339039603
51.76039,7.42820441520106,8.536391945560082,1.8830412513534973
51.794598,7.502449823505754,8.608074727987269,1.8737500452305926
51.86194,7.577957659731177,8.678198475359954,1.8649149124565936
51.896576,7.654371512400867,8.746801772167979,1.8563604806168734
51.92902,7.728617886494377,8.81386349792404,1.8483524790524803
51.99478,7.801253944494356,8.87935276157547,1.840941137062657
52.028362,7.87121793918307,8.94324318337679,1.8338228551786215
52.061913,7.93918734364164,9.005457497588685,1.8289177577325841
52.12765,8.009769030270371,9.065894493980572,1.824658146161949
52.160557,8.077629756049,9.124591085105656,1.8209815935152722
52.194626,8.14560089709569,9.181491887756295,1.8192889766762066
52.29566,8.213903361439362,9.236543236407869,1.8181772221865102
52.32693,8.277998381700538,9.289744448914574,1.8177275663585897
52.39369,8.33753146088985,9.341051123009251,1.8153236727365696
52.426746,8.395576825338988,9.39045198176296,1.8135332113946205
52.46178,8.451719598105461,9.437903452974382,1.8122198743231364
52.527832,8.503146425510264,9.483395116809026,1.8087773155025153
52.560566,8.554516001032015,9.526907020999566,1.805996775137781
52.593506,8.599574612183384,9.56839832912762,1.80360523811419
52.661255,8.65316736993278,9.607914049474774,1.7990634037088453
52.698982,8.707550003093258,9.645370177407749,1.7949176733116123
52.728622,8.761240964849481,9.680737177448975,1.7908383504171161
52.795376,8.811827758710546,9.714051343676498,1.7841647437091726
52.82791,8.861602506437574,9.745198550728555,1.7777907849483146
52.86088,8.902608666461932,9.774171680385829,1.770559116878056
52.959995,8.938677725733587,9.80106459925446,1.7639440175610732
52.99301,8.973491840631208,9.825696359200867,1.75728343864792
53.06105,9.010823153602939,9.848087966610809,1.7513817060093557
53.09466,9.04776642483989,9.868349904329639,1.7459955445078683
53.129646,9.077007152506631,9.88636905645042,1.7403317505371085
53.19442,9.102121989602988,9.902113513613596,1.735892002796845
53.227108,9.12748295448061,9.915707889898108,1.7328538817615249
53.260788,9.146834002566415,9.927002002203055,1.7296370747712284
53.32864,9.156104096502395,9.936010758369472,1.7269853110498028
53.362183,9.164200971186478,9.942748933022513,1.7256395010755674
53.39424,9.17517119014014,9.947191094393522,1.7236353703542673
53.461655,9.180429792925585,9.949314684605616,1.7223485243093082
53.496307,9.182120776380566,9.949209512203712,1.7208533163447246
53.528107,9.179052818894997,9.946785890982053,1.7192477918640914
53.628166,9.177568317735833,9.941979788123142,1.7189573678153267
53.661186,9.173508645581263,9.934792695829659,1.71897641134352
53.72712,9.167504703949827,9.92527304608303,1.7191089542997335
53.760876,9.155476757514656,9.913368273178445,1.7208314710858545
53.795174,9.138796536310217,9.89906977689589,1.7226221885667725
53.861652,9.121708482260567,9.882417145886217,1.726878980951912
53.89634,9.104540072745015,9.863338802830574,1.7316398065727272
53.928185,9.083880611365112,9.841882325672914,1.7370273791511393
53.994354,9.058009873687489,9.818152000461058,1.7443081524401067
54.027233,9.029723505452361,9.792050092721295,1.7525657819974738
54.061657,9.012989819924298,9.763692234788333,1.7612750603562275
54.128536,8.97856242189015,9.733096011322125,1.7692739938860629
54.161106,8.940413138047264,9.700225213650743,1.777640747070154
54.194115,8.903170545446255,9.665129245666451,1.786277367142376
54.296074,8.865622003791815,9.627850724226828,1.7939022822618835
54.327187,8.827051717475996,9.588398493468485,1.8020264866400895
54.394066,8.788624132952869,9.546801653146273,1.810950034813102
54.42703,8.745610207847662,9.503146628509159,1.817101209702469
54.461514,8.701630110264453,9.457338212909374,1.823975934761433
54.527817,8.659535030193977,9.40943102399781,1.8311567613242272
54.560375,8.615583645004563,9.359504373112937,1.8346366013669586
54.593994,8.573199216316812,9.307539944253048,1.838518023874404
54.661343,8.529184466431516,9.253551268575485,1.8429067298559136
54.69614,8.4860251350188,9.197765885441955,1.8474988264360215
54.728416,8.446813264067206,9.14011897408225,1.8528882204948736
54.795284,8.398527284649187,9.080629242915936,1.8587348758700086
54.827072,8.34884814698792,9.019485809757082,1.8654182178044478
54.86154,8.298833013439591,8.95652599699915,1.8724263481818837
54.960064,8.251588861646981,8.8917675748271,1.8792728643716257
54.994186,8.20175256887527,8.825367484696566,1.8865115668213557
55.0609,8.150038872197298,8.757207709435024,1.894216549960264
55.09522,8.099659664218708,8.687362097030267,1.902308294906118
55.12745,8.04403442048817,8.615949857876132,1.9125060364342414
55.19414,7.9909670127792,8.54287793486247,1.9231983006005615
55.226402,7.936581040377513,8.468191058416709,1.9337177497731464
55.261074,7.883443181603873,8.391947921222268,1.9442693247657599
55.327713,7.835071820016042,8.314145670542015,1.9547840537837777
55.362152,7.781978015641333,8.234792534696174,1.9654670914723749
55.394093,7.728780755849668,8.153900626162299,1.9764734516661486
55.461094,7.674783198912197,8.071598270514961,1.9877495261582516
55.49663,7.621993763219783,7.98795517103571,2.0004993146031604
55.53613,7.568742173278189,7.902976773698608,2.014005048819012
55.628765,7.514189280124802,7.816702369580323,2.0276379740300867
55.66339,7.457042759098603,7.729150951578994,2.0416036182978363
55.728733,7.40084590183516,7.640315339246797,2.055684112931145
55.761246,7.3469446629966155,7.550298609026714,2.0685686644108654
55.79421,7.29167607372005,7.459100677553424,2.0827641578316043
55.861557,7.235069558549491,7.366848717499052,2.0971362168989325
55.896313,7.175959636677117,7.273597920723249,2.111781074254056
55.928577,7.117480435649121,7.1794139831654284,2.1264820346988045
55.994244,7.064552059929366,7.084428493375032,2.1413176760440877
56.028324,7.010147988402513,6.988742038722676,2.154512673389519
56.061382,6.952284286135832,6.892257480060925,2.1703853293815873
56.129654,6.890549002642691,6.7951533451438,2.186877815430566
56.16079,6.827668265853168,6.697463972494327,2.2032190759223798
56.194714,6.769837160615739,6.599301489567608,2.2202456405525672
56.295944,6.710522549074932,6.500714949799896,2.2377965304156238
56.328167,6.64906895282234,6.402203563601409,2.2517208853501485
56.394707,6.584193517174819,6.303263538888076,2.2663795632026424
56.429207,6.521038733164344,6.20418761294582,2.281653721880481
56.46166,6.4529176520224185,6.105055130724048,2.298261284498584
56.528465,6.3838071997037025,6.0059342225000005,2.3155387092472943
56.56289,6.3162338370583,5.906903143728846,2.333500079898929
56.594753,6.246795232554381,5.8082222393867236,2.3525201905448427
56.662525,6.17602249000837,5.709606456961518,2.3723057980677074
56.69677,6.105154329458081,5.6112807267392135,2.3927236210755534
56.727726,6.0342621761049475,5.513267412593735,2.4147970084917194
56.795284,5.957852951681679,5.415611275494121,2.437374570966918
56.82761,5.87695713933266,5.318409249687591,2.4602525077770556
56.861237,5.7962527686615815,5.221778925343249,2.485137273753678
56.962963,5.717790481512819,5.1255067400162035,2.510497140772972
56.995064,5.642746306906707,5.029847244959048,2.536212361118727
57.062897,5.563707974743777,4.934752008992138,2.5650932747154376
57.096703,5.487231862531127,4.8403776333487825,2.5937220767553977
57.136017,5.409632902756612,4.746757266013776,2.62216667141001
57.19553,5.333898559568932,4.653885976051481,2.650755979827696
57.228634,5.256154258252978,4.561683493657067,2.680135419612829
57.262207,5.180812479750522,4.470319726593602,2.7094409924148843
57.329945,5.098443990763296,4.3798733515524715,2.738774737982964
57.361496,5.017072784883141,4.290465788604541,2.769598455586516
57.39522,4.932652660879121,4.202160293461085,2.8003217601376043
57.461727,4.849690886932598,4.114949048782198,2.831115075560917
57.49949,4.766710154002842,4.028826879398058,2.860600178748272
57.529293,4.685526984653371,3.943944744004208,2.8900337312760342
57.628292,4.599542869897126,3.8602513014547926,2.9193097560354926
57.66349,4.509432173391082,3.777917050942334,2.947180713327211
57.730827,4.431287064317408,3.696957365686391,2.9749986151562426
57.761616,4.356226513732967,3.617386123204694,3.002814900070178
57.794785,4.2778685504015765,3.5391343606884282,3.028300760044514
57.86124,4.197875806945485,3.462347317144347,3.0538410673168483
57.896866,4.118443710323704,3.38710433996377,3.079420485793146
57.929962,4.0383979016495655,3.3134746551024534,3.1025393940494355
57.994545,3.966114015632353,3.241420641833735,3.125784542577653
58.02755,3.8931922788459823,3.171012676500194,3.149141744741618
58.06214,3.815212561657964,3.102273938172547,3.1709460045969515
58.12899,3.7384103883159736,3.035258465932413,3.1926475856096426
58.16225,3.6638317989087232,2.9700257017365495,3.214183730072503
58.195225,3.589557006375558,2.906679152242097,3.2340967804016754
58.29655,3.512960802987052,2.8451757690747645,3.253892240939339
58.32952,3.440861259025492,2.7855920119703717,3.273520863423558
58.394447,3.3682096568810165,2.7279671665190794,3.2912223982460644
58.42748,3.295943886635007,2.6723386452604703,3.308611160536012
58.461697,3.2195229317838985,2.6187279048213505,3.3256443293005815
58.530464,3.142842528789849,2.567285684340006,3.340415788279303
58.56149,3.070996744127469,2.517956237735592,3.3547117871574654
58.59437,3.0048198649776814,2.4707663184620383,3.368509142983922
58.6622,2.930886966869962,2.425706758594599,3.3817209054426445
58.696556,2.8612832336933294,2.382768978288813,3.3944663701937627
58.728054,2.7916094715457924,2.342032240774082,3.406718038609575
58.794357,2.723108974129656,2.303535867379755,3.418384795012907
58.82806,2.6570424107997357,2.2673089545085063,3.4296786883730133
58.862328,2.597057881698546,2.2333877357839103,3.4405612069430695
58.96163,2.539907811192298,2.2017074635646816,3.4510472354695754
58.99459,2.4854177700808697,2.172375481901563,3.4611984209469755
59.062206,2.429029211822569,2.145365582310168,3.4709709051430506
59.096786,2.372544848515589,2.1205134085473762,3.480422740768941
59.12883,2.3186501044774697,2.0980041673499987,3.4890921613014036
59.196022,2.270258708771847,2.0778893042267255,3.496986464084807
59.228626,2.2204981009041482,2.0599867338558306,3.504575148451378
59.26161,2.168582940139249,2.044572053679069,3.5105559845327345
59.336292,2.11756406763214,2.031640510424176,3.5155453321603005
59.361755,2.0736557864383975,2.0210363614735187,3.5197423329680375
59.395798,2.024672362564315,2.0129435476563855,3.5226114103030755
59.46257,1.9786561610655233,2.0073966062650483,3.5244495145293526
59.49699,1.9340800874461501,2.0042137444595736,3.5250875085188222
59.529873,1.8956331701239746,2.0035330518670125,3.527259118311093
59.628864,1.857332648762096,2.0053446699219135,3.5283602494903983
59.66266,1.8231281709099194,2.0094777961196617,3.5285314547296167
59.730663,1.7899199050982793,2.016112675658069,3.530664022868664
59.76168,1.7596725481580222,2.0252346053843326,3.5318960203222685
59.861984,1.7304978481500901,2.0366893021155743,3.5326762266137854
59.89764,1.7004307509832945,2.050576814720724,3.533198634668216
59.929886,1.6739551344251882,2.0669003534488963,3.5333026488270614
59.99455,1.6471028182585987,2.085554799526209,3.5323946273613007
60.028557,1.6214219193324975,2.1066339009320827,3.5315484024894666
60.062622,1.5998668340481426,2.1301374377059665,3.5300460269735097
60.129982,1.5784780654339265,2.1560666413530925,3.528458900992374
60.16188,1.562256694188775,2.1844054406407096,3.524572733082625
60.195744,1.5481711717616695,2.2151813077669136,3.520171722141824
60.29648,1.5373495906802517,2.248351516529371,3.5152645342633964
60.329052,1.5237538363197158,2.283888453791384,3.508112010761542
60.394257,1.5133651871152094,2.321722427906932,3.5009183799335437
60.42929,1.5074897370741218,2.3618415001544695,3.4930536142032453
60.462765,1.505419385457517,2.404280159899689,3.481302858967167
60.530216,1.5065484353346472,2.448976664931533,3.469009410309134
60.560978,1.5180922582914067,2.495864237845514,3.456759852680678
60.59496,1.5307841963982542,2.5451370883597164,3.4407934571110728
60.661934,1.5444436585292796,2.596552849006299,3.424930693738333
60.696995,1.5564339646783667,2.650099984015159,3.4087346243567924
60.72998,1.5690301272555127,2.705804336277806,3.392078825387438
60.79585,1.5802469195459736,2.7635751227542413,3.3750441576476184
60.82779,1.5922067196435714,2.8233814964441795,3.3582780384227355
60.862717,1.6084405416393974,2.8852370289912397,3.3404478958642443
60.960632,1.6309307065960774,2.9490600857643154,3.3224988096194665
60.995083,1.6551542630588432,3.0148003570799036,3.304862111000402
61.062393,1.683274914189501,3.0825042487585987,3.287553140604898
61.096046,1.7098155678803817,3.152121324230217,3.269008987591103
61.12832,1.7483425260019418,3.2236209214842084,3.2502557995688584
61.195435,1.7856880495989473,3.2970448297074966,3.232166181589073
61.228065,1.8234738050148696,3.372238551581529,3.2132754187249386
61.262997,1.8668282011923043,3.4491217499149376,3.193774263965249
61.330975,1.9080805426982184,3.5276570538170673,3.1737465721900273
61.361687,1.9594341726018736,3.607815975532536,3.1537459662526097
61.394577,2.0162680353884284,3.6895689542535743,3.1334007123069596
61.46274,2.070165477321693,3.7728441421221217,3.113896781542223
61.497025,2.126226163967495,3.8576313514744283,3.094956542743394
61.530327,2.1877954011407694,3.943851288250535,3.075639942475704
61.628384,2.2461697881555445,4.031445285966639,3.0557259049658323
61.66214,2.309067547793223,4.1203227115368515,3.0373855956782254
61.728645,2.3749583710255733,4.210489003930847,3.018907421329498
61.761505,2.439507447734289,4.301836524020435,3.0013555837673525
61.79678,2.5043093595044144,4.394340963643243,2.986855032721011
61.86265,2.573594353181545,4.487920592026233,2.9726319680513598
61.89572,2.6436218148376858,4.582568748736319,2.9583401421373825
61.936195,2.7149512981423083,4.678069487926887,2.9445725633845883
61.99629,2.7916230679800886,4.774343392137397,2.9307323283710116
62.027454,2.870505720781573,4.871285656487186,2.918422415333713
62.062115,2.955305790930565,4.968764880480614,2.904851969078711
62.129875,3.0436833402241392,5.066828034293155,2.891560078708486
62.1626,3.1298746841600336,5.165387835789624,2.878571002875026
62.195324,3.218747243063517,5.26433113305074,2.8659070991008813
62.296066,3.306026405880074,5.363672547510763,2.8535890450707866
62.328934,3.3960685055417503,5.463231675755642,2.8431944081852993
62.3951,3.488338714014585,5.5629960003756445,2.829606159132839
62.427906,3.580686655104022,5.662908905562162,2.8160414637055045
62.46269,3.677530238392122,5.762918291521268,2.802494524447336
62.52833,3.773300385552469,5.862991003859912,2.7890255109395574
62.562,3.8692572204591946,5.963063045778826,2.7757128123148793
62.5948,3.9696561151243825,6.063055315377957,2.764136179463822
62.66264,4.069822073628846,6.163048708817566,2.7522968289798264
62.696804,4.167631150766928,6.2628119437700684,2.740428727260747
62.728096,4.270462445234049,6.3622528461556875,2.7284868626970136
62.795956,4.371911366457883,6.461323251834669,2.7163054552730457
62.827877,4.474971412279416,6.560007782449894,2.70419913603297
62.861504,4.5798598211143835,6.658208683460028,2.6936856245140923
62.961853,4.6873831187048784,6.756054546491052,2.682917967770226
62.994915,4.795027202371359,6.853425237218844,2.6730433573891306
63.06236,4.9032234481715244,6.950222444432781,2.6632319781809546
63.096054,5.0112609871881295,7.0463912645646,2.653642033139045
63.129887,5.119365832416196,7.141874818754111,2.6441253861617273
63.195477,5.2286031575246685,7.236555926983006,2.6363047208005166
63.228546,5.331845589719288,7.33039224959342,2.628521625322125
63.262077,5.436387656336386,7.423273984004387,2.6218219673696757
63.328766,5.539879695564783,7.515200218801627,2.6147633222556217
63.362503,5.643410811330362,7.606104026336976,2.6078037292495
63.394123,5.749376873400175,7.695929313356303,2.602344895571826
63.46278,5.8506659037481805,7.784582321427845,2.5984458375190784
63.49842,5.950769909675522,7.872034026786139,2.5944938877441395
63.52821,6.05269144376558,7.958048228328713,2.5938266757441095
63.627995,6.152975990010023,8.042758834729328,2.5931587226319937
63.66193,6.254430577313755,8.126022775518074,2.5926474157845374
63.728622,6.356419916690804,8.20781296448379,2.590935259683725
63.760925,6.454700856833378,8.287977666386041,2.5894167364263256
63.79608,6.551192619341897,8.366526486251983,2.58799164791755
63.8627,6.647242464065238,8.443328855887938,2.58532779339375
63.89669,6.742244893970293,8.518371359851324,2.5827343242642566
63.93032,6.837947411382918,8.591584257659377,2.5803649139919993
63.994858,6.929273440474233,8.662952662804178,2.575682923203492
64.02803,7.024716326995856,8.732422561006521,2.571282525944144
64.062805,7.123310649363459,8.799959186640022,2.5670957717497456
64.12824,7.219717365272198,8.865490138960523,2.5595494413636386
64.16224,7.314007870062214,8.929019102735067,2.5522280620223428
64.195366,7.404687087751757,8.990446677868723,2.544927166432126
64.29743,7.495552355146906,9.049951628155021,2.531428935820153
64.32848,7.583909917380872,9.107259267333514,2.5182570377599705
64.39503,7.673117797446935,9.162513881907687,2.505195474651775
64.428024,7.754855052822041,9.215750350958157,2.49208687542084
64.46286,7.8370154349614785,9.266866434324951,2.4786405427441642
64.52858,7.915192063821036,9.315847631162635,2.4651850999223788
64.56327,7.994480807096608,9.362679702953717,2.4516076615969045
64.5941,8.069342062891426,9.407262513577791,2.43727782254018
64.66229,8.146640502891737,9.449550163708897,2.4228574064867567
64.69889,8.22075037509577,9.489572319352769,2.4083307631599182
64.72845,8.294801858731647,9.527231411983283,2.3944001521343417
64.79577,8.359841612065834,9.562506109274594,2.3804163174139146
64.82796,8.430520729124426,9.595442098306753,2.3663619347149787
64.862495,8.498032127046782,9.625915213046454,2.3529375522575
64.96282,8.55386794115492,9.653908167609114,2.3394921665100266
64.99499,8.60551958981745,9.679406000417117,2.3259513035644064
65.06249,8.658036830829156,9.70238397657619,2.314005255124696
65.09698,8.711099601396228,9.722829602779179,2.302025164379068
65.130844,8.758997716030413,9.74071061242726,2.2899852352532433
65.19533,8.804897199641028,9.755994861347963,2.279624420262752
65.228,8.836205937220257,9.768706497820999,2.269310552969816
65.26243,8.868726331215017,9.778829971815801,2.2589625590817426
65.328224,8.903202793411028,9.78631640810174,2.249148925521813
65.36158,8.935134791021838,9.791182386688824,2.2394589744128397
65.39452,8.963140139841245,9.79341607039864,2.2299254911675495
65.461975,8.990039214732988,9.792984348882076,2.2209165868016365
65.49754,9.014424307624262,9.789941612887265,2.212125571653627
65.53037,9.030466046755608,9.784270399972204,2.203530032816353
65.62904,9.041440976080683,9.775928977710453,2.195270812549024
65.662415,9.046140112336069,9.764940815402914,2.187338391929535
65.730034,9.059128376528609,9.751334149732228,2.179770595431333
65.76318,9.065896314260492,9.73504950654649,2.172772144920302
65.795746,9.06689633800443,9.716114576501694,2.1663457708744804
65.86145,9.062850952314456,9.69454116935799,2.1604863723930636
65.89626,9.060090425439265,9.67032588355256,2.1551975811766653
65.93036,9.05613004070421,9.64353237592824,2.150481776158647
65.99534,9.052148471801429,9.61413646422802,2.146384783242343
66.02997,9.041400657987849,9.582185583053315,2.142857540671887
66.06253,9.031562736744824,9.54766484679284,2.1398463431236516
66.13001,9.019807261925445,9.51059600970608,2.1373892699571675
66.162254,8.996709239334603,9.471087305478248,2.135474072559346
66.19614,8.969798918176105,9.429100028105399,2.134034825994084
66.29733,8.95422827794111,9.384673391088894,2.1331039463077333
66.32856,8.935123637842835,9.338040413329235,2.1326116179295846
66.39427,8.909463461241026,9.289041616814941,2.132811325872026
66.42868,8.872842815697776,9.237689986726895,2.1337065134514974
66.463356,8.843243397378078,9.184223595411467,2.135029969633226
66.53079,8.814070105468248,9.128453809605467,2.136979923122189
66.56292,8.782986690660971,9.07042688901815,2.1396636691827386
66.59579,8.744189630069506,9.010340723496698,2.142928555564973
66.6627,8.708386936952513,8.94807451706156,2.14660374352281
66.696884,8.669079409011553,8.883657637682965,2.150931756191731
66.73003,8.629281299484637,8.81729235679482,2.1559672449345677
66.795815,8.584194672998239,8.74890631672973,2.1607228762409356
66.82914,8.53529692474378,8.67854598612099,2.1660713624242276
66.86255,8.482774859710933,8.606441339543986,2.171904746251209
66.96147,8.429548308941378,8.532471500331418,2.1771591652039426
66.99439,8.373806995369007,8.456687659987363,2.1827854271500646
67.061966,8.317215840112553,8.379313775124453,2.188489908689377
67.097374,8.256220549622316,8.300266282257267,2.195049417951258
67.13029,8.192379306019253,8.219612997720187,2.2017922011708015
67.1964,8.125536510932754,8.137528988024854,2.2088445080672368
67.22798,8.06086598567998,8.053945018574197,2.2166880027819404
67.26281,7.990749931227694,7.968943125614383,2.2249235646960006
67.32841,7.92259159105195,7.8825731019021,2.233207294508689
67.36117,7.849607901835533,7.7948601332755025,2.2428126117860394
67.39412,7.776758801328469,7.7058927838253055,2.2527986712984953
67.46306,7.698052965318694,7.615740384391187,2.263148627616804
67.49681,7.619069688960342,7.524438005992191,2.2748968330685155
67.52986,7.5386536266933675,7.432118618125237,2.2868845234912087
67.62852,7.446635628523751,7.3388459723423525,2.299235870747744
67.66423,7.351122056245585,7.244614592533631,2.313866408911898
67.73033,7.265237494143359,7.14955649876005,2.329173840805416
67.76108,7.169567424558199,7.0537668859358575,2.344827282641789
67.79638,7.070753907666888,6.957161068031658,2.362888737277892
67.8632,6.974577410853464,6.859962783881339,2.381535298405049
67.896416,6.883887406501382,6.7622439439980555,2.4009581822226127
67.93037,6.791044232331516,6.663683582413289,2.425141505139532
67.995445,6.697546882036421,6.5649715868951555,2.4496723291053484
68.02951,6.603455040816045,6.466171214615371,2.474527740993002
68.06282,6.508828393880587,6.367345722766875,2.499684827703877
68.12853,6.413726626440247,6.268558368542636,2.5251206761393505
68.162346,6.318209423705215,6.169872409135605,2.5508123732008148
68.19552,6.222336470885693,6.071351101738738,2.576737005789639
68.296906,6.126167453191874,5.973057703544994,2.6028716608072235
68.328545,6.0297620558339595,5.875055471747326,2.629193425154937
68.39553,5.933179964022137,5.7774076635386935,2.6556793857341647
68.42938,5.836480862966614,5.680177536112053,2.682306629446291
68.46278,5.739724437877582,5.583428346660354,2.709052243192693
68.528625,5.6429703739652375,5.487223352376566,2.7358933138747625
68.5623,5.5462783564397755,5.391625810453629,2.7628069283938848
68.59508,5.449708070511395,5.296698978084515,2.7897701736514287
68.662125,5.353319201390293,5.202506112462171,2.816760136548787
68.69741,5.257171434286668,5.109110470779552,2.843753903987336
68.728355,5.161324454410712,5.016575310229616,2.870728562868461
68.79512,5.065837946972624,4.924963888005325,2.8976612000935464
68.82818,4.970771597182599,4.83433946129963,2.9245289025639765
68.86182,4.876185090250841,4.744765287305488,2.951308757181129
68.962296,4.782138111387534,4.656304623215855,2.9779778508463877
68.99558,4.688690345802883,4.569020726223689,3.0045132704611377
69.062004,4.595901478707084,4.48297685352194,3.0308921029267557
69.09556,4.503831195310335,4.398236262303571,3.0570914351446272
69.128746,4.412539180822822,4.314862209761543,3.083088354016143
69.19631,4.322085120454758,4.232917953088803,3.108859946442674
69.228035,4.2325286994163305,4.1524667494783065,3.134383299325611
69.26435,4.143929602917736,4.073571856123011,3.159635499566332
69.33013,4.056347516169169,3.996296530215884,3.1845936340662213
69.36153,3.9698421243808393,3.920704028949866,3.209234789726656
69.394424,3.884473112762927,3.846857609517924,3.2335360534490283
69.46314,3.8003001665256355,3.77482052911301,3.2574745121347153
69.49635,3.717382970879161,3.70465604492808,3.281027252685101
69.53078,3.635781211033705,3.636427414156091,3.3041713620015636
69.62968,3.5555545721994584,3.5701978939899996,3.326883926985494
69.66316,3.4767627395866185,3.5060307416227627,3.3491420345382705
69.73359,3.399465398405378,3.4439892142473307,3.370922771561277
69.7644,3.3237222338659453,3.3841365690566727,3.39220322495589
69.79708,3.249592931178508,3.3265360632437333,3.4129604816235024
69.86459,3.1771371755532654,3.2712509540014754,3.433171628465484
69.898506,3.106414652200411,3.2183444985228493,3.452813752383234
69.9325,3.0374850463301444,3.167879954000812,3.4718639402781215
69.99767,2.9704080431526614,3.119920577628326,3.490299279051532
70.03027,2.905243327878159,3.074529626598342,3.5080968556048497
70.0651,2.8420505857168386,3.0317703581038176,3.525233756839459
70.13214,2.7808895018788866,2.9917060293377147,3.5416870696567373
70.163895,2.7218197615745092,2.9543998974929777,3.557433880958069
70.19811,2.6649010500138983,2.919915219762576,3.5724512776448387
70.29795,2.6101930524072525,2.8883152533394547,3.5867163466184313
70.332245,2.5577554539647633,2.8596632554165753,3.600206174780223
70.39708,2.507647939896632,2.8340224831868897,3.612897849031607
70.430176,2.459930195413058,2.8114561938433655,3.624768456273953
70.46378,2.4146619057242327,2.7920276445789547,3.6357950834086514
70.531525,2.3719027560403574,2.7758000925866013,3.645954817337081
70.56337,2.3317124315716207,2.7628367950592736,3.6552247449606257
70.59718,2.294150617528227,2.7532010091899233,3.66358195318067
70.66442,2.25927699912037,2.7469559921715123,3.671003528898599
70.69727,2.227151261558249,2.744165001196992,3.6774665590157816
70.73188,2.1978330900520553,2.744891293459319,3.6829481304336182
70.803925,2.171382169811993,2.7491981261514558,3.6874253300534776
70.83744,2.1478581860482473,2.7571487564663406,3.69087524477676
70.87004,2.1273208239710266,2.768806441596955,3.693274961504827
70.971115,2.109829768790521,2.7842344387362314,3.694601567139071
71.00386,2.095444705716933,2.803496005077145,3.6948321485808764
71.06971,2.08422531996045,2.8266543978126455,3.6939437927316203
71.10337,2.076231296731281,2.8537728741356783,3.6919135864926877
71.13873,2.0715223212396094,2.884914691239218,3.6887186167654624
71.203804,2.0701580786956413,2.9201431063162095,3.68433597045133
71.23784,2.0721982543095674,2.9595213765596093,3.6787427344516668
71.27081,2.0777025332915917,3.0031127591623745,3.6719159956678578
71.33846,2.086730600851903,3.0509805113174733,3.6638328410012875
71.37078,2.0993421422007033,3.103187890217845,3.65447035735334
71.40273,2.1155968425481837,3.1597981530564514,3.6438056316253933
71.4706,2.1355543871045453,3.2208745570262503,3.6318157507188316
